tradeTime,cusip,issueSymbolIdentifier,priceType,reportingSideCode,contraPartyTypeCode,tradeDate,reportedTradeVolume,lastSaleYield,lastSalePrice
08:00:02,91282CLD1,TSRYS5850288,D,S,D,2024-08-27,1000000.00,3.720727,102.4453125
08:00:02,91282CLD1,TSRYS5850288,D,S,D,2024-08-27,1000000.00,3.714367,102.484375
08:00:02,91282CLD1,TSRYS5850288,D,S,D,2024-08-27,1000000.00,3.727725,102.40234375
08:00:03,91282CLD1,TSRYS5850288,D,S,D,2024-08-27,2000000.00,3.729953,102.388671875
08:00:03,91282CLD1,TSRYS5850288,D,B,C,2024-08-27,1000000.00,3.733136,102.369140625
08:00:03,91282CLD1,TSRYS5850288,D,B,C,2024-08-27,1000000.00,3.733136,102.369140625
08:00:03,91282CLD1,TSRYS5850288,D,B,C,2024-08-27,1000000.00,3.733136,102.369140625
08:00:03,91282CLD1,TSRYS5850288,D,B,C,2024-08-27,1000000.00,3.734091,102.36328125
08:00:03,91282CLD1,TSRYS5850288,D,B,C,2024-08-27,1000000.00,3.734091,102.36328125
08:00:03,91282CLD1,TSRYS5850288,D,S,D,2024-08-27,2000000.00,3.733454,102.3671875
08:00:03,91282CLD1,TSRYS5850288,D,S,D,2024-08-27,1000000.00,3.733454,102.3671875
08:00:03,91282CLD1,TSRYS5850288,D,B,C,2024-08-27,1000000.00,3.733772,102.365234375
08:00:03,91282CLD1,TSRYS5850288,D,S,T,2024-08-27,1000000.00,3.733454,102.3671875
08:00:03,91282CLD1,TSRYS5850288,D,B,C,2024-08-27,1000000.00,3.733772,102.365234375
08:00:03,91282CLD1,TSRYS5850288,D,S,D,2024-08-27,1000000.00,3.733454,102.3671875
08:00:03,91282CLD1,TSRYS5850288,D,B,C,2024-08-27,1000000.00,3.733772,102.365234375
08:00:03,91282CLD1,TSRYS5850288,D,S,D,2024-08-27,1000000.00,3.733454,102.3671875
08:00:03,91282CLD1,TSRYS5850288,D,B,C,2024-08-27,1000000.00,3.733454,102.3671875
08:00:03,91282CLD1,TSRYS5850288,D,S,D,2024-08-27,1000000.00,3.72868,102.396484375
08:00:03,91282CLD1,TSRYS5850288,D,S,D,2024-08-27,1000000.00,3.72868,102.396484375
08:00:03,91282CLD1,TSRYS5850288,D,S,D,2024-08-27,2000000.00,3.738548,102.3359375
08:00:03,91282CLD1,TSRYS5850288,D,S,D,2024-08-27,1000000.00,3.738548,102.3359375
08:00:03,91282CLD1,TSRYS5850288,D,S,D,2024-08-27,1000000.00,3.741415,102.318359375
08:00:03,91282CLD1,TSRYS5850288,D,S,D,2024-08-27,1000000.00,3.743326,102.306640625
08:00:03,91282CLD1,TSRYS5850288,D,S,D,2024-08-27,1000000.00,3.745874,102.291015625
08:00:03,91282CLD1,TSRYS5850288,D,S,D,2024-08-27,1000000.00,3.745874,102.291015625
08:00:03,91282CLD1,TSRYS5850288,D,S,D,2024-08-27,1000000.00,3.746193,102.2890625
08:00:03,91282CLD1,TSRYS5850288,D,S,D,2024-08-27,1000000.00,3.746193,102.2890625
08:00:03,91282CLD1,TSRYS5850288,D,S,T,2024-08-27,2000000.00,3.738548,102.3359375
08:00:03,91282CLD1,TSRYS5850288,D,S,D,2024-08-27,2000000.00,3.741415,102.318359375
08:00:03,91282CLD1,TSRYS5850288,D,S,D,2024-08-27,1000000.00,3.749061,102.271484375
08:00:03,91282CLD1,TSRYS5850288,D,S,D,2024-08-27,2000000.00,3.755117,102.234375
08:00:03,91282CLD1,TSRYS5850288,D,S,D,2024-08-27,1000000.00,3.755117,102.234375
08:00:03,91282CLD1,TSRYS5850288,D,S,D,2024-08-27,1000000.00,3.755436,102.232421875
08:00:03,91282CLD1,TSRYS5850288,D,S,D,2024-08-27,1000000.00,3.755117,102.234375
08:00:03,91282CLD1,TSRYS5850288,D,S,D,2024-08-27,1000000.00,3.750973,102.259765625
08:00:03,91282CLD1,TSRYS5850288,D,S,T,2024-08-27,1000000.00,3.752566,102.25
08:00:03,91282CLD1,TSRYS5850288,D,S,T,2024-08-27,1000000.00,3.752566,102.25
08:00:03,91282CLD1,TSRYS5850288,D,S,T,2024-08-27,1000000.00,3.752566,102.25
08:00:03,91282CLD1,TSRYS5850288,D,S,D,2024-08-27,1000000.00,3.752885,102.248046875
08:00:03,91282CLD1,TSRYS5850288,D,S,T,2024-08-27,1000000.00,3.752566,102.25
08:00:03,91282CLD1,TSRYS5850288,D,S,D,2024-08-27,1000000.00,3.756711,102.224609375
08:00:03,91282CLD1,TSRYS5850288,D,S,D,2024-08-27,1000000.00,3.756711,102.224609375
08:00:03,91282CLD1,TSRYS5850288,D,S,D,2024-08-27,1000000.00,3.756711,102.224609375
08:00:03,91282CLD1,TSRYS5850288,D,S,D,2024-08-27,1000000.00,3.756711,102.224609375
08:00:03,91282CLD1,TSRYS5850288,D,S,D,2024-08-27,1000000.00,3.756711,102.224609375
08:00:03,91282CLD1,TSRYS5850288,D,S,T,2024-08-27,1000000.00,3.757349,102.220703125
08:00:03,91282CLD1,TSRYS5850288,D,S,T,2024-08-27,1000000.00,3.757349,102.220703125
08:00:03,91282CLD1,TSRYS5850288,D,S,T,2024-08-27,1000000.00,3.757349,102.220703125
08:00:03,91282CLD1,TSRYS5850288,D,S,D,2024-08-27,1000000.00,3.752885,102.248046875
08:00:03,91282CLD1,TSRYS5850288,D,S,D,2024-08-27,1000000.00,3.750973,102.259765625
08:00:07,91282CLD1,TSRYS5850288,D,S,T,2024-08-27,1000000.00,3.751292,102.2578125
08:00:07,91282CLD1,TSRYS5850288,D,S,T,2024-08-27,1000000.00,3.751292,102.2578125
08:00:07,91282CLD1,TSRYS5850288,D,S,T,2024-08-27,1000000.00,3.751292,102.2578125
08:00:07,91282CLD1,TSRYS5850288,D,S,T,2024-08-27,1000000.00,3.715639,102.4765625
08:00:11,91282CLD1,TSRYS5850288,D,S,D,2024-08-27,1000000.00,3.720409,102.447265625
08:00:11,91282CLD1,TSRYS5850288,D,S,D,2024-08-27,1000000.00,3.722317,102.435546875
08:00:11,91282CLD1,TSRYS5850288,D,S,D,2024-08-27,1000000.00,3.719137,102.455078125
08:00:11,91282CLD1,TSRYS5850288,D,S,D,2024-08-27,1000000.00,3.719137,102.455078125
08:00:11,91282CLD1,TSRYS5850288,D,S,D,2024-08-27,1000000.00,3.726771,102.408203125
08:00:11,91282CLD1,TSRYS5850288,D,S,D,2024-08-27,1000000.00,3.726771,102.408203125
08:00:11,91282CLD1,TSRYS5850288,D,S,T,2024-08-27,1000000.00,3.726771,102.408203125
08:00:11,91282CLD1,TSRYS5850288,D,S,T,2024-08-27,1000000.00,3.726771,102.408203125
08:00:11,91282CLD1,TSRYS5850288,D,S,T,2024-08-27,1000000.00,3.726771,102.408203125
08:00:11,91282CLD1,TSRYS5850288,D,S,D,2024-08-27,1000000.00,3.726771,102.408203125
08:00:11,91282CLD1,TSRYS5850288,D,S,T,2024-08-27,1000000.00,3.726771,102.408203125
08:00:11,91282CLD1,TSRYS5850288,D,S,T,2024-08-27,1000000.00,3.726771,102.408203125
08:00:11,91282CLD1,TSRYS5850288,D,S,T,2024-08-27,1000000.00,3.727089,102.40625
08:00:11,91282CLD1,TSRYS5850288,D,S,T,2024-08-27,1000000.00,3.729635,102.390625
08:00:11,91282CLD1,TSRYS5850288,D,S,T,2024-08-27,1000000.00,3.729635,102.390625
08:00:11,91282CLD1,TSRYS5850288,D,S,T,2024-08-27,1000000.00,3.734409,102.361328125
08:00:11,91282CLD1,TSRYS5850288,D,S,D,2024-08-27,1000000.00,3.731226,102.380859375
08:00:11,91282CLD1,TSRYS5850288,D,S,T,2024-08-27,1000000.00,3.746193,102.2890625
08:00:11,91282CLD1,TSRYS5850288,D,S,D,2024-08-27,1000000.00,3.745556,102.29296875
08:00:11,91282CLD1,TSRYS5850288,D,S,T,2024-08-27,1000000.00,3.743644,102.3046875
08:00:11,91282CLD1,TSRYS5850288,D,S,T,2024-08-27,4000000.00,3.743644,102.3046875
08:00:11,91282CLD1,TSRYS5850288,D,S,T,2024-08-27,4000000.00,3.743326,102.306640625
08:00:11,91282CLD1,TSRYS5850288,D,S,T,2024-08-27,1000000.00,3.753842,102.2421875
08:00:11,91282CLD1,TSRYS5850288,D,S,T,2024-08-27,1000000.00,3.752566,102.25
08:00:11,91282CLD1,TSRYS5850288,D,S,T,2024-08-27,1000000.00,3.753204,102.24609375
08:00:11,91282CLD1,TSRYS5850288,D,S,T,2024-08-27,1000000.00,3.752885,102.248046875
08:00:11,91282CLD1,TSRYS5850288,D,S,T,2024-08-27,1000000.00,3.752566,102.25
08:00:11,91282CLD1,TSRYS5850288,D,S,T,2024-08-27,1000000.00,3.752248,102.251953125
08:00:11,91282CLD1,TSRYS5850288,D,S,T,2024-08-27,1000000.00,3.752248,102.251953125
08:00:11,91282CLD1,TSRYS5850288,D,S,T,2024-08-27,1000000.00,3.751929,102.25390625
08:00:11,91282CLD1,TSRYS5850288,D,S,T,2024-08-27,1000000.00,3.752566,102.25
08:00:11,91282CLD1,TSRYS5850288,D,S,T,2024-08-27,1000000.00,3.752248,102.251953125
08:00:11,91282CLD1,TSRYS5850288,D,S,T,2024-08-27,1000000.00,3.753842,102.2421875
08:00:11,91282CLD1,TSRYS5850288,D,S,T,2024-08-27,1000000.00,3.753523,102.244140625
08:00:11,91282CLD1,TSRYS5850288,D,S,T,2024-08-27,1000000.00,3.753204,102.24609375
08:00:11,91282CLD1,TSRYS5850288,D,S,T,2024-08-27,1000000.00,3.752885,102.248046875
08:00:11,91282CLD1,TSRYS5850288,D,S,T,2024-08-27,1000000.00,3.752566,102.25
08:00:11,91282CLD1,TSRYS5850288,D,S,T,2024-08-27,1000000.00,3.752248,102.251953125
08:00:11,91282CLD1,TSRYS5850288,D,S,T,2024-08-27,1000000.00,3.751929,102.25390625
08:00:11,91282CLD1,TSRYS5850288,D,S,T,2024-08-27,1000000.00,3.750017,102.265625
08:00:11,91282CLD1,TSRYS5850288,D,S,T,2024-08-27,1000000.00,3.750973,102.259765625
08:00:11,91282CLD1,TSRYS5850288,D,S,T,2024-08-27,1000000.00,3.756392,102.2265625
08:00:11,91282CLD1,TSRYS5850288,D,S,T,2024-08-27,1000000.00,3.756392,102.2265625
08:00:12,91282CLD1,TSRYS5850288,D,S,T,2024-08-27,1000000.00,3.753842,102.2421875
08:00:12,91282CLD1,TSRYS5850288,D,S,T,2024-08-27,1000000.00,3.753842,102.2421875
08:00:12,91282CLD1,TSRYS5850288,D,S,T,2024-08-27,1000000.00,3.754479,102.23828125
08:00:12,91282CLD1,TSRYS5850288,D,S,T,2024-08-27,1000000.00,3.753842,102.2421875
08:00:12,91282CLD1,TSRYS5850288,D,S,T,2024-08-27,1000000.00,3.755117,102.234375
08:00:12,91282CLD1,TSRYS5850288,D,S,T,2024-08-27,1000000.00,3.754798,102.236328125
08:00:12,91282CLD1,TSRYS5850288,D,S,T,2024-08-27,1000000.00,3.754479,102.23828125
08:00:12,91282CLD1,TSRYS5850288,D,S,T,2024-08-27,1000000.00,3.75416,102.240234375
08:00:12,91282CLD1,TSRYS5850288,D,S,T,2024-08-27,1000000.00,3.753842,102.2421875
08:00:12,91282CLD1,TSRYS5850288,D,S,T,2024-08-27,1000000.00,3.755117,102.234375
08:00:12,91282CLD1,TSRYS5850288,D,S,T,2024-08-27,1000000.00,3.754798,102.236328125
08:00:12,91282CLD1,TSRYS5850288,D,S,T,2024-08-27,1000000.00,3.754479,102.23828125
08:00:12,91282CLD1,TSRYS5850288,D,S,T,2024-08-27,1000000.00,3.75416,102.240234375
08:00:12,91282CLD1,TSRYS5850288,D,S,T,2024-08-27,1000000.00,3.753842,102.2421875
08:00:12,91282CLD1,TSRYS5850288,D,S,T,2024-08-27,1000000.00,3.754798,102.236328125
08:00:12,91282CLD1,TSRYS5850288,D,S,T,2024-08-27,1000000.00,3.754479,102.23828125
08:00:12,91282CLD1,TSRYS5850288,D,S,T,2024-08-27,1000000.00,3.75416,102.240234375
08:00:12,91282CLD1,TSRYS5850288,D,S,T,2024-08-27,1000000.00,3.753842,102.2421875
08:00:12,91282CLD1,TSRYS5850288,D,S,T,2024-08-27,1000000.00,3.754798,102.236328125
08:00:12,91282CLD1,TSRYS5850288,D,S,T,2024-08-27,1000000.00,3.754479,102.23828125
08:00:12,91282CLD1,TSRYS5850288,D,S,T,2024-08-27,1000000.00,3.75416,102.240234375
08:00:12,91282CLD1,TSRYS5850288,D,S,T,2024-08-27,1000000.00,3.753842,102.2421875
08:00:12,91282CLD1,TSRYS5850288,D,S,D,2024-08-27,1000000.00,3.752248,102.251953125
08:00:12,91282CLD1,TSRYS5850288,D,S,D,2024-08-27,1000000.00,3.721999,102.4375
08:00:17,91282CLD1,TSRYS5850288,D,B,C,2024-08-27,1000000.00,3.720409,102.447265625
08:00:17,91282CLD1,TSRYS5850288,D,S,D,2024-08-27,1000000.00,3.720409,102.447265625
08:00:17,91282CLD1,TSRYS5850288,D,B,C,2024-08-27,1000000.00,3.720091,102.44921875
08:00:17,91282CLD1,TSRYS5850288,D,S,T,2024-08-27,1000000.00,3.733454,102.3671875
08:00:17,91282CLD1,TSRYS5850288,D,S,T,2024-08-27,1000000.00,3.733454,102.3671875
08:00:18,91282CLD1,TSRYS5850288,D,S,D,2024-08-27,1000000.00,3.720091,102.44921875
08:00:18,91282CLD1,TSRYS5850288,D,B,C,2024-08-27,1000000.00,3.719773,102.451171875
08:00:18,91282CLD1,TSRYS5850288,D,S,D,2024-08-27,1000000.00,3.719773,102.451171875
08:00:18,91282CLD1,TSRYS5850288,D,B,C,2024-08-27,1000000.00,3.721045,102.443359375
08:00:18,91282CLD1,TSRYS5850288,D,S,D,2024-08-27,1000000.00,3.721045,102.443359375
08:00:18,91282CLD1,TSRYS5850288,D,B,C,2024-08-27,1000000.00,3.722953,102.431640625
08:00:18,91282CLD1,TSRYS5850288,D,S,D,2024-08-27,1000000.00,3.722953,102.431640625
08:00:18,91282CLD1,TSRYS5850288,D,B,C,2024-08-27,1000000.00,3.722635,102.43359375
08:00:18,91282CLD1,TSRYS5850288,D,S,D,2024-08-27,1000000.00,3.722635,102.43359375
08:00:18,91282CLD1,TSRYS5850288,D,S,D,2024-08-27,1000000.00,3.722635,102.43359375
08:00:18,91282CLD1,TSRYS5850288,D,B,C,2024-08-27,1000000.00,3.722635,102.43359375
08:00:18,91282CLD1,TSRYS5850288,D,B,C,2024-08-27,1000000.00,3.722635,102.43359375
08:00:18,91282CLD1,TSRYS5850288,D,S,D,2024-08-27,1000000.00,3.722635,102.43359375
08:00:18,91282CLD1,TSRYS5850288,D,B,C,2024-08-27,1000000.00,3.722635,102.43359375
08:00:18,91282CLD1,TSRYS5850288,D,S,D,2024-08-27,1000000.00,3.722635,102.43359375
08:00:18,91282CLD1,TSRYS5850288,D,B,C,2024-08-27,1000000.00,3.722635,102.43359375
08:00:18,91282CLD1,TSRYS5850288,D,S,D,2024-08-27,1000000.00,3.722635,102.43359375
08:00:18,91282CLD1,TSRYS5850288,D,B,C,2024-08-27,1000000.00,3.722635,102.43359375
08:00:18,91282CLD1,TSRYS5850288,D,S,D,2024-08-27,1000000.00,3.722635,102.43359375
08:00:18,91282CLD1,TSRYS5850288,D,B,C,2024-08-27,1000000.00,3.726135,102.412109375
08:00:18,91282CLD1,TSRYS5850288,D,S,D,2024-08-27,1000000.00,3.726135,102.412109375
08:00:18,91282CLD1,TSRYS5850288,D,B,C,2024-08-27,1000000.00,3.726771,102.408203125
08:00:18,91282CLD1,TSRYS5850288,D,S,D,2024-08-27,1000000.00,3.726771,102.408203125
08:00:18,91282CLD1,TSRYS5850288,D,B,C,2024-08-27,1000000.00,3.726453,102.41015625
08:00:18,91282CLD1,TSRYS5850288,D,S,D,2024-08-27,1000000.00,3.726453,102.41015625
08:00:18,91282CLD1,TSRYS5850288,D,B,C,2024-08-27,1000000.00,3.727089,102.40625
08:00:18,91282CLD1,TSRYS5850288,D,S,D,2024-08-27,1000000.00,3.727089,102.40625
08:00:18,91282CLD1,TSRYS5850288,D,B,C,2024-08-27,1000000.00,3.727089,102.40625
08:00:18,91282CLD1,TSRYS5850288,D,S,D,2024-08-27,1000000.00,3.727089,102.40625
08:00:18,91282CLD1,TSRYS5850288,D,B,C,2024-08-27,1000000.00,3.727407,102.404296875
08:00:18,91282CLD1,TSRYS5850288,D,S,D,2024-08-27,1000000.00,3.727407,102.404296875
08:00:18,91282CLD1,TSRYS5850288,D,S,D,2024-08-27,1000000.00,3.727725,102.40234375
08:00:18,91282CLD1,TSRYS5850288,D,B,C,2024-08-27,1000000.00,3.731226,102.380859375
08:00:18,91282CLD1,TSRYS5850288,D,S,D,2024-08-27,1000000.00,3.731226,102.380859375
08:00:18,91282CLD1,TSRYS5850288,D,B,C,2024-08-27,37000000.00,3.723317,102.429406
08:00:19,91282CLD1,TSRYS5850288,D,B,C,2024-08-27,1000000.00,3.732181,102.375
08:00:19,91282CLD1,TSRYS5850288,D,S,D,2024-08-27,1000000.00,3.732181,102.375
08:00:19,91282CLD1,TSRYS5850288,D,B,C,2024-08-27,1000000.00,3.730908,102.3828125
08:00:19,91282CLD1,TSRYS5850288,D,S,D,2024-08-27,1000000.00,3.730908,102.3828125
08:00:19,91282CLD1,TSRYS5850288,D,B,C,2024-08-27,1000000.00,3.730908,102.3828125
08:00:19,91282CLD1,TSRYS5850288,D,S,D,2024-08-27,1000000.00,3.730908,102.3828125
08:00:19,91282CLD1,TSRYS5850288,D,B,C,2024-08-27,1000000.00,3.73059,102.384765625
08:00:19,91282CLD1,TSRYS5850288,D,S,D,2024-08-27,1000000.00,3.73059,102.384765625
08:00:21,91282CLD1,TSRYS5850288,D,B,C,2024-08-27,1000000.00,3.727089,102.40625
08:00:21,91282CLD1,TSRYS5850288,D,S,D,2024-08-27,1000000.00,3.727089,102.40625
08:00:21,91282CLD1,TSRYS5850288,D,S,C,2024-08-27,1000000.00,3.725816,102.4140625
08:00:21,91282CLD1,TSRYS5850288,D,B,C,2024-08-27,1000000.00,3.725816,102.4140625
08:00:21,91282CLD1,TSRYS5850288,D,B,C,2024-08-27,1000000.00,3.730271,102.38671875
08:00:21,91282CLD1,TSRYS5850288,D,S,D,2024-08-27,1000000.00,3.730271,102.38671875
08:00:21,91282CLD1,TSRYS5850288,D,B,C,2024-08-27,1000000.00,3.731226,102.380859375
08:00:21,91282CLD1,TSRYS5850288,D,S,D,2024-08-27,1000000.00,3.731226,102.380859375
08:00:21,91282CLD1,TSRYS5850288,D,B,C,2024-08-27,1000000.00,3.728362,102.3984375
08:00:21,91282CLD1,TSRYS5850288,D,S,D,2024-08-27,1000000.00,3.728362,102.3984375
08:00:21,91282CLD1,TSRYS5850288,D,B,C,2024-08-27,1000000.00,3.729953,102.388671875
08:00:21,91282CLD1,TSRYS5850288,D,B,C,2024-08-27,1000000.00,3.729953,102.388671875
08:00:21,91282CLD1,TSRYS5850288,D,S,D,2024-08-27,1000000.00,3.729953,102.388671875
08:00:21,91282CLD1,TSRYS5850288,D,S,D,2024-08-27,1000000.00,3.729953,102.388671875
08:00:21,91282CLD1,TSRYS5850288,D,S,D,2024-08-27,1000000.00,3.731863,102.376953125
08:00:21,91282CLD1,TSRYS5850288,D,B,C,2024-08-27,1000000.00,3.731863,102.376953125
08:00:21,91282CLD1,TSRYS5850288,D,S,D,2024-08-27,1000000.00,3.734091,102.36328125
08:00:22,91282CLD1,TSRYS5850288,D,B,C,2024-08-27,1000000.00,3.731226,102.380859375
08:00:22,91282CLD1,TSRYS5850288,D,S,D,2024-08-27,1000000.00,3.731226,102.380859375
08:00:25,91282CLD1,TSRYS5850288,D,S,D,2024-08-27,1000000.00,3.728362,102.3984375
08:00:26,91282CLD1,TSRYS5850288,D,S,D,2024-08-27,1000000.00,3.728362,102.3984375
08:00:29,91282CLD1,TSRYS5850288,D,S,D,2024-08-27,1000000.00,3.72868,102.396484375
08:00:29,91282CLD1,TSRYS5850288,D,S,D,2024-08-27,1000000.00,3.732181,102.375
08:00:29,91282CLD1,TSRYS5850288,D,S,T,2024-08-27,1000000.00,3.727089,102.40625
08:00:29,91282CLD1,TSRYS5850288,D,S,T,2024-08-27,1000000.00,3.734409,102.361328125
08:00:29,91282CLD1,TSRYS5850288,D,S,T,2024-08-27,1000000.00,3.734409,102.361328125
08:00:29,91282CLD1,TSRYS5850288,D,S,D,2024-08-27,1000000.00,3.733772,102.365234375
08:00:29,91282CLD1,TSRYS5850288,D,S,D,2024-08-27,1000000.00,3.728362,102.3984375
08:00:29,91282CLD1,TSRYS5850288,D,S,D,2024-08-27,1000000.00,3.732181,102.375
08:00:29,91282CLD1,TSRYS5850288,D,S,D,2024-08-27,1000000.00,3.733772,102.365234375
08:00:29,91282CLD1,TSRYS5850288,D,S,D,2024-08-27,1000000.00,3.736001,102.3515625
08:00:29,91282CLD1,TSRYS5850288,D,S,T,2024-08-27,1000000.00,3.736319,102.349609375
08:00:29,91282CLD1,TSRYS5850288,D,S,T,2024-08-27,1000000.00,3.738548,102.3359375
08:00:29,91282CLD1,TSRYS5850288,D,S,T,2024-08-27,1000000.00,3.750017,102.265625
08:00:29,91282CLD1,TSRYS5850288,D,S,D,2024-08-27,1000000.00,3.753842,102.2421875
08:00:29,91282CLD1,TSRYS5850288,D,S,T,2024-08-27,1000000.00,3.755117,102.234375
08:00:29,91282CLD1,TSRYS5850288,D,S,D,2024-08-27,1000000.00,3.755117,102.234375
08:00:29,91282CLD1,TSRYS5850288,D,S,D,2024-08-27,1000000.00,3.752566,102.25
08:00:30,91282CLD1,TSRYS5850288,D,S,D,2024-08-27,1000000.00,3.718819,102.45703125
08:00:30,91282CLD1,TSRYS5850288,D,S,D,2024-08-27,1000000.00,3.720727,102.4453125
08:00:30,91282CLD1,TSRYS5850288,D,S,D,2024-08-27,1000000.00,3.751929,102.25390625
08:00:30,91282CLD1,TSRYS5850288,D,S,D,2024-08-27,1000000.00,3.751929,102.25390625
08:00:30,91282CLD1,TSRYS5850288,D,S,D,2024-08-27,1000000.00,3.751929,102.25390625
08:00:30,91282CLD1,TSRYS5850288,D,S,D,2024-08-27,1000000.00,3.751292,102.2578125
08:00:30,91282CLD1,TSRYS5850288,D,S,D,2024-08-27,1000000.00,3.755754,102.23046875
08:00:30,91282CLD1,TSRYS5850288,D,S,D,2024-08-27,1000000.00,3.756073,102.228515625
08:00:30,91282CLD1,TSRYS5850288,D,S,D,2024-08-27,1000000.00,3.756073,102.228515625
08:00:30,91282CLD1,TSRYS5850288,D,S,D,2024-08-27,2000000.00,3.756073,102.228515625
08:00:30,91282CLD1,TSRYS5850288,D,S,D,2024-08-27,1000000.00,3.756711,102.224609375
08:00:30,91282CLD1,TSRYS5850288,D,S,D,2024-08-27,1000000.00,3.756711,102.224609375
08:00:30,91282CLD1,TSRYS5850288,D,S,D,2024-08-27,1000000.00,3.756711,102.224609375
08:00:30,91282CLD1,TSRYS5850288,D,S,D,2024-08-27,1000000.00,3.756711,102.224609375
08:00:30,91282CLD1,TSRYS5850288,D,S,D,2024-08-27,3000000.00,3.755754,102.23046875
08:00:30,91282CLD1,TSRYS5850288,D,S,T,2024-08-27,1000000.00,3.720727,102.4453125
08:00:30,91282CLD1,TSRYS5850288,D,S,T,2024-08-27,1000000.00,3.716593,102.470703125
08:00:30,91282CLD1,TSRYS5850288,D,S,T,2024-08-27,1000000.00,3.718819,102.45703125
08:00:30,91282CLD1,TSRYS5850288,D,S,T,2024-08-27,1000000.00,3.719455,102.453125
08:00:30,91282CLD1,TSRYS5850288,D,S,T,2024-08-27,1000000.00,3.717547,102.46484375
08:00:30,91282CLD1,TSRYS5850288,D,S,T,2024-08-27,1000000.00,3.722635,102.43359375
08:00:30,91282CLD1,TSRYS5850288,D,S,T,2024-08-27,1000000.00,3.723589,102.427734375
08:00:30,91282CLD1,TSRYS5850288,D,S,T,2024-08-27,1000000.00,3.728362,102.3984375
08:00:30,91282CLD1,TSRYS5850288,D,S,T,2024-08-27,1000000.00,3.728362,102.3984375
08:00:30,91282CLD1,TSRYS5850288,D,S,T,2024-08-27,1000000.00,3.731863,102.376953125
08:00:30,91282CLD1,TSRYS5850288,D,S,T,2024-08-27,1000000.00,3.731863,102.376953125
08:00:30,91282CLD1,TSRYS5850288,D,S,T,2024-08-27,1000000.00,3.732818,102.37109375
08:00:30,91282CLD1,TSRYS5850288,D,S,T,2024-08-27,1000000.00,3.727089,102.40625
08:00:30,91282CLD1,TSRYS5850288,D,S,T,2024-08-27,1000000.00,3.727089,102.40625
08:00:30,91282CLD1,TSRYS5850288,D,S,T,2024-08-27,1000000.00,3.728362,102.3984375
08:00:30,91282CLD1,TSRYS5850288,D,S,T,2024-08-27,1000000.00,3.733454,102.3671875
08:00:30,91282CLD1,TSRYS5850288,D,S,T,2024-08-27,1000000.00,3.733454,102.3671875
08:00:30,91282CLD1,TSRYS5850288,D,S,T,2024-08-27,1000000.00,3.735046,102.357421875
08:00:30,91282CLD1,TSRYS5850288,D,S,D,2024-08-27,1000000.00,3.733454,102.3671875
08:00:30,91282CLD1,TSRYS5850288,D,S,T,2024-08-27,1000000.00,3.733454,102.3671875
08:00:30,91282CLD1,TSRYS5850288,D,S,D,2024-08-27,1000000.00,3.733454,102.3671875
08:00:30,91282CLD1,TSRYS5850288,D,S,D,2024-08-27,1000000.00,3.733454,102.3671875
08:00:30,91282CLD1,TSRYS5850288,D,S,T,2024-08-27,1000000.00,3.733454,102.3671875
08:00:30,91282CLD1,TSRYS5850288,D,S,D,2024-08-27,1000000.00,3.733454,102.3671875
08:00:30,91282CLD1,TSRYS5850288,D,S,D,2024-08-27,1000000.00,3.732181,102.375
08:00:30,91282CLD1,TSRYS5850288,D,S,D,2024-08-27,1000000.00,3.731226,102.380859375
08:00:30,91282CLD1,TSRYS5850288,D,S,D,2024-08-27,1000000.00,3.731226,102.380859375
08:00:30,91282CLD1,TSRYS5850288,D,S,D,2024-08-27,1000000.00,3.731226,102.380859375
08:00:30,91282CLD1,TSRYS5850288,D,S,D,2024-08-27,1000000.00,3.731226,102.380859375
08:00:30,91282CLD1,TSRYS5850288,D,S,D,2024-08-27,1000000.00,3.733454,102.3671875
08:00:30,91282CLD1,TSRYS5850288,D,S,T,2024-08-27,1000000.00,3.732181,102.375
08:00:30,91282CLD1,TSRYS5850288,D,S,T,2024-08-27,1000000.00,3.730271,102.38671875
08:00:30,91282CLD1,TSRYS5850288,D,S,T,2024-08-27,1000000.00,3.730271,102.38671875
08:00:30,91282CLD1,TSRYS5850288,D,S,D,2024-08-27,2000000.00,3.726453,102.41015625
08:00:30,91282CLD1,TSRYS5850288,D,S,D,2024-08-27,1000000.00,3.726453,102.41015625
08:00:30,91282CLD1,TSRYS5850288,D,S,D,2024-08-27,1000000.00,3.726453,102.41015625
08:00:30,91282CLD1,TSRYS5850288,D,S,D,2024-08-27,1000000.00,3.726453,102.41015625
08:00:30,91282CLD1,TSRYS5850288,D,S,T,2024-08-27,1000000.00,3.725816,102.4140625
08:00:30,91282CLD1,TSRYS5850288,D,S,T,2024-08-27,1000000.00,3.726135,102.412109375
08:00:30,91282CLD1,TSRYS5850288,D,S,T,2024-08-27,1000000.00,3.731544,102.37890625
08:00:30,91282CLD1,TSRYS5850288,D,S,T,2024-08-27,1000000.00,3.731544,102.37890625
08:00:30,91282CLD1,TSRYS5850288,D,S,T,2024-08-27,1000000.00,3.727725,102.40234375
08:00:30,91282CLD1,TSRYS5850288,D,S,T,2024-08-27,1000000.00,3.727725,102.40234375
08:00:30,91282CLD1,TSRYS5850288,D,S,T,2024-08-27,1000000.00,3.727407,102.404296875
08:00:30,91282CLD1,TSRYS5850288,D,S,T,2024-08-27,1000000.00,3.727725,102.40234375
08:00:30,91282CLD1,TSRYS5850288,D,S,T,2024-08-27,1000000.00,3.727407,102.404296875
08:00:30,91282CLD1,TSRYS5850288,D,S,T,2024-08-27,1000000.00,3.727407,102.404296875
08:00:30,91282CLD1,TSRYS5850288,D,S,T,2024-08-27,1000000.00,3.727407,102.404296875
08:00:30,91282CLD1,TSRYS5850288,D,S,D,2024-08-27,1000000.00,3.731226,102.380859375
08:00:30,91282CLD1,TSRYS5850288,D,S,D,2024-08-27,1000000.00,3.733454,102.3671875
08:00:30,91282CLD1,TSRYS5850288,D,S,D,2024-08-27,1000000.00,3.728998,102.39453125
08:00:30,91282CLD1,TSRYS5850288,D,S,T,2024-08-27,1000000.00,3.722635,102.43359375
08:00:30,91282CLD1,TSRYS5850288,D,S,T,2024-08-27,1000000.00,3.722635,102.43359375
08:00:30,91282CLD1,TSRYS5850288,D,S,D,2024-08-27,1000000.00,3.73823,102.337890625
08:00:30,91282CLD1,TSRYS5850288,D,S,T,2024-08-27,1000000.00,3.738548,102.3359375
08:00:30,91282CLD1,TSRYS5850288,D,S,D,2024-08-27,1000000.00,3.740459,102.32421875
08:00:30,91282CLD1,TSRYS5850288,D,S,D,2024-08-27,1000000.00,3.742689,102.310546875
08:00:30,91282CLD1,TSRYS5850288,D,S,T,2024-08-27,1000000.00,3.742689,102.310546875
08:00:30,91282CLD1,TSRYS5850288,D,S,D,2024-08-27,1000000.00,3.742689,102.310546875
08:00:30,91282CLD1,TSRYS5850288,D,S,D,2024-08-27,1000000.00,3.742689,102.310546875
08:00:30,91282CLD1,TSRYS5850288,D,S,D,2024-08-27,2000000.00,3.742689,102.310546875
08:00:30,91282CLD1,TSRYS5850288,D,S,D,2024-08-27,2000000.00,3.742689,102.310546875
08:00:30,91282CLD1,TSRYS5850288,D,S,D,2024-08-27,2000000.00,3.742689,102.310546875
08:00:30,91282CLD1,TSRYS5850288,D,S,D,2024-08-27,2000000.00,3.742689,102.310546875
08:00:30,91282CLD1,TSRYS5850288,D,S,T,2024-08-27,1000000.00,3.742689,102.310546875
08:00:30,91282CLD1,TSRYS5850288,D,S,D,2024-08-27,2000000.00,3.742689,102.310546875
08:00:30,91282CLD1,TSRYS5850288,D,S,D,2024-08-27,1000000.00,3.742689,102.310546875
08:00:30,91282CLD1,TSRYS5850288,D,S,T,2024-08-27,1000000.00,3.743007,102.30859375
08:00:30,91282CLD1,TSRYS5850288,D,S,T,2024-08-27,1000000.00,3.743326,102.306640625
08:00:30,91282CLD1,TSRYS5850288,D,S,T,2024-08-27,1000000.00,3.745874,102.291015625
08:00:30,91282CLD1,TSRYS5850288,D,S,T,2024-08-27,1000000.00,3.745874,102.291015625
08:00:30,91282CLD1,TSRYS5850288,D,S,T,2024-08-27,1000000.00,3.741733,102.31640625
08:00:30,91282CLD1,TSRYS5850288,D,S,T,2024-08-27,4000000.00,3.738548,102.3359375
08:00:30,91282CLD1,TSRYS5850288,D,S,T,2024-08-27,1000000.00,3.741733,102.31640625
08:00:30,91282CLD1,TSRYS5850288,D,S,T,2024-08-27,4000000.00,3.743644,102.3046875
08:00:30,91282CLD1,TSRYS5850288,D,S,T,2024-08-27,1000000.00,3.743644,102.3046875
08:00:30,91282CLD1,TSRYS5850288,D,S,T,2024-08-27,1000000.00,3.744918,102.296875
08:00:30,91282CLD1,TSRYS5850288,D,S,T,2024-08-27,1000000.00,3.745874,102.291015625
08:00:30,91282CLD1,TSRYS5850288,D,S,T,2024-08-27,1000000.00,3.745874,102.291015625
08:00:30,91282CLD1,TSRYS5850288,D,S,T,2024-08-27,2000000.00,3.74683,102.28515625
08:00:30,91282CLD1,TSRYS5850288,D,S,T,2024-08-27,1000000.00,3.750017,102.265625
08:00:30,91282CLD1,TSRYS5850288,D,S,T,2024-08-27,1000000.00,3.750017,102.265625
08:00:30,91282CLD1,TSRYS5850288,D,S,T,2024-08-27,1000000.00,3.750973,102.259765625
08:00:30,91282CLD1,TSRYS5850288,D,S,T,2024-08-27,1000000.00,3.750973,102.259765625
08:00:30,91282CLD1,TSRYS5850288,D,S,T,2024-08-27,1000000.00,3.75161,102.255859375
08:00:30,91282CLD1,TSRYS5850288,D,S,T,2024-08-27,1000000.00,3.751929,102.25390625
08:00:30,91282CLD1,TSRYS5850288,D,S,T,2024-08-27,1000000.00,3.751929,102.25390625
08:00:30,91282CLD1,TSRYS5850288,D,S,T,2024-08-27,1000000.00,3.751929,102.25390625
08:00:30,91282CLD1,TSRYS5850288,D,S,T,2024-08-27,1000000.00,3.751929,102.25390625
08:00:30,91282CLD1,TSRYS5850288,D,S,T,2024-08-27,1000000.00,3.751929,102.25390625
08:00:30,91282CLD1,TSRYS5850288,D,S,T,2024-08-27,1000000.00,3.751929,102.25390625
08:00:30,91282CLD1,TSRYS5850288,D,S,T,2024-08-27,1000000.00,3.751929,102.25390625
08:00:30,91282CLD1,TSRYS5850288,D,S,T,2024-08-27,1000000.00,3.751929,102.25390625
08:00:30,91282CLD1,TSRYS5850288,D,S,T,2024-08-27,1000000.00,3.751929,102.25390625
08:00:30,91282CLD1,TSRYS5850288,D,S,T,2024-08-27,1000000.00,3.751292,102.2578125
08:00:30,91282CLD1,TSRYS5850288,D,S,T,2024-08-27,1000000.00,3.751292,102.2578125
08:00:30,91282CLD1,TSRYS5850288,D,S,T,2024-08-27,1000000.00,3.753204,102.24609375
08:00:30,91282CLD1,TSRYS5850288,D,S,T,2024-08-27,1000000.00,3.753204,102.24609375
08:00:30,91282CLD1,TSRYS5850288,D,S,T,2024-08-27,1000000.00,3.753842,102.2421875
08:00:30,91282CLD1,TSRYS5850288,D,S,T,2024-08-27,2000000.00,3.755436,102.232421875
08:00:30,91282CLD1,TSRYS5850288,D,S,T,2024-08-27,1000000.00,3.755117,102.234375
08:00:30,91282CLD1,TSRYS5850288,D,S,T,2024-08-27,1000000.00,3.755117,102.234375
08:00:30,91282CLD1,TSRYS5850288,D,S,T,2024-08-27,1000000.00,3.755117,102.234375
08:00:30,91282CLD1,TSRYS5850288,D,S,T,2024-08-27,1000000.00,3.751292,102.2578125
08:00:30,91282CLD1,TSRYS5850288,D,S,T,2024-08-27,1000000.00,3.750973,102.259765625
08:00:30,91282CLD1,TSRYS5850288,D,S,T,2024-08-27,1000000.00,3.750335,102.263671875
08:00:30,91282CLD1,TSRYS5850288,D,S,T,2024-08-27,1000000.00,3.750335,102.263671875
08:00:30,91282CLD1,TSRYS5850288,D,S,T,2024-08-27,1000000.00,3.751292,102.2578125
08:00:30,91282CLD1,TSRYS5850288,D,S,T,2024-08-27,1000000.00,3.750973,102.259765625
08:00:30,91282CLD1,TSRYS5850288,D,S,T,2024-08-27,1000000.00,3.750335,102.263671875
08:00:30,91282CLD1,TSRYS5850288,D,S,T,2024-08-27,1000000.00,3.750335,102.263671875
08:00:30,91282CLD1,TSRYS5850288,D,S,T,2024-08-27,1000000.00,3.750654,102.26171875
08:00:30,91282CLD1,TSRYS5850288,D,S,T,2024-08-27,1000000.00,3.750654,102.26171875
08:00:30,91282CLD1,TSRYS5850288,D,S,T,2024-08-27,1000000.00,3.750335,102.263671875
08:00:30,91282CLD1,TSRYS5850288,D,S,T,2024-08-27,1000000.00,3.750973,102.259765625
08:00:30,91282CLD1,TSRYS5850288,D,S,T,2024-08-27,1000000.00,3.752566,102.25
08:00:30,91282CLD1,TSRYS5850288,D,S,T,2024-08-27,1000000.00,3.752566,102.25
08:00:30,91282CLD1,TSRYS5850288,D,S,T,2024-08-27,1000000.00,3.752566,102.25
08:00:30,91282CLD1,TSRYS5850288,D,S,T,2024-08-27,1000000.00,3.752566,102.25
08:00:30,91282CLD1,TSRYS5850288,D,S,T,2024-08-27,2000000.00,3.755117,102.234375
08:00:30,91282CLD1,TSRYS5850288,D,S,T,2024-08-27,1000000.00,3.755117,102.234375
08:00:30,91282CLD1,TSRYS5850288,D,S,T,2024-08-27,1000000.00,3.755754,102.23046875
08:00:30,91282CLD1,TSRYS5850288,D,S,T,2024-08-27,1000000.00,3.755117,102.234375
08:00:30,91282CLD1,TSRYS5850288,D,S,T,2024-08-27,1000000.00,3.755117,102.234375
08:00:30,91282CLD1,TSRYS5850288,D,S,T,2024-08-27,1000000.00,3.755117,102.234375
08:00:30,91282CLD1,TSRYS5850288,D,S,T,2024-08-27,1000000.00,3.755117,102.234375
08:00:30,91282CLD1,TSRYS5850288,D,S,T,2024-08-27,1000000.00,3.755117,102.234375
08:00:30,91282CLD1,TSRYS5850288,D,S,T,2024-08-27,1000000.00,3.757349,102.220703125
08:00:30,91282CLD1,TSRYS5850288,D,S,T,2024-08-27,1000000.00,3.757667,102.21875
08:00:30,91282CLD1,TSRYS5850288,D,S,T,2024-08-27,1000000.00,3.757349,102.220703125
08:00:30,91282CLD1,TSRYS5850288,D,S,T,2024-08-27,1000000.00,3.756711,102.224609375
08:00:30,91282CLD1,TSRYS5850288,D,S,T,2024-08-27,1000000.00,3.755754,102.23046875
08:00:30,91282CLD1,TSRYS5850288,D,S,T,2024-08-27,1000000.00,3.755117,102.234375
08:00:30,91282CLD1,TSRYS5850288,D,S,T,2024-08-27,1000000.00,3.755754,102.23046875
08:00:30,91282CLD1,TSRYS5850288,D,S,T,2024-08-27,1000000.00,3.755754,102.23046875
08:00:30,91282CLD1,TSRYS5850288,D,S,T,2024-08-27,1000000.00,3.752885,102.248046875
08:00:30,91282CLD1,TSRYS5850288,D,S,T,2024-08-27,1000000.00,3.752885,102.248046875
08:00:30,91282CLD1,TSRYS5850288,D,S,T,2024-08-27,1000000.00,3.752566,102.25
08:00:30,91282CLD1,TSRYS5850288,D,S,T,2024-08-27,1000000.00,3.752566,102.25
08:00:30,91282CLD1,TSRYS5850288,D,S,T,2024-08-27,1000000.00,3.752566,102.25
08:00:30,91282CLD1,TSRYS5850288,D,S,T,2024-08-27,1000000.00,3.752566,102.25
08:00:30,91282CLD1,TSRYS5850288,D,S,T,2024-08-27,1000000.00,3.752566,102.25
08:00:30,91282CLD1,TSRYS5850288,D,S,T,2024-08-27,1000000.00,3.752566,102.25
08:00:30,91282CLD1,TSRYS5850288,D,S,T,2024-08-27,1000000.00,3.752248,102.251953125
08:00:30,91282CLD1,TSRYS5850288,D,S,T,2024-08-27,1000000.00,3.752566,102.25
08:00:30,91282CLD1,TSRYS5850288,D,S,T,2024-08-27,1000000.00,3.752566,102.25
08:00:30,91282CLD1,TSRYS5850288,D,S,T,2024-08-27,1000000.00,3.752566,102.25
08:00:30,91282CLD1,TSRYS5850288,D,S,T,2024-08-27,1000000.00,3.752566,102.25
08:00:30,91282CLD1,TSRYS5850288,D,S,T,2024-08-27,1000000.00,3.752566,102.25
08:00:30,91282CLD1,TSRYS5850288,D,S,T,2024-08-27,1000000.00,3.752566,102.25
08:00:30,91282CLD1,TSRYS5850288,D,S,T,2024-08-27,1000000.00,3.752566,102.25
08:00:30,91282CLD1,TSRYS5850288,D,S,T,2024-08-27,1000000.00,3.752566,102.25
08:00:30,91282CLD1,TSRYS5850288,D,S,T,2024-08-27,1000000.00,3.752566,102.25
08:00:30,91282CLD1,TSRYS5850288,D,S,T,2024-08-27,1000000.00,3.752566,102.25
08:00:30,91282CLD1,TSRYS5850288,D,S,T,2024-08-27,1000000.00,3.752566,102.25
08:00:30,91282CLD1,TSRYS5850288,D,S,T,2024-08-27,1000000.00,3.748105,102.27734375
08:00:30,91282CLD1,TSRYS5850288,D,S,T,2024-08-27,1000000.00,3.748105,102.27734375
08:00:30,91282CLD1,TSRYS5850288,D,S,T,2024-08-27,1000000.00,3.748105,102.27734375
08:00:30,91282CLD1,TSRYS5850288,D,S,T,2024-08-27,1000000.00,3.750335,102.263671875
08:00:30,91282CLD1,TSRYS5850288,D,S,T,2024-08-27,1000000.00,3.750335,102.263671875
08:00:30,91282CLD1,TSRYS5850288,D,S,T,2024-08-27,1000000.00,3.750335,102.263671875
08:00:30,91282CLD1,TSRYS5850288,D,S,T,2024-08-27,1000000.00,3.750335,102.263671875
08:00:30,91282CLD1,TSRYS5850288,D,S,T,2024-08-27,1000000.00,3.750335,102.263671875
08:00:30,91282CLD1,TSRYS5850288,D,S,T,2024-08-27,1000000.00,3.750335,102.263671875
08:00:30,91282CLD1,TSRYS5850288,D,S,T,2024-08-27,1000000.00,3.750335,102.263671875
08:00:30,91282CLD1,TSRYS5850288,D,S,T,2024-08-27,1000000.00,3.750335,102.263671875
08:00:30,91282CLD1,TSRYS5850288,D,S,T,2024-08-27,1000000.00,3.711824,102.5
08:00:30,91282CLD1,TSRYS5850288,D,S,T,2024-08-27,1000000.00,3.711824,102.5
08:00:30,91282CLD1,TSRYS5850288,D,S,T,2024-08-27,1000000.00,3.711824,102.5
08:00:30,91282CLD1,TSRYS5850288,D,S,T,2024-08-27,1000000.00,3.711824,102.5
08:00:30,91282CLD1,TSRYS5850288,D,S,T,2024-08-27,1000000.00,3.711824,102.5
08:00:30,91282CLD1,TSRYS5850288,D,S,T,2024-08-27,1000000.00,3.711189,102.50390625
08:00:30,91282CLD1,TSRYS5850288,D,S,T,2024-08-27,1000000.00,3.714367,102.484375
08:00:30,91282CLD1,TSRYS5850288,D,S,T,2024-08-27,1000000.00,3.714367,102.484375
08:00:30,91282CLD1,TSRYS5850288,D,S,T,2024-08-27,1000000.00,3.714367,102.484375
08:00:30,91282CLD1,TSRYS5850288,D,S,T,2024-08-27,1000000.00,3.721999,102.4375
08:00:30,91282CLD1,TSRYS5850288,D,S,T,2024-08-27,1000000.00,3.718183,102.4609375
08:00:30,91282CLD1,TSRYS5850288,D,S,T,2024-08-27,1000000.00,3.719455,102.453125
08:00:30,91282CLD1,TSRYS5850288,D,S,T,2024-08-27,1000000.00,3.719455,102.453125
08:00:30,91282CLD1,TSRYS5850288,D,S,T,2024-08-27,1000000.00,3.718183,102.4609375
08:00:30,91282CLD1,TSRYS5850288,D,S,T,2024-08-27,1000000.00,3.721999,102.4375
08:00:30,91282CLD1,TSRYS5850288,D,S,T,2024-08-27,1000000.00,3.720409,102.447265625
08:00:30,91282CLD1,TSRYS5850288,D,S,T,2024-08-27,1000000.00,3.720409,102.447265625
08:00:30,91282CLD1,TSRYS5850288,D,S,T,2024-08-27,1000000.00,3.718501,102.458984375
08:00:30,91282CLD1,TSRYS5850288,D,S,T,2024-08-27,1000000.00,3.717547,102.46484375
08:00:31,91282CLD1,TSRYS5850288,D,S,T,2024-08-27,1000000.00,3.716911,102.46875
08:00:31,91282CLD1,TSRYS5850288,D,S,T,2024-08-27,1000000.00,3.715639,102.4765625
08:00:31,91282CLD1,TSRYS5850288,D,S,T,2024-08-27,1000000.00,3.715639,102.4765625
08:00:31,91282CLD1,TSRYS5850288,D,S,T,2024-08-27,1000000.00,3.718183,102.4609375
08:00:31,91282CLD1,TSRYS5850288,D,S,T,2024-08-27,1000000.00,3.718819,102.45703125
08:00:31,91282CLD1,TSRYS5850288,D,S,T,2024-08-27,1000000.00,3.718183,102.4609375
08:00:31,91282CLD1,TSRYS5850288,D,S,T,2024-08-27,2000000.00,3.721999,102.4375
08:00:31,91282CLD1,TSRYS5850288,D,S,T,2024-08-27,1000000.00,3.722635,102.43359375
08:00:31,91282CLD1,TSRYS5850288,D,S,T,2024-08-27,1000000.00,3.723271,102.4296875
08:00:31,91282CLD1,TSRYS5850288,D,S,T,2024-08-27,1000000.00,3.722317,102.435546875
08:00:31,91282CLD1,TSRYS5850288,D,S,T,2024-08-27,1000000.00,3.719773,102.451171875
08:00:31,91282CLD1,TSRYS5850288,D,S,T,2024-08-27,1000000.00,3.720727,102.4453125
08:00:31,91282CLD1,TSRYS5850288,D,S,T,2024-08-27,1000000.00,3.720727,102.4453125
08:00:31,91282CLD1,TSRYS5850288,D,S,T,2024-08-27,1000000.00,3.720727,102.4453125
08:00:31,91282CLD1,TSRYS5850288,D,S,T,2024-08-27,1000000.00,3.720727,102.4453125
08:00:31,91282CLD1,TSRYS5850288,D,S,T,2024-08-27,1000000.00,3.720727,102.4453125
08:00:31,91282CLD1,TSRYS5850288,D,S,T,2024-08-27,1000000.00,3.721999,102.4375
08:00:31,91282CLD1,TSRYS5850288,D,S,T,2024-08-27,1000000.00,3.721999,102.4375
08:00:31,91282CLD1,TSRYS5850288,D,S,T,2024-08-27,1000000.00,3.721999,102.4375
08:00:31,91282CLD1,TSRYS5850288,D,S,T,2024-08-27,1000000.00,3.721999,102.4375
08:00:31,91282CLD1,TSRYS5850288,D,S,T,2024-08-27,1000000.00,3.721999,102.4375
08:00:31,91282CLD1,TSRYS5850288,D,S,T,2024-08-27,1000000.00,3.721999,102.4375
08:00:31,91282CLD1,TSRYS5850288,D,S,T,2024-08-27,1000000.00,3.721999,102.4375
08:00:31,91282CLD1,TSRYS5850288,D,S,T,2024-08-27,1000000.00,3.721999,102.4375
08:00:31,91282CLD1,TSRYS5850288,D,S,T,2024-08-27,1000000.00,3.721999,102.4375
08:00:31,91282CLD1,TSRYS5850288,D,S,T,2024-08-27,1000000.00,3.723271,102.4296875
08:00:31,91282CLD1,TSRYS5850288,D,S,T,2024-08-27,1000000.00,3.723271,102.4296875
08:00:31,91282CLD1,TSRYS5850288,D,S,T,2024-08-27,1000000.00,3.723271,102.4296875
08:00:31,91282CLD1,TSRYS5850288,D,S,T,2024-08-27,1000000.00,3.726135,102.412109375
08:00:31,91282CLD1,TSRYS5850288,D,S,T,2024-08-27,1000000.00,3.727089,102.40625
08:00:31,91282CLD1,TSRYS5850288,D,S,T,2024-08-27,1000000.00,3.727089,102.40625
08:00:31,91282CLD1,TSRYS5850288,D,S,T,2024-08-27,1000000.00,3.728998,102.39453125
08:00:31,91282CLD1,TSRYS5850288,D,S,T,2024-08-27,1000000.00,3.72868,102.396484375
08:00:31,91282CLD1,TSRYS5850288,D,S,T,2024-08-27,1000000.00,3.728362,102.3984375
08:00:31,91282CLD1,TSRYS5850288,D,S,T,2024-08-27,1000000.00,3.729635,102.390625
08:00:31,91282CLD1,TSRYS5850288,D,S,T,2024-08-27,1000000.00,3.729635,102.390625
08:00:31,91282CLD1,TSRYS5850288,D,S,T,2024-08-27,1000000.00,3.729635,102.390625
08:00:31,91282CLD1,TSRYS5850288,D,S,T,2024-08-27,1000000.00,3.729635,102.390625
08:00:31,91282CLD1,TSRYS5850288,D,S,T,2024-08-27,1000000.00,3.732181,102.375
08:00:31,91282CLD1,TSRYS5850288,D,S,T,2024-08-27,1000000.00,3.732181,102.375
08:00:31,91282CLD1,TSRYS5850288,D,S,T,2024-08-27,1000000.00,3.732181,102.375
08:00:31,91282CLD1,TSRYS5850288,D,S,T,2024-08-27,1000000.00,3.731544,102.37890625
08:00:31,91282CLD1,TSRYS5850288,D,S,T,2024-08-27,1000000.00,3.729635,102.390625
08:00:31,91282CLD1,TSRYS5850288,D,S,T,2024-08-27,1000000.00,3.728362,102.3984375
08:00:31,91282CLD1,TSRYS5850288,D,S,T,2024-08-27,1000000.00,3.727089,102.40625
08:00:31,91282CLD1,TSRYS5850288,D,S,T,2024-08-27,1000000.00,3.727089,102.40625
08:00:31,91282CLD1,TSRYS5850288,D,S,T,2024-08-27,1000000.00,3.725816,102.4140625
08:00:31,91282CLD1,TSRYS5850288,D,S,T,2024-08-27,1000000.00,3.728998,102.39453125
08:00:31,91282CLD1,TSRYS5850288,D,S,T,2024-08-27,1000000.00,3.729635,102.390625
08:00:31,91282CLD1,TSRYS5850288,D,S,T,2024-08-27,1000000.00,3.729635,102.390625
08:00:31,91282CLD1,TSRYS5850288,D,S,T,2024-08-27,1000000.00,3.729635,102.390625
08:00:31,91282CLD1,TSRYS5850288,D,S,D,2024-08-27,1000000.00,3.730271,102.38671875
08:00:31,91282CLD1,TSRYS5850288,D,S,T,2024-08-27,1000000.00,3.730908,102.3828125
08:00:31,91282CLD1,TSRYS5850288,D,S,T,2024-08-27,1000000.00,3.730908,102.3828125
08:00:31,91282CLD1,TSRYS5850288,D,S,T,2024-08-27,1000000.00,3.730908,102.3828125
08:00:31,91282CLD1,TSRYS5850288,D,S,T,2024-08-27,1000000.00,3.730908,102.3828125
08:00:31,91282CLD1,TSRYS5850288,D,S,T,2024-08-27,1000000.00,3.735046,102.357421875
08:00:31,91282CLD1,TSRYS5850288,D,S,T,2024-08-27,1000000.00,3.734728,102.359375
08:00:31,91282CLD1,TSRYS5850288,D,S,T,2024-08-27,1000000.00,3.733454,102.3671875
08:00:31,91282CLD1,TSRYS5850288,D,S,T,2024-08-27,1000000.00,3.731226,102.380859375
08:00:31,91282CLD1,TSRYS5850288,D,S,T,2024-08-27,1000000.00,3.733454,102.3671875
08:00:31,91282CLD1,TSRYS5850288,D,S,T,2024-08-27,1000000.00,3.733454,102.3671875
08:00:31,91282CLD1,TSRYS5850288,D,S,T,2024-08-27,1000000.00,3.733454,102.3671875
08:00:31,91282CLD1,TSRYS5850288,D,S,T,2024-08-27,1000000.00,3.733454,102.3671875
08:00:31,91282CLD1,TSRYS5850288,D,S,T,2024-08-27,1000000.00,3.733454,102.3671875
08:00:31,91282CLD1,TSRYS5850288,D,S,T,2024-08-27,1000000.00,3.734728,102.359375
08:00:31,91282CLD1,TSRYS5850288,D,S,T,2024-08-27,1000000.00,3.735364,102.35546875
08:00:31,91282CLD1,TSRYS5850288,D,S,T,2024-08-27,1000000.00,3.735364,102.35546875
08:00:31,91282CLD1,TSRYS5850288,D,S,T,2024-08-27,1000000.00,3.733454,102.3671875
08:00:31,91282CLD1,TSRYS5850288,D,S,T,2024-08-27,1000000.00,3.732181,102.375
08:00:31,91282CLD1,TSRYS5850288,D,S,T,2024-08-27,1000000.00,3.733454,102.3671875
08:00:31,91282CLD1,TSRYS5850288,D,S,T,2024-08-27,1000000.00,3.733454,102.3671875
08:00:31,91282CLD1,TSRYS5850288,D,S,D,2024-08-27,1000000.00,3.733454,102.3671875
08:00:31,91282CLD1,TSRYS5850288,D,S,T,2024-08-27,1000000.00,3.733454,102.3671875
08:00:31,91282CLD1,TSRYS5850288,D,S,T,2024-08-27,1000000.00,3.734728,102.359375
08:00:31,91282CLD1,TSRYS5850288,D,S,T,2024-08-27,1000000.00,3.733454,102.3671875
08:00:31,91282CLD1,TSRYS5850288,D,S,D,2024-08-27,1000000.00,3.731226,102.380859375
08:00:31,91282CLD1,TSRYS5850288,D,S,T,2024-08-27,1000000.00,3.732181,102.375
08:00:31,91282CLD1,TSRYS5850288,D,S,T,2024-08-27,1000000.00,3.731863,102.376953125
08:00:31,91282CLD1,TSRYS5850288,D,S,T,2024-08-27,1000000.00,3.730908,102.3828125
08:00:31,91282CLD1,TSRYS5850288,D,S,D,2024-08-27,1000000.00,3.731226,102.380859375
08:00:31,91282CLD1,TSRYS5850288,D,S,T,2024-08-27,1000000.00,3.733454,102.3671875
08:00:31,91282CLD1,TSRYS5850288,D,S,T,2024-08-27,1000000.00,3.733454,102.3671875
08:00:31,91282CLD1,TSRYS5850288,D,S,T,2024-08-27,1000000.00,3.732181,102.375
08:00:31,91282CLD1,TSRYS5850288,D,S,T,2024-08-27,1000000.00,3.726771,102.408203125
08:00:31,91282CLD1,TSRYS5850288,D,S,D,2024-08-27,1000000.00,3.726453,102.41015625
08:00:31,91282CLD1,TSRYS5850288,D,S,T,2024-08-27,1000000.00,3.725816,102.4140625
08:00:31,91282CLD1,TSRYS5850288,D,S,T,2024-08-27,1000000.00,3.725816,102.4140625
08:00:31,91282CLD1,TSRYS5850288,D,S,D,2024-08-27,1000000.00,3.726453,102.41015625
08:00:31,91282CLD1,TSRYS5850288,D,S,T,2024-08-27,1000000.00,3.725816,102.4140625
08:00:31,91282CLD1,TSRYS5850288,D,S,T,2024-08-27,1000000.00,3.728362,102.3984375
08:00:31,91282CLD1,TSRYS5850288,D,S,T,2024-08-27,1000000.00,3.728362,102.3984375
08:00:31,91282CLD1,TSRYS5850288,D,S,T,2024-08-27,1000000.00,3.728362,102.3984375
08:00:31,91282CLD1,TSRYS5850288,D,S,T,2024-08-27,1000000.00,3.728362,102.3984375
08:00:31,91282CLD1,TSRYS5850288,D,S,T,2024-08-27,1000000.00,3.727089,102.40625
08:00:31,91282CLD1,TSRYS5850288,D,S,T,2024-08-27,1000000.00,3.725816,102.4140625
08:00:31,91282CLD1,TSRYS5850288,D,S,T,2024-08-27,1000000.00,3.727089,102.40625
08:00:31,91282CLD1,TSRYS5850288,D,S,T,2024-08-27,1000000.00,3.727089,102.40625
08:00:31,91282CLD1,TSRYS5850288,D,S,T,2024-08-27,1000000.00,3.727089,102.40625
08:00:31,91282CLD1,TSRYS5850288,D,S,T,2024-08-27,1000000.00,3.727089,102.40625
08:00:31,91282CLD1,TSRYS5850288,D,S,T,2024-08-27,1000000.00,3.727089,102.40625
08:00:31,91282CLD1,TSRYS5850288,D,S,T,2024-08-27,1000000.00,3.727089,102.40625
08:00:31,91282CLD1,TSRYS5850288,D,S,T,2024-08-27,1000000.00,3.727089,102.40625
08:00:31,91282CLD1,TSRYS5850288,D,S,T,2024-08-27,1000000.00,3.727089,102.40625
08:00:31,91282CLD1,TSRYS5850288,D,S,T,2024-08-27,1000000.00,3.727089,102.40625
08:00:31,91282CLD1,TSRYS5850288,D,S,T,2024-08-27,1000000.00,3.727089,102.40625
08:00:31,91282CLD1,TSRYS5850288,D,S,T,2024-08-27,1000000.00,3.727089,102.40625
08:00:31,91282CLD1,TSRYS5850288,D,S,T,2024-08-27,1000000.00,3.727089,102.40625
08:00:31,91282CLD1,TSRYS5850288,D,S,T,2024-08-27,1000000.00,3.728044,102.400390625
08:00:31,91282CLD1,TSRYS5850288,D,S,T,2024-08-27,1000000.00,3.728362,102.3984375
08:00:31,91282CLD1,TSRYS5850288,D,S,T,2024-08-27,1000000.00,3.728362,102.3984375
08:00:31,91282CLD1,TSRYS5850288,D,S,T,2024-08-27,1000000.00,3.728362,102.3984375
08:00:31,91282CLD1,TSRYS5850288,D,S,T,2024-08-27,1000000.00,3.728362,102.3984375
08:00:31,91282CLD1,TSRYS5850288,D,S,T,2024-08-27,1000000.00,3.727089,102.40625
08:00:31,91282CLD1,TSRYS5850288,D,S,T,2024-08-27,1000000.00,3.727089,102.40625
08:00:31,91282CLD1,TSRYS5850288,D,S,T,2024-08-27,2000000.00,3.727089,102.40625
08:00:31,91282CLD1,TSRYS5850288,D,S,T,2024-08-27,1000000.00,3.727407,102.404296875
08:00:31,91282CLD1,TSRYS5850288,D,S,T,2024-08-27,1000000.00,3.727725,102.40234375
08:00:31,91282CLD1,TSRYS5850288,D,S,D,2024-08-27,1000000.00,3.731226,102.380859375
08:00:31,91282CLD1,TSRYS5850288,D,S,T,2024-08-27,1000000.00,3.732181,102.375
08:00:31,91282CLD1,TSRYS5850288,D,S,T,2024-08-27,1000000.00,3.732818,102.37109375
08:00:31,91282CLD1,TSRYS5850288,D,S,D,2024-08-27,1000000.00,3.728998,102.39453125
08:00:31,91282CLD1,TSRYS5850288,D,S,T,2024-08-27,1000000.00,3.725816,102.4140625
08:00:31,91282CLD1,TSRYS5850288,D,S,T,2024-08-27,1000000.00,3.721999,102.4375
08:00:31,91282CLD1,TSRYS5850288,D,S,T,2024-08-27,1000000.00,3.722635,102.43359375
08:00:31,91282CLD1,TSRYS5850288,D,S,T,2024-08-27,1000000.00,3.722635,102.43359375
08:00:31,91282CLD1,TSRYS5850288,D,S,T,2024-08-27,1000000.00,3.723271,102.4296875
08:00:31,91282CLD1,TSRYS5850288,D,S,T,2024-08-27,1000000.00,3.723271,102.4296875
08:00:31,91282CLD1,TSRYS5850288,D,S,T,2024-08-27,1000000.00,3.723271,102.4296875
08:00:31,91282CLD1,TSRYS5850288,D,S,T,2024-08-27,1000000.00,3.723271,102.4296875
08:00:31,91282CLD1,TSRYS5850288,D,S,T,2024-08-27,1000000.00,3.723271,102.4296875
08:00:31,91282CLD1,TSRYS5850288,D,S,T,2024-08-27,1000000.00,3.723271,102.4296875
08:00:31,91282CLD1,TSRYS5850288,D,S,T,2024-08-27,1000000.00,3.723271,102.4296875
08:00:31,91282CLD1,TSRYS5850288,D,S,T,2024-08-27,2000000.00,3.731226,102.380859375
08:00:31,91282CLD1,TSRYS5850288,D,S,T,2024-08-27,1000000.00,3.733454,102.3671875
08:00:31,91282CLD1,TSRYS5850288,D,S,T,2024-08-27,1000000.00,3.734728,102.359375
08:00:31,91282CLD1,TSRYS5850288,D,S,T,2024-08-27,2000000.00,3.737275,102.34375
08:00:31,91282CLD1,TSRYS5850288,D,S,T,2024-08-27,1000000.00,3.73823,102.337890625
08:00:31,91282CLD1,TSRYS5850288,D,S,D,2024-08-27,1000000.00,3.73823,102.337890625
08:00:31,91282CLD1,TSRYS5850288,D,S,T,2024-08-27,1000000.00,3.736001,102.3515625
08:00:31,91282CLD1,TSRYS5850288,D,S,T,2024-08-27,1000000.00,3.73823,102.337890625
08:00:31,91282CLD1,TSRYS5850288,D,S,T,2024-08-27,1000000.00,3.738548,102.3359375
08:00:31,91282CLD1,TSRYS5850288,D,S,T,2024-08-27,1000000.00,3.742052,102.314453125
08:00:31,91282CLD1,TSRYS5850288,D,S,D,2024-08-27,1000000.00,3.742689,102.310546875
08:00:31,91282CLD1,TSRYS5850288,D,S,D,2024-08-27,1000000.00,3.742689,102.310546875
08:00:31,91282CLD1,TSRYS5850288,D,S,T,2024-08-27,1000000.00,3.739822,102.328125
08:00:31,91282CLD1,TSRYS5850288,D,S,T,2024-08-27,1000000.00,3.738548,102.3359375
08:00:31,91282CLD1,TSRYS5850288,D,S,T,2024-08-27,1000000.00,3.737275,102.34375
08:00:31,91282CLD1,TSRYS5850288,D,S,T,2024-08-27,1000000.00,3.737275,102.34375
08:00:31,91282CLD1,TSRYS5850288,D,S,T,2024-08-27,1000000.00,3.741415,102.318359375
08:00:31,91282CLD1,TSRYS5850288,D,S,T,2024-08-27,1000000.00,3.741096,102.3203125
08:00:31,91282CLD1,TSRYS5850288,D,S,T,2024-08-27,1000000.00,3.740141,102.326171875
08:00:31,91282CLD1,TSRYS5850288,D,S,T,2024-08-27,1000000.00,3.739822,102.328125
08:00:31,91282CLD1,TSRYS5850288,D,S,T,2024-08-27,1000000.00,3.74237,102.3125
08:00:31,91282CLD1,TSRYS5850288,D,S,T,2024-08-27,1000000.00,3.743963,102.302734375
08:00:31,91282CLD1,TSRYS5850288,D,S,T,2024-08-27,1000000.00,3.743644,102.3046875
08:00:31,91282CLD1,TSRYS5850288,D,S,T,2024-08-27,1000000.00,3.745874,102.291015625
08:00:31,91282CLD1,TSRYS5850288,D,S,T,2024-08-27,1000000.00,3.745556,102.29296875
08:00:31,91282CLD1,TSRYS5850288,D,S,T,2024-08-27,1000000.00,3.744918,102.296875
08:00:31,91282CLD1,TSRYS5850288,D,S,T,2024-08-27,1000000.00,3.743644,102.3046875
08:00:31,91282CLD1,TSRYS5850288,D,S,T,2024-08-27,1000000.00,3.743007,102.30859375
08:00:31,91282CLD1,TSRYS5850288,D,S,T,2024-08-27,1000000.00,3.74237,102.3125
08:00:31,91282CLD1,TSRYS5850288,D,S,T,2024-08-27,1000000.00,3.741096,102.3203125
08:00:31,91282CLD1,TSRYS5850288,D,S,T,2024-08-27,1000000.00,3.741096,102.3203125
08:00:31,91282CLD1,TSRYS5850288,D,S,T,2024-08-27,1000000.00,3.741733,102.31640625
08:00:31,91282CLD1,TSRYS5850288,D,S,T,2024-08-27,1000000.00,3.741733,102.31640625
08:00:31,91282CLD1,TSRYS5850288,D,S,T,2024-08-27,1000000.00,3.74237,102.3125
08:00:31,91282CLD1,TSRYS5850288,D,S,T,2024-08-27,1000000.00,3.742689,102.310546875
08:00:31,91282CLD1,TSRYS5850288,D,S,T,2024-08-27,1000000.00,3.74237,102.3125
08:00:31,91282CLD1,TSRYS5850288,D,S,T,2024-08-27,1000000.00,3.74237,102.3125
08:00:31,91282CLD1,TSRYS5850288,D,S,T,2024-08-27,1000000.00,3.74237,102.3125
08:00:32,91282CLD1,TSRYS5850288,D,S,T,2024-08-27,1000000.00,3.739822,102.328125
08:00:32,91282CLD1,TSRYS5850288,D,S,T,2024-08-27,1000000.00,3.745874,102.291015625
08:00:32,91282CLD1,TSRYS5850288,D,S,T,2024-08-27,1000000.00,3.750017,102.265625
08:00:32,91282CLD1,TSRYS5850288,D,S,T,2024-08-27,1000000.00,3.750017,102.265625
08:00:32,91282CLD1,TSRYS5850288,D,S,T,2024-08-27,1000000.00,3.748742,102.2734375
08:00:32,91282CLD1,TSRYS5850288,D,S,T,2024-08-27,1000000.00,3.748742,102.2734375
08:00:32,91282CLD1,TSRYS5850288,D,S,T,2024-08-27,1000000.00,3.751292,102.2578125
08:00:32,91282CLD1,TSRYS5850288,D,S,T,2024-08-27,1000000.00,3.752566,102.25
08:00:32,91282CLD1,TSRYS5850288,D,S,T,2024-08-27,1000000.00,3.752566,102.25
08:00:32,91282CLD1,TSRYS5850288,D,S,T,2024-08-27,1000000.00,3.752566,102.25
08:00:32,91282CLD1,TSRYS5850288,D,S,T,2024-08-27,1000000.00,3.752566,102.25
08:00:32,91282CLD1,TSRYS5850288,D,S,T,2024-08-27,1000000.00,3.752566,102.25
08:00:32,91282CLD1,TSRYS5850288,D,S,T,2024-08-27,1000000.00,3.752566,102.25
08:00:32,91282CLD1,TSRYS5850288,D,S,T,2024-08-27,1000000.00,3.752566,102.25
08:00:32,91282CLD1,TSRYS5850288,D,S,T,2024-08-27,1000000.00,3.752566,102.25
08:00:32,91282CLD1,TSRYS5850288,D,S,T,2024-08-27,1000000.00,3.752566,102.25
08:00:32,91282CLD1,TSRYS5850288,D,S,T,2024-08-27,1000000.00,3.752566,102.25
08:00:32,91282CLD1,TSRYS5850288,D,S,T,2024-08-27,1000000.00,3.750973,102.259765625
08:00:32,91282CLD1,TSRYS5850288,D,S,T,2024-08-27,1000000.00,3.750654,102.26171875
08:00:32,91282CLD1,TSRYS5850288,D,S,T,2024-08-27,1000000.00,3.751292,102.2578125
08:00:32,91282CLD1,TSRYS5850288,D,S,T,2024-08-27,1000000.00,3.751929,102.25390625
08:00:32,91282CLD1,TSRYS5850288,D,S,T,2024-08-27,1000000.00,3.751929,102.25390625
08:00:32,91282CLD1,TSRYS5850288,D,S,T,2024-08-27,1000000.00,3.751929,102.25390625
08:00:32,91282CLD1,TSRYS5850288,D,S,T,2024-08-27,1000000.00,3.751929,102.25390625
08:00:32,91282CLD1,TSRYS5850288,D,S,T,2024-08-27,1000000.00,3.751929,102.25390625
08:00:32,91282CLD1,TSRYS5850288,D,S,T,2024-08-27,1000000.00,3.751929,102.25390625
08:00:32,91282CLD1,TSRYS5850288,D,S,T,2024-08-27,1000000.00,3.751929,102.25390625
08:00:32,91282CLD1,TSRYS5850288,D,S,T,2024-08-27,1000000.00,3.753523,102.244140625
08:00:32,91282CLD1,TSRYS5850288,D,S,T,2024-08-27,1000000.00,3.751292,102.2578125
08:00:32,91282CLD1,TSRYS5850288,D,S,T,2024-08-27,1000000.00,3.75161,102.255859375
08:00:32,91282CLD1,TSRYS5850288,D,S,T,2024-08-27,1000000.00,3.751292,102.2578125
08:00:32,91282CLD1,TSRYS5850288,D,S,T,2024-08-27,1000000.00,3.751292,102.2578125
08:00:32,91282CLD1,TSRYS5850288,D,S,T,2024-08-27,1000000.00,3.750973,102.259765625
08:00:32,91282CLD1,TSRYS5850288,D,S,T,2024-08-27,1000000.00,3.753523,102.244140625
08:00:32,91282CLD1,TSRYS5850288,D,S,T,2024-08-27,1000000.00,3.755117,102.234375
08:00:32,91282CLD1,TSRYS5850288,D,S,T,2024-08-27,1000000.00,3.755117,102.234375
08:00:32,91282CLD1,TSRYS5850288,D,S,T,2024-08-27,1000000.00,3.755117,102.234375
08:00:32,91282CLD1,TSRYS5850288,D,S,T,2024-08-27,1000000.00,3.753842,102.2421875
08:00:32,91282CLD1,TSRYS5850288,D,S,T,2024-08-27,1000000.00,3.752566,102.25
08:00:32,91282CLD1,TSRYS5850288,D,S,T,2024-08-27,1000000.00,3.752248,102.251953125
08:00:32,91282CLD1,TSRYS5850288,D,S,T,2024-08-27,1000000.00,3.751929,102.25390625
08:00:32,91282CLD1,TSRYS5850288,D,S,T,2024-08-27,1000000.00,3.751929,102.25390625
08:00:32,91282CLD1,TSRYS5850288,D,S,T,2024-08-27,1000000.00,3.751929,102.25390625
08:00:32,91282CLD1,TSRYS5850288,D,S,T,2024-08-27,1000000.00,3.751292,102.2578125
08:00:32,91282CLD1,TSRYS5850288,D,S,T,2024-08-27,1000000.00,3.751292,102.2578125
08:00:32,91282CLD1,TSRYS5850288,D,S,T,2024-08-27,1000000.00,3.750654,102.26171875
08:00:32,91282CLD1,TSRYS5850288,D,S,T,2024-08-27,1000000.00,3.748742,102.2734375
08:00:32,91282CLD1,TSRYS5850288,D,S,T,2024-08-27,1000000.00,3.748742,102.2734375
08:00:32,91282CLD1,TSRYS5850288,D,S,T,2024-08-27,1000000.00,3.750017,102.265625
08:00:32,91282CLD1,TSRYS5850288,D,S,T,2024-08-27,1000000.00,3.750017,102.265625
08:00:32,91282CLD1,TSRYS5850288,D,S,T,2024-08-27,1000000.00,3.750017,102.265625
08:00:32,91282CLD1,TSRYS5850288,D,S,T,2024-08-27,1000000.00,3.750017,102.265625
08:00:32,91282CLD1,TSRYS5850288,D,S,T,2024-08-27,2000000.00,3.750017,102.265625
08:00:32,91282CLD1,TSRYS5850288,D,S,T,2024-08-27,1000000.00,3.749698,102.267578125
08:00:32,91282CLD1,TSRYS5850288,D,S,T,2024-08-27,1000000.00,3.750017,102.265625
08:00:32,91282CLD1,TSRYS5850288,D,S,T,2024-08-27,1000000.00,3.749698,102.267578125
08:00:32,91282CLD1,TSRYS5850288,D,S,T,2024-08-27,1000000.00,3.751292,102.2578125
08:00:32,91282CLD1,TSRYS5850288,D,S,T,2024-08-27,1000000.00,3.751292,102.2578125
08:00:32,91282CLD1,TSRYS5850288,D,S,T,2024-08-27,1000000.00,3.751292,102.2578125
08:00:32,91282CLD1,TSRYS5850288,D,S,T,2024-08-27,1000000.00,3.750017,102.265625
08:00:32,91282CLD1,TSRYS5850288,D,S,T,2024-08-27,1000000.00,3.750335,102.263671875
08:00:32,91282CLD1,TSRYS5850288,D,S,T,2024-08-27,1000000.00,3.750017,102.265625
08:00:32,91282CLD1,TSRYS5850288,D,S,T,2024-08-27,1000000.00,3.751292,102.2578125
08:00:32,91282CLD1,TSRYS5850288,D,S,T,2024-08-27,1000000.00,3.750973,102.259765625
08:00:32,91282CLD1,TSRYS5850288,D,S,T,2024-08-27,1000000.00,3.750017,102.265625
08:00:32,91282CLD1,TSRYS5850288,D,S,T,2024-08-27,1000000.00,3.750017,102.265625
08:00:32,91282CLD1,TSRYS5850288,D,S,T,2024-08-27,1000000.00,3.750017,102.265625
08:00:32,91282CLD1,TSRYS5850288,D,S,T,2024-08-27,1000000.00,3.751292,102.2578125
08:00:32,91282CLD1,TSRYS5850288,D,S,T,2024-08-27,1000000.00,3.751292,102.2578125
08:00:32,91282CLD1,TSRYS5850288,D,S,T,2024-08-27,1000000.00,3.751292,102.2578125
08:00:32,91282CLD1,TSRYS5850288,D,S,T,2024-08-27,1000000.00,3.751292,102.2578125
08:00:32,91282CLD1,TSRYS5850288,D,S,T,2024-08-27,1000000.00,3.751292,102.2578125
08:00:32,91282CLD1,TSRYS5850288,D,S,T,2024-08-27,1000000.00,3.751292,102.2578125
08:00:32,91282CLD1,TSRYS5850288,D,S,T,2024-08-27,1000000.00,3.751292,102.2578125
08:00:32,91282CLD1,TSRYS5850288,D,S,T,2024-08-27,1000000.00,3.751292,102.2578125
08:00:32,91282CLD1,TSRYS5850288,D,S,T,2024-08-27,1000000.00,3.750017,102.265625
08:00:32,91282CLD1,TSRYS5850288,D,S,T,2024-08-27,1000000.00,3.750017,102.265625
08:00:32,91282CLD1,TSRYS5850288,D,S,T,2024-08-27,1000000.00,3.750017,102.265625
08:00:32,91282CLD1,TSRYS5850288,D,S,T,2024-08-27,1000000.00,3.750017,102.265625
08:00:32,91282CLD1,TSRYS5850288,D,S,T,2024-08-27,1000000.00,3.750017,102.265625
08:00:32,91282CLD1,TSRYS5850288,D,S,T,2024-08-27,2000000.00,3.750017,102.265625
08:00:32,91282CLD1,TSRYS5850288,D,S,T,2024-08-27,1000000.00,3.750017,102.265625
08:00:32,91282CLD1,TSRYS5850288,D,S,T,2024-08-27,1000000.00,3.751292,102.2578125
08:00:32,91282CLD1,TSRYS5850288,D,S,T,2024-08-27,1000000.00,3.751292,102.2578125
08:00:32,91282CLD1,TSRYS5850288,D,S,T,2024-08-27,1000000.00,3.750017,102.265625
08:00:32,91282CLD1,TSRYS5850288,D,S,T,2024-08-27,3000000.00,3.750017,102.265625
08:00:32,91282CLD1,TSRYS5850288,D,S,T,2024-08-27,1000000.00,3.750017,102.265625
08:00:32,91282CLD1,TSRYS5850288,D,S,T,2024-08-27,1000000.00,3.751292,102.2578125
08:00:32,91282CLD1,TSRYS5850288,D,S,T,2024-08-27,1000000.00,3.751292,102.2578125
08:00:32,91282CLD1,TSRYS5850288,D,S,T,2024-08-27,1000000.00,3.750973,102.259765625
08:00:32,91282CLD1,TSRYS5850288,D,S,T,2024-08-27,1000000.00,3.750654,102.26171875
08:00:32,91282CLD1,TSRYS5850288,D,S,T,2024-08-27,1000000.00,3.752566,102.25
08:00:32,91282CLD1,TSRYS5850288,D,S,T,2024-08-27,1000000.00,3.752566,102.25
08:00:32,91282CLD1,TSRYS5850288,D,S,T,2024-08-27,1000000.00,3.752566,102.25
08:00:32,91282CLD1,TSRYS5850288,D,S,T,2024-08-27,1000000.00,3.752566,102.25
08:00:32,91282CLD1,TSRYS5850288,D,S,T,2024-08-27,1000000.00,3.752566,102.25
08:00:32,91282CLD1,TSRYS5850288,D,S,T,2024-08-27,1000000.00,3.752566,102.25
08:00:32,91282CLD1,TSRYS5850288,D,S,T,2024-08-27,1000000.00,3.752566,102.25
08:00:32,91282CLD1,TSRYS5850288,D,S,T,2024-08-27,2000000.00,3.752566,102.25
08:00:32,91282CLD1,TSRYS5850288,D,S,T,2024-08-27,1000000.00,3.752566,102.25
08:00:32,91282CLD1,TSRYS5850288,D,S,T,2024-08-27,1000000.00,3.752566,102.25
08:00:32,91282CLD1,TSRYS5850288,D,S,T,2024-08-27,1000000.00,3.752566,102.25
08:00:32,91282CLD1,TSRYS5850288,D,S,D,2024-08-27,1000000.00,3.752566,102.25
08:00:32,91282CLD1,TSRYS5850288,D,S,T,2024-08-27,1000000.00,3.752566,102.25
08:00:32,91282CLD1,TSRYS5850288,D,S,T,2024-08-27,1000000.00,3.753842,102.2421875
08:00:32,91282CLD1,TSRYS5850288,D,S,T,2024-08-27,1000000.00,3.753842,102.2421875
08:00:32,91282CLD1,TSRYS5850288,D,S,T,2024-08-27,1000000.00,3.755117,102.234375
08:00:32,91282CLD1,TSRYS5850288,D,S,T,2024-08-27,1000000.00,3.755117,102.234375
08:00:32,91282CLD1,TSRYS5850288,D,S,T,2024-08-27,1000000.00,3.755117,102.234375
08:00:32,91282CLD1,TSRYS5850288,D,S,T,2024-08-27,1000000.00,3.755117,102.234375
08:00:32,91282CLD1,TSRYS5850288,D,S,T,2024-08-27,1000000.00,3.755117,102.234375
08:00:32,91282CLD1,TSRYS5850288,D,S,T,2024-08-27,1000000.00,3.755117,102.234375
08:00:32,91282CLD1,TSRYS5850288,D,S,T,2024-08-27,1000000.00,3.755117,102.234375
08:00:32,91282CLD1,TSRYS5850288,D,S,T,2024-08-27,1000000.00,3.757667,102.21875
08:00:32,91282CLD1,TSRYS5850288,D,S,T,2024-08-27,1000000.00,3.757667,102.21875
08:00:32,91282CLD1,TSRYS5850288,D,S,T,2024-08-27,1000000.00,3.755117,102.234375
08:00:32,91282CLD1,TSRYS5850288,D,S,T,2024-08-27,1000000.00,3.755436,102.232421875
08:00:32,91282CLD1,TSRYS5850288,D,S,T,2024-08-27,1000000.00,3.755754,102.23046875
08:00:32,91282CLD1,TSRYS5850288,D,S,T,2024-08-27,1000000.00,3.755754,102.23046875
08:00:32,91282CLD1,TSRYS5850288,D,S,T,2024-08-27,1000000.00,3.755754,102.23046875
08:00:32,91282CLD1,TSRYS5850288,D,S,T,2024-08-27,1000000.00,3.755754,102.23046875
08:00:32,91282CLD1,TSRYS5850288,D,S,T,2024-08-27,1000000.00,3.755754,102.23046875
08:00:32,91282CLD1,TSRYS5850288,D,S,T,2024-08-27,1000000.00,3.756392,102.2265625
08:00:32,91282CLD1,TSRYS5850288,D,S,T,2024-08-27,5000000.00,3.756392,102.2265625
08:00:32,91282CLD1,TSRYS5850288,D,S,T,2024-08-27,1000000.00,3.756392,102.2265625
08:00:32,91282CLD1,TSRYS5850288,D,S,T,2024-08-27,1000000.00,3.756392,102.2265625
08:00:32,91282CLD1,TSRYS5850288,D,S,T,2024-08-27,1000000.00,3.755436,102.232421875
08:00:32,91282CLD1,TSRYS5850288,D,S,T,2024-08-27,1000000.00,3.755754,102.23046875
08:00:32,91282CLD1,TSRYS5850288,D,S,T,2024-08-27,1000000.00,3.755436,102.232421875
08:00:32,91282CLD1,TSRYS5850288,D,S,T,2024-08-27,1000000.00,3.755436,102.232421875
08:00:32,91282CLD1,TSRYS5850288,D,S,T,2024-08-27,1000000.00,3.755754,102.23046875
08:00:32,91282CLD1,TSRYS5850288,D,S,T,2024-08-27,1000000.00,3.755754,102.23046875
08:00:32,91282CLD1,TSRYS5850288,D,S,T,2024-08-27,1000000.00,3.755436,102.232421875
08:00:32,91282CLD1,TSRYS5850288,D,S,T,2024-08-27,1000000.00,3.755754,102.23046875
08:00:32,91282CLD1,TSRYS5850288,D,S,T,2024-08-27,1000000.00,3.755436,102.232421875
08:00:32,91282CLD1,TSRYS5850288,D,S,T,2024-08-27,1000000.00,3.755117,102.234375
08:00:32,91282CLD1,TSRYS5850288,D,S,T,2024-08-27,1000000.00,3.754798,102.236328125
08:00:32,91282CLD1,TSRYS5850288,D,S,T,2024-08-27,1000000.00,3.754479,102.23828125
08:00:32,91282CLD1,TSRYS5850288,D,S,T,2024-08-27,1000000.00,3.75416,102.240234375
08:00:32,91282CLD1,TSRYS5850288,D,S,T,2024-08-27,1000000.00,3.753842,102.2421875
08:00:32,91282CLD1,TSRYS5850288,D,S,T,2024-08-27,1000000.00,3.753523,102.244140625
08:00:32,91282CLD1,TSRYS5850288,D,S,T,2024-08-27,1000000.00,3.755117,102.234375
08:00:32,91282CLD1,TSRYS5850288,D,S,T,2024-08-27,1000000.00,3.753842,102.2421875
08:00:32,91282CLD1,TSRYS5850288,D,S,T,2024-08-27,1000000.00,3.752566,102.25
08:00:32,91282CLD1,TSRYS5850288,D,S,T,2024-08-27,1000000.00,3.753842,102.2421875
08:00:32,91282CLD1,TSRYS5850288,D,S,T,2024-08-27,1000000.00,3.752566,102.25
08:00:32,91282CLD1,TSRYS5850288,D,S,T,2024-08-27,1000000.00,3.752566,102.25
08:00:32,91282CLD1,TSRYS5850288,D,S,T,2024-08-27,1000000.00,3.748742,102.2734375
08:00:32,91282CLD1,TSRYS5850288,D,S,T,2024-08-27,1000000.00,3.749379,102.26953125
08:00:32,91282CLD1,TSRYS5850288,D,S,T,2024-08-27,1000000.00,3.750017,102.265625
08:00:32,91282CLD1,TSRYS5850288,D,S,T,2024-08-27,1000000.00,3.751292,102.2578125
08:00:32,91282CLD1,TSRYS5850288,D,S,D,2024-08-27,1000000.00,3.727725,102.40234375
08:00:32,91282CLD1,TSRYS5850288,D,S,D,2024-08-27,1000000.00,3.729953,102.388671875
08:00:32,91282CLD1,TSRYS5850288,D,S,D,2024-08-27,1000000.00,3.734091,102.36328125
08:00:32,91282CLD1,TSRYS5850288,D,S,D,2024-08-27,1000000.00,3.733454,102.3671875
08:00:32,91282CLD1,TSRYS5850288,D,S,D,2024-08-27,1000000.00,3.732181,102.375
08:00:32,91282CLD1,TSRYS5850288,D,S,D,2024-08-27,1000000.00,3.728362,102.3984375
08:00:32,91282CLD1,TSRYS5850288,D,S,D,2024-08-27,1000000.00,3.72868,102.396484375
08:00:32,91282CLD1,TSRYS5850288,D,S,D,2024-08-27,1000000.00,3.730271,102.38671875
08:00:32,91282CLD1,TSRYS5850288,D,S,D,2024-08-27,1000000.00,3.731863,102.376953125
08:00:32,91282CLD1,TSRYS5850288,D,S,D,2024-08-27,1000000.00,3.736956,102.345703125
08:00:32,91282CLD1,TSRYS5850288,D,S,D,2024-08-27,1000000.00,3.736956,102.345703125
08:00:32,91282CLD1,TSRYS5850288,D,S,D,2024-08-27,1000000.00,3.736956,102.345703125
08:00:32,91282CLD1,TSRYS5850288,D,S,D,2024-08-27,1000000.00,3.736956,102.345703125
08:00:32,91282CLD1,TSRYS5850288,D,S,D,2024-08-27,1000000.00,3.736638,102.34765625
08:00:32,91282CLD1,TSRYS5850288,D,S,D,2024-08-27,1000000.00,3.736638,102.34765625
08:00:32,91282CLD1,TSRYS5850288,D,S,D,2024-08-27,1000000.00,3.738548,102.3359375
08:00:32,91282CLD1,TSRYS5850288,D,S,D,2024-08-27,1000000.00,3.743326,102.306640625
08:00:32,91282CLD1,TSRYS5850288,D,S,D,2024-08-27,1000000.00,3.751929,102.25390625
08:00:32,91282CLD1,TSRYS5850288,D,S,D,2024-08-27,1000000.00,3.752248,102.251953125
08:00:32,91282CLD1,TSRYS5850288,D,S,D,2024-08-27,1000000.00,3.749379,102.26953125
08:00:32,91282CLD1,TSRYS5850288,D,S,D,2024-08-27,1000000.00,3.751292,102.2578125
08:00:32,91282CLD1,TSRYS5850288,D,S,D,2024-08-27,1000000.00,3.755117,102.234375
08:00:32,91282CLD1,TSRYS5850288,D,S,D,2024-08-27,1000000.00,3.755117,102.234375
08:00:32,91282CLD1,TSRYS5850288,D,S,D,2024-08-27,1000000.00,3.756073,102.228515625
08:00:32,91282CLD1,TSRYS5850288,D,S,D,2024-08-27,1000000.00,3.756073,102.228515625
08:00:32,91282CLD1,TSRYS5850288,D,S,D,2024-08-27,1000000.00,3.756711,102.224609375
08:00:32,91282CLD1,TSRYS5850288,D,S,D,2024-08-27,1000000.00,3.755117,102.234375
08:00:32,91282CLD1,TSRYS5850288,D,S,D,2024-08-27,1000000.00,3.752566,102.25
08:00:32,91282CLD1,TSRYS5850288,D,S,D,2024-08-27,1000000.00,3.748423,102.275390625
08:00:33,91282CLD1,TSRYS5850288,D,S,D,2024-08-27,1000000.00,3.736001,102.3515625
08:00:33,91282CLD1,TSRYS5850288,D,S,D,2024-08-27,2000000.00,3.755117,102.234375
08:00:33,91282CLD1,TSRYS5850288,D,S,D,2024-08-27,2000000.00,3.755754,102.23046875
08:00:33,91282CLD1,TSRYS5850288,D,S,D,2024-08-27,2000000.00,3.756392,102.2265625
08:00:34,91282CLD1,TSRYS5850288,D,S,T,2024-08-27,1000000.00,3.714367,102.484375
08:00:34,91282CLD1,TSRYS5850288,D,S,T,2024-08-27,1000000.00,3.716911,102.46875
08:00:34,91282CLD1,TSRYS5850288,D,S,T,2024-08-27,1000000.00,3.722317,102.435546875
08:00:34,91282CLD1,TSRYS5850288,D,S,T,2024-08-27,1000000.00,3.727089,102.40625
08:00:34,91282CLD1,TSRYS5850288,D,S,T,2024-08-27,1000000.00,3.730908,102.3828125
08:00:34,91282CLD1,TSRYS5850288,D,S,T,2024-08-27,1000000.00,3.730908,102.3828125
08:00:34,91282CLD1,TSRYS5850288,D,S,T,2024-08-27,1000000.00,3.726453,102.41015625
08:00:34,91282CLD1,TSRYS5850288,D,S,T,2024-08-27,1000000.00,3.726453,102.41015625
08:00:34,91282CLD1,TSRYS5850288,D,S,T,2024-08-27,1000000.00,3.726453,102.41015625
08:00:34,91282CLD1,TSRYS5850288,D,S,T,2024-08-27,1000000.00,3.726453,102.41015625
08:00:34,91282CLD1,TSRYS5850288,D,S,T,2024-08-27,1000000.00,3.726453,102.41015625
08:00:34,91282CLD1,TSRYS5850288,D,S,T,2024-08-27,1000000.00,3.726453,102.41015625
08:00:34,91282CLD1,TSRYS5850288,D,S,T,2024-08-27,1000000.00,3.726453,102.41015625
08:00:34,91282CLD1,TSRYS5850288,D,S,T,2024-08-27,1000000.00,3.726453,102.41015625
08:00:34,91282CLD1,TSRYS5850288,D,S,T,2024-08-27,1000000.00,3.726453,102.41015625
08:00:34,91282CLD1,TSRYS5850288,D,S,T,2024-08-27,1000000.00,3.726453,102.41015625
08:00:34,91282CLD1,TSRYS5850288,D,S,T,2024-08-27,1000000.00,3.726453,102.41015625
08:00:34,91282CLD1,TSRYS5850288,D,S,T,2024-08-27,1000000.00,3.726453,102.41015625
08:00:34,91282CLD1,TSRYS5850288,D,S,T,2024-08-27,1000000.00,3.726453,102.41015625
08:00:34,91282CLD1,TSRYS5850288,D,S,T,2024-08-27,1000000.00,3.726453,102.41015625
08:00:34,91282CLD1,TSRYS5850288,D,S,T,2024-08-27,1000000.00,3.726453,102.41015625
08:00:34,91282CLD1,TSRYS5850288,D,S,T,2024-08-27,1000000.00,3.726453,102.41015625
08:00:34,91282CLD1,TSRYS5850288,D,S,T,2024-08-27,1000000.00,3.726453,102.41015625
08:00:34,91282CLD1,TSRYS5850288,D,S,T,2024-08-27,1000000.00,3.726453,102.41015625
08:00:34,91282CLD1,TSRYS5850288,D,S,T,2024-08-27,2000000.00,3.730271,102.38671875
08:00:34,91282CLD1,TSRYS5850288,D,B,A,2024-08-27,2000000.00,3.730271,102.38671875
08:00:34,91282CLD1,TSRYS5850288,D,B,A,2024-08-27,2000000.00,3.730271,102.38671875
08:00:34,91282CLD1,TSRYS5850288,D,S,T,2024-08-27,2000000.00,3.730271,102.38671875
08:00:34,91282CLD1,TSRYS5850288,D,B,A,2024-08-27,2000000.00,3.730271,102.38671875
08:00:34,91282CLD1,TSRYS5850288,D,S,T,2024-08-27,2000000.00,3.730271,102.38671875
08:00:34,91282CLD1,TSRYS5850288,D,B,A,2024-08-27,1000000.00,3.730271,102.38671875
08:00:34,91282CLD1,TSRYS5850288,D,S,T,2024-08-27,1000000.00,3.730271,102.38671875
08:00:34,91282CLD1,TSRYS5850288,D,S,T,2024-08-27,1000000.00,3.730271,102.38671875
08:00:34,91282CLD1,TSRYS5850288,D,B,A,2024-08-27,1000000.00,3.730271,102.38671875
08:00:34,91282CLD1,TSRYS5850288,D,B,A,2024-08-27,1000000.00,3.730271,102.38671875
08:00:34,91282CLD1,TSRYS5850288,D,S,T,2024-08-27,1000000.00,3.730271,102.38671875
08:00:34,91282CLD1,TSRYS5850288,D,B,A,2024-08-27,1000000.00,3.730271,102.38671875
08:00:34,91282CLD1,TSRYS5850288,D,S,T,2024-08-27,1000000.00,3.730271,102.38671875
08:00:34,91282CLD1,TSRYS5850288,D,S,T,2024-08-27,1000000.00,3.730271,102.38671875
08:00:34,91282CLD1,TSRYS5850288,D,B,A,2024-08-27,1000000.00,3.730271,102.38671875
08:00:34,91282CLD1,TSRYS5850288,D,B,A,2024-08-27,1000000.00,3.730271,102.38671875
08:00:34,91282CLD1,TSRYS5850288,D,S,T,2024-08-27,1000000.00,3.730271,102.38671875
08:00:34,91282CLD1,TSRYS5850288,D,B,A,2024-08-27,3000000.00,3.730271,102.38671875
08:00:34,91282CLD1,TSRYS5850288,D,B,A,2024-08-27,1000000.00,3.730271,102.38671875
08:00:34,91282CLD1,TSRYS5850288,D,S,T,2024-08-27,3000000.00,3.729635,102.390625
08:00:34,91282CLD1,TSRYS5850288,D,B,A,2024-08-27,1000000.00,3.730271,102.38671875
08:00:34,91282CLD1,TSRYS5850288,D,B,A,2024-08-27,1000000.00,3.730271,102.38671875
08:00:34,91282CLD1,TSRYS5850288,D,S,T,2024-08-27,1000000.00,3.729635,102.390625
08:00:34,91282CLD1,TSRYS5850288,D,B,A,2024-08-27,2000000.00,3.728362,102.3984375
08:00:34,91282CLD1,TSRYS5850288,D,S,T,2024-08-27,2000000.00,3.728362,102.3984375
08:00:34,91282CLD1,TSRYS5850288,D,B,A,2024-08-27,1000000.00,3.728998,102.39453125
08:00:34,91282CLD1,TSRYS5850288,D,S,T,2024-08-27,1000000.00,3.728998,102.39453125
08:00:34,91282CLD1,TSRYS5850288,D,B,A,2024-08-27,1000000.00,3.731544,102.37890625
08:00:34,91282CLD1,TSRYS5850288,D,S,T,2024-08-27,1000000.00,3.731544,102.37890625
08:00:34,91282CLD1,TSRYS5850288,D,B,A,2024-08-27,1000000.00,3.731544,102.37890625
08:00:34,91282CLD1,TSRYS5850288,D,S,T,2024-08-27,1000000.00,3.731544,102.37890625
08:00:34,91282CLD1,TSRYS5850288,D,B,A,2024-08-27,1000000.00,3.731544,102.37890625
08:00:34,91282CLD1,TSRYS5850288,D,B,A,2024-08-27,2000000.00,3.731544,102.37890625
08:00:34,91282CLD1,TSRYS5850288,D,B,A,2024-08-27,1000000.00,3.730908,102.3828125
08:00:34,91282CLD1,TSRYS5850288,D,B,A,2024-08-27,1000000.00,3.731544,102.37890625
08:00:34,91282CLD1,TSRYS5850288,D,B,A,2024-08-27,1000000.00,3.730908,102.3828125
08:00:34,91282CLD1,TSRYS5850288,D,S,T,2024-08-27,1000000.00,3.730908,102.3828125
08:00:34,91282CLD1,TSRYS5850288,D,S,T,2024-08-27,2000000.00,3.730908,102.3828125
08:00:34,91282CLD1,TSRYS5850288,D,B,A,2024-08-27,1000000.00,3.732818,102.37109375
08:00:34,91282CLD1,TSRYS5850288,D,S,T,2024-08-27,1000000.00,3.732818,102.37109375
08:00:34,91282CLD1,TSRYS5850288,D,B,A,2024-08-27,1000000.00,3.732818,102.37109375
08:00:34,91282CLD1,TSRYS5850288,D,S,T,2024-08-27,1000000.00,3.732818,102.37109375
08:00:34,91282CLD1,TSRYS5850288,D,S,T,2024-08-27,1000000.00,3.732818,102.37109375
08:00:34,91282CLD1,TSRYS5850288,D,B,A,2024-08-27,1000000.00,3.732818,102.37109375
08:00:34,91282CLD1,TSRYS5850288,D,B,A,2024-08-27,1000000.00,3.732818,102.37109375
08:00:34,91282CLD1,TSRYS5850288,D,S,T,2024-08-27,1000000.00,3.732818,102.37109375
08:00:34,91282CLD1,TSRYS5850288,D,S,T,2024-08-27,1000000.00,3.733454,102.3671875
08:00:34,91282CLD1,TSRYS5850288,D,B,A,2024-08-27,1000000.00,3.734728,102.359375
08:00:34,91282CLD1,TSRYS5850288,D,B,A,2024-08-27,2000000.00,3.734728,102.359375
08:00:34,91282CLD1,TSRYS5850288,D,B,A,2024-08-27,1000000.00,3.734728,102.359375
08:00:34,91282CLD1,TSRYS5850288,D,S,T,2024-08-27,1000000.00,3.734728,102.359375
08:00:34,91282CLD1,TSRYS5850288,D,S,T,2024-08-27,1000000.00,3.734728,102.359375
08:00:34,91282CLD1,TSRYS5850288,D,S,T,2024-08-27,2000000.00,3.734728,102.359375
08:00:34,91282CLD1,TSRYS5850288,D,B,A,2024-08-27,1000000.00,3.734728,102.359375
08:00:34,91282CLD1,TSRYS5850288,D,B,A,2024-08-27,1000000.00,3.734728,102.359375
08:00:34,91282CLD1,TSRYS5850288,D,S,T,2024-08-27,1000000.00,3.734728,102.359375
08:00:34,91282CLD1,TSRYS5850288,D,S,T,2024-08-27,1000000.00,3.734728,102.359375
08:00:35,91282CLD1,TSRYS5850288,D,S,T,2024-08-27,1000000.00,3.738548,102.3359375
08:00:35,91282CLD1,TSRYS5850288,D,S,T,2024-08-27,2000000.00,3.751292,102.2578125
08:00:35,91282CLD1,TSRYS5850288,D,S,T,2024-08-27,1000000.00,3.752566,102.25
08:00:35,91282CLD1,TSRYS5850288,D,B,C,2024-08-27,13000000.00,3.72102,102.4435096
08:00:35,91282CLD1,TSRYS5850288,D,S,T,2024-08-27,1000000.00,3.753842,102.2421875
08:00:35,91282CLD1,TSRYS5850288,D,S,T,2024-08-27,1000000.00,3.752566,102.25
08:00:35,91282CLD1,TSRYS5850288,D,S,T,2024-08-27,1000000.00,3.752566,102.25
08:00:35,91282CLD1,TSRYS5850288,D,B,C,2024-08-27,41000000.00,3.751929,102.25390625
08:00:35,91282CLD1,TSRYS5850288,D,S,T,2024-08-27,1000000.00,3.750335,102.263671875
08:00:35,91282CLD1,TSRYS5850288,D,S,T,2024-08-27,1000000.00,3.750335,102.263671875
08:00:35,91282CLD1,TSRYS5850288,D,S,D,2024-08-27,1000000.00,3.755117,102.234375
08:00:35,91282CLD1,TSRYS5850288,D,S,T,2024-08-27,1000000.00,3.755117,102.234375
08:00:35,91282CLD1,TSRYS5850288,D,S,T,2024-08-27,1000000.00,3.755117,102.234375
08:00:35,91282CLD1,TSRYS5850288,D,S,T,2024-08-27,1000000.00,3.752566,102.25
08:00:35,91282CLD1,TSRYS5850288,D,S,T,2024-08-27,1000000.00,3.755117,102.234375
08:00:35,91282CLD1,TSRYS5850288,D,B,A,2024-08-27,43000000.00,3.750654,102.26171875
08:00:35,91282CLD1,TSRYS5850288,D,B,C,2024-08-27,800000.00,3.751929,102.25390625
08:00:36,91282CLD1,TSRYS5850288,D,S,C,2024-08-27,1000000.00,3.752566,102.25
08:00:36,91282CLD1,TSRYS5850288,D,S,D,2024-08-27,1000000.00,3.755117,102.234375
08:00:36,91282CLD1,TSRYS5850288,D,S,C,2024-08-27,1000000.00,3.754798,102.236328125
08:00:36,91282CLD1,TSRYS5850288,D,S,C,2024-08-27,1000000.00,3.755117,102.234375
08:00:36,91282CLD1,TSRYS5850288,D,S,C,2024-08-27,1000000.00,3.756073,102.228515625
08:00:36,91282CLD1,TSRYS5850288,D,S,C,2024-08-27,1000000.00,3.756392,102.2265625
08:00:36,91282CLD1,TSRYS5850288,D,B,C,2024-08-27,1000000.00,3.755436,102.232421875
08:00:36,91282CLD1,TSRYS5850288,D,S,D,2024-08-27,1000000.00,3.755436,102.232421875
08:00:36,91282CLD1,TSRYS5850288,D,B,C,2024-08-27,1000000.00,3.755117,102.234375
08:00:36,91282CLD1,TSRYS5850288,D,S,D,2024-08-27,1000000.00,3.755117,102.234375
08:00:36,91282CLD1,TSRYS5850288,D,S,D,2024-08-27,1000000.00,3.755117,102.234375
08:00:36,91282CLD1,TSRYS5850288,D,S,C,2024-08-27,1000000.00,3.751292,102.2578125
08:00:36,91282CLD1,TSRYS5850288,D,S,C,2024-08-27,1000000.00,3.750017,102.265625
08:00:37,91282CLD1,TSRYS5850288,D,B,A,2024-08-27,647000.00,3.739822,102.328125
08:00:38,91282CLD1,TSRYS5850288,D,S,C,2024-08-27,1000000.00,3.750654,102.26171875
08:00:38,91282CLD1,TSRYS5850288,D,S,C,2024-08-27,1000000.00,3.749379,102.26953125
08:00:38,91282CLD1,TSRYS5850288,D,S,D,2024-08-27,1000000.00,3.750017,102.265625
08:00:38,91282CLD1,TSRYS5850288,D,S,C,2024-08-27,1000000.00,3.750017,102.265625
08:00:38,91282CLD1,TSRYS5850288,D,S,D,2024-08-27,1000000.00,3.750017,102.265625
08:00:38,91282CLD1,TSRYS5850288,D,S,C,2024-08-27,1000000.00,3.750335,102.263671875
08:00:39,91282CLD1,TSRYS5850288,D,S,D,2024-08-27,1000000.00,3.750017,102.265625
08:00:39,91282CLD1,TSRYS5850288,D,S,D,2024-08-27,1000000.00,3.750017,102.265625
08:00:41,91282CLD1,TSRYS5850288,D,S,C,2024-08-27,1000000.00,3.751292,102.2578125
08:00:41,91282CLD1,TSRYS5850288,D,S,D,2024-08-27,1000000.00,3.752566,102.25
08:00:41,91282CLD1,TSRYS5850288,D,S,C,2024-08-27,1000000.00,3.752518,102.2503
08:00:41,91282CLD1,TSRYS5850288,D,S,C,2024-08-27,1000000.00,3.752518,102.2503
08:00:41,91282CLD1,TSRYS5850288,D,B,C,2024-08-27,1000000.00,3.752566,102.25
08:00:41,91282CLD1,TSRYS5850288,D,S,D,2024-08-27,1000000.00,3.752566,102.25
08:00:41,91282CLD1,TSRYS5850288,D,B,C,2024-08-27,1000000.00,3.752566,102.25
08:00:41,91282CLD1,TSRYS5850288,D,S,D,2024-08-27,1000000.00,3.752566,102.25
08:00:41,91282CLD1,TSRYS5850288,D,S,C,2024-08-27,1000000.00,3.752836,102.248346875
08:00:41,91282CLD1,TSRYS5850288,D,S,D,2024-08-27,1000000.00,3.753842,102.2421875
08:00:42,91282CLD1,TSRYS5850288,D,S,D,2024-08-27,39100000.00,3.724544,102.421875
08:00:42,91282CLD1,TSRYS5850288,D,S,D,2024-08-27,1000000.00,3.755117,102.234375
08:00:42,91282CLD1,TSRYS5850288,D,S,D,2024-08-27,1000000.00,3.755117,102.234375
08:00:42,91282CLD1,TSRYS5850288,D,S,D,2024-08-27,1000000.00,3.755117,102.234375
08:00:43,91282CLD1,TSRYS5850288,D,S,C,2024-08-27,2000000.00,3.753204,102.24609375
08:00:43,91282CLD1,TSRYS5850288,D,S,A,2024-08-27,5000000.00,3.74237,102.3125
08:00:43,91282CLD1,TSRYS5850288,D,S,C,2024-08-27,9165000.00,3.750017,102.265625
08:00:44,91282CLD1,TSRYS5850288,D,B,C,2024-08-27,1000000.00,3.757349,102.220703125
08:00:44,91282CLD1,TSRYS5850288,D,S,D,2024-08-27,1000000.00,3.757349,102.220703125
08:00:44,91282CLD1,TSRYS5850288,D,S,D,2024-08-27,1000000.00,3.756073,102.228515625
08:00:44,91282CLD1,TSRYS5850288,D,S,D,2024-08-27,1000000.00,3.756073,102.228515625
08:00:44,91282CLD1,TSRYS5850288,D,B,C,2024-08-27,1000000.00,3.756073,102.228515625
08:00:44,91282CLD1,TSRYS5850288,D,S,C,2024-08-27,1000000.00,3.754798,102.236328125
08:00:44,91282CLD1,TSRYS5850288,D,B,C,2024-08-27,1000000.00,3.755117,102.234375
08:00:44,91282CLD1,TSRYS5850288,D,B,C,2024-08-27,1000000.00,3.755117,102.234375
08:00:44,91282CLD1,TSRYS5850288,D,S,D,2024-08-27,1000000.00,3.755117,102.234375
08:00:44,91282CLD1,TSRYS5850288,D,S,D,2024-08-27,1000000.00,3.755117,102.234375
08:00:44,91282CLD1,TSRYS5850288,D,B,C,2024-08-27,1000000.00,3.755117,102.234375
08:00:44,91282CLD1,TSRYS5850288,D,S,D,2024-08-27,1000000.00,3.755117,102.234375
08:00:44,91282CLD1,TSRYS5850288,D,S,D,2024-08-27,1000000.00,3.755117,102.234375
08:00:44,91282CLD1,TSRYS5850288,D,S,D,2024-08-27,1000000.00,3.756392,102.2265625
08:00:45,91282CLD1,TSRYS5850288,D,S,C,2024-08-27,39100000.00,3.724544,102.421875
08:00:45,91282CLD1,TSRYS5850288,D,S,C,2024-08-27,1000000.00,3.752885,102.248046875
08:00:45,91282CLD1,TSRYS5850288,D,S,C,2024-08-27,1000000.00,3.752248,102.251953125
08:00:45,91282CLD1,TSRYS5850288,D,S,C,2024-08-27,1000000.00,3.752885,102.248046875
08:00:45,91282CLD1,TSRYS5850288,D,S,C,2024-08-27,1000000.00,3.752885,102.248046875
08:00:45,91282CLD1,TSRYS5850288,D,S,C,2024-08-27,1000000.00,3.752885,102.248046875
08:00:45,91282CLD1,TSRYS5850288,D,S,D,2024-08-27,1000000.00,3.752885,102.248046875
08:00:45,91282CLD1,TSRYS5850288,D,B,C,2024-08-27,1000000.00,3.752885,102.248046875
08:00:45,91282CLD1,TSRYS5850288,D,S,C,2024-08-27,1000000.00,3.752885,102.248046875
08:00:45,91282CLD1,TSRYS5850288,D,S,C,2024-08-27,1000000.00,3.752885,102.248046875
08:00:45,91282CLD1,TSRYS5850288,D,S,D,2024-08-27,1000000.00,3.752566,102.25
08:00:45,91282CLD1,TSRYS5850288,D,B,C,2024-08-27,1000000.00,3.752566,102.25
08:00:45,91282CLD1,TSRYS5850288,D,S,D,2024-08-27,1000000.00,3.752566,102.25
08:00:45,91282CLD1,TSRYS5850288,D,S,D,2024-08-27,16250000.00,3.743644,102.3046875
08:00:45,91282CLD1,TSRYS5850288,D,B,C,2024-08-27,16250000.00,3.743644,102.3046875
08:00:46,91282CLD1,TSRYS5850288,D,B,C,2024-08-27,1000000.00,3.752566,102.25
08:00:46,91282CLD1,TSRYS5850288,D,S,D,2024-08-27,1000000.00,3.752566,102.25
08:00:47,91282CLD1,TSRYS5850288,D,S,D,2024-08-27,1000000.00,3.750973,102.259765625
08:00:47,91282CLD1,TSRYS5850288,D,B,C,2024-08-27,1000000.00,3.750973,102.259765625
08:00:47,91282CLD1,TSRYS5850288,D,B,C,2024-08-27,1000000.00,3.750973,102.259765625
08:00:47,91282CLD1,TSRYS5850288,D,S,D,2024-08-27,1000000.00,3.750973,102.259765625
08:00:48,91282CLD1,TSRYS5850288,D,S,D,2024-08-27,1000000.00,3.750335,102.263671875
08:00:48,91282CLD1,TSRYS5850288,D,B,C,2024-08-27,1000000.00,3.748105,102.27734375
08:00:48,91282CLD1,TSRYS5850288,D,S,D,2024-08-27,1000000.00,3.748105,102.27734375
08:00:48,91282CLD1,TSRYS5850288,D,S,C,2024-08-27,1000000.00,3.748423,102.275390625
08:00:48,91282CLD1,TSRYS5850288,D,S,C,2024-08-27,1000000.00,3.748423,102.275390625
08:00:48,91282CLD1,TSRYS5850288,D,S,C,2024-08-27,1000000.00,3.748423,102.275390625
08:00:48,91282CLD1,TSRYS5850288,D,S,C,2024-08-27,1000000.00,3.748423,102.275390625
08:00:48,91282CLD1,TSRYS5850288,D,S,C,2024-08-27,1000000.00,3.748423,102.275390625
08:00:48,91282CLD1,TSRYS5850288,D,S,D,2024-08-27,2000000.00,3.749698,102.267578125
08:00:48,91282CLD1,TSRYS5850288,D,B,C,2024-08-27,1000000.00,3.750335,102.263671875
08:00:48,91282CLD1,TSRYS5850288,D,B,C,2024-08-27,1000000.00,3.750335,102.263671875
08:00:48,91282CLD1,TSRYS5850288,D,S,D,2024-08-27,1000000.00,3.750335,102.263671875
08:00:48,91282CLD1,TSRYS5850288,D,S,D,2024-08-27,1000000.00,3.750335,102.263671875
08:00:48,91282CLD1,TSRYS5850288,D,B,C,2024-08-27,1000000.00,3.750335,102.263671875
08:00:48,91282CLD1,TSRYS5850288,D,S,D,2024-08-27,1000000.00,3.750335,102.263671875
08:00:48,91282CLD1,TSRYS5850288,D,B,C,2024-08-27,1000000.00,3.750335,102.263671875
08:00:48,91282CLD1,TSRYS5850288,D,S,A,2024-08-27,17500000.00,3.724544,102.421875
08:00:49,91282CLD1,TSRYS5850288,D,S,A,2024-08-27,2050200.00,3.743007,102.30859375
08:00:49,91282CLD1,TSRYS5850288,D,S,T,2024-08-27,1000000.00,3.743326,102.306640625
08:00:49,91282CLD1,TSRYS5850288,D,S,T,2024-08-27,1000000.00,3.743007,102.30859375
08:00:49,91282CLD1,TSRYS5850288,D,S,D,2024-08-27,1000000.00,3.742689,102.310546875
08:00:49,91282CLD1,TSRYS5850288,D,S,T,2024-08-27,1000000.00,3.741733,102.31640625
08:00:49,91282CLD1,TSRYS5850288,D,S,T,2024-08-27,1000000.00,3.741415,102.318359375
08:00:51,91282CLD1,TSRYS5850288,D,S,D,2024-08-27,1000000.00,3.752566,102.25
08:00:51,91282CLD1,TSRYS5850288,D,S,T,2024-08-27,1000000.00,3.755117,102.234375
08:00:51,91282CLD1,TSRYS5850288,D,S,T,2024-08-27,1000000.00,3.755117,102.234375
08:00:51,91282CLD1,TSRYS5850288,D,S,T,2024-08-27,1000000.00,3.755117,102.234375
08:00:51,91282CLD1,TSRYS5850288,D,S,T,2024-08-27,1000000.00,3.755117,102.234375
08:00:51,91282CLD1,TSRYS5850288,D,S,T,2024-08-27,1000000.00,3.755117,102.234375
08:00:51,91282CLD1,TSRYS5850288,D,S,T,2024-08-27,1000000.00,3.755117,102.234375
08:00:51,91282CLD1,TSRYS5850288,D,S,T,2024-08-27,1000000.00,3.755117,102.234375
08:00:51,91282CLD1,TSRYS5850288,D,S,T,2024-08-27,1000000.00,3.755117,102.234375
08:00:51,91282CLD1,TSRYS5850288,D,S,T,2024-08-27,1000000.00,3.755117,102.234375
08:00:51,91282CLD1,TSRYS5850288,D,S,T,2024-08-27,1000000.00,3.755117,102.234375
08:00:51,91282CLD1,TSRYS5850288,D,S,T,2024-08-27,1000000.00,3.755117,102.234375
08:00:51,91282CLD1,TSRYS5850288,D,S,T,2024-08-27,1000000.00,3.755117,102.234375
08:00:51,91282CLD1,TSRYS5850288,D,S,T,2024-08-27,1000000.00,3.755436,102.232421875
08:00:51,91282CLD1,TSRYS5850288,D,S,T,2024-08-27,1000000.00,3.755117,102.234375
08:00:51,91282CLD1,TSRYS5850288,D,S,T,2024-08-27,1000000.00,3.755117,102.234375
08:00:51,91282CLD1,TSRYS5850288,D,S,T,2024-08-27,1000000.00,3.755117,102.234375
08:00:51,91282CLD1,TSRYS5850288,D,S,T,2024-08-27,1000000.00,3.755117,102.234375
08:00:52,91282CLD1,TSRYS5850288,D,S,D,2024-08-27,7000000.00,3.753244,102.24585
08:00:52,91282CLD1,TSRYS5850288,D,S,T,2024-08-27,1000000.00,3.755117,102.234375
08:00:52,91282CLD1,TSRYS5850288,D,S,T,2024-08-27,1000000.00,3.748742,102.2734375
08:00:52,91282CLD1,TSRYS5850288,D,S,D,2024-08-27,9165000.00,3.750017,102.265625
08:00:53,91282CLD1,TSRYS5850288,D,S,T,2024-08-27,1000000.00,3.741415,102.318359375
08:00:54,91282CLD1,TSRYS5850288,D,S,D,2024-08-27,1000000.00,3.741733,102.31640625
08:00:54,91282CLD1,TSRYS5850288,D,S,D,2024-08-27,2000000.00,3.742052,102.314453125
08:00:54,91282CLD1,TSRYS5850288,D,S,T,2024-08-27,4000000.00,3.741415,102.318359375
08:00:54,91282CLD1,TSRYS5850288,D,S,T,2024-08-27,1000000.00,3.741415,102.318359375
08:00:54,91282CLD1,TSRYS5850288,D,S,T,2024-08-27,3000000.00,3.74237,102.3125
08:00:54,91282CLD1,TSRYS5850288,D,S,D,2024-08-27,125000.00,3.744918,102.296875
08:00:56,91282CLD1,TSRYS5850288,D,B,A,2024-08-27,8200000.00,3.750719,102.26131875
08:00:56,91282CLD1,TSRYS5850288,D,S,D,2024-08-27,2000000.00,3.753204,102.24609375
08:00:56,91282CLD1,TSRYS5850288,D,S,D,2024-08-27,1000000.00,3.755117,102.234375
08:00:56,91282CLD1,TSRYS5850288,D,S,T,2024-08-27,1000000.00,3.748742,102.2734375
08:00:56,91282CLD1,TSRYS5850288,D,S,T,2024-08-27,1000000.00,3.754479,102.23828125
08:00:56,91282CLD1,TSRYS5850288,D,S,T,2024-08-27,1000000.00,3.755117,102.234375
08:00:56,91282CLD1,TSRYS5850288,D,S,T,2024-08-27,1000000.00,3.755117,102.234375
08:00:56,91282CLD1,TSRYS5850288,D,S,T,2024-08-27,1000000.00,3.755117,102.234375
08:00:56,91282CLD1,TSRYS5850288,D,S,T,2024-08-27,1000000.00,3.748742,102.2734375
08:00:56,91282CLD1,TSRYS5850288,D,S,T,2024-08-27,1000000.00,3.755117,102.234375
08:00:56,91282CLD1,TSRYS5850288,D,S,T,2024-08-27,1000000.00,3.755117,102.234375
08:00:56,91282CLD1,TSRYS5850288,D,S,D,2024-08-27,1000000.00,3.753842,102.2421875
08:00:56,91282CLD1,TSRYS5850288,D,S,T,2024-08-27,1000000.00,3.755117,102.234375
08:00:56,91282CLD1,TSRYS5850288,D,S,T,2024-08-27,1000000.00,3.755117,102.234375
08:00:56,91282CLD1,TSRYS5850288,D,S,T,2024-08-27,1000000.00,3.755117,102.234375
08:00:56,91282CLD1,TSRYS5850288,D,S,T,2024-08-27,1000000.00,3.755117,102.234375
08:00:56,91282CLD1,TSRYS5850288,D,S,D,2024-08-27,2000000.00,3.753523,102.244140625
08:00:56,91282CLD1,TSRYS5850288,D,S,T,2024-08-27,1000000.00,3.755117,102.234375
08:00:56,91282CLD1,TSRYS5850288,D,S,T,2024-08-27,1000000.00,3.755117,102.234375
08:00:56,91282CLD1,TSRYS5850288,D,S,T,2024-08-27,1000000.00,3.755117,102.234375
08:00:57,91282CLD1,TSRYS5850288,D,S,T,2024-08-27,1000000.00,3.755117,102.234375
08:00:57,91282CLD1,TSRYS5850288,D,S,T,2024-08-27,1000000.00,3.755117,102.234375
08:00:57,91282CLD1,TSRYS5850288,D,S,D,2024-08-27,3000000.00,3.753523,102.244140625
08:00:57,91282CLD1,TSRYS5850288,D,S,T,2024-08-27,1000000.00,3.755117,102.234375
08:00:57,91282CLD1,TSRYS5850288,D,S,D,2024-08-27,1000000.00,3.753842,102.2421875
08:00:57,91282CLD1,TSRYS5850288,D,S,T,2024-08-27,1000000.00,3.755117,102.234375
08:00:57,91282CLD1,TSRYS5850288,D,S,D,2024-08-27,3000000.00,3.753204,102.24609375
08:00:57,91282CLD1,TSRYS5850288,D,S,D,2024-08-27,1000000.00,3.753842,102.2421875
08:00:57,91282CLD1,TSRYS5850288,D,S,D,2024-08-27,1000000.00,3.753842,102.2421875
08:00:57,91282CLD1,TSRYS5850288,D,S,D,2024-08-27,1000000.00,3.753842,102.2421875
08:00:57,91282CLD1,TSRYS5850288,D,S,D,2024-08-27,21000000.00,3.725315,102.4171427
08:00:57,91282CLD1,TSRYS5850288,D,S,D,2024-08-27,1000000.00,3.753842,102.2421875
08:00:57,91282CLD1,TSRYS5850288,D,S,D,2024-08-27,2000000.00,3.753523,102.244140625
08:00:57,91282CLD1,TSRYS5850288,D,S,D,2024-08-27,1000000.00,3.752566,102.25
08:00:57,91282CLD1,TSRYS5850288,D,S,D,2024-08-27,2000000.00,3.753204,102.24609375
08:00:57,91282CLD1,TSRYS5850288,D,S,D,2024-08-27,3000000.00,3.752885,102.248046875
08:00:57,91282CLD1,TSRYS5850288,D,S,D,2024-08-27,1000000.00,3.752566,102.25
08:00:57,91282CLD1,TSRYS5850288,D,S,D,2024-08-27,1000000.00,3.752566,102.25
08:00:57,91282CLD1,TSRYS5850288,D,S,D,2024-08-27,2000000.00,3.751929,102.25390625
08:00:57,91282CLD1,TSRYS5850288,D,S,D,2024-08-27,1000000.00,3.753842,102.2421875
08:00:57,91282CLD1,TSRYS5850288,D,S,D,2024-08-27,2000000.00,3.753204,102.24609375
08:00:57,91282CLD1,TSRYS5850288,D,S,D,2024-08-27,1000000.00,3.752885,102.248046875
08:00:57,91282CLD1,TSRYS5850288,D,S,D,2024-08-27,1000000.00,3.753842,102.2421875
08:00:57,91282CLD1,TSRYS5850288,D,S,D,2024-08-27,1000000.00,3.748742,102.2734375
08:01:00,91282CLD1,TSRYS5850288,D,S,D,2024-08-27,1000000.00,3.715003,102.48046875
08:01:00,91282CLD1,TSRYS5850288,D,S,D,2024-08-27,1000000.00,3.714685,102.482421875
08:01:00,91282CLD1,TSRYS5850288,D,S,D,2024-08-27,1000000.00,3.714685,102.482421875
08:01:00,91282CLD1,TSRYS5850288,D,B,C,2024-08-27,1000000.00,3.714685,102.482421875
08:01:00,91282CLD1,TSRYS5850288,D,B,C,2024-08-27,1000000.00,3.714685,102.482421875
08:01:00,91282CLD1,TSRYS5850288,D,B,C,2024-08-27,1000000.00,3.715003,102.48046875
08:01:02,91282CLD1,TSRYS5850288,D,S,D,2024-08-27,1000000.00,3.752248,102.251953125
08:01:02,91282CLD1,TSRYS5850288,D,S,D,2024-08-27,6000000.00,3.752248,102.251953125
08:01:02,91282CLD1,TSRYS5850288,D,S,D,2024-08-27,2000000.00,3.752885,102.248046875
08:01:02,91282CLD1,TSRYS5850288,D,S,D,2024-08-27,2000000.00,3.753523,102.244140625
08:01:02,91282CLD1,TSRYS5850288,D,S,D,2024-08-27,1000000.00,3.753204,102.24609375
08:01:02,91282CLD1,TSRYS5850288,D,S,D,2024-08-27,2000000.00,3.753523,102.244140625
08:01:02,91282CLD1,TSRYS5850288,D,S,D,2024-08-27,3000000.00,3.752566,102.25
08:01:02,91282CLD1,TSRYS5850288,D,S,D,2024-08-27,2000000.00,3.752566,102.25
08:01:02,91282CLD1,TSRYS5850288,D,S,D,2024-08-27,1000000.00,3.751929,102.25390625
08:01:02,91282CLD1,TSRYS5850288,D,B,A,2024-08-27,2000000.00,3.748742,102.2734375
08:01:03,91282CLD1,TSRYS5850288,D,S,D,2024-08-27,1000000.00,3.713731,102.48828125
08:01:03,91282CLD1,TSRYS5850288,D,S,D,2024-08-27,1000000.00,3.713731,102.48828125
08:01:03,91282CLD1,TSRYS5850288,D,S,D,2024-08-27,1000000.00,3.715639,102.4765625
08:01:03,91282CLD1,TSRYS5850288,D,B,C,2024-08-27,1000000.00,3.713731,102.48828125
08:01:03,91282CLD1,TSRYS5850288,D,B,C,2024-08-27,1000000.00,3.715639,102.4765625
08:01:03,91282CLD1,TSRYS5850288,D,B,C,2024-08-27,1000000.00,3.713731,102.48828125
08:01:03,91282CLD1,TSRYS5850288,D,B,C,2024-08-27,1000000.00,3.713731,102.48828125
08:01:03,91282CLD1,TSRYS5850288,D,S,D,2024-08-27,1000000.00,3.713731,102.48828125
08:01:03,91282CLD1,TSRYS5850288,D,B,C,2024-08-27,1000000.00,3.713414,102.490234375
08:01:03,91282CLD1,TSRYS5850288,D,S,D,2024-08-27,2000000.00,3.713414,102.490234375
08:01:03,91282CLD1,TSRYS5850288,D,B,C,2024-08-27,1000000.00,3.713414,102.490234375
08:01:03,91282CLD1,TSRYS5850288,D,S,D,2024-08-27,1000000.00,3.713414,102.490234375
08:01:03,91282CLD1,TSRYS5850288,D,B,C,2024-08-27,2000000.00,3.713414,102.490234375
08:01:03,91282CLD1,TSRYS5850288,D,S,D,2024-08-27,1000000.00,3.713414,102.490234375
08:01:03,91282CLD1,TSRYS5850288,D,S,D,2024-08-27,1000000.00,3.713414,102.490234375
08:01:03,91282CLD1,TSRYS5850288,D,B,C,2024-08-27,2000000.00,3.713414,102.490234375
08:01:03,91282CLD1,TSRYS5850288,D,B,C,2024-08-27,1000000.00,3.713731,102.48828125
08:01:03,91282CLD1,TSRYS5850288,D,S,D,2024-08-27,1000000.00,3.713731,102.48828125
08:01:03,91282CLD1,TSRYS5850288,D,S,D,2024-08-27,2000000.00,3.713414,102.490234375
08:01:03,91282CLD1,TSRYS5850288,D,B,C,2024-08-27,1000000.00,3.715003,102.48046875
08:01:03,91282CLD1,TSRYS5850288,D,B,C,2024-08-27,1000000.00,3.713731,102.48828125
08:01:03,91282CLD1,TSRYS5850288,D,B,C,2024-08-27,1000000.00,3.713414,102.490234375
08:01:03,91282CLD1,TSRYS5850288,D,B,C,2024-08-27,1000000.00,3.715957,102.474609375
08:01:03,91282CLD1,TSRYS5850288,D,S,D,2024-08-27,1000000.00,3.713731,102.48828125
08:01:03,91282CLD1,TSRYS5850288,D,S,D,2024-08-27,1000000.00,3.715321,102.478515625
08:01:03,91282CLD1,TSRYS5850288,D,B,C,2024-08-27,1000000.00,3.713731,102.48828125
08:01:03,91282CLD1,TSRYS5850288,D,B,C,2024-08-27,1000000.00,3.716911,102.46875
08:01:03,91282CLD1,TSRYS5850288,D,S,D,2024-08-27,1000000.00,3.713731,102.48828125
08:01:03,91282CLD1,TSRYS5850288,D,S,D,2024-08-27,1000000.00,3.717229,102.466796875
08:01:03,91282CLD1,TSRYS5850288,D,S,C,2024-08-27,1000000.00,3.715003,102.48046875
08:01:03,91282CLD1,TSRYS5850288,D,B,C,2024-08-27,1000000.00,3.715321,102.478515625
08:01:03,91282CLD1,TSRYS5850288,D,S,D,2024-08-27,1000000.00,3.715957,102.474609375
08:01:03,91282CLD1,TSRYS5850288,D,B,C,2024-08-27,1000000.00,3.717229,102.466796875
08:01:03,91282CLD1,TSRYS5850288,D,S,D,2024-08-27,1000000.00,3.716911,102.46875
08:01:03,91282CLD1,TSRYS5850288,D,S,D,2024-08-27,1000000.00,3.722317,102.435546875
08:01:03,91282CLD1,TSRYS5850288,D,S,D,2024-08-27,1000000.00,3.721999,102.4375
08:01:03,91282CLD1,TSRYS5850288,D,B,C,2024-08-27,1000000.00,3.719137,102.455078125
08:01:03,91282CLD1,TSRYS5850288,D,S,D,2024-08-27,1000000.00,3.719137,102.455078125
08:01:03,91282CLD1,TSRYS5850288,D,B,C,2024-08-27,1000000.00,3.721999,102.4375
08:01:03,91282CLD1,TSRYS5850288,D,S,D,2024-08-27,1000000.00,3.720091,102.44921875
08:01:03,91282CLD1,TSRYS5850288,D,S,D,2024-08-27,1000000.00,3.720091,102.44921875
08:01:03,91282CLD1,TSRYS5850288,D,B,C,2024-08-27,1000000.00,3.720091,102.44921875
08:01:03,91282CLD1,TSRYS5850288,D,S,D,2024-08-27,1000000.00,3.719137,102.455078125
08:01:03,91282CLD1,TSRYS5850288,D,B,C,2024-08-27,1000000.00,3.720091,102.44921875
08:01:03,91282CLD1,TSRYS5850288,D,B,C,2024-08-27,1000000.00,3.719137,102.455078125
08:01:03,91282CLD1,TSRYS5850288,D,B,C,2024-08-27,1000000.00,3.720091,102.44921875
08:01:03,91282CLD1,TSRYS5850288,D,S,D,2024-08-27,1000000.00,3.720091,102.44921875
08:01:03,91282CLD1,TSRYS5850288,D,B,C,2024-08-27,1000000.00,3.720091,102.44921875
08:01:03,91282CLD1,TSRYS5850288,D,S,D,2024-08-27,1000000.00,3.720091,102.44921875
08:01:03,91282CLD1,TSRYS5850288,D,S,D,2024-08-27,1000000.00,3.720091,102.44921875
08:01:03,91282CLD1,TSRYS5850288,D,S,C,2024-08-27,1000000.00,3.720091,102.44921875
08:01:03,91282CLD1,TSRYS5850288,D,S,T,2024-08-27,1000000.00,3.752902,102.247946875
08:01:03,91282CLD1,TSRYS5850288,D,S,D,2024-08-27,1000000.00,3.719773,102.451171875
08:01:03,91282CLD1,TSRYS5850288,D,B,C,2024-08-27,1000000.00,3.720091,102.44921875
08:01:03,91282CLD1,TSRYS5850288,D,B,C,2024-08-27,1000000.00,3.720091,102.44921875
08:01:03,91282CLD1,TSRYS5850288,D,B,C,2024-08-27,1000000.00,3.719773,102.451171875
08:01:03,91282CLD1,TSRYS5850288,D,S,D,2024-08-27,1000000.00,3.719137,102.455078125
08:01:03,91282CLD1,TSRYS5850288,D,S,D,2024-08-27,1000000.00,3.719137,102.455078125
08:01:03,91282CLD1,TSRYS5850288,D,B,C,2024-08-27,1000000.00,3.719455,102.453125
08:01:03,91282CLD1,TSRYS5850288,D,S,D,2024-08-27,1000000.00,3.719455,102.453125
08:01:03,91282CLD1,TSRYS5850288,D,B,C,2024-08-27,1000000.00,3.721999,102.4375
08:01:03,91282CLD1,TSRYS5850288,D,S,D,2024-08-27,1000000.00,3.721999,102.4375
08:01:04,91282CLD1,TSRYS5850288,D,S,D,2024-08-27,1000000.00,3.719455,102.453125
08:01:04,91282CLD1,TSRYS5850288,D,S,C,2024-08-27,1000000.00,3.714367,102.484375
08:01:09,91282CLD1,TSRYS5850288,D,S,D,2024-08-27,1000000.00,3.715003,102.48046875
08:01:09,91282CLD1,TSRYS5850288,D,S,D,2024-08-27,1000000.00,3.715003,102.48046875
08:01:09,91282CLD1,TSRYS5850288,D,S,D,2024-08-27,1000000.00,3.715003,102.48046875
08:01:09,91282CLD1,TSRYS5850288,D,S,D,2024-08-27,1000000.00,3.715003,102.48046875
08:01:10,91282CLD1,TSRYS5850288,D,S,D,2024-08-27,1000000.00,3.715003,102.48046875
08:01:10,91282CLD1,TSRYS5850288,D,S,D,2024-08-27,1000000.00,3.715003,102.48046875
08:01:10,91282CLD1,TSRYS5850288,D,S,D,2024-08-27,1000000.00,3.719455,102.453125
08:01:10,91282CLD1,TSRYS5850288,D,S,D,2024-08-27,1000000.00,3.730908,102.3828125
08:01:10,91282CLD1,TSRYS5850288,D,S,D,2024-08-27,1000000.00,3.730908,102.3828125
08:01:11,91282CLD1,TSRYS5850288,D,S,D,2024-08-27,1000000.00,3.751292,102.2578125
08:01:11,91282CLD1,TSRYS5850288,D,S,T,2024-08-27,1000000.00,3.730924,102.3827125
08:01:11,91282CLD1,TSRYS5850288,D,S,T,2024-08-27,1000000.00,3.730924,102.3827125
08:01:11,91282CLD1,TSRYS5850288,D,B,C,2024-08-27,1000000.00,3.721999,102.4375
08:01:11,91282CLD1,TSRYS5850288,D,S,D,2024-08-27,1000000.00,3.721999,102.4375
08:01:11,91282CLD1,TSRYS5850288,D,B,C,2024-08-27,1000000.00,3.721999,102.4375
08:01:11,91282CLD1,TSRYS5850288,D,S,D,2024-08-27,1000000.00,3.721999,102.4375
08:01:11,91282CLD1,TSRYS5850288,D,B,C,2024-08-27,1000000.00,3.721999,102.4375
08:01:11,91282CLD1,TSRYS5850288,D,S,D,2024-08-27,1000000.00,3.721999,102.4375
08:01:11,91282CLD1,TSRYS5850288,D,B,C,2024-08-27,1000000.00,3.721999,102.4375
08:01:11,91282CLD1,TSRYS5850288,D,S,D,2024-08-27,1000000.00,3.721999,102.4375
08:01:11,91282CLD1,TSRYS5850288,D,B,C,2024-08-27,1000000.00,3.721999,102.4375
08:01:11,91282CLD1,TSRYS5850288,D,S,D,2024-08-27,1000000.00,3.721999,102.4375
08:01:11,91282CLD1,TSRYS5850288,D,S,C,2024-08-27,1000000.00,3.720409,102.447265625
08:01:11,91282CLD1,TSRYS5850288,D,S,C,2024-08-27,1000000.00,3.720091,102.44921875
08:01:11,91282CLD1,TSRYS5850288,D,S,C,2024-08-27,1000000.00,3.720091,102.44921875
08:01:11,91282CLD1,TSRYS5850288,D,S,C,2024-08-27,1000000.00,3.719773,102.451171875
08:01:11,91282CLD1,TSRYS5850288,D,S,C,2024-08-27,1000000.00,3.721045,102.443359375
08:01:11,91282CLD1,TSRYS5850288,D,S,C,2024-08-27,1000000.00,3.722953,102.431640625
08:01:11,91282CLD1,TSRYS5850288,D,S,C,2024-08-27,1000000.00,3.722635,102.43359375
08:01:11,91282CLD1,TSRYS5850288,D,S,C,2024-08-27,1000000.00,3.722635,102.43359375
08:01:11,91282CLD1,TSRYS5850288,D,S,C,2024-08-27,1000000.00,3.722635,102.43359375
08:01:11,91282CLD1,TSRYS5850288,D,S,C,2024-08-27,1000000.00,3.722635,102.43359375
08:01:11,91282CLD1,TSRYS5850288,D,S,C,2024-08-27,1000000.00,3.722635,102.43359375
08:01:11,91282CLD1,TSRYS5850288,D,S,C,2024-08-27,1000000.00,3.722635,102.43359375
08:01:12,91282CLD1,TSRYS5850288,D,S,C,2024-08-27,1000000.00,3.726135,102.412109375
08:01:12,91282CLD1,TSRYS5850288,D,S,C,2024-08-27,1000000.00,3.726771,102.408203125
08:01:12,91282CLD1,TSRYS5850288,D,S,C,2024-08-27,1000000.00,3.726771,102.408203125
08:01:12,91282CLD1,TSRYS5850288,D,S,C,2024-08-27,1000000.00,3.726453,102.41015625
08:01:12,91282CLD1,TSRYS5850288,D,S,C,2024-08-27,1000000.00,3.726771,102.408203125
08:01:12,91282CLD1,TSRYS5850288,D,S,C,2024-08-27,1000000.00,3.726771,102.408203125
08:01:12,91282CLD1,TSRYS5850288,D,S,T,2024-08-27,1000000.00,3.730944,102.3825875
08:01:12,91282CLD1,TSRYS5850288,D,S,C,2024-08-27,1000000.00,3.727089,102.40625
08:01:12,91282CLD1,TSRYS5850288,D,S,C,2024-08-27,1000000.00,3.727089,102.40625
08:01:12,91282CLD1,TSRYS5850288,D,S,C,2024-08-27,1000000.00,3.727407,102.404296875
08:01:12,91282CLD1,TSRYS5850288,D,S,C,2024-08-27,1000000.00,3.727725,102.40234375
08:01:12,91282CLD1,TSRYS5850288,D,B,C,2024-08-27,1000000.00,3.728998,102.39453125
08:01:12,91282CLD1,TSRYS5850288,D,S,D,2024-08-27,1000000.00,3.728998,102.39453125
08:01:12,91282CLD1,TSRYS5850288,D,S,C,2024-08-27,1000000.00,3.731226,102.380859375
08:01:12,91282CLD1,TSRYS5850288,D,S,D,2024-08-27,1000000.00,3.730908,102.3828125
08:01:12,91282CLD1,TSRYS5850288,D,S,C,2024-08-27,1000000.00,3.732181,102.375
08:01:12,91282CLD1,TSRYS5850288,D,S,D,2024-08-27,1000000.00,3.730908,102.3828125
08:01:12,91282CLD1,TSRYS5850288,D,S,C,2024-08-27,1000000.00,3.730908,102.3828125
08:01:12,91282CLD1,TSRYS5850288,D,S,C,2024-08-27,1000000.00,3.730908,102.3828125
08:01:12,91282CLD1,TSRYS5850288,D,S,C,2024-08-27,1000000.00,3.73059,102.384765625
08:01:12,91282CLD1,TSRYS5850288,D,B,C,2024-08-27,1000000.00,3.726771,102.408203125
08:01:12,91282CLD1,TSRYS5850288,D,S,D,2024-08-27,1000000.00,3.726771,102.408203125
08:01:12,91282CLD1,TSRYS5850288,D,B,C,2024-08-27,1000000.00,3.751406,102.2571125
08:01:12,91282CLD1,TSRYS5850288,D,S,C,2024-08-27,1000000.00,3.730271,102.38671875
08:01:13,91282CLD1,TSRYS5850288,D,B,C,2024-08-27,1000000.00,3.731544,102.37890625
08:01:13,91282CLD1,TSRYS5850288,D,S,C,2024-08-27,1000000.00,3.731226,102.380859375
08:01:13,91282CLD1,TSRYS5850288,D,S,D,2024-08-27,1000000.00,3.731544,102.37890625
08:01:13,91282CLD1,TSRYS5850288,D,B,C,2024-08-27,1000000.00,3.728998,102.39453125
08:01:13,91282CLD1,TSRYS5850288,D,S,D,2024-08-27,1000000.00,3.728998,102.39453125
08:01:13,91282CLD1,TSRYS5850288,D,S,C,2024-08-27,1000000.00,3.728362,102.3984375
08:01:13,91282CLD1,TSRYS5850288,D,S,C,2024-08-27,1000000.00,3.729953,102.388671875
08:01:13,91282CLD1,TSRYS5850288,D,S,C,2024-08-27,1000000.00,3.729953,102.388671875
08:01:13,91282CLD1,TSRYS5850288,D,B,C,2024-08-27,1000000.00,3.729953,102.388671875
08:01:13,91282CLD1,TSRYS5850288,D,S,C,2024-08-27,1000000.00,3.729953,102.388671875
08:01:13,91282CLD1,TSRYS5850288,D,S,C,2024-08-27,2000000.00,3.729953,102.388671875
08:01:13,91282CLD1,TSRYS5850288,D,S,C,2024-08-27,1000000.00,3.729953,102.388671875
08:01:13,91282CLD1,TSRYS5850288,D,S,C,2024-08-27,1000000.00,3.730271,102.38671875
08:01:13,91282CLD1,TSRYS5850288,D,B,C,2024-08-27,1000000.00,3.731544,102.37890625
08:01:13,91282CLD1,TSRYS5850288,D,S,D,2024-08-27,1000000.00,3.731544,102.37890625
08:01:13,91282CLD1,TSRYS5850288,D,S,C,2024-08-27,1000000.00,3.731863,102.376953125
08:01:13,91282CLD1,TSRYS5850288,D,S,D,2024-08-27,1000000.00,3.733136,102.369140625
08:01:13,91282CLD1,TSRYS5850288,D,B,C,2024-08-27,1000000.00,3.733136,102.369140625
08:01:13,91282CLD1,TSRYS5850288,D,B,C,2024-08-27,1000000.00,3.733136,102.369140625
08:01:13,91282CLD1,TSRYS5850288,D,B,C,2024-08-27,1000000.00,3.733136,102.369140625
08:01:13,91282CLD1,TSRYS5850288,D,S,D,2024-08-27,1000000.00,3.733136,102.369140625
08:01:13,91282CLD1,TSRYS5850288,D,S,D,2024-08-27,1000000.00,3.733136,102.369140625
08:01:13,91282CLD1,TSRYS5850288,D,S,D,2024-08-27,1000000.00,3.733136,102.369140625
08:01:13,91282CLD1,TSRYS5850288,D,S,D,2024-08-27,1000000.00,3.733454,102.3671875
08:01:13,91282CLD1,TSRYS5850288,D,B,C,2024-08-27,1000000.00,3.733454,102.3671875
08:01:13,91282CLD1,TSRYS5850288,D,S,D,2024-08-27,1000000.00,3.733136,102.369140625
08:01:13,91282CLD1,TSRYS5850288,D,B,C,2024-08-27,1000000.00,3.733136,102.369140625
08:01:13,91282CLD1,TSRYS5850288,D,S,D,2024-08-27,1000000.00,3.733454,102.3671875
08:01:13,91282CLD1,TSRYS5850288,D,B,C,2024-08-27,1000000.00,3.733136,102.369140625
08:01:13,91282CLD1,TSRYS5850288,D,B,C,2024-08-27,1000000.00,3.733454,102.3671875
08:01:13,91282CLD1,TSRYS5850288,D,S,D,2024-08-27,1000000.00,3.733136,102.369140625
08:01:13,91282CLD1,TSRYS5850288,D,S,D,2024-08-27,1000000.00,3.732818,102.37109375
08:01:13,91282CLD1,TSRYS5850288,D,B,C,2024-08-27,1000000.00,3.733136,102.369140625
08:01:13,91282CLD1,TSRYS5850288,D,B,C,2024-08-27,1000000.00,3.733454,102.3671875
08:01:13,91282CLD1,TSRYS5850288,D,S,D,2024-08-27,1000000.00,3.733454,102.3671875
08:01:13,91282CLD1,TSRYS5850288,D,B,C,2024-08-27,1000000.00,3.732818,102.37109375
08:01:13,91282CLD1,TSRYS5850288,D,B,C,2024-08-27,1000000.00,3.733454,102.3671875
08:01:13,91282CLD1,TSRYS5850288,D,S,D,2024-08-27,1000000.00,3.733454,102.3671875
08:01:13,91282CLD1,TSRYS5850288,D,B,C,2024-08-27,1000000.00,3.733454,102.3671875
08:01:13,91282CLD1,TSRYS5850288,D,S,D,2024-08-27,1000000.00,3.733454,102.3671875
08:01:13,91282CLD1,TSRYS5850288,D,B,C,2024-08-27,1000000.00,3.733454,102.3671875
08:01:13,91282CLD1,TSRYS5850288,D,S,D,2024-08-27,1000000.00,3.733454,102.3671875
08:01:13,91282CLD1,TSRYS5850288,D,B,C,2024-08-27,1000000.00,3.734091,102.36328125
08:01:13,91282CLD1,TSRYS5850288,D,B,C,2024-08-27,1000000.00,3.733454,102.3671875
08:01:13,91282CLD1,TSRYS5850288,D,B,C,2024-08-27,1000000.00,3.733454,102.3671875
08:01:13,91282CLD1,TSRYS5850288,D,S,D,2024-08-27,1000000.00,3.734091,102.36328125
08:01:13,91282CLD1,TSRYS5850288,D,S,D,2024-08-27,1000000.00,3.733454,102.3671875
08:01:13,91282CLD1,TSRYS5850288,D,S,D,2024-08-27,1000000.00,3.733454,102.3671875
08:01:13,91282CLD1,TSRYS5850288,D,B,C,2024-08-27,1000000.00,3.733454,102.3671875
08:01:13,91282CLD1,TSRYS5850288,D,S,D,2024-08-27,1000000.00,3.733454,102.3671875
08:01:13,91282CLD1,TSRYS5850288,D,B,C,2024-08-27,1000000.00,3.733454,102.3671875
08:01:13,91282CLD1,TSRYS5850288,D,B,C,2024-08-27,1000000.00,3.733772,102.365234375
08:01:13,91282CLD1,TSRYS5850288,D,S,D,2024-08-27,1000000.00,3.733454,102.3671875
08:01:13,91282CLD1,TSRYS5850288,D,S,D,2024-08-27,1000000.00,3.733772,102.365234375
08:01:13,91282CLD1,TSRYS5850288,D,B,C,2024-08-27,1000000.00,3.733772,102.365234375
08:01:13,91282CLD1,TSRYS5850288,D,S,D,2024-08-27,1000000.00,3.733772,102.365234375
08:01:13,91282CLD1,TSRYS5850288,D,B,C,2024-08-27,1000000.00,3.733772,102.365234375
08:01:13,91282CLD1,TSRYS5850288,D,S,D,2024-08-27,1000000.00,3.733772,102.365234375
08:01:13,91282CLD1,TSRYS5850288,D,B,C,2024-08-27,1000000.00,3.733772,102.365234375
08:01:13,91282CLD1,TSRYS5850288,D,S,D,2024-08-27,1000000.00,3.733772,102.365234375
08:01:13,91282CLD1,TSRYS5850288,D,S,D,2024-08-27,1000000.00,3.733772,102.365234375
08:01:13,91282CLD1,TSRYS5850288,D,B,C,2024-08-27,1000000.00,3.733772,102.365234375
08:01:13,91282CLD1,TSRYS5850288,D,S,D,2024-08-27,1000000.00,3.733772,102.365234375
08:01:13,91282CLD1,TSRYS5850288,D,B,C,2024-08-27,1000000.00,3.733772,102.365234375
08:01:13,91282CLD1,TSRYS5850288,D,S,D,2024-08-27,1000000.00,3.733772,102.365234375
08:01:13,91282CLD1,TSRYS5850288,D,B,C,2024-08-27,1000000.00,3.733772,102.365234375
08:01:13,91282CLD1,TSRYS5850288,D,B,C,2024-08-27,1000000.00,3.733772,102.365234375
08:01:13,91282CLD1,TSRYS5850288,D,S,D,2024-08-27,1000000.00,3.733772,102.365234375
08:01:13,91282CLD1,TSRYS5850288,D,S,D,2024-08-27,1000000.00,3.733772,102.365234375
08:01:13,91282CLD1,TSRYS5850288,D,B,C,2024-08-27,1000000.00,3.733772,102.365234375
08:01:13,91282CLD1,TSRYS5850288,D,B,C,2024-08-27,1000000.00,3.733772,102.365234375
08:01:13,91282CLD1,TSRYS5850288,D,S,D,2024-08-27,1000000.00,3.733772,102.365234375
08:01:13,91282CLD1,TSRYS5850288,D,B,C,2024-08-27,1000000.00,3.731544,102.37890625
08:01:13,91282CLD1,TSRYS5850288,D,S,D,2024-08-27,1000000.00,3.731544,102.37890625
08:01:13,91282CLD1,TSRYS5850288,D,S,C,2024-08-27,1000000.00,3.731226,102.380859375
08:01:13,91282CLD1,TSRYS5850288,D,B,C,2024-08-27,1000000.00,3.734091,102.36328125
08:01:13,91282CLD1,TSRYS5850288,D,S,D,2024-08-27,1000000.00,3.733772,102.365234375
08:01:13,91282CLD1,TSRYS5850288,D,S,D,2024-08-27,1000000.00,3.733772,102.365234375
08:01:13,91282CLD1,TSRYS5850288,D,B,C,2024-08-27,1000000.00,3.733772,102.365234375
08:01:13,91282CLD1,TSRYS5850288,D,B,C,2024-08-27,1000000.00,3.733772,102.365234375
08:01:13,91282CLD1,TSRYS5850288,D,S,D,2024-08-27,1000000.00,3.734091,102.36328125
08:01:13,91282CLD1,TSRYS5850288,D,S,D,2024-08-27,1000000.00,3.734091,102.36328125
08:01:13,91282CLD1,TSRYS5850288,D,B,C,2024-08-27,1000000.00,3.734091,102.36328125
08:01:13,91282CLD1,TSRYS5850288,D,S,C,2024-08-27,1000000.00,3.714367,102.484375
08:01:13,91282CLD1,TSRYS5850288,D,S,C,2024-08-27,1000000.00,3.733772,102.365234375
08:01:13,91282CLD1,TSRYS5850288,D,S,C,2024-08-27,1000000.00,3.734091,102.36328125
08:01:13,91282CLD1,TSRYS5850288,D,B,C,2024-08-27,1000000.00,3.734091,102.36328125
08:01:13,91282CLD1,TSRYS5850288,D,B,C,2024-08-27,1000000.00,3.734091,102.36328125
08:01:13,91282CLD1,TSRYS5850288,D,B,C,2024-08-27,1000000.00,3.734091,102.36328125
08:01:13,91282CLD1,TSRYS5850288,D,S,D,2024-08-27,1000000.00,3.734091,102.36328125
08:01:13,91282CLD1,TSRYS5850288,D,S,D,2024-08-27,1000000.00,3.734091,102.36328125
08:01:13,91282CLD1,TSRYS5850288,D,B,C,2024-08-27,1000000.00,3.731226,102.380859375
08:01:13,91282CLD1,TSRYS5850288,D,S,D,2024-08-27,1000000.00,3.731226,102.380859375
08:01:13,91282CLD1,TSRYS5850288,D,S,D,2024-08-27,1000000.00,3.731226,102.380859375
08:01:13,91282CLD1,TSRYS5850288,D,B,C,2024-08-27,1000000.00,3.731226,102.380859375
08:01:13,91282CLD1,TSRYS5850288,D,S,D,2024-08-27,1000000.00,3.731226,102.380859375
08:01:13,91282CLD1,TSRYS5850288,D,B,C,2024-08-27,2000000.00,3.731226,102.380859375
08:01:13,91282CLD1,TSRYS5850288,D,S,D,2024-08-27,2000000.00,3.731226,102.380859375
08:01:13,91282CLD1,TSRYS5850288,D,S,D,2024-08-27,1000000.00,3.726453,102.41015625
08:01:14,91282CLD1,TSRYS5850288,D,S,D,2024-08-27,1000000.00,3.726135,102.412109375
08:01:14,91282CLD1,TSRYS5850288,D,B,C,2024-08-27,1000000.00,3.726135,102.412109375
08:01:14,91282CLD1,TSRYS5850288,D,S,D,2024-08-27,1000000.00,3.728362,102.3984375
08:01:14,91282CLD1,TSRYS5850288,D,S,D,2024-08-27,1000000.00,3.726135,102.412109375
08:01:14,91282CLD1,TSRYS5850288,D,B,C,2024-08-27,1000000.00,3.726135,102.412109375
08:01:14,91282CLD1,TSRYS5850288,D,B,C,2024-08-27,1000000.00,3.72868,102.396484375
08:01:14,91282CLD1,TSRYS5850288,D,S,D,2024-08-27,1000000.00,3.72868,102.396484375
08:01:14,91282CLD1,TSRYS5850288,D,S,D,2024-08-27,1000000.00,3.72868,102.396484375
08:01:14,91282CLD1,TSRYS5850288,D,B,C,2024-08-27,1000000.00,3.72868,102.396484375
08:01:14,91282CLD1,TSRYS5850288,D,S,D,2024-08-27,1000000.00,3.732181,102.375
08:01:14,91282CLD1,TSRYS5850288,D,B,C,2024-08-27,1000000.00,3.732499,102.373046875
08:01:14,91282CLD1,TSRYS5850288,D,S,D,2024-08-27,1000000.00,3.732499,102.373046875
08:01:14,91282CLD1,TSRYS5850288,D,B,C,2024-08-27,1000000.00,3.730908,102.3828125
08:01:14,91282CLD1,TSRYS5850288,D,S,D,2024-08-27,1000000.00,3.730908,102.3828125
08:01:14,91282CLD1,TSRYS5850288,D,B,C,2024-08-27,1000000.00,3.723908,102.42578125
08:01:14,91282CLD1,TSRYS5850288,D,S,D,2024-08-27,1000000.00,3.723908,102.42578125
08:01:14,91282CLD1,TSRYS5850288,D,S,D,2024-08-27,1000000.00,3.730271,102.38671875
08:01:14,91282CLD1,TSRYS5850288,D,S,D,2024-08-27,1000000.00,3.731544,102.37890625
08:01:14,91282CLD1,TSRYS5850288,D,S,D,2024-08-27,1000000.00,3.731863,102.376953125
08:01:14,91282CLD1,TSRYS5850288,D,B,C,2024-08-27,1000000.00,3.731544,102.37890625
08:01:14,91282CLD1,TSRYS5850288,D,B,C,2024-08-27,1000000.00,3.731544,102.37890625
08:01:14,91282CLD1,TSRYS5850288,D,S,D,2024-08-27,1000000.00,3.731544,102.37890625
08:01:14,91282CLD1,TSRYS5850288,D,S,D,2024-08-27,1000000.00,3.733136,102.369140625
08:01:14,91282CLD1,TSRYS5850288,D,S,D,2024-08-27,1000000.00,3.733772,102.365234375
08:01:14,91282CLD1,TSRYS5850288,D,S,D,2024-08-27,1000000.00,3.734409,102.361328125
08:01:14,91282CLD1,TSRYS5850288,D,B,C,2024-08-27,1000000.00,3.734409,102.361328125
08:01:15,91282CLD1,TSRYS5850288,D,S,D,2024-08-27,1000000.00,3.734409,102.361328125
08:01:15,91282CLD1,TSRYS5850288,D,S,D,2024-08-27,1000000.00,3.734409,102.361328125
08:01:15,91282CLD1,TSRYS5850288,D,B,C,2024-08-27,1000000.00,3.734409,102.361328125
08:01:15,91282CLD1,TSRYS5850288,D,B,C,2024-08-27,1000000.00,3.734409,102.361328125
08:01:15,91282CLD1,TSRYS5850288,D,S,D,2024-08-27,1000000.00,3.734409,102.361328125
08:01:15,91282CLD1,TSRYS5850288,D,S,D,2024-08-27,1000000.00,3.734409,102.361328125
08:01:15,91282CLD1,TSRYS5850288,D,B,C,2024-08-27,1000000.00,3.734409,102.361328125
08:01:15,91282CLD1,TSRYS5850288,D,B,C,2024-08-27,1000000.00,3.734409,102.361328125
08:01:15,91282CLD1,TSRYS5850288,D,S,D,2024-08-27,1000000.00,3.734409,102.361328125
08:01:15,91282CLD1,TSRYS5850288,D,B,C,2024-08-27,1000000.00,3.734409,102.361328125
08:01:15,91282CLD1,TSRYS5850288,D,S,D,2024-08-27,1000000.00,3.734409,102.361328125
08:01:15,91282CLD1,TSRYS5850288,D,B,C,2024-08-27,1000000.00,3.734409,102.361328125
08:01:15,91282CLD1,TSRYS5850288,D,S,D,2024-08-27,1000000.00,3.734409,102.361328125
08:01:15,91282CLD1,TSRYS5850288,D,B,C,2024-08-27,1000000.00,3.734409,102.361328125
08:01:15,91282CLD1,TSRYS5850288,D,S,D,2024-08-27,1000000.00,3.736956,102.345703125
08:01:15,91282CLD1,TSRYS5850288,D,S,C,2024-08-27,1000000.00,3.734409,102.361328125
08:01:15,91282CLD1,TSRYS5850288,D,S,D,2024-08-27,1000000.00,3.736956,102.345703125
08:01:15,91282CLD1,TSRYS5850288,D,S,D,2024-08-27,1000000.00,3.736956,102.345703125
08:01:15,91282CLD1,TSRYS5850288,D,S,D,2024-08-27,1000000.00,3.73823,102.337890625
08:01:15,91282CLD1,TSRYS5850288,D,S,D,2024-08-27,1000000.00,3.736956,102.345703125
08:01:15,91282CLD1,TSRYS5850288,D,B,C,2024-08-27,1000000.00,3.73823,102.337890625
08:01:15,91282CLD1,TSRYS5850288,D,S,D,2024-08-27,1000000.00,3.736638,102.34765625
08:01:15,91282CLD1,TSRYS5850288,D,S,D,2024-08-27,1000000.00,3.736638,102.34765625
08:01:15,91282CLD1,TSRYS5850288,D,S,D,2024-08-27,1000000.00,3.73823,102.337890625
08:01:15,91282CLD1,TSRYS5850288,D,B,C,2024-08-27,1000000.00,3.73823,102.337890625
08:01:15,91282CLD1,TSRYS5850288,D,S,D,2024-08-27,1000000.00,3.736001,102.3515625
08:01:15,91282CLD1,TSRYS5850288,D,B,C,2024-08-27,1000000.00,3.736001,102.3515625
08:01:15,91282CLD1,TSRYS5850288,D,S,D,2024-08-27,1000000.00,3.736001,102.3515625
08:01:15,91282CLD1,TSRYS5850288,D,B,C,2024-08-27,1000000.00,3.736001,102.3515625
08:01:15,91282CLD1,TSRYS5850288,D,S,D,2024-08-27,1000000.00,3.736001,102.3515625
08:01:15,91282CLD1,TSRYS5850288,D,B,C,2024-08-27,1000000.00,3.736001,102.3515625
08:01:15,91282CLD1,TSRYS5850288,D,B,C,2024-08-27,1000000.00,3.739504,102.330078125
08:01:15,91282CLD1,TSRYS5850288,D,S,D,2024-08-27,1000000.00,3.739504,102.330078125
08:01:15,91282CLD1,TSRYS5850288,D,S,D,2024-08-27,1000000.00,3.738548,102.3359375
08:01:15,91282CLD1,TSRYS5850288,D,S,D,2024-08-27,1000000.00,3.740459,102.32421875
08:01:15,91282CLD1,TSRYS5850288,D,B,C,2024-08-27,1000000.00,3.741096,102.3203125
08:01:15,91282CLD1,TSRYS5850288,D,S,D,2024-08-27,1000000.00,3.741096,102.3203125
08:01:15,91282CLD1,TSRYS5850288,D,B,C,2024-08-27,1000000.00,3.741096,102.3203125
08:01:15,91282CLD1,TSRYS5850288,D,S,D,2024-08-27,1000000.00,3.741733,102.31640625
08:01:15,91282CLD1,TSRYS5850288,D,B,C,2024-08-27,1000000.00,3.741733,102.31640625
08:01:15,91282CLD1,TSRYS5850288,D,S,D,2024-08-27,1000000.00,3.741096,102.3203125
08:01:15,91282CLD1,TSRYS5850288,D,B,C,2024-08-27,1000000.00,3.741733,102.31640625
08:01:15,91282CLD1,TSRYS5850288,D,B,C,2024-08-27,1000000.00,3.741733,102.31640625
08:01:15,91282CLD1,TSRYS5850288,D,S,D,2024-08-27,1000000.00,3.741733,102.31640625
08:01:15,91282CLD1,TSRYS5850288,D,B,C,2024-08-27,1000000.00,3.741733,102.31640625
08:01:15,91282CLD1,TSRYS5850288,D,S,D,2024-08-27,1000000.00,3.741733,102.31640625
08:01:15,91282CLD1,TSRYS5850288,D,S,D,2024-08-27,1000000.00,3.741733,102.31640625
08:01:15,91282CLD1,TSRYS5850288,D,B,C,2024-08-27,1000000.00,3.740778,102.322265625
08:01:15,91282CLD1,TSRYS5850288,D,S,D,2024-08-27,1000000.00,3.740778,102.322265625
08:01:15,91282CLD1,TSRYS5850288,D,B,C,2024-08-27,1000000.00,3.741415,102.318359375
08:01:15,91282CLD1,TSRYS5850288,D,B,C,2024-08-27,1000000.00,3.741415,102.318359375
08:01:15,91282CLD1,TSRYS5850288,D,S,D,2024-08-27,1000000.00,3.741415,102.318359375
08:01:15,91282CLD1,TSRYS5850288,D,S,D,2024-08-27,1000000.00,3.741733,102.31640625
08:01:15,91282CLD1,TSRYS5850288,D,S,D,2024-08-27,1000000.00,3.741415,102.318359375
08:01:15,91282CLD1,TSRYS5850288,D,B,C,2024-08-27,1000000.00,3.741733,102.31640625
08:01:15,91282CLD1,TSRYS5850288,D,B,C,2024-08-27,1000000.00,3.741733,102.31640625
08:01:15,91282CLD1,TSRYS5850288,D,S,D,2024-08-27,1000000.00,3.741733,102.31640625
08:01:15,91282CLD1,TSRYS5850288,D,B,C,2024-08-27,1000000.00,3.741733,102.31640625
08:01:15,91282CLD1,TSRYS5850288,D,S,D,2024-08-27,1000000.00,3.741733,102.31640625
08:01:15,91282CLD1,TSRYS5850288,D,B,C,2024-08-27,1000000.00,3.742052,102.314453125
08:01:15,91282CLD1,TSRYS5850288,D,B,C,2024-08-27,1000000.00,3.742052,102.314453125
08:01:15,91282CLD1,TSRYS5850288,D,S,D,2024-08-27,1000000.00,3.742052,102.314453125
08:01:15,91282CLD1,TSRYS5850288,D,S,D,2024-08-27,1000000.00,3.742052,102.314453125
08:01:15,91282CLD1,TSRYS5850288,D,S,C,2024-08-27,1000000.00,3.742052,102.314453125
08:01:15,91282CLD1,TSRYS5850288,D,B,C,2024-08-27,1000000.00,3.742052,102.314453125
08:01:15,91282CLD1,TSRYS5850288,D,B,C,2024-08-27,1000000.00,3.742052,102.314453125
08:01:15,91282CLD1,TSRYS5850288,D,S,D,2024-08-27,1000000.00,3.742052,102.314453125
08:01:15,91282CLD1,TSRYS5850288,D,B,C,2024-08-27,1000000.00,3.742052,102.314453125
08:01:15,91282CLD1,TSRYS5850288,D,S,D,2024-08-27,1000000.00,3.742052,102.314453125
08:01:15,91282CLD1,TSRYS5850288,D,B,C,2024-08-27,1000000.00,3.742689,102.310546875
08:01:15,91282CLD1,TSRYS5850288,D,S,D,2024-08-27,1000000.00,3.742689,102.310546875
08:01:15,91282CLD1,TSRYS5850288,D,B,C,2024-08-27,1000000.00,3.742689,102.310546875
08:01:15,91282CLD1,TSRYS5850288,D,B,C,2024-08-27,1000000.00,3.742689,102.310546875
08:01:15,91282CLD1,TSRYS5850288,D,S,D,2024-08-27,1000000.00,3.742689,102.310546875
08:01:15,91282CLD1,TSRYS5850288,D,S,C,2024-08-27,1000000.00,3.742689,102.310546875
08:01:15,91282CLD1,TSRYS5850288,D,S,D,2024-08-27,1000000.00,3.742689,102.310546875
08:01:15,91282CLD1,TSRYS5850288,D,S,D,2024-08-27,1000000.00,3.742689,102.310546875
08:01:15,91282CLD1,TSRYS5850288,D,S,D,2024-08-27,1000000.00,3.715003,102.48046875
08:01:15,91282CLD1,TSRYS5850288,D,B,C,2024-08-27,1000000.00,3.740778,102.322265625
08:01:15,91282CLD1,TSRYS5850288,D,B,C,2024-08-27,1000000.00,3.740459,102.32421875
08:01:15,91282CLD1,TSRYS5850288,D,S,D,2024-08-27,1000000.00,3.740778,102.322265625
08:01:15,91282CLD1,TSRYS5850288,D,S,D,2024-08-27,1000000.00,3.740459,102.32421875
08:01:15,91282CLD1,TSRYS5850288,D,S,D,2024-08-27,1000000.00,3.728998,102.39453125
08:01:15,91282CLD1,TSRYS5850288,D,S,D,2024-08-27,1000000.00,3.728362,102.3984375
08:01:15,91282CLD1,TSRYS5850288,D,S,D,2024-08-27,1000000.00,3.736001,102.3515625
08:01:16,91282CLD1,TSRYS5850288,D,S,C,2024-08-27,1000000.00,3.741415,102.318359375
08:01:16,91282CLD1,TSRYS5850288,D,S,C,2024-08-27,1000000.00,3.743326,102.306640625
08:01:16,91282CLD1,TSRYS5850288,D,S,D,2024-08-27,1000000.00,3.743326,102.306640625
08:01:16,91282CLD1,TSRYS5850288,D,S,C,2024-08-27,1000000.00,3.745874,102.291015625
08:01:16,91282CLD1,TSRYS5850288,D,S,C,2024-08-27,1000000.00,3.745874,102.291015625
08:01:16,91282CLD1,TSRYS5850288,D,S,C,2024-08-27,1000000.00,3.746193,102.2890625
08:01:16,91282CLD1,TSRYS5850288,D,S,C,2024-08-27,1000000.00,3.746193,102.2890625
08:01:16,91282CLD1,TSRYS5850288,D,S,C,2024-08-27,1000000.00,3.745556,102.29296875
08:01:16,91282CLD1,TSRYS5850288,D,B,C,2024-08-27,1000000.00,3.718819,102.45703125
08:01:16,91282CLD1,TSRYS5850288,D,S,C,2024-08-27,1000000.00,3.742689,102.310546875
08:01:16,91282CLD1,TSRYS5850288,D,S,C,2024-08-27,1000000.00,3.741733,102.31640625
08:01:16,91282CLD1,TSRYS5850288,D,S,C,2024-08-27,1000000.00,3.715003,102.48046875
08:01:16,91282CLD1,TSRYS5850288,D,S,C,2024-08-27,2000000.00,3.742052,102.314453125
08:01:16,91282CLD1,TSRYS5850288,D,B,C,2024-08-27,1000000.00,3.740778,102.322265625
08:01:16,91282CLD1,TSRYS5850288,D,B,C,2024-08-27,1000000.00,3.722317,102.43554687
08:01:16,91282CLD1,TSRYS5850288,D,S,D,2024-08-27,1000000.00,3.740778,102.322265625
08:01:16,91282CLD1,TSRYS5850288,D,S,D,2024-08-27,1000000.00,3.739822,102.328125
08:01:16,91282CLD1,TSRYS5850288,D,B,C,2024-08-27,1000000.00,3.739822,102.328125
08:01:16,91282CLD1,TSRYS5850288,D,S,D,2024-08-27,1000000.00,3.740778,102.322265625
08:01:16,91282CLD1,TSRYS5850288,D,B,C,2024-08-27,1000000.00,3.740778,102.322265625
08:01:16,91282CLD1,TSRYS5850288,D,S,C,2024-08-27,2000000.00,3.741415,102.318359375
08:01:16,91282CLD1,TSRYS5850288,D,S,C,2024-08-27,1000000.00,3.749061,102.271484375
08:01:16,91282CLD1,TSRYS5850288,D,B,C,2024-08-27,1000000.00,3.750335,102.263671875
08:01:16,91282CLD1,TSRYS5850288,D,S,D,2024-08-27,1000000.00,3.750335,102.263671875
08:01:16,91282CLD1,TSRYS5850288,D,S,C,2024-08-27,1000000.00,3.753523,102.244140625
08:01:16,91282CLD1,TSRYS5850288,D,S,C,2024-08-27,1000000.00,3.715003,102.48046875
08:01:16,91282CLD1,TSRYS5850288,D,S,D,2024-08-27,1000000.00,3.750335,102.263671875
08:01:16,91282CLD1,TSRYS5850288,D,B,C,2024-08-27,1000000.00,3.750335,102.263671875
08:01:16,91282CLD1,TSRYS5850288,D,S,D,2024-08-27,1000000.00,3.752885,102.248046875
08:01:16,91282CLD1,TSRYS5850288,D,B,C,2024-08-27,1000000.00,3.752885,102.248046875
08:01:16,91282CLD1,TSRYS5850288,D,B,C,2024-08-27,1000000.00,3.752885,102.248046875
08:01:16,91282CLD1,TSRYS5850288,D,S,D,2024-08-27,1000000.00,3.751929,102.25390625
08:01:16,91282CLD1,TSRYS5850288,D,S,D,2024-08-27,1000000.00,3.752885,102.248046875
08:01:16,91282CLD1,TSRYS5850288,D,B,C,2024-08-27,1000000.00,3.752885,102.248046875
08:01:16,91282CLD1,TSRYS5850288,D,S,D,2024-08-27,1000000.00,3.752885,102.248046875
08:01:16,91282CLD1,TSRYS5850288,D,S,D,2024-08-27,1000000.00,3.751292,102.2578125
08:01:16,91282CLD1,TSRYS5850288,D,S,D,2024-08-27,1000000.00,3.752885,102.248046875
08:01:17,91282CLD1,TSRYS5850288,D,B,C,2024-08-27,2000000.00,3.752885,102.248046875
08:01:17,91282CLD1,TSRYS5850288,D,B,C,2024-08-27,1000000.00,3.752885,102.248046875
08:01:17,91282CLD1,TSRYS5850288,D,B,C,2024-08-27,1000000.00,3.752885,102.248046875
08:01:17,91282CLD1,TSRYS5850288,D,S,D,2024-08-27,2000000.00,3.752885,102.248046875
08:01:17,91282CLD1,TSRYS5850288,D,S,D,2024-08-27,1000000.00,3.752885,102.248046875
08:01:17,91282CLD1,TSRYS5850288,D,S,D,2024-08-27,1000000.00,3.752885,102.248046875
08:01:17,91282CLD1,TSRYS5850288,D,B,C,2024-08-27,1000000.00,3.752566,102.25
08:01:17,91282CLD1,TSRYS5850288,D,B,C,2024-08-27,1000000.00,3.752885,102.248046875
08:01:17,91282CLD1,TSRYS5850288,D,B,C,2024-08-27,1000000.00,3.752885,102.248046875
08:01:17,91282CLD1,TSRYS5850288,D,S,C,2024-08-27,1000000.00,3.752566,102.25
08:01:17,91282CLD1,TSRYS5850288,D,S,D,2024-08-27,1000000.00,3.752885,102.248046875
08:01:17,91282CLD1,TSRYS5850288,D,S,D,2024-08-27,1000000.00,3.752885,102.248046875
08:01:17,91282CLD1,TSRYS5850288,D,B,C,2024-08-27,1000000.00,3.752885,102.248046875
08:01:17,91282CLD1,TSRYS5850288,D,S,D,2024-08-27,1000000.00,3.752885,102.248046875
08:01:17,91282CLD1,TSRYS5850288,D,B,C,2024-08-27,1000000.00,3.752566,102.25
08:01:17,91282CLD1,TSRYS5850288,D,B,C,2024-08-27,1000000.00,3.752885,102.248046875
08:01:17,91282CLD1,TSRYS5850288,D,S,D,2024-08-27,1000000.00,3.752885,102.248046875
08:01:17,91282CLD1,TSRYS5850288,D,S,D,2024-08-27,1000000.00,3.752248,102.251953125
08:01:17,91282CLD1,TSRYS5850288,D,S,D,2024-08-27,1000000.00,3.752885,102.248046875
08:01:17,91282CLD1,TSRYS5850288,D,S,D,2024-08-27,1000000.00,3.752566,102.25
08:01:17,91282CLD1,TSRYS5850288,D,B,C,2024-08-27,1000000.00,3.752885,102.248046875
08:01:17,91282CLD1,TSRYS5850288,D,B,C,2024-08-27,1000000.00,3.752885,102.248046875
08:01:17,91282CLD1,TSRYS5850288,D,S,C,2024-08-27,1000000.00,3.752885,102.248046875
08:01:17,91282CLD1,TSRYS5850288,D,B,C,2024-08-27,1000000.00,3.752885,102.248046875
08:01:17,91282CLD1,TSRYS5850288,D,B,C,2024-08-27,1000000.00,3.752566,102.25
08:01:17,91282CLD1,TSRYS5850288,D,S,D,2024-08-27,1000000.00,3.752566,102.25
08:01:17,91282CLD1,TSRYS5850288,D,B,C,2024-08-27,1000000.00,3.752885,102.248046875
08:01:17,91282CLD1,TSRYS5850288,D,B,C,2024-08-27,1000000.00,3.752885,102.248046875
08:01:17,91282CLD1,TSRYS5850288,D,B,C,2024-08-27,1000000.00,3.752885,102.248046875
08:01:17,91282CLD1,TSRYS5850288,D,S,C,2024-08-27,1000000.00,3.752885,102.248046875
08:01:17,91282CLD1,TSRYS5850288,D,S,C,2024-08-27,1000000.00,3.752885,102.248046875
08:01:17,91282CLD1,TSRYS5850288,D,S,C,2024-08-27,1000000.00,3.752885,102.248046875
08:01:17,91282CLD1,TSRYS5850288,D,S,C,2024-08-27,1000000.00,3.754798,102.236328125
08:01:17,91282CLD1,TSRYS5850288,D,S,D,2024-08-27,1000000.00,3.755117,102.234375
08:01:17,91282CLD1,TSRYS5850288,D,B,C,2024-08-27,1000000.00,3.755117,102.234375
08:01:17,91282CLD1,TSRYS5850288,D,B,C,2024-08-27,1000000.00,3.755117,102.234375
08:01:17,91282CLD1,TSRYS5850288,D,S,C,2024-08-27,1000000.00,3.755117,102.234375
08:01:17,91282CLD1,TSRYS5850288,D,S,D,2024-08-27,1000000.00,3.755117,102.234375
08:01:17,91282CLD1,TSRYS5850288,D,B,C,2024-08-27,1000000.00,3.754798,102.236328125
08:01:17,91282CLD1,TSRYS5850288,D,B,C,2024-08-27,1000000.00,3.754798,102.236328125
08:01:17,91282CLD1,TSRYS5850288,D,S,D,2024-08-27,1000000.00,3.754798,102.236328125
08:01:17,91282CLD1,TSRYS5850288,D,B,C,2024-08-27,1000000.00,3.756073,102.228515625
08:01:17,91282CLD1,TSRYS5850288,D,S,D,2024-08-27,1000000.00,3.756073,102.228515625
08:01:17,91282CLD1,TSRYS5850288,D,S,D,2024-08-27,1000000.00,3.755117,102.234375
08:01:17,91282CLD1,TSRYS5850288,D,S,D,2024-08-27,1000000.00,3.756392,102.2265625
08:01:17,91282CLD1,TSRYS5850288,D,B,C,2024-08-27,1000000.00,3.756392,102.2265625
08:01:17,91282CLD1,TSRYS5850288,D,B,C,2024-08-27,1000000.00,3.755117,102.234375
08:01:17,91282CLD1,TSRYS5850288,D,B,C,2024-08-27,1000000.00,3.756392,102.2265625
08:01:17,91282CLD1,TSRYS5850288,D,S,D,2024-08-27,1000000.00,3.756392,102.2265625
08:01:17,91282CLD1,TSRYS5850288,D,S,C,2024-08-27,2000000.00,3.755117,102.234375
08:01:17,91282CLD1,TSRYS5850288,D,S,D,2024-08-27,1000000.00,3.755117,102.234375
08:01:17,91282CLD1,TSRYS5850288,D,S,D,2024-08-27,1000000.00,3.754798,102.236328125
08:01:17,91282CLD1,TSRYS5850288,D,B,C,2024-08-27,1000000.00,3.754798,102.236328125
08:01:17,91282CLD1,TSRYS5850288,D,S,C,2024-08-27,1000000.00,3.755117,102.234375
08:01:17,91282CLD1,TSRYS5850288,D,B,C,2024-08-27,1000000.00,3.754798,102.236328125
08:01:17,91282CLD1,TSRYS5850288,D,S,D,2024-08-27,1000000.00,3.754798,102.236328125
08:01:17,91282CLD1,TSRYS5850288,D,S,D,2024-08-27,1000000.00,3.754798,102.236328125
08:01:17,91282CLD1,TSRYS5850288,D,S,D,2024-08-27,1000000.00,3.754798,102.236328125
08:01:17,91282CLD1,TSRYS5850288,D,B,C,2024-08-27,1000000.00,3.754479,102.23828125
08:01:17,91282CLD1,TSRYS5850288,D,B,C,2024-08-27,1000000.00,3.754798,102.236328125
08:01:17,91282CLD1,TSRYS5850288,D,S,D,2024-08-27,1000000.00,3.754479,102.23828125
08:01:17,91282CLD1,TSRYS5850288,D,B,C,2024-08-27,1000000.00,3.755117,102.234375
08:01:17,91282CLD1,TSRYS5850288,D,S,C,2024-08-27,1000000.00,3.755436,102.232421875
08:01:17,91282CLD1,TSRYS5850288,D,S,C,2024-08-27,1000000.00,3.755436,102.232421875
08:01:17,91282CLD1,TSRYS5850288,D,S,D,2024-08-27,1000000.00,3.755117,102.234375
08:01:17,91282CLD1,TSRYS5850288,D,S,C,2024-08-27,1000000.00,3.755117,102.234375
08:01:17,91282CLD1,TSRYS5850288,D,B,C,2024-08-27,1000000.00,3.755117,102.234375
08:01:17,91282CLD1,TSRYS5850288,D,S,C,2024-08-27,1000000.00,3.755117,102.234375
08:01:17,91282CLD1,TSRYS5850288,D,B,C,2024-08-27,1000000.00,3.755117,102.234375
08:01:17,91282CLD1,TSRYS5850288,D,S,D,2024-08-27,1000000.00,3.755117,102.234375
08:01:17,91282CLD1,TSRYS5850288,D,S,D,2024-08-27,1000000.00,3.755117,102.234375
08:01:17,91282CLD1,TSRYS5850288,D,B,C,2024-08-27,1000000.00,3.754798,102.236328125
08:01:17,91282CLD1,TSRYS5850288,D,S,D,2024-08-27,1000000.00,3.754798,102.236328125
08:01:17,91282CLD1,TSRYS5850288,D,S,D,2024-08-27,1000000.00,3.751292,102.2578125
08:01:17,91282CLD1,TSRYS5850288,D,B,C,2024-08-27,1000000.00,3.751292,102.2578125
08:01:17,91282CLD1,TSRYS5850288,D,S,D,2024-08-27,1000000.00,3.750654,102.26171875
08:01:17,91282CLD1,TSRYS5850288,D,B,C,2024-08-27,1000000.00,3.750335,102.263671875
08:01:17,91282CLD1,TSRYS5850288,D,B,C,2024-08-27,1000000.00,3.750017,102.265625
08:01:17,91282CLD1,TSRYS5850288,D,B,C,2024-08-27,1000000.00,3.750654,102.26171875
08:01:17,91282CLD1,TSRYS5850288,D,S,D,2024-08-27,1000000.00,3.750017,102.265625
08:01:17,91282CLD1,TSRYS5850288,D,S,D,2024-08-27,1000000.00,3.750335,102.263671875
08:01:17,91282CLD1,TSRYS5850288,D,B,C,2024-08-27,1000000.00,3.749379,102.26953125
08:01:17,91282CLD1,TSRYS5850288,D,S,D,2024-08-27,1000000.00,3.749379,102.26953125
08:01:17,91282CLD1,TSRYS5850288,D,S,D,2024-08-27,1000000.00,3.749379,102.26953125
08:01:17,91282CLD1,TSRYS5850288,D,B,C,2024-08-27,1000000.00,3.749698,102.267578125
08:01:17,91282CLD1,TSRYS5850288,D,S,D,2024-08-27,1000000.00,3.749698,102.267578125
08:01:17,91282CLD1,TSRYS5850288,D,B,C,2024-08-27,1000000.00,3.750017,102.265625
08:01:17,91282CLD1,TSRYS5850288,D,S,D,2024-08-27,1000000.00,3.750017,102.265625
08:01:17,91282CLD1,TSRYS5850288,D,S,D,2024-08-27,1000000.00,3.750335,102.263671875
08:01:17,91282CLD1,TSRYS5850288,D,S,D,2024-08-27,1000000.00,3.750017,102.265625
08:01:17,91282CLD1,TSRYS5850288,D,B,C,2024-08-27,1000000.00,3.750017,102.265625
08:01:17,91282CLD1,TSRYS5850288,D,B,C,2024-08-27,1000000.00,3.750017,102.265625
08:01:17,91282CLD1,TSRYS5850288,D,S,D,2024-08-27,1000000.00,3.750017,102.265625
08:01:17,91282CLD1,TSRYS5850288,D,S,D,2024-08-27,1000000.00,3.750017,102.265625
08:01:17,91282CLD1,TSRYS5850288,D,B,C,2024-08-27,1000000.00,3.750017,102.265625
08:01:17,91282CLD1,TSRYS5850288,D,S,D,2024-08-27,1000000.00,3.750335,102.263671875
08:01:17,91282CLD1,TSRYS5850288,D,B,C,2024-08-27,1000000.00,3.750335,102.263671875
08:01:17,91282CLD1,TSRYS5850288,D,S,D,2024-08-27,1000000.00,3.750335,102.263671875
08:01:17,91282CLD1,TSRYS5850288,D,B,C,2024-08-27,1000000.00,3.750335,102.263671875
08:01:17,91282CLD1,TSRYS5850288,D,B,C,2024-08-27,1000000.00,3.750017,102.265625
08:01:17,91282CLD1,TSRYS5850288,D,B,C,2024-08-27,1000000.00,3.750335,102.263671875
08:01:17,91282CLD1,TSRYS5850288,D,S,D,2024-08-27,1000000.00,3.750335,102.263671875
08:01:17,91282CLD1,TSRYS5850288,D,B,C,2024-08-27,1000000.00,3.750017,102.265625
08:01:17,91282CLD1,TSRYS5850288,D,S,D,2024-08-27,1000000.00,3.750017,102.265625
08:01:17,91282CLD1,TSRYS5850288,D,S,D,2024-08-27,1000000.00,3.750017,102.265625
08:01:17,91282CLD1,TSRYS5850288,D,B,C,2024-08-27,1000000.00,3.750017,102.265625
08:01:17,91282CLD1,TSRYS5850288,D,S,D,2024-08-27,1000000.00,3.750017,102.265625
08:01:17,91282CLD1,TSRYS5850288,D,B,C,2024-08-27,1000000.00,3.750017,102.265625
08:01:17,91282CLD1,TSRYS5850288,D,S,D,2024-08-27,1000000.00,3.750017,102.265625
08:01:18,91282CLD1,TSRYS5850288,D,S,D,2024-08-27,1000000.00,3.751292,102.2578125
08:01:18,91282CLD1,TSRYS5850288,D,S,D,2024-08-27,1000000.00,3.750335,102.263671875
08:01:18,91282CLD1,TSRYS5850288,D,B,C,2024-08-27,1000000.00,3.750335,102.263671875
08:01:18,91282CLD1,TSRYS5850288,D,B,C,2024-08-27,1000000.00,3.750017,102.265625
08:01:18,91282CLD1,TSRYS5850288,D,B,C,2024-08-27,2000000.00,3.750335,102.263671875
08:01:18,91282CLD1,TSRYS5850288,D,S,D,2024-08-27,1000000.00,3.750017,102.265625
08:01:18,91282CLD1,TSRYS5850288,D,S,D,2024-08-27,2000000.00,3.750335,102.263671875
08:01:18,91282CLD1,TSRYS5850288,D,S,D,2024-08-27,1000000.00,3.750335,102.263671875
08:01:18,91282CLD1,TSRYS5850288,D,B,C,2024-08-27,1000000.00,3.750017,102.265625
08:01:18,91282CLD1,TSRYS5850288,D,S,D,2024-08-27,1000000.00,3.750017,102.265625
08:01:18,91282CLD1,TSRYS5850288,D,B,C,2024-08-27,1000000.00,3.750335,102.263671875
08:01:18,91282CLD1,TSRYS5850288,D,S,D,2024-08-27,1000000.00,3.750335,102.263671875
08:01:18,91282CLD1,TSRYS5850288,D,S,C,2024-08-27,1000000.00,3.750973,102.259765625
08:01:18,91282CLD1,TSRYS5850288,D,B,C,2024-08-27,1000000.00,3.750017,102.265625
08:01:18,91282CLD1,TSRYS5850288,D,S,D,2024-08-27,1000000.00,3.750017,102.265625
08:01:18,91282CLD1,TSRYS5850288,D,B,C,2024-08-27,1000000.00,3.750017,102.265625
08:01:18,91282CLD1,TSRYS5850288,D,S,D,2024-08-27,1000000.00,3.750017,102.265625
08:01:18,91282CLD1,TSRYS5850288,D,B,C,2024-08-27,1000000.00,3.750335,102.263671875
08:01:18,91282CLD1,TSRYS5850288,D,S,D,2024-08-27,1000000.00,3.750335,102.263671875
08:01:18,91282CLD1,TSRYS5850288,D,B,C,2024-08-27,1000000.00,3.750335,102.263671875
08:01:18,91282CLD1,TSRYS5850288,D,S,D,2024-08-27,1000000.00,3.750017,102.265625
08:01:18,91282CLD1,TSRYS5850288,D,S,D,2024-08-27,1000000.00,3.750335,102.263671875
08:01:18,91282CLD1,TSRYS5850288,D,B,C,2024-08-27,1000000.00,3.750335,102.263671875
08:01:18,91282CLD1,TSRYS5850288,D,B,C,2024-08-27,1000000.00,3.750017,102.265625
08:01:18,91282CLD1,TSRYS5850288,D,S,D,2024-08-27,1000000.00,3.750335,102.263671875
08:01:18,91282CLD1,TSRYS5850288,D,S,D,2024-08-27,1000000.00,3.750335,102.263671875
08:01:18,91282CLD1,TSRYS5850288,D,B,C,2024-08-27,1000000.00,3.750335,102.263671875
08:01:18,91282CLD1,TSRYS5850288,D,S,D,2024-08-27,1000000.00,3.752248,102.251953125
08:01:18,91282CLD1,TSRYS5850288,D,B,C,2024-08-27,1000000.00,3.752248,102.251953125
08:01:18,91282CLD1,TSRYS5850288,D,B,C,2024-08-27,1000000.00,3.750335,102.263671875
08:01:18,91282CLD1,TSRYS5850288,D,S,D,2024-08-27,1000000.00,3.750335,102.263671875
08:01:18,91282CLD1,TSRYS5850288,D,B,C,2024-08-27,1000000.00,3.750335,102.263671875
08:01:18,91282CLD1,TSRYS5850288,D,S,D,2024-08-27,1000000.00,3.750335,102.263671875
08:01:18,91282CLD1,TSRYS5850288,D,S,D,2024-08-27,1000000.00,3.752566,102.25
08:01:18,91282CLD1,TSRYS5850288,D,B,C,2024-08-27,1000000.00,3.752566,102.25
08:01:18,91282CLD1,TSRYS5850288,D,S,D,2024-08-27,1000000.00,3.752566,102.25
08:01:18,91282CLD1,TSRYS5850288,D,B,C,2024-08-27,1000000.00,3.752885,102.248046875
08:01:18,91282CLD1,TSRYS5850288,D,S,D,2024-08-27,1000000.00,3.752566,102.25
08:01:18,91282CLD1,TSRYS5850288,D,S,D,2024-08-27,1000000.00,3.752885,102.248046875
08:01:18,91282CLD1,TSRYS5850288,D,S,D,2024-08-27,1000000.00,3.752566,102.25
08:01:18,91282CLD1,TSRYS5850288,D,B,C,2024-08-27,1000000.00,3.752566,102.25
08:01:18,91282CLD1,TSRYS5850288,D,S,D,2024-08-27,1000000.00,3.752566,102.25
08:01:18,91282CLD1,TSRYS5850288,D,S,D,2024-08-27,1000000.00,3.752566,102.25
08:01:18,91282CLD1,TSRYS5850288,D,S,D,2024-08-27,1000000.00,3.752885,102.248046875
08:01:18,91282CLD1,TSRYS5850288,D,S,D,2024-08-27,1000000.00,3.753842,102.2421875
08:01:18,91282CLD1,TSRYS5850288,D,S,D,2024-08-27,1000000.00,3.755117,102.234375
08:01:19,91282CLD1,TSRYS5850288,D,S,D,2024-08-27,1000000.00,3.755117,102.234375
08:01:19,91282CLD1,TSRYS5850288,D,S,D,2024-08-27,1000000.00,3.755117,102.234375
08:01:19,91282CLD1,TSRYS5850288,D,S,D,2024-08-27,1000000.00,3.755117,102.234375
08:01:19,91282CLD1,TSRYS5850288,D,S,D,2024-08-27,1000000.00,3.755117,102.234375
08:01:19,91282CLD1,TSRYS5850288,D,S,D,2024-08-27,1000000.00,3.755117,102.234375
08:01:19,91282CLD1,TSRYS5850288,D,B,C,2024-08-27,1000000.00,3.755117,102.234375
08:01:19,91282CLD1,TSRYS5850288,D,S,D,2024-08-27,1000000.00,3.755117,102.234375
08:01:19,91282CLD1,TSRYS5850288,D,S,D,2024-08-27,1000000.00,3.755117,102.234375
08:01:19,91282CLD1,TSRYS5850288,D,S,D,2024-08-27,1000000.00,3.756073,102.228515625
08:01:19,91282CLD1,TSRYS5850288,D,S,D,2024-08-27,1000000.00,3.756073,102.228515625
08:01:19,91282CLD1,TSRYS5850288,D,S,C,2024-08-27,775000.00,3.714367,102.484375
08:01:19,91282CLD1,TSRYS5850288,D,B,C,2024-08-27,1000000.00,3.757667,102.21875
08:01:19,91282CLD1,TSRYS5850288,D,S,D,2024-08-27,1000000.00,3.757667,102.21875
08:01:19,91282CLD1,TSRYS5850288,D,B,C,2024-08-27,1000000.00,3.757349,102.220703125
08:01:19,91282CLD1,TSRYS5850288,D,S,D,2024-08-27,1000000.00,3.757349,102.220703125
08:01:19,91282CLD1,TSRYS5850288,D,S,C,2024-08-27,1000000.00,3.715003,102.48046875
08:01:19,91282CLD1,TSRYS5850288,D,B,C,2024-08-27,1000000.00,3.75703,102.22265625
08:01:19,91282CLD1,TSRYS5850288,D,S,D,2024-08-27,1000000.00,3.75703,102.22265625
08:01:19,91282CLD1,TSRYS5850288,D,S,D,2024-08-27,1000000.00,3.757349,102.220703125
08:01:19,91282CLD1,TSRYS5850288,D,B,C,2024-08-27,1000000.00,3.757349,102.220703125
08:01:19,91282CLD1,TSRYS5850288,D,S,D,2024-08-27,1000000.00,3.757349,102.220703125
08:01:19,91282CLD1,TSRYS5850288,D,B,C,2024-08-27,1000000.00,3.756073,102.228515625
08:01:19,91282CLD1,TSRYS5850288,D,S,D,2024-08-27,1000000.00,3.756073,102.228515625
08:01:19,91282CLD1,TSRYS5850288,D,B,C,2024-08-27,1000000.00,3.754798,102.236328125
08:01:19,91282CLD1,TSRYS5850288,D,S,D,2024-08-27,1000000.00,3.754798,102.236328125
08:01:19,91282CLD1,TSRYS5850288,D,B,C,2024-08-27,1000000.00,3.754479,102.23828125
08:01:19,91282CLD1,TSRYS5850288,D,S,D,2024-08-27,1000000.00,3.754479,102.23828125
08:01:19,91282CLD1,TSRYS5850288,D,S,C,2024-08-27,1000000.00,3.715003,102.48046875
08:01:19,91282CLD1,TSRYS5850288,D,S,T,2024-08-27,1000000.00,3.715003,102.48046875
08:01:19,91282CLD1,TSRYS5850288,D,S,D,2024-08-27,1000000.00,3.755117,102.234375
08:01:19,91282CLD1,TSRYS5850288,D,B,C,2024-08-27,1000000.00,3.755117,102.234375
08:01:19,91282CLD1,TSRYS5850288,D,S,D,2024-08-27,1000000.00,3.755117,102.234375
08:01:19,91282CLD1,TSRYS5850288,D,S,D,2024-08-27,1000000.00,3.755117,102.234375
08:01:20,91282CLD1,TSRYS5850288,D,S,D,2024-08-27,1000000.00,3.755117,102.234375
08:01:20,91282CLD1,TSRYS5850288,D,S,D,2024-08-27,1000000.00,3.755117,102.234375
08:01:20,91282CLD1,TSRYS5850288,D,S,D,2024-08-27,1000000.00,3.755117,102.234375
08:01:20,91282CLD1,TSRYS5850288,D,S,D,2024-08-27,1000000.00,3.755117,102.234375
08:01:20,91282CLD1,TSRYS5850288,D,B,C,2024-08-27,1000000.00,3.752248,102.251953125
08:01:20,91282CLD1,TSRYS5850288,D,S,D,2024-08-27,1000000.00,3.752248,102.251953125
08:01:20,91282CLD1,TSRYS5850288,D,S,D,2024-08-27,1000000.00,3.752885,102.248046875
08:01:20,91282CLD1,TSRYS5850288,D,S,C,2024-08-27,1000000.00,3.752885,102.248046875
08:01:20,91282CLD1,TSRYS5850288,D,B,C,2024-08-27,1000000.00,3.752885,102.248046875
08:01:20,91282CLD1,TSRYS5850288,D,S,T,2024-08-27,1000000.00,3.715003,102.48046875
08:01:20,91282CLD1,TSRYS5850288,D,S,D,2024-08-27,1000000.00,3.752885,102.248046875
08:01:20,91282CLD1,TSRYS5850288,D,S,D,2024-08-27,1000000.00,3.752885,102.248046875
08:01:20,91282CLD1,TSRYS5850288,D,S,D,2024-08-27,1000000.00,3.752885,102.248046875
08:01:20,91282CLD1,TSRYS5850288,D,B,C,2024-08-27,1000000.00,3.752885,102.248046875
08:01:20,91282CLD1,TSRYS5850288,D,S,D,2024-08-27,1000000.00,3.752885,102.248046875
08:01:20,91282CLD1,TSRYS5850288,D,S,D,2024-08-27,1000000.00,3.720727,102.4453125
08:01:20,91282CLD1,TSRYS5850288,D,S,D,2024-08-27,1000000.00,3.722317,102.435546875
08:01:20,91282CLD1,TSRYS5850288,D,B,C,2024-08-27,1000000.00,3.752885,102.248046875
08:01:20,91282CLD1,TSRYS5850288,D,B,C,2024-08-27,1000000.00,3.752885,102.248046875
08:01:20,91282CLD1,TSRYS5850288,D,S,D,2024-08-27,1000000.00,3.752885,102.248046875
08:01:20,91282CLD1,TSRYS5850288,D,S,D,2024-08-27,1000000.00,3.752885,102.248046875
08:01:20,91282CLD1,TSRYS5850288,D,S,D,2024-08-27,1000000.00,3.752885,102.248046875
08:01:20,91282CLD1,TSRYS5850288,D,S,D,2024-08-27,1000000.00,3.752885,102.248046875
08:01:20,91282CLD1,TSRYS5850288,D,S,D,2024-08-27,1000000.00,3.752885,102.248046875
08:01:20,91282CLD1,TSRYS5850288,D,S,D,2024-08-27,1000000.00,3.752885,102.248046875
08:01:20,91282CLD1,TSRYS5850288,D,S,D,2024-08-27,1000000.00,3.752885,102.248046875
08:01:20,91282CLD1,TSRYS5850288,D,S,D,2024-08-27,1000000.00,3.752885,102.248046875
08:01:20,91282CLD1,TSRYS5850288,D,S,T,2024-08-27,1000000.00,3.719455,102.453125
08:01:20,91282CLD1,TSRYS5850288,D,S,T,2024-08-27,1000000.00,3.719455,102.453125
08:01:20,91282CLD1,TSRYS5850288,D,S,D,2024-08-27,1000000.00,3.752885,102.248046875
08:01:20,91282CLD1,TSRYS5850288,D,S,D,2024-08-27,1000000.00,3.752885,102.248046875
08:01:20,91282CLD1,TSRYS5850288,D,S,D,2024-08-27,1000000.00,3.752566,102.25
08:01:20,91282CLD1,TSRYS5850288,D,S,A,2024-08-27,1085000.00,3.75143,102.2578125
08:01:20,91282CLD1,TSRYS5850288,D,B,C,2024-08-27,1000000.00,3.752885,102.248046875
08:01:20,91282CLD1,TSRYS5850288,D,S,D,2024-08-27,1000000.00,3.752885,102.248046875
08:01:20,91282CLD1,TSRYS5850288,D,B,C,2024-08-27,1000000.00,3.752566,102.25
08:01:20,91282CLD1,TSRYS5850288,D,S,D,2024-08-27,1000000.00,3.752566,102.25
08:01:20,91282CLD1,TSRYS5850288,D,S,D,2024-08-27,1000000.00,3.752566,102.25
08:01:20,91282CLD1,TSRYS5850288,D,S,T,2024-08-27,1000000.00,3.730908,102.3828125
08:01:20,91282CLD1,TSRYS5850288,D,S,T,2024-08-27,1000000.00,3.730908,102.3828125
08:01:20,91282CLD1,TSRYS5850288,D,S,C,2024-08-27,1000000.00,3.752248,102.251953125
08:01:20,91282CLD1,TSRYS5850288,D,S,D,2024-08-27,1000000.00,3.752566,102.25
08:01:20,91282CLD1,TSRYS5850288,D,S,D,2024-08-27,1000000.00,3.752566,102.25
08:01:20,91282CLD1,TSRYS5850288,D,S,C,2024-08-27,1000000.00,3.750973,102.259765625
08:01:20,91282CLD1,TSRYS5850288,D,S,C,2024-08-27,1000000.00,3.750973,102.259765625
08:01:20,91282CLD1,TSRYS5850288,D,S,D,2024-08-27,1000000.00,3.72868,102.39648437
08:01:20,91282CLD1,TSRYS5850288,D,S,C,2024-08-27,1000000.00,3.750973,102.259765625
08:01:20,91282CLD1,TSRYS5850288,D,S,D,2024-08-27,1000000.00,3.72868,102.39648437
08:01:20,91282CLD1,TSRYS5850288,D,B,C,2024-08-27,1000000.00,3.750017,102.265625
08:01:20,91282CLD1,TSRYS5850288,D,S,D,2024-08-27,1000000.00,3.750017,102.265625
08:01:20,91282CLD1,TSRYS5850288,D,S,C,2024-08-27,1000000.00,3.72868,102.39648437
08:01:21,91282CLD1,TSRYS5850288,D,S,D,2024-08-27,1000000.00,3.748423,102.275390625
08:01:21,91282CLD1,TSRYS5850288,D,S,D,2024-08-27,1000000.00,3.748742,102.2734375
08:01:21,91282CLD1,TSRYS5850288,D,S,D,2024-08-27,1000000.00,3.748423,102.275390625
08:01:21,91282CLD1,TSRYS5850288,D,S,D,2024-08-27,135000.00,3.751292,102.2578125
08:01:21,91282CLD1,TSRYS5850288,D,S,D,2024-08-27,135000.00,3.751292,102.2578125
08:01:21,91282CLD1,TSRYS5850288,D,S,D,2024-08-27,1000000.00,3.748105,102.27734375
08:01:21,91282CLD1,TSRYS5850288,D,S,D,2024-08-27,1000000.00,3.748423,102.275390625
08:01:21,91282CLD1,TSRYS5850288,D,S,D,2024-08-27,1000000.00,3.748423,102.275390625
08:01:21,91282CLD1,TSRYS5850288,D,S,D,2024-08-27,1000000.00,3.748423,102.275390625
08:01:21,91282CLD1,TSRYS5850288,D,S,D,2024-08-27,1000000.00,3.748423,102.275390625
08:01:21,91282CLD1,TSRYS5850288,D,S,D,2024-08-27,1000000.00,3.748423,102.275390625
08:01:21,91282CLD1,TSRYS5850288,D,S,D,2024-08-27,2000000.00,3.749698,102.267578125
08:01:21,91282CLD1,TSRYS5850288,D,B,C,2024-08-27,1000000.00,3.750017,102.265625
08:01:21,91282CLD1,TSRYS5850288,D,S,D,2024-08-27,1000000.00,3.750017,102.265625
08:01:21,91282CLD1,TSRYS5850288,D,S,D,2024-08-27,1000000.00,3.750335,102.263671875
08:01:21,91282CLD1,TSRYS5850288,D,S,D,2024-08-27,1000000.00,3.750335,102.263671875
08:01:21,91282CLD1,TSRYS5850288,D,B,C,2024-08-27,1000000.00,3.750335,102.263671875
08:01:21,91282CLD1,TSRYS5850288,D,S,D,2024-08-27,1000000.00,3.750335,102.263671875
08:01:21,91282CLD1,TSRYS5850288,D,S,D,2024-08-27,1000000.00,3.750973,102.259765625
08:01:21,91282CLD1,TSRYS5850288,D,S,D,2024-08-27,1000000.00,3.750335,102.263671875
08:01:21,91282CLD1,TSRYS5850288,D,S,D,2024-08-27,1000000.00,3.750335,102.263671875
08:01:21,91282CLD1,TSRYS5850288,D,S,C,2024-08-27,88400000.00,3.750739,102.2612
08:01:21,91282CLD1,TSRYS5850288,D,S,D,2024-08-27,360000.00,3.751292,102.2578125
08:01:21,91282CLD1,TSRYS5850288,D,S,D,2024-08-27,360000.00,3.751292,102.2578125
08:01:21,91282CLD1,TSRYS5850288,D,S,D,2024-08-27,1000000.00,3.715003,102.48046875
08:01:21,91282CLD1,TSRYS5850288,D,S,T,2024-08-27,1000000.00,3.715003,102.48046875
08:01:22,91282CLD1,TSRYS5850288,D,S,T,2024-08-27,3000000.00,3.738569,102.3358075
08:01:22,91282CLD1,TSRYS5850288,D,S,T,2024-08-27,1000000.00,3.715003,102.48046875
08:01:22,91282CLD1,TSRYS5850288,D,B,C,2024-08-27,1000000.00,3.733454,102.3671875
08:01:23,91282CLD1,TSRYS5850288,D,B,C,2024-08-27,1000000.00,3.733454,102.3671875
08:01:23,91282CLD1,TSRYS5850288,D,B,C,2024-08-27,1000000.00,3.733454,102.3671875
08:01:24,91282CLD1,TSRYS5850288,D,S,D,2024-08-27,1000000.00,3.715003,102.48046875
08:01:24,91282CLD1,TSRYS5850288,D,S,C,2024-08-27,1000000.00,3.716593,102.470703125
08:01:25,91282CLD1,TSRYS5850288,D,S,D,2024-08-27,1000000.00,3.715003,102.48046875
08:01:25,91282CLD1,TSRYS5850288,D,S,T,2024-08-27,1000000.00,3.729969,102.388571875
08:01:25,91282CLD1,TSRYS5850288,D,B,A,2024-08-27,1000000.00,3.729953,102.388671875
08:01:25,91282CLD1,TSRYS5850288,D,S,T,2024-08-27,1000000.00,3.729969,102.388571875
08:01:25,91282CLD1,TSRYS5850288,D,B,A,2024-08-27,1000000.00,3.729953,102.388671875
08:01:25,91282CLD1,TSRYS5850288,D,S,D,2024-08-27,1000000.00,3.718819,102.45703125
08:01:26,91282CLD1,TSRYS5850288,D,S,A,2024-08-27,1500000.00,3.738548,102.3359375
08:01:26,91282CLD1,TSRYS5850288,D,B,C,2024-08-27,1000000.00,3.736001,102.3515625
08:01:26,91282CLD1,TSRYS5850288,D,S,D,2024-08-27,1000000.00,3.715003,102.48046875
08:01:26,91282CLD1,TSRYS5850288,D,S,D,2024-08-27,1000000.00,3.72868,102.39648437
08:01:26,91282CLD1,TSRYS5850288,D,S,D,2024-08-27,1000000.00,3.715003,102.48046875
08:01:26,91282CLD1,TSRYS5850288,D,S,D,2024-08-27,1000000.00,3.719455,102.453125
08:01:27,91282CLD1,TSRYS5850288,D,S,D,2024-08-27,1000000.00,3.719455,102.453125
08:01:27,91282CLD1,TSRYS5850288,D,B,A,2024-08-27,9000000.00,3.751292,102.2578125
08:01:27,91282CLD1,TSRYS5850288,D,S,T,2024-08-27,2000000.00,3.751308,102.2577125
08:01:27,91282CLD1,TSRYS5850288,D,S,T,2024-08-27,1000000.00,3.751308,102.2577125
08:01:27,91282CLD1,TSRYS5850288,D,S,T,2024-08-27,1000000.00,3.751308,102.2577125
08:01:27,91282CLD1,TSRYS5850288,D,S,T,2024-08-27,1000000.00,3.751292,102.2578125
08:01:27,91282CLD1,TSRYS5850288,D,S,T,2024-08-27,1000000.00,3.751292,102.2578125
08:01:27,91282CLD1,TSRYS5850288,D,S,T,2024-08-27,1000000.00,3.751292,102.2578125
08:01:27,91282CLD1,TSRYS5850288,D,S,T,2024-08-27,1000000.00,3.751292,102.2578125
08:01:27,91282CLD1,TSRYS5850288,D,S,T,2024-08-27,1000000.00,3.751292,102.2578125
08:01:28,91282CLD1,TSRYS5850288,D,S,C,2024-08-27,1000000.00,3.719455,102.453125
08:01:28,91282CLD1,TSRYS5850288,D,S,D,2024-08-27,1000000.00,3.715003,102.48046875
08:01:28,91282CLD1,TSRYS5850288,D,S,D,2024-08-27,1000000.00,3.718183,102.4609375
08:01:28,91282CLD1,TSRYS5850288,D,S,C,2024-08-27,1000000.00,3.718183,102.4609375
08:01:28,91282CLD1,TSRYS5850288,D,S,C,2024-08-27,1000000.00,3.717547,102.46484375
08:01:29,91282CLD1,TSRYS5850288,D,S,C,2024-08-27,1000000.00,3.715003,102.48046875
08:01:29,91282CLD1,TSRYS5850288,D,S,T,2024-08-27,1000000.00,3.742387,102.312398
08:01:29,91282CLD1,TSRYS5850288,D,S,C,2024-08-27,1000000.00,3.715003,102.48046875
08:01:29,91282CLD1,TSRYS5850288,D,B,C,2024-08-27,1000000.00,3.722317,102.43554687
08:01:30,91282CLD1,TSRYS5850288,D,S,T,2024-08-27,1000000.00,3.750038,102.265495
08:01:30,91282CLD1,TSRYS5850288,D,S,T,2024-08-27,1000000.00,3.750038,102.265495
08:01:31,91282CLD1,TSRYS5850288,D,S,T,2024-08-27,1000000.00,3.715003,102.48046875
08:01:31,91282CLD1,TSRYS5850288,D,S,C,2024-08-27,13000000.00,3.720406,102.44728
08:01:31,91282CLD1,TSRYS5850288,D,S,T,2024-08-27,1000000.00,3.740778,102.32226562
08:01:31,91282CLD1,TSRYS5850288,D,S,T,2024-08-27,2000000.00,3.740778,102.32226562
08:01:31,91282CLD1,TSRYS5850288,D,S,T,2024-08-27,1000000.00,3.73823,102.33789062
08:01:31,91282CLD1,TSRYS5850288,D,S,T,2024-08-27,1000000.00,3.73823,102.33789062
08:01:31,91282CLD1,TSRYS5850288,D,S,T,2024-08-27,1000000.00,3.73823,102.33789062
08:01:31,91282CLD1,TSRYS5850288,D,S,T,2024-08-27,1000000.00,3.73823,102.33789062
08:01:31,91282CLD1,TSRYS5850288,D,S,T,2024-08-27,1000000.00,3.73823,102.33789062
08:01:31,91282CLD1,TSRYS5850288,D,S,C,2024-08-27,1000000.00,3.715003,102.48046875
08:01:32,91282CLD1,TSRYS5850288,D,S,T,2024-08-27,1000000.00,3.740778,102.32226562
08:01:32,91282CLD1,TSRYS5850288,D,S,T,2024-08-27,1000000.00,3.726453,102.41015625
08:01:32,91282CLD1,TSRYS5850288,D,S,C,2024-08-27,1000000.00,3.714367,102.484375
08:01:32,91282CLD1,TSRYS5850288,D,S,D,2024-08-27,1000000.00,3.726453,102.41015625
08:01:32,91282CLD1,TSRYS5850288,D,S,T,2024-08-27,1000000.00,3.745556,102.29296875
08:01:32,91282CLD1,TSRYS5850288,D,S,T,2024-08-27,1000000.00,3.745556,102.29296875
08:01:32,91282CLD1,TSRYS5850288,D,S,T,2024-08-27,1000000.00,3.745556,102.29296875
08:01:32,91282CLD1,TSRYS5850288,D,S,T,2024-08-27,2000000.00,3.745556,102.29296875
08:01:32,91282CLD1,TSRYS5850288,D,S,T,2024-08-27,1000000.00,3.745556,102.29296875
08:01:32,91282CLD1,TSRYS5850288,D,S,T,2024-08-27,1000000.00,3.750335,102.26367187
08:01:32,91282CLD1,TSRYS5850288,D,S,T,2024-08-27,1000000.00,3.750017,102.265625
08:01:32,91282CLD1,TSRYS5850288,D,S,T,2024-08-27,1000000.00,3.750335,102.26367187
08:01:32,91282CLD1,TSRYS5850288,D,S,C,2024-08-27,1000000.00,3.726453,102.41015625
08:01:32,91282CLD1,TSRYS5850288,D,S,D,2024-08-27,1000000.00,3.715003,102.48046875
08:01:32,91282CLD1,TSRYS5850288,D,S,T,2024-08-27,1000000.00,3.750335,102.26367187
08:01:32,91282CLD1,TSRYS5850288,D,S,T,2024-08-27,1000000.00,3.750335,102.26367187
08:01:32,91282CLD1,TSRYS5850288,D,S,T,2024-08-27,1000000.00,3.750335,102.26367187
08:01:32,91282CLD1,TSRYS5850288,D,S,T,2024-08-27,1000000.00,3.751292,102.2578125
08:01:32,91282CLD1,TSRYS5850288,D,S,T,2024-08-27,1000000.00,3.750335,102.26367187
08:01:32,91282CLD1,TSRYS5850288,D,S,T,2024-08-27,1000000.00,3.752566,102.25
08:01:32,91282CLD1,TSRYS5850288,D,S,T,2024-08-27,1000000.00,3.752566,102.25
08:01:33,91282CLD1,TSRYS5850288,D,S,T,2024-08-27,1000000.00,3.721999,102.4375
08:01:33,91282CLD1,TSRYS5850288,D,S,T,2024-08-27,1000000.00,3.720727,102.4453125
08:01:33,91282CLD1,TSRYS5850288,D,S,D,2024-08-27,1000000.00,3.715003,102.48046875
08:01:33,91282CLD1,TSRYS5850288,D,S,D,2024-08-27,1000000.00,3.715003,102.48046875
08:01:33,91282CLD1,TSRYS5850288,D,S,T,2024-08-27,1000000.00,3.752566,102.25
08:01:33,91282CLD1,TSRYS5850288,D,S,T,2024-08-27,1000000.00,3.752566,102.25
08:01:33,91282CLD1,TSRYS5850288,D,S,T,2024-08-27,1000000.00,3.716911,102.46875
08:01:33,91282CLD1,TSRYS5850288,D,S,T,2024-08-27,1000000.00,3.753842,102.2421875
08:01:34,91282CLD1,TSRYS5850288,D,S,T,2024-08-27,1000000.00,3.752566,102.25
08:01:34,91282CLD1,TSRYS5850288,D,S,T,2024-08-27,1000000.00,3.752591,102.24985
08:01:34,91282CLD1,TSRYS5850288,D,S,T,2024-08-27,1000000.00,3.752566,102.25
08:01:34,91282CLD1,TSRYS5850288,D,S,T,2024-08-27,1000000.00,3.752591,102.24985
08:01:34,91282CLD1,TSRYS5850288,D,S,T,2024-08-27,1000000.00,3.716911,102.46875
08:01:34,91282CLD1,TSRYS5850288,D,S,T,2024-08-27,1000000.00,3.715639,102.4765625
08:01:34,91282CLD1,TSRYS5850288,D,S,T,2024-08-27,1000000.00,3.714367,102.484375
08:01:34,91282CLD1,TSRYS5850288,D,S,T,2024-08-27,1000000.00,3.752566,102.25
08:01:34,91282CLD1,TSRYS5850288,D,S,T,2024-08-27,1000000.00,3.752566,102.25
08:01:34,91282CLD1,TSRYS5850288,D,S,T,2024-08-27,1000000.00,3.752566,102.25
08:01:34,91282CLD1,TSRYS5850288,D,S,T,2024-08-27,1000000.00,3.752591,102.24985
08:01:34,91282CLD1,TSRYS5850288,D,S,T,2024-08-27,1000000.00,3.754798,102.23632812
08:01:34,91282CLD1,TSRYS5850288,D,S,T,2024-08-27,1000000.00,3.750017,102.265625
08:01:34,91282CLD1,TSRYS5850288,D,S,T,2024-08-27,1000000.00,3.750017,102.265625
08:01:34,91282CLD1,TSRYS5850288,D,S,T,2024-08-27,1000000.00,3.750017,102.265625
08:01:34,91282CLD1,TSRYS5850288,D,S,T,2024-08-27,1000000.00,3.751292,102.2578125
08:01:34,91282CLD1,TSRYS5850288,D,S,T,2024-08-27,1000000.00,3.750017,102.265625
08:01:34,91282CLD1,TSRYS5850288,D,S,T,2024-08-27,1000000.00,3.750017,102.265625
08:01:34,91282CLD1,TSRYS5850288,D,S,T,2024-08-27,1000000.00,3.751292,102.2578125
08:01:34,91282CLD1,TSRYS5850288,D,S,T,2024-08-27,1000000.00,3.750017,102.265625
08:01:34,91282CLD1,TSRYS5850288,D,S,T,2024-08-27,1000000.00,3.751292,102.2578125
08:01:35,91282CLD1,TSRYS5850288,D,S,T,2024-08-27,1000000.00,3.750335,102.26367187
08:01:35,91282CLD1,TSRYS5850288,D,S,T,2024-08-27,1000000.00,3.750335,102.26367187
08:01:35,91282CLD1,TSRYS5850288,D,S,T,2024-08-27,1000000.00,3.750017,102.265625
08:01:35,91282CLD1,TSRYS5850288,D,S,T,2024-08-27,1000000.00,3.750017,102.265625
08:01:35,91282CLD1,TSRYS5850288,D,S,T,2024-08-27,1000000.00,3.752248,102.25195312
08:01:35,91282CLD1,TSRYS5850288,D,S,T,2024-08-27,1000000.00,3.750017,102.265625
08:01:35,91282CLD1,TSRYS5850288,D,S,T,2024-08-27,1000000.00,3.720727,102.4453125
08:01:35,91282CLD1,TSRYS5850288,D,S,T,2024-08-27,1000000.00,3.720727,102.4453125
08:01:35,91282CLD1,TSRYS5850288,D,S,T,2024-08-27,1000000.00,3.720727,102.4453125
08:01:35,91282CLD1,TSRYS5850288,D,S,T,2024-08-27,1000000.00,3.720727,102.4453125
08:01:35,91282CLD1,TSRYS5850288,D,S,T,2024-08-27,1000000.00,3.723271,102.4296875
08:01:35,91282CLD1,TSRYS5850288,D,S,C,2024-08-27,1000000.00,3.715003,102.48046875
08:01:36,91282CLD1,TSRYS5850288,D,S,D,2024-08-27,1000000.00,3.715003,102.48046875
08:01:36,91282CLD1,TSRYS5850288,D,S,C,2024-08-27,1000000.00,3.716911,102.46875
08:01:36,91282CLD1,TSRYS5850288,D,S,D,2024-08-27,10000000.00,3.678969,102.703125
08:01:36,91282CLD1,TSRYS5850288,D,S,T,2024-08-27,1000000.00,3.752566,102.25
08:01:36,91282CLD1,TSRYS5850288,D,S,T,2024-08-27,1000000.00,3.752566,102.25
08:01:36,91282CLD1,TSRYS5850288,D,S,T,2024-08-27,1000000.00,3.752566,102.25
08:01:36,91282CLD1,TSRYS5850288,D,S,T,2024-08-27,1000000.00,3.752566,102.25
08:01:36,91282CLD1,TSRYS5850288,D,S,T,2024-08-27,1000000.00,3.752566,102.25
08:01:36,91282CLD1,TSRYS5850288,D,S,T,2024-08-27,1000000.00,3.757349,102.22070312
08:01:36,91282CLD1,TSRYS5850288,D,S,D,2024-08-27,1000000.00,3.728998,102.39453125
08:01:36,91282CLD1,TSRYS5850288,D,S,T,2024-08-27,1000000.00,3.728998,102.39453125
08:01:36,91282CLD1,TSRYS5850288,D,S,T,2024-08-27,1000000.00,3.728998,102.39453125
08:01:36,91282CLD1,TSRYS5850288,D,S,D,2024-08-27,1000000.00,3.728998,102.39453125
08:01:36,91282CLD1,TSRYS5850288,D,S,T,2024-08-27,1000000.00,3.757349,102.22070312
08:01:36,91282CLD1,TSRYS5850288,D,S,D,2024-08-27,1000000.00,3.728998,102.39453125
08:01:36,91282CLD1,TSRYS5850288,D,S,D,2024-08-27,1000000.00,3.728998,102.39453125
08:01:37,91282CLD1,TSRYS5850288,D,S,D,2024-08-27,1000000.00,3.728998,102.39453125
08:01:37,91282CLD1,TSRYS5850288,D,S,T,2024-08-27,1000000.00,3.728998,102.39453125
08:01:37,91282CLD1,TSRYS5850288,D,S,D,2024-08-27,1000000.00,3.728998,102.39453125
08:01:37,91282CLD1,TSRYS5850288,D,S,D,2024-08-27,1000000.00,3.728998,102.39453125
08:01:37,91282CLD1,TSRYS5850288,D,S,D,2024-08-27,1000000.00,3.728998,102.39453125
08:01:37,91282CLD1,TSRYS5850288,D,S,T,2024-08-27,1000000.00,3.728998,102.39453125
08:01:37,91282CLD1,TSRYS5850288,D,S,T,2024-08-27,1000000.00,3.728998,102.39453125
08:01:37,91282CLD1,TSRYS5850288,D,S,D,2024-08-27,1000000.00,3.728998,102.39453125
08:01:37,91282CLD1,TSRYS5850288,D,S,D,2024-08-27,1000000.00,3.728998,102.39453125
08:01:37,91282CLD1,TSRYS5850288,D,S,T,2024-08-27,1000000.00,3.728998,102.39453125
08:01:37,91282CLD1,TSRYS5850288,D,S,A,2024-08-27,7000000.00,3.74237,102.3125
08:01:37,91282CLD1,TSRYS5850288,D,S,D,2024-08-27,1000000.00,3.728998,102.39453125
08:01:37,91282CLD1,TSRYS5850288,D,S,T,2024-08-27,1000000.00,3.728998,102.39453125
08:01:37,91282CLD1,TSRYS5850288,D,S,D,2024-08-27,1000000.00,3.755117,102.234375
08:01:37,91282CLD1,TSRYS5850288,D,S,D,2024-08-27,1000000.00,3.728998,102.39453125
08:01:37,91282CLD1,TSRYS5850288,D,S,T,2024-08-27,1000000.00,3.728998,102.39453125
08:01:37,91282CLD1,TSRYS5850288,D,S,T,2024-08-27,1000000.00,3.752566,102.25
08:01:37,91282CLD1,TSRYS5850288,D,S,T,2024-08-27,1000000.00,3.752566,102.25
08:01:37,91282CLD1,TSRYS5850288,D,S,D,2024-08-27,1000000.00,3.728998,102.39453125
08:01:37,91282CLD1,TSRYS5850288,D,S,T,2024-08-27,1000000.00,3.715003,102.48046875
08:01:37,91282CLD1,TSRYS5850288,D,S,T,2024-08-27,1000000.00,3.752566,102.25
08:01:37,91282CLD1,TSRYS5850288,D,S,T,2024-08-27,1000000.00,3.750017,102.265625
08:01:37,91282CLD1,TSRYS5850288,D,S,D,2024-08-27,1000000.00,3.750335,102.26367187
08:01:37,91282CLD1,TSRYS5850288,D,S,D,2024-08-27,1000000.00,3.728998,102.39453125
08:01:39,91282CLD1,TSRYS5850288,D,S,D,2024-08-27,1000000.00,3.726135,102.41210937
08:01:41,91282CLD1,TSRYS5850288,D,S,T,2024-08-27,2000000.00,3.750037,102.2655
08:01:41,91282CLD1,TSRYS5850288,D,S,T,2024-08-27,1000000.00,3.750017,102.265625
08:01:41,91282CLD1,TSRYS5850288,D,S,T,2024-08-27,1000000.00,3.750037,102.2655
08:01:41,91282CLD1,TSRYS5850288,D,S,T,2024-08-27,1000000.00,3.750037,102.2655
08:01:41,91282CLD1,TSRYS5850288,D,S,T,2024-08-27,1000000.00,3.750017,102.265625
08:01:41,91282CLD1,TSRYS5850288,D,S,T,2024-08-27,2000000.00,3.750017,102.265625
08:01:41,91282CLD1,TSRYS5850288,D,S,D,2024-08-27,1250000.00,3.750017,102.265625
08:01:41,91282CLD1,TSRYS5850288,D,S,D,2024-08-27,1000000.00,3.755117,102.234375
08:01:42,91282CLD1,TSRYS5850288,D,S,D,2024-08-27,1000000.00,3.755117,102.234375
08:01:42,91282CLD1,TSRYS5850288,D,S,D,2024-08-27,1000000.00,3.753842,102.2421875
08:01:42,91282CLD1,TSRYS5850288,D,S,D,2024-08-27,1000000.00,3.755436,102.232421875
08:01:42,91282CLD1,TSRYS5850288,D,S,D,2024-08-27,3000000.00,3.753842,102.2421875
08:01:42,91282CLD1,TSRYS5850288,D,S,T,2024-08-27,1000000.00,3.750037,102.2655
08:01:42,91282CLD1,TSRYS5850288,D,S,T,2024-08-27,1000000.00,3.750017,102.265625
08:01:42,91282CLD1,TSRYS5850288,D,S,D,2024-08-27,2000000.00,3.753842,102.2421875
08:01:42,91282CLD1,TSRYS5850288,D,S,D,2024-08-27,1000000.00,3.755117,102.234375
08:01:42,91282CLD1,TSRYS5850288,D,S,T,2024-08-27,2000000.00,3.750037,102.2655
08:01:42,91282CLD1,TSRYS5850288,D,S,T,2024-08-27,1000000.00,3.750017,102.265625
08:01:42,91282CLD1,TSRYS5850288,D,S,D,2024-08-27,1000000.00,3.753842,102.2421875
08:01:42,91282CLD1,TSRYS5850288,D,S,D,2024-08-27,1000000.00,3.753842,102.2421875
08:01:42,91282CLD1,TSRYS5850288,D,S,T,2024-08-27,1000000.00,3.750017,102.265625
08:01:42,91282CLD1,TSRYS5850288,D,S,T,2024-08-27,1000000.00,3.750037,102.2655
08:01:42,91282CLD1,TSRYS5850288,D,S,T,2024-08-27,1000000.00,3.750017,102.265625
08:01:42,91282CLD1,TSRYS5850288,D,S,D,2024-08-27,2000000.00,3.755436,102.232421875
08:01:42,91282CLD1,TSRYS5850288,D,S,D,2024-08-27,1000000.00,3.753842,102.2421875
08:01:43,91282CLD1,TSRYS5850288,D,S,D,2024-08-27,1000000.00,3.733772,102.36523437
08:01:45,91282CLD1,TSRYS5850288,D,S,D,2024-08-27,1000000.00,3.751292,102.2578125
08:01:45,91282CLD1,TSRYS5850288,D,S,C,2024-08-27,1000000.00,3.722635,102.43359375
08:01:46,91282CLD1,TSRYS5850288,D,S,D,2024-08-27,100000.00,3.750654,102.26171875
08:01:46,91282CLD1,TSRYS5850288,D,S,D,2024-08-27,1000000.00,3.755117,102.234375
08:01:46,91282CLD1,TSRYS5850288,D,S,D,2024-08-27,1000000.00,3.755117,102.234375
08:01:46,91282CLD1,TSRYS5850288,D,S,D,2024-08-27,1000000.00,3.755436,102.232421875
08:01:46,91282CLD1,TSRYS5850288,D,S,D,2024-08-27,1000000.00,3.753842,102.2421875
08:01:46,91282CLD1,TSRYS5850288,D,S,D,2024-08-27,1000000.00,3.755117,102.234375
08:01:46,91282CLD1,TSRYS5850288,D,S,D,2024-08-27,1000000.00,3.755754,102.23046875
08:01:46,91282CLD1,TSRYS5850288,D,S,D,2024-08-27,4000000.00,3.755117,102.234375
08:01:47,91282CLD1,TSRYS5850288,D,S,D,2024-08-27,2000000.00,3.755436,102.232421875
08:01:47,91282CLD1,TSRYS5850288,D,S,D,2024-08-27,5000000.00,3.754798,102.236328125
08:01:47,91282CLD1,TSRYS5850288,D,S,D,2024-08-27,1000000.00,3.754798,102.236328125
08:01:47,91282CLD1,TSRYS5850288,D,S,D,2024-08-27,2000000.00,3.754798,102.236328125
08:01:47,91282CLD1,TSRYS5850288,D,S,D,2024-08-27,2000000.00,3.753842,102.2421875
08:01:47,91282CLD1,TSRYS5850288,D,S,D,2024-08-27,5000000.00,3.75416,102.240234375
08:01:47,91282CLD1,TSRYS5850288,D,S,D,2024-08-27,2000000.00,3.754479,102.23828125
08:01:47,91282CLD1,TSRYS5850288,D,S,D,2024-08-27,1000000.00,3.755436,102.232421875
08:01:47,91282CLD1,TSRYS5850288,D,S,D,2024-08-27,1000000.00,3.753842,102.2421875
08:01:47,91282CLD1,TSRYS5850288,D,S,D,2024-08-27,1000000.00,3.753842,102.2421875
08:01:47,91282CLD1,TSRYS5850288,D,S,D,2024-08-27,1000000.00,3.75416,102.240234375
08:01:47,91282CLD1,TSRYS5850288,D,S,D,2024-08-27,2000000.00,3.75416,102.240234375
08:01:51,91282CLD1,TSRYS5850288,D,S,D,2024-08-27,916000.00,3.749787,102.26703068536
08:01:51,91282CLD1,TSRYS5850288,D,S,D,2024-08-27,1000000.00,3.754479,102.23828125
08:01:51,91282CLD1,TSRYS5850288,D,S,D,2024-08-27,1000000.00,3.755436,102.232421875
08:01:51,91282CLD1,TSRYS5850288,D,S,D,2024-08-27,1000000.00,3.754479,102.23828125
08:01:51,91282CLD1,TSRYS5850288,D,S,D,2024-08-27,1000000.00,3.753523,102.244140625
08:01:52,91282CLD1,TSRYS5850288,D,S,D,2024-08-27,1000000.00,3.755117,102.234375
08:01:52,91282CLD1,TSRYS5850288,D,S,D,2024-08-27,2000000.00,3.75416,102.240234375
08:01:52,91282CLD1,TSRYS5850288,D,S,D,2024-08-27,1000000.00,3.753842,102.2421875
08:01:52,91282CLD1,TSRYS5850288,D,S,D,2024-08-27,1000000.00,3.754479,102.23828125
08:01:52,91282CLD1,TSRYS5850288,D,S,D,2024-08-27,2000000.00,3.753842,102.2421875
08:01:52,91282CLD1,TSRYS5850288,D,S,D,2024-08-27,1000000.00,3.755117,102.234375
08:01:52,91282CLD1,TSRYS5850288,D,S,D,2024-08-27,1000000.00,3.753842,102.2421875
08:01:52,91282CLD1,TSRYS5850288,D,S,D,2024-08-27,1000000.00,3.755117,102.234375
08:01:52,91282CLD1,TSRYS5850288,D,S,D,2024-08-27,1000000.00,3.753842,102.2421875
08:01:52,91282CLD1,TSRYS5850288,D,S,D,2024-08-27,4000000.00,3.754479,102.23828125
08:01:52,91282CLD1,TSRYS5850288,D,S,D,2024-08-27,1000000.00,3.753842,102.2421875
08:01:53,91282CLD1,TSRYS5850288,D,S,D,2024-08-27,1000000.00,3.738548,102.3359375
08:01:53,91282CLD1,TSRYS5850288,D,S,C,2024-08-27,1000000.00,3.721999,102.4375
08:01:53,91282CLD1,TSRYS5850288,D,S,C,2024-08-27,1000000.00,3.721999,102.4375
08:01:53,91282CLD1,TSRYS5850288,D,S,D,2024-08-27,1000000.00,3.738548,102.3359375
08:01:53,91282CLD1,TSRYS5850288,D,S,C,2024-08-27,1000000.00,3.723589,102.427734375
08:01:53,91282CLD1,TSRYS5850288,D,S,C,2024-08-27,1000000.00,3.726771,102.408203125
08:01:53,91282CLD1,TSRYS5850288,D,S,C,2024-08-27,1000000.00,3.726771,102.408203125
08:01:54,91282CLD1,TSRYS5850288,D,B,C,2024-08-27,1000000.00,3.727407,102.404296875
08:01:54,91282CLD1,TSRYS5850288,D,S,C,2024-08-27,1000000.00,3.727407,102.404296875
08:01:54,91282CLD1,TSRYS5850288,D,S,C,2024-08-27,1000000.00,3.728362,102.3984375
08:01:54,91282CLD1,TSRYS5850288,D,S,C,2024-08-27,1000000.00,3.728362,102.3984375
08:01:55,91282CLD1,TSRYS5850288,D,S,C,2024-08-27,1000000.00,3.731863,102.376953125
08:01:55,91282CLD1,TSRYS5850288,D,S,C,2024-08-27,1000000.00,3.731863,102.376953125
08:01:55,91282CLD1,TSRYS5850288,D,S,D,2024-08-27,1000000.00,3.730908,102.3828125
08:01:55,91282CLD1,TSRYS5850288,D,S,D,2024-08-27,1000000.00,3.730908,102.3828125
08:01:56,91282CLD1,TSRYS5850288,D,S,C,2024-08-27,1000000.00,3.732818,102.37109375
08:01:56,91282CLD1,TSRYS5850288,D,S,D,2024-08-27,1000000.00,3.715639,102.4765625
08:01:56,91282CLD1,TSRYS5850288,D,B,C,2024-08-27,1000000.00,3.715663,102.4764125
08:01:56,91282CLD1,TSRYS5850288,D,S,D,2024-08-27,1000000.00,3.715639,102.4765625
08:01:56,91282CLD1,TSRYS5850288,D,S,T,2024-08-27,1000000.00,3.743326,102.30664062
08:01:56,91282CLD1,TSRYS5850288,D,S,T,2024-08-27,1000000.00,3.743326,102.30664062
08:01:56,91282CLD1,TSRYS5850288,D,S,D,2024-08-27,1000000.00,3.743326,102.30664062
08:01:56,91282CLD1,TSRYS5850288,D,S,C,2024-08-27,1000000.00,3.743326,102.30664062
08:01:56,91282CLD1,TSRYS5850288,D,S,C,2024-08-27,1000000.00,3.743326,102.30664062
08:01:56,91282CLD1,TSRYS5850288,D,S,C,2024-08-27,1000000.00,3.743326,102.30664062
08:01:56,91282CLD1,TSRYS5850288,D,S,C,2024-08-27,1000000.00,3.743326,102.30664062
08:01:56,91282CLD1,TSRYS5850288,D,S,C,2024-08-27,1000000.00,3.743326,102.30664062
08:01:56,91282CLD1,TSRYS5850288,D,S,T,2024-08-27,1000000.00,3.743326,102.30664062
08:01:56,91282CLD1,TSRYS5850288,D,S,T,2024-08-27,1000000.00,3.743326,102.30664062
08:01:56,91282CLD1,TSRYS5850288,D,S,D,2024-08-27,1000000.00,3.743326,102.30664062
08:01:56,91282CLD1,TSRYS5850288,D,S,D,2024-08-27,1000000.00,3.743326,102.30664062
08:01:56,91282CLD1,TSRYS5850288,D,S,D,2024-08-27,1000000.00,3.743326,102.30664062
08:01:56,91282CLD1,TSRYS5850288,D,S,C,2024-08-27,1000000.00,3.711824,102.5
08:01:56,91282CLD1,TSRYS5850288,D,S,D,2024-08-27,1000000.00,3.743326,102.30664062
08:01:56,91282CLD1,TSRYS5850288,D,S,D,2024-08-27,1000000.00,3.743326,102.30664062
08:01:56,91282CLD1,TSRYS5850288,D,S,C,2024-08-27,1000000.00,3.711824,102.5
08:01:56,91282CLD1,TSRYS5850288,D,S,D,2024-08-27,1000000.00,3.711824,102.5
08:01:56,91282CLD1,TSRYS5850288,D,S,D,2024-08-27,1000000.00,3.743326,102.30664062
08:01:56,91282CLD1,TSRYS5850288,D,S,D,2024-08-27,1000000.00,3.753842,102.2421875
08:01:56,91282CLD1,TSRYS5850288,D,S,D,2024-08-27,1000000.00,3.755117,102.234375
08:01:56,91282CLD1,TSRYS5850288,D,S,D,2024-08-27,4000000.00,3.753842,102.2421875
08:01:56,91282CLD1,TSRYS5850288,D,S,D,2024-08-27,1000000.00,3.753842,102.2421875
08:01:56,91282CLD1,TSRYS5850288,D,S,D,2024-08-27,1000000.00,3.755117,102.234375
08:01:56,91282CLD1,TSRYS5850288,D,S,D,2024-08-27,1000000.00,3.711824,102.5
08:01:56,91282CLD1,TSRYS5850288,D,S,C,2024-08-27,1000000.00,3.711824,102.5
08:01:56,91282CLD1,TSRYS5850288,D,S,C,2024-08-27,1000000.00,3.710529,102.5079625
08:01:56,91282CLD1,TSRYS5850288,D,S,D,2024-08-27,1000000.00,3.753842,102.2421875
08:01:56,91282CLD1,TSRYS5850288,D,B,C,2024-08-27,1000000.00,3.710594,102.5075625
08:01:57,91282CLD1,TSRYS5850288,D,S,D,2024-08-27,1000000.00,3.753842,102.2421875
08:01:57,91282CLD1,TSRYS5850288,D,S,D,2024-08-27,2000000.00,3.753842,102.2421875
08:01:57,91282CLD1,TSRYS5850288,D,S,D,2024-08-27,1000000.00,3.753523,102.244140625
08:01:57,91282CLD1,TSRYS5850288,D,S,C,2024-08-27,1000000.00,3.714335,102.484575
08:01:57,91282CLD1,TSRYS5850288,D,B,C,2024-08-27,2000000.00,3.714416,102.484075
08:01:57,91282CLD1,TSRYS5850288,D,S,C,2024-08-27,2000000.00,3.714343,102.484525
08:01:57,91282CLD1,TSRYS5850288,D,S,D,2024-08-27,1000000.00,3.714367,102.484375
08:01:57,91282CLD1,TSRYS5850288,D,B,C,2024-08-27,3000000.00,3.714416,102.484075
08:01:57,91282CLD1,TSRYS5850288,D,S,C,2024-08-27,3000000.00,3.714343,102.484525
08:01:58,91282CLD1,TSRYS5850288,D,S,C,2024-08-27,1000000.00,3.721975,102.43765
08:01:58,91282CLD1,TSRYS5850288,D,B,C,2024-08-27,2000000.00,3.722048,102.4372
08:01:58,91282CLD1,TSRYS5850288,D,S,C,2024-08-27,2000000.00,3.721962,102.437725
08:01:58,91282CLD1,TSRYS5850288,D,B,C,2024-08-27,1000000.00,3.722048,102.4372
08:01:58,91282CLD1,TSRYS5850288,D,S,C,2024-08-27,1000000.00,3.721966,102.4377
08:01:58,91282CLD1,TSRYS5850288,D,S,C,2024-08-27,1000000.00,3.721966,102.4377
08:01:58,91282CLD1,TSRYS5850288,D,S,D,2024-08-27,1000000.00,3.720727,102.4453125
08:01:58,91282CLD1,TSRYS5850288,D,S,C,2024-08-27,1000000.00,3.743326,102.30664062
08:01:58,91282CLD1,TSRYS5850288,D,S,C,2024-08-27,1000000.00,3.743326,102.30664062
08:01:58,91282CLD1,TSRYS5850288,D,S,C,2024-08-27,1000000.00,3.743326,102.30664062
08:01:58,91282CLD1,TSRYS5850288,D,S,C,2024-08-27,1000000.00,3.743326,102.30664062
08:01:58,91282CLD1,TSRYS5850288,D,S,C,2024-08-27,1000000.00,3.743326,102.30664062
08:01:58,91282CLD1,TSRYS5850288,D,S,C,2024-08-27,1000000.00,3.743326,102.30664062
08:01:58,91282CLD1,TSRYS5850288,D,S,C,2024-08-27,1000000.00,3.743326,102.30664062
08:01:58,91282CLD1,TSRYS5850288,D,S,D,2024-08-27,1000000.00,3.743326,102.30664062
08:01:58,91282CLD1,TSRYS5850288,D,S,D,2024-08-27,1000000.00,3.743326,102.30664062
08:01:58,91282CLD1,TSRYS5850288,D,S,D,2024-08-27,1000000.00,3.743326,102.30664062
08:01:58,91282CLD1,TSRYS5850288,D,B,C,2024-08-27,1000000.00,3.719455,102.453125
08:01:58,91282CLD1,TSRYS5850288,D,S,D,2024-08-27,1000000.00,3.719455,102.453125
08:01:59,91282CLD1,TSRYS5850288,D,S,C,2024-08-27,1000000.00,3.718146,102.4611645
08:01:59,91282CLD1,TSRYS5850288,D,S,D,2024-08-27,1000000.00,3.738548,102.3359375
08:01:59,91282CLD1,TSRYS5850288,D,S,D,2024-08-27,1000000.00,3.738548,102.3359375
08:01:59,91282CLD1,TSRYS5850288,D,S,D,2024-08-27,1000000.00,3.738548,102.3359375
08:01:59,91282CLD1,TSRYS5850288,D,S,D,2024-08-27,1000000.00,3.738548,102.3359375
08:01:59,91282CLD1,TSRYS5850288,D,S,D,2024-08-27,1000000.00,3.738548,102.3359375
08:01:59,91282CLD1,TSRYS5850288,D,S,T,2024-08-27,1000000.00,3.738548,102.3359375
08:01:59,91282CLD1,TSRYS5850288,D,S,T,2024-08-27,1000000.00,3.738548,102.3359375
08:01:59,91282CLD1,TSRYS5850288,D,S,T,2024-08-27,1000000.00,3.738548,102.3359375
08:01:59,91282CLD1,TSRYS5850288,D,S,T,2024-08-27,1000000.00,3.738548,102.3359375
08:01:59,91282CLD1,TSRYS5850288,D,S,D,2024-08-27,1000000.00,3.718161,102.4610675
08:01:59,91282CLD1,TSRYS5850288,D,S,C,2024-08-27,1000000.00,3.719414,102.453375
08:01:59,91282CLD1,TSRYS5850288,D,S,C,2024-08-27,1000000.00,3.719414,102.453375
08:02:00,91282CLD1,TSRYS5850288,D,S,C,2024-08-27,1000000.00,3.719422,102.453325
08:02:00,91282CLD1,TSRYS5850288,D,S,D,2024-08-27,1000000.00,3.718183,102.4609375
08:02:00,91282CLD1,TSRYS5850288,D,S,D,2024-08-27,1000000.00,3.716911,102.46875
08:02:01,91282CLD1,TSRYS5850288,D,S,T,2024-08-27,1000000.00,3.743326,102.30664062
08:02:01,91282CLD1,TSRYS5850288,D,S,T,2024-08-27,1000000.00,3.745556,102.29296875
08:02:01,91282CLD1,TSRYS5850288,D,S,D,2024-08-27,1000000.00,3.745556,102.29296875
08:02:01,91282CLD1,TSRYS5850288,D,S,D,2024-08-27,1000000.00,3.750335,102.26367187
08:02:02,91282CLD1,TSRYS5850288,D,S,D,2024-08-27,1000000.00,3.750017,102.265625
08:02:02,91282CLD1,TSRYS5850288,D,S,C,2024-08-27,16315000.00,3.749379,102.26953125
08:02:02,91282CLD1,TSRYS5850288,D,S,D,2024-08-27,1000000.00,3.752885,102.24804687
08:02:02,91282CLD1,TSRYS5850288,D,S,D,2024-08-27,1000000.00,3.752885,102.24804687
08:02:02,91282CLD1,TSRYS5850288,D,S,D,2024-08-27,1000000.00,3.752566,102.25
08:02:02,91282CLD1,TSRYS5850288,D,S,D,2024-08-27,1000000.00,3.752566,102.25
08:02:02,91282CLD1,TSRYS5850288,D,S,A,2024-08-27,10500000.00,3.741096,102.3203125
08:02:03,91282CLD1,TSRYS5850288,D,S,D,2024-08-27,2000000.00,3.752885,102.24804687
08:02:03,91282CLD1,TSRYS5850288,D,S,T,2024-08-27,1000000.00,3.752885,102.24804687
08:02:03,91282CLD1,TSRYS5850288,D,S,D,2024-08-27,1000000.00,3.752885,102.24804687
08:02:03,91282CLD1,TSRYS5850288,D,S,D,2024-08-27,1000000.00,3.752885,102.24804687
08:02:03,91282CLD1,TSRYS5850288,D,S,D,2024-08-27,1000000.00,3.752885,102.24804687
08:02:03,91282CLD1,TSRYS5850288,D,S,D,2024-08-27,1000000.00,3.752885,102.24804687
08:02:03,91282CLD1,TSRYS5850288,D,S,D,2024-08-27,1000000.00,3.752885,102.24804687
08:02:03,91282CLD1,TSRYS5850288,D,S,D,2024-08-27,1000000.00,3.752885,102.24804687
08:02:03,91282CLD1,TSRYS5850288,D,S,D,2024-08-27,1000000.00,3.752885,102.24804687
08:02:03,91282CLD1,TSRYS5850288,D,S,D,2024-08-27,1000000.00,3.752885,102.24804687
08:02:03,91282CLD1,TSRYS5850288,D,S,C,2024-08-27,1000000.00,3.752885,102.24804687
08:02:03,91282CLD1,TSRYS5850288,D,S,D,2024-08-27,1000000.00,3.752885,102.24804687
08:02:03,91282CLD1,TSRYS5850288,D,B,C,2024-08-27,1000000.00,3.727089,102.40625
08:02:03,91282CLD1,TSRYS5850288,D,S,D,2024-08-27,1000000.00,3.727089,102.40625
08:02:03,91282CLD1,TSRYS5850288,D,S,D,2024-08-27,1000000.00,3.727089,102.40625
08:02:03,91282CLD1,TSRYS5850288,D,S,D,2024-08-27,1000000.00,3.727089,102.40625
08:02:03,91282CLD1,TSRYS5850288,D,S,D,2024-08-27,1000000.00,3.752885,102.24804687
08:02:03,91282CLD1,TSRYS5850288,D,S,D,2024-08-27,1000000.00,3.752885,102.24804687
08:02:03,91282CLD1,TSRYS5850288,D,S,D,2024-08-27,1000000.00,3.752885,102.24804687
08:02:03,91282CLD1,TSRYS5850288,D,S,D,2024-08-27,1000000.00,3.752248,102.25195312
08:02:04,91282CLD1,TSRYS5850288,D,S,D,2024-08-27,3000000.00,3.750654,102.261718
08:02:04,91282CLD1,TSRYS5850288,D,S,C,2024-08-27,1250000.00,3.749379,102.269531
08:02:04,91282CLD1,TSRYS5850288,D,S,T,2024-08-27,1000000.00,3.752885,102.24804687
08:02:04,91282CLD1,TSRYS5850288,D,S,C,2024-08-27,1000000.00,3.752885,102.24804687
08:02:04,91282CLD1,TSRYS5850288,D,S,C,2024-08-27,1000000.00,3.752885,102.24804687
08:02:04,91282CLD1,TSRYS5850288,D,S,T,2024-08-27,1000000.00,3.752885,102.24804687
08:02:04,91282CLD1,TSRYS5850288,D,S,T,2024-08-27,1000000.00,3.752885,102.24804687
08:02:04,91282CLD1,TSRYS5850288,D,S,D,2024-08-27,1000000.00,3.752885,102.24804687
08:02:04,91282CLD1,TSRYS5850288,D,S,C,2024-08-27,1000000.00,3.752885,102.24804687
08:02:04,91282CLD1,TSRYS5850288,D,S,C,2024-08-27,1000000.00,3.752885,102.24804687
08:02:04,91282CLD1,TSRYS5850288,D,S,T,2024-08-27,1000000.00,3.752885,102.24804687
08:02:04,91282CLD1,TSRYS5850288,D,S,T,2024-08-27,1000000.00,3.752885,102.24804687
08:02:04,91282CLD1,TSRYS5850288,D,S,D,2024-08-27,1000000.00,3.752885,102.24804687
08:02:04,91282CLD1,TSRYS5850288,D,S,C,2024-08-27,1000000.00,3.752885,102.24804687
08:02:04,91282CLD1,TSRYS5850288,D,S,C,2024-08-27,1000000.00,3.752885,102.24804687
08:02:04,91282CLD1,TSRYS5850288,D,S,C,2024-08-27,1000000.00,3.752885,102.24804687
08:02:04,91282CLD1,TSRYS5850288,D,S,T,2024-08-27,1000000.00,3.752885,102.24804687
08:02:04,91282CLD1,TSRYS5850288,D,S,C,2024-08-27,1000000.00,3.752885,102.24804687
08:02:04,91282CLD1,TSRYS5850288,D,S,C,2024-08-27,1000000.00,3.752885,102.24804687
08:02:04,91282CLD1,TSRYS5850288,D,S,C,2024-08-27,1000000.00,3.752885,102.24804687
08:02:04,91282CLD1,TSRYS5850288,D,S,C,2024-08-27,1000000.00,3.752885,102.24804687
08:02:04,91282CLD1,TSRYS5850288,D,S,D,2024-08-27,1000000.00,3.752885,102.24804687
08:02:04,91282CLD1,TSRYS5850288,D,S,T,2024-08-27,1000000.00,3.752885,102.24804687
08:02:04,91282CLD1,TSRYS5850288,D,S,D,2024-08-27,1000000.00,3.752885,102.24804687
08:02:04,91282CLD1,TSRYS5850288,D,S,D,2024-08-27,1000000.00,3.752885,102.24804687
08:02:04,91282CLD1,TSRYS5850288,D,S,C,2024-08-27,1000000.00,3.752885,102.24804687
08:02:04,91282CLD1,TSRYS5850288,D,S,D,2024-08-27,1000000.00,3.752885,102.24804687
08:02:04,91282CLD1,TSRYS5850288,D,S,D,2024-08-27,1000000.00,3.752885,102.24804687
08:02:04,91282CLD1,TSRYS5850288,D,S,T,2024-08-27,1000000.00,3.752885,102.24804687
08:02:04,91282CLD1,TSRYS5850288,D,S,T,2024-08-27,1000000.00,3.752885,102.24804687
08:02:04,91282CLD1,TSRYS5850288,D,S,T,2024-08-27,1000000.00,3.752885,102.24804687
08:02:04,91282CLD1,TSRYS5850288,D,S,T,2024-08-27,1000000.00,3.752885,102.24804687
08:02:04,91282CLD1,TSRYS5850288,D,S,T,2024-08-27,2000000.00,3.752885,102.24804687
08:02:04,91282CLD1,TSRYS5850288,D,S,C,2024-08-27,2000000.00,3.755117,102.234375
08:02:04,91282CLD1,TSRYS5850288,D,S,D,2024-08-27,2000000.00,3.755117,102.234375
08:02:04,91282CLD1,TSRYS5850288,D,S,D,2024-08-27,1000000.00,3.755117,102.234375
08:02:04,91282CLD1,TSRYS5850288,D,S,C,2024-08-27,1000000.00,3.755117,102.234375
08:02:04,91282CLD1,TSRYS5850288,D,S,T,2024-08-27,1000000.00,3.755117,102.234375
08:02:04,91282CLD1,TSRYS5850288,D,S,C,2024-08-27,1000000.00,3.755117,102.234375
08:02:04,91282CLD1,TSRYS5850288,D,S,C,2024-08-27,1000000.00,3.755117,102.234375
08:02:04,91282CLD1,TSRYS5850288,D,S,D,2024-08-27,1000000.00,3.755117,102.234375
08:02:04,91282CLD1,TSRYS5850288,D,S,D,2024-08-27,1000000.00,3.755117,102.234375
08:02:04,91282CLD1,TSRYS5850288,D,S,T,2024-08-27,1000000.00,3.755117,102.234375
08:02:04,91282CLD1,TSRYS5850288,D,S,T,2024-08-27,1000000.00,3.755117,102.234375
08:02:04,91282CLD1,TSRYS5850288,D,S,D,2024-08-27,1000000.00,3.755117,102.234375
08:02:04,91282CLD1,TSRYS5850288,D,S,D,2024-08-27,1000000.00,3.755117,102.234375
08:02:04,91282CLD1,TSRYS5850288,D,S,T,2024-08-27,1000000.00,3.755117,102.234375
08:02:04,91282CLD1,TSRYS5850288,D,S,T,2024-08-27,1000000.00,3.755117,102.234375
08:02:04,91282CLD1,TSRYS5850288,D,S,D,2024-08-27,1000000.00,3.755117,102.234375
08:02:04,91282CLD1,TSRYS5850288,D,S,D,2024-08-27,1000000.00,3.755117,102.234375
08:02:04,91282CLD1,TSRYS5850288,D,S,D,2024-08-27,1000000.00,3.755117,102.234375
08:02:04,91282CLD1,TSRYS5850288,D,S,C,2024-08-27,1000000.00,3.755117,102.234375
08:02:05,91282CLD1,TSRYS5850288,D,S,D,2024-08-27,1000000.00,3.754798,102.23632812
08:02:05,91282CLD1,TSRYS5850288,D,S,C,2024-08-27,1000000.00,3.754798,102.23632812
08:02:05,91282CLD1,TSRYS5850288,D,S,C,2024-08-27,1000000.00,3.755117,102.234375
08:02:05,91282CLD1,TSRYS5850288,D,S,D,2024-08-27,1000000.00,3.755117,102.234375
08:02:05,91282CLD1,TSRYS5850288,D,S,D,2024-08-27,1000000.00,3.755117,102.234375
08:02:05,91282CLD1,TSRYS5850288,D,S,D,2024-08-27,1000000.00,3.750335,102.26367187
08:02:05,91282CLD1,TSRYS5850288,D,S,D,2024-08-27,1000000.00,3.750335,102.26367187
08:02:05,91282CLD1,TSRYS5850288,D,S,D,2024-08-27,1000000.00,3.750335,102.26367187
08:02:05,91282CLD1,TSRYS5850288,D,S,C,2024-08-27,1000000.00,3.750335,102.26367187
08:02:05,91282CLD1,TSRYS5850288,D,S,C,2024-08-27,1000000.00,3.750335,102.26367187
08:02:05,91282CLD1,TSRYS5850288,D,S,D,2024-08-27,1000000.00,3.750335,102.26367187
08:02:05,91282CLD1,TSRYS5850288,D,S,T,2024-08-27,1000000.00,3.750335,102.26367187
08:02:06,91282CLD1,TSRYS5850288,D,S,D,2024-08-27,1000000.00,3.750335,102.26367187
08:02:06,91282CLD1,TSRYS5850288,D,S,D,2024-08-27,1000000.00,3.750335,102.26367187
08:02:06,91282CLD1,TSRYS5850288,D,S,D,2024-08-27,1000000.00,3.750335,102.26367187
08:02:06,91282CLD1,TSRYS5850288,D,B,C,2024-08-27,5000000.00,3.750411,102.26321
08:02:06,91282CLD1,TSRYS5850288,D,S,D,2024-08-27,1000000.00,3.750335,102.26367187
08:02:06,91282CLD1,TSRYS5850288,D,S,D,2024-08-27,1000000.00,3.750335,102.26367187
08:02:06,91282CLD1,TSRYS5850288,D,S,C,2024-08-27,1000000.00,3.750017,102.265625
08:02:06,91282CLD1,TSRYS5850288,D,S,C,2024-08-27,1000000.00,3.750335,102.26367187
08:02:06,91282CLD1,TSRYS5850288,D,S,D,2024-08-27,1000000.00,3.750335,102.26367187
08:02:06,91282CLD1,TSRYS5850288,D,S,T,2024-08-27,1000000.00,3.750335,102.26367187
08:02:06,91282CLD1,TSRYS5850288,D,S,C,2024-08-27,1000000.00,3.750335,102.26367187
08:02:06,91282CLD1,TSRYS5850288,D,S,D,2024-08-27,1000000.00,3.750335,102.26367187
08:02:06,91282CLD1,TSRYS5850288,D,S,D,2024-08-27,1000000.00,3.750335,102.26367187
08:02:06,91282CLD1,TSRYS5850288,D,S,C,2024-08-27,1000000.00,3.750335,102.26367187
08:02:06,91282CLD1,TSRYS5850288,D,S,C,2024-08-27,1000000.00,3.750335,102.26367187
08:02:06,91282CLD1,TSRYS5850288,D,S,T,2024-08-27,1000000.00,3.750335,102.26367187
08:02:06,91282CLD1,TSRYS5850288,D,S,T,2024-08-27,1000000.00,3.750335,102.26367187
08:02:06,91282CLD1,TSRYS5850288,D,S,T,2024-08-27,1000000.00,3.750335,102.26367187
08:02:06,91282CLD1,TSRYS5850288,D,S,D,2024-08-27,1000000.00,3.750335,102.26367187
08:02:06,91282CLD1,TSRYS5850288,D,S,T,2024-08-27,1000000.00,3.750335,102.26367187
08:02:06,91282CLD1,TSRYS5850288,D,S,D,2024-08-27,16315000.00,,102.26953125
08:02:06,91282CLD1,TSRYS5850288,D,S,T,2024-08-27,1000000.00,3.750017,102.265625
08:02:06,91282CLD1,TSRYS5850288,D,S,T,2024-08-27,2000000.00,3.750017,102.265625
08:02:06,91282CLD1,TSRYS5850288,D,S,T,2024-08-27,1000000.00,3.750017,102.265625
08:02:07,91282CLD1,TSRYS5850288,D,S,D,2024-08-27,2000000.00,3.750335,102.26367187
08:02:07,91282CLD1,TSRYS5850288,D,S,D,2024-08-27,1000000.00,3.750335,102.26367187
08:02:07,91282CLD1,TSRYS5850288,D,S,C,2024-08-27,1000000.00,3.750335,102.26367187
08:02:07,91282CLD1,TSRYS5850288,D,S,C,2024-08-27,1000000.00,3.750017,102.265625
08:02:07,91282CLD1,TSRYS5850288,D,S,D,2024-08-27,1000000.00,3.750017,102.265625
08:02:07,91282CLD1,TSRYS5850288,D,S,C,2024-08-27,1000000.00,3.750017,102.265625
08:02:07,91282CLD1,TSRYS5850288,D,S,T,2024-08-27,1000000.00,3.750335,102.26367187
08:02:07,91282CLD1,TSRYS5850288,D,S,T,2024-08-27,1000000.00,3.750335,102.26367187
08:02:07,91282CLD1,TSRYS5850288,D,S,C,2024-08-27,2000000.00,3.750335,102.26367187
08:02:07,91282CLD1,TSRYS5850288,D,S,C,2024-08-27,1000000.00,3.750335,102.26367187
08:02:07,91282CLD1,TSRYS5850288,D,S,D,2024-08-27,1000000.00,3.750335,102.26367187
08:02:07,91282CLD1,TSRYS5850288,D,S,C,2024-08-27,1000000.00,3.750335,102.26367187
08:02:07,91282CLD1,TSRYS5850288,D,S,D,2024-08-27,1000000.00,3.750335,102.26367187
08:02:07,91282CLD1,TSRYS5850288,D,S,D,2024-08-27,1000000.00,3.750017,102.265625
08:02:07,91282CLD1,TSRYS5850288,D,S,D,2024-08-27,1000000.00,3.750017,102.265625
08:02:07,91282CLD1,TSRYS5850288,D,S,D,2024-08-27,1000000.00,3.750017,102.265625
08:02:07,91282CLD1,TSRYS5850288,D,S,D,2024-08-27,1000000.00,3.750017,102.265625
08:02:07,91282CLD1,TSRYS5850288,D,S,C,2024-08-27,1000000.00,3.749698,102.26757812
08:02:07,91282CLD1,TSRYS5850288,D,S,C,2024-08-27,1000000.00,3.749698,102.26757812
08:02:07,91282CLD1,TSRYS5850288,D,S,C,2024-08-27,2000000.00,3.750335,102.26367187
08:02:08,91282CLD1,TSRYS5850288,D,B,C,2024-08-27,3000000.00,3.750411,102.26321
08:02:08,91282CLD1,TSRYS5850288,D,S,D,2024-08-27,1000000.00,3.750335,102.26367187
08:02:08,91282CLD1,TSRYS5850288,D,S,D,2024-08-27,2000000.00,3.750335,102.26367187
08:02:08,91282CLD1,TSRYS5850288,D,S,D,2024-08-27,1000000.00,3.750335,102.26367187
08:02:08,91282CLD1,TSRYS5850288,D,S,C,2024-08-27,1000000.00,3.750335,102.26367187
08:02:08,91282CLD1,TSRYS5850288,D,S,T,2024-08-27,1000000.00,3.750335,102.26367187
08:02:08,91282CLD1,TSRYS5850288,D,S,C,2024-08-27,1000000.00,3.750335,102.26367187
08:02:08,91282CLD1,TSRYS5850288,D,S,D,2024-08-27,1000000.00,3.750335,102.26367187
08:02:08,91282CLD1,TSRYS5850288,D,S,D,2024-08-27,1000000.00,3.750017,102.265625
08:02:08,91282CLD1,TSRYS5850288,D,S,D,2024-08-27,1000000.00,3.750335,102.26367187
08:02:08,91282CLD1,TSRYS5850288,D,S,C,2024-08-27,1000000.00,3.750335,102.26367187
08:02:08,91282CLD1,TSRYS5850288,D,S,D,2024-08-27,1000000.00,3.750017,102.265625
08:02:08,91282CLD1,TSRYS5850288,D,S,C,2024-08-27,1000000.00,3.728362,102.3984375
08:02:08,91282CLD1,TSRYS5850288,D,S,D,2024-08-27,1000000.00,3.750017,102.265625
08:02:08,91282CLD1,TSRYS5850288,D,S,T,2024-08-27,1000000.00,3.749698,102.26757812
08:02:08,91282CLD1,TSRYS5850288,D,S,C,2024-08-27,1000000.00,3.749698,102.26757812
08:02:08,91282CLD1,TSRYS5850288,D,S,D,2024-08-27,1000000.00,3.749698,102.26757812
08:02:08,91282CLD1,TSRYS5850288,D,S,C,2024-08-27,1000000.00,3.749698,102.26757812
08:02:08,91282CLD1,TSRYS5850288,D,S,C,2024-08-27,3000000.00,3.749698,102.26757812
08:02:08,91282CLD1,TSRYS5850288,D,S,D,2024-08-27,1000000.00,3.749698,102.26757812
08:02:08,91282CLD1,TSRYS5850288,D,S,D,2024-08-27,2000000.00,3.750335,102.26367187
08:02:09,91282CLD1,TSRYS5850288,D,S,A,2024-08-27,40000000.00,3.750654,102.26171875
08:02:10,91282CLD1,TSRYS5850288,D,S,D,2024-08-27,1000000.00,3.752566,102.25
08:02:10,91282CLD1,TSRYS5850288,D,S,D,2024-08-27,2000000.00,3.752566,102.25
08:02:10,91282CLD1,TSRYS5850288,D,S,D,2024-08-27,2000000.00,3.752885,102.24804687
08:02:10,91282CLD1,TSRYS5850288,D,S,D,2024-08-27,1000000.00,3.752566,102.25
08:02:10,91282CLD1,TSRYS5850288,D,S,T,2024-08-27,2000000.00,3.752885,102.24804687
08:02:10,91282CLD1,TSRYS5850288,D,S,T,2024-08-27,1000000.00,3.752566,102.25
08:02:10,91282CLD1,TSRYS5850288,D,S,C,2024-08-27,1000000.00,3.752885,102.24804687
08:02:10,91282CLD1,TSRYS5850288,D,S,D,2024-08-27,1000000.00,3.752885,102.24804687
08:02:10,91282CLD1,TSRYS5850288,D,S,D,2024-08-27,1000000.00,3.752566,102.25
08:02:10,91282CLD1,TSRYS5850288,D,S,D,2024-08-27,1000000.00,3.752566,102.25
08:02:10,91282CLD1,TSRYS5850288,D,S,D,2024-08-27,2000000.00,3.752885,102.24804687
08:02:10,91282CLD1,TSRYS5850288,D,S,D,2024-08-27,2000000.00,3.752885,102.24804687
08:02:10,91282CLD1,TSRYS5850288,D,S,D,2024-08-27,2000000.00,3.752885,102.24804687
08:02:10,91282CLD1,TSRYS5850288,D,S,C,2024-08-27,2000000.00,3.752885,102.24804687
08:02:10,91282CLD1,TSRYS5850288,D,S,C,2024-08-27,2000000.00,3.752885,102.24804687
08:02:10,91282CLD1,TSRYS5850288,D,S,C,2024-08-27,2000000.00,3.752885,102.24804687
08:02:10,91282CLD1,TSRYS5850288,D,S,D,2024-08-27,1000000.00,3.752885,102.24804687
08:02:10,91282CLD1,TSRYS5850288,D,S,T,2024-08-27,1000000.00,3.752885,102.24804687
08:02:10,91282CLD1,TSRYS5850288,D,S,T,2024-08-27,1000000.00,3.718183,102.4609375
08:02:10,91282CLD1,TSRYS5850288,D,S,T,2024-08-27,1000000.00,3.752885,102.24804687
08:02:10,91282CLD1,TSRYS5850288,D,S,D,2024-08-27,1000000.00,3.752885,102.24804687
08:02:10,91282CLD1,TSRYS5850288,D,S,T,2024-08-27,1000000.00,3.752885,102.24804687
08:02:10,91282CLD1,TSRYS5850288,D,S,D,2024-08-27,1000000.00,3.752885,102.24804687
08:02:10,91282CLD1,TSRYS5850288,D,S,D,2024-08-27,1000000.00,3.752885,102.24804687
08:02:10,91282CLD1,TSRYS5850288,D,S,D,2024-08-27,1000000.00,3.752885,102.24804687
08:02:10,91282CLD1,TSRYS5850288,D,S,T,2024-08-27,1000000.00,3.752885,102.24804687
08:02:10,91282CLD1,TSRYS5850288,D,S,T,2024-08-27,1000000.00,3.752566,102.25
08:02:10,91282CLD1,TSRYS5850288,D,S,C,2024-08-27,1000000.00,3.755754,102.23046875
08:02:10,91282CLD1,TSRYS5850288,D,S,C,2024-08-27,1000000.00,3.755754,102.23046875
08:02:10,91282CLD1,TSRYS5850288,D,S,D,2024-08-27,1000000.00,3.755117,102.234375
08:02:10,91282CLD1,TSRYS5850288,D,B,C,2024-08-27,1000000.00,3.755754,102.23046875
08:02:10,91282CLD1,TSRYS5850288,D,S,D,2024-08-27,1000000.00,3.755117,102.234375
08:02:10,91282CLD1,TSRYS5850288,D,S,D,2024-08-27,1000000.00,3.755117,102.234375
08:02:11,91282CLD1,TSRYS5850288,D,S,C,2024-08-27,1000000.00,3.721975,102.43765
08:02:11,91282CLD1,TSRYS5850288,D,S,D,2024-08-27,2000000.00,3.755117,102.234375
08:02:11,91282CLD1,TSRYS5850288,D,S,T,2024-08-27,1000000.00,3.715639,102.4765625
08:02:11,91282CLD1,TSRYS5850288,D,S,T,2024-08-27,1000000.00,3.718183,102.4609375
08:02:11,91282CLD1,TSRYS5850288,D,S,T,2024-08-27,1000000.00,3.719455,102.453125
08:02:11,91282CLD1,TSRYS5850288,D,S,C,2024-08-27,1000000.00,3.755117,102.234375
08:02:11,91282CLD1,TSRYS5850288,D,S,T,2024-08-27,1000000.00,3.718183,102.4609375
08:02:11,91282CLD1,TSRYS5850288,D,S,T,2024-08-27,1000000.00,3.715639,102.4765625
08:02:11,91282CLD1,TSRYS5850288,D,S,D,2024-08-27,1000000.00,3.755117,102.234375
08:02:11,91282CLD1,TSRYS5850288,D,S,T,2024-08-27,1000000.00,3.717547,102.46484375
08:02:11,91282CLD1,TSRYS5850288,D,S,T,2024-08-27,1000000.00,3.717547,102.46484375
08:02:11,91282CLD1,TSRYS5850288,D,S,D,2024-08-27,1000000.00,3.720091,102.44921875
08:02:11,91282CLD1,TSRYS5850288,D,S,T,2024-08-27,1000000.00,3.720727,102.4453125
08:02:11,91282CLD1,TSRYS5850288,D,S,T,2024-08-27,1000000.00,3.720727,102.4453125
08:02:11,91282CLD1,TSRYS5850288,D,S,T,2024-08-27,1000000.00,3.721999,102.4375
08:02:11,91282CLD1,TSRYS5850288,D,S,T,2024-08-27,1000000.00,3.721999,102.4375
08:02:11,91282CLD1,TSRYS5850288,D,S,T,2024-08-27,1000000.00,3.732181,102.375
08:02:11,91282CLD1,TSRYS5850288,D,S,T,2024-08-27,1000000.00,3.732181,102.375
08:02:11,91282CLD1,TSRYS5850288,D,S,T,2024-08-27,1000000.00,3.727089,102.40625
08:02:11,91282CLD1,TSRYS5850288,D,S,T,2024-08-27,2000000.00,3.730908,102.3828125
08:02:11,91282CLD1,TSRYS5850288,D,S,T,2024-08-27,1000000.00,3.733454,102.3671875
08:02:11,91282CLD1,TSRYS5850288,D,S,T,2024-08-27,1000000.00,3.733454,102.3671875
08:02:11,91282CLD1,TSRYS5850288,D,S,T,2024-08-27,1000000.00,3.731544,102.37890625
08:02:11,91282CLD1,TSRYS5850288,D,S,T,2024-08-27,1000000.00,3.734728,102.359375
08:02:11,91282CLD1,TSRYS5850288,D,S,T,2024-08-27,1000000.00,3.735364,102.35546875
08:02:11,91282CLD1,TSRYS5850288,D,S,T,2024-08-27,1000000.00,3.732181,102.375
08:02:11,91282CLD1,TSRYS5850288,D,S,T,2024-08-27,1000000.00,3.733454,102.3671875
08:02:11,91282CLD1,TSRYS5850288,D,S,T,2024-08-27,1000000.00,3.730908,102.3828125
08:02:11,91282CLD1,TSRYS5850288,D,S,T,2024-08-27,1000000.00,3.731226,102.380859375
08:02:11,91282CLD1,TSRYS5850288,D,S,T,2024-08-27,1000000.00,3.730908,102.3828125
08:02:11,91282CLD1,TSRYS5850288,D,S,T,2024-08-27,1000000.00,3.730908,102.3828125
08:02:11,91282CLD1,TSRYS5850288,D,S,D,2024-08-27,1000000.00,3.726453,102.41015625
08:02:11,91282CLD1,TSRYS5850288,D,S,T,2024-08-27,2000000.00,3.727089,102.40625
08:02:11,91282CLD1,TSRYS5850288,D,B,C,2024-08-27,1000000.00,3.756711,102.22460937
08:02:11,91282CLD1,TSRYS5850288,D,B,C,2024-08-27,1000000.00,3.756711,102.22460937
08:02:11,91282CLD1,TSRYS5850288,D,S,T,2024-08-27,1000000.00,3.728998,102.39453125
08:02:11,91282CLD1,TSRYS5850288,D,B,C,2024-08-27,1000000.00,3.756711,102.22460937
08:02:11,91282CLD1,TSRYS5850288,D,S,T,2024-08-27,1000000.00,3.727089,102.40625
08:02:11,91282CLD1,TSRYS5850288,D,S,T,2024-08-27,1000000.00,3.727089,102.40625
08:02:11,91282CLD1,TSRYS5850288,D,S,T,2024-08-27,1000000.00,3.727089,102.40625
08:02:11,91282CLD1,TSRYS5850288,D,S,T,2024-08-27,1000000.00,3.727089,102.40625
08:02:11,91282CLD1,TSRYS5850288,D,B,C,2024-08-27,1000000.00,3.756711,102.22460937
08:02:11,91282CLD1,TSRYS5850288,D,S,D,2024-08-27,1000000.00,3.718183,102.4609375
08:02:11,91282CLD1,TSRYS5850288,D,B,C,2024-08-27,1000000.00,3.756711,102.22460937
08:02:11,91282CLD1,TSRYS5850288,D,S,T,2024-08-27,1000000.00,3.727407,102.404296875
08:02:11,91282CLD1,TSRYS5850288,D,S,T,2024-08-27,1000000.00,3.729635,102.390625
08:02:11,91282CLD1,TSRYS5850288,D,B,C,2024-08-27,1000000.00,3.718183,102.4609375
08:02:11,91282CLD1,TSRYS5850288,D,S,T,2024-08-27,1000000.00,3.732181,102.375
08:02:11,91282CLD1,TSRYS5850288,D,S,T,2024-08-27,1000000.00,3.733454,102.3671875
08:02:11,91282CLD1,TSRYS5850288,D,B,C,2024-08-27,1000000.00,3.756711,102.22460937
08:02:11,91282CLD1,TSRYS5850288,D,S,T,2024-08-27,1000000.00,3.728998,102.39453125
08:02:11,91282CLD1,TSRYS5850288,D,S,T,2024-08-27,1000000.00,3.729317,102.392578125
08:02:11,91282CLD1,TSRYS5850288,D,S,T,2024-08-27,1000000.00,3.728362,102.3984375
08:02:11,91282CLD1,TSRYS5850288,D,S,T,2024-08-27,1000000.00,3.721999,102.4375
08:02:11,91282CLD1,TSRYS5850288,D,S,T,2024-08-27,2000000.00,3.722635,102.43359375
08:02:11,91282CLD1,TSRYS5850288,D,S,T,2024-08-27,1000000.00,3.722635,102.43359375
08:02:11,91282CLD1,TSRYS5850288,D,S,T,2024-08-27,1000000.00,3.722635,102.43359375
08:02:11,91282CLD1,TSRYS5850288,D,S,T,2024-08-27,1000000.00,3.722635,102.43359375
08:02:11,91282CLD1,TSRYS5850288,D,S,T,2024-08-27,1000000.00,3.724544,102.421875
08:02:11,91282CLD1,TSRYS5850288,D,S,T,2024-08-27,1000000.00,3.727089,102.40625
08:02:11,91282CLD1,TSRYS5850288,D,S,D,2024-08-27,1000000.00,3.733136,102.369140625
08:02:11,91282CLD1,TSRYS5850288,D,S,T,2024-08-27,1000000.00,3.733454,102.3671875
08:02:11,91282CLD1,TSRYS5850288,D,S,D,2024-08-27,1000000.00,3.734409,102.361328125
08:02:11,91282CLD1,TSRYS5850288,D,S,T,2024-08-27,1000000.00,3.736001,102.3515625
08:02:11,91282CLD1,TSRYS5850288,D,S,T,2024-08-27,1000000.00,3.737275,102.34375
08:02:11,91282CLD1,TSRYS5850288,D,S,T,2024-08-27,1000000.00,3.737275,102.34375
08:02:11,91282CLD1,TSRYS5850288,D,S,T,2024-08-27,1000000.00,3.738548,102.3359375
08:02:11,91282CLD1,TSRYS5850288,D,S,D,2024-08-27,1000000.00,3.738548,102.3359375
08:02:11,91282CLD1,TSRYS5850288,D,S,D,2024-08-27,1000000.00,3.740459,102.32421875
08:02:11,91282CLD1,TSRYS5850288,D,S,T,2024-08-27,1000000.00,3.740778,102.322265625
08:02:11,91282CLD1,TSRYS5850288,D,S,T,2024-08-27,1000000.00,3.741096,102.3203125
08:02:11,91282CLD1,TSRYS5850288,D,S,T,2024-08-27,1000000.00,3.741096,102.3203125
08:02:12,91282CLD1,TSRYS5850288,D,S,D,2024-08-27,1000000.00,3.742689,102.310546875
08:02:12,91282CLD1,TSRYS5850288,D,S,D,2024-08-27,1000000.00,3.742689,102.310546875
08:02:12,91282CLD1,TSRYS5850288,D,S,T,2024-08-27,1000000.00,3.741096,102.3203125
08:02:12,91282CLD1,TSRYS5850288,D,S,T,2024-08-27,1000000.00,3.738548,102.3359375
08:02:12,91282CLD1,TSRYS5850288,D,S,T,2024-08-27,1000000.00,3.741096,102.3203125
08:02:12,91282CLD1,TSRYS5850288,D,S,T,2024-08-27,1000000.00,3.740141,102.326171875
08:02:12,91282CLD1,TSRYS5850288,D,S,C,2024-08-27,1000000.00,3.718183,102.4609375
08:02:12,91282CLD1,TSRYS5850288,D,S,T,2024-08-27,10000000.00,3.743644,102.3046875
08:02:12,91282CLD1,TSRYS5850288,D,S,T,2024-08-27,1000000.00,3.74237,102.3125
08:02:12,91282CLD1,TSRYS5850288,D,S,T,2024-08-27,2000000.00,3.743644,102.3046875
08:02:12,91282CLD1,TSRYS5850288,D,S,T,2024-08-27,1000000.00,3.745556,102.29296875
08:02:12,91282CLD1,TSRYS5850288,D,S,T,2024-08-27,1000000.00,3.745874,102.291015625
08:02:12,91282CLD1,TSRYS5850288,D,S,T,2024-08-27,1000000.00,3.743644,102.3046875
08:02:12,91282CLD1,TSRYS5850288,D,S,T,2024-08-27,1000000.00,3.741733,102.31640625
08:02:12,91282CLD1,TSRYS5850288,D,S,T,2024-08-27,1000000.00,3.74237,102.3125
08:02:12,91282CLD1,TSRYS5850288,D,S,C,2024-08-27,2000000.00,3.718158,102.4610875
08:02:12,91282CLD1,TSRYS5850288,D,S,T,2024-08-27,2000000.00,3.738548,102.3359375
08:02:12,91282CLD1,TSRYS5850288,D,S,T,2024-08-27,1000000.00,3.738548,102.3359375
08:02:12,91282CLD1,TSRYS5850288,D,S,C,2024-08-27,1000000.00,3.718183,102.4609375
08:02:12,91282CLD1,TSRYS5850288,D,S,C,2024-08-27,1000000.00,3.718183,102.4609375
08:02:12,91282CLD1,TSRYS5850288,D,S,T,2024-08-27,1000000.00,3.744918,102.296875
08:02:12,91282CLD1,TSRYS5850288,D,S,T,2024-08-27,1000000.00,3.750017,102.265625
08:02:12,91282CLD1,TSRYS5850288,D,S,C,2024-08-27,1000000.00,3.71815,102.4611375
08:02:12,91282CLD1,TSRYS5850288,D,S,C,2024-08-27,1000000.00,3.718183,102.4609375
08:02:12,91282CLD1,TSRYS5850288,D,S,C,2024-08-27,1000000.00,3.757667,102.21875
08:02:12,91282CLD1,TSRYS5850288,D,S,D,2024-08-27,2000000.00,3.757667,102.21875
08:02:12,91282CLD1,TSRYS5850288,D,S,T,2024-08-27,1000000.00,3.750017,102.265625
08:02:12,91282CLD1,TSRYS5850288,D,S,T,2024-08-27,2000000.00,3.750017,102.265625
08:02:12,91282CLD1,TSRYS5850288,D,S,T,2024-08-27,5000000.00,3.75161,102.255859375
08:02:12,91282CLD1,TSRYS5850288,D,S,T,2024-08-27,1000000.00,3.752566,102.25
08:02:12,91282CLD1,TSRYS5850288,D,S,T,2024-08-27,1000000.00,3.752566,102.25
08:02:12,91282CLD1,TSRYS5850288,D,S,T,2024-08-27,1000000.00,3.750654,102.26171875
08:02:12,91282CLD1,TSRYS5850288,D,S,T,2024-08-27,1000000.00,3.751292,102.2578125
08:02:12,91282CLD1,TSRYS5850288,D,S,T,2024-08-27,1000000.00,3.751292,102.2578125
08:02:12,91282CLD1,TSRYS5850288,D,S,T,2024-08-27,2000000.00,3.752566,102.25
08:02:12,91282CLD1,TSRYS5850288,D,S,T,2024-08-27,1000000.00,3.751929,102.25390625
08:02:12,91282CLD1,TSRYS5850288,D,S,T,2024-08-27,2000000.00,3.751929,102.25390625
08:02:12,91282CLD1,TSRYS5850288,D,S,D,2024-08-27,1000000.00,3.718183,102.4609375
08:02:12,91282CLD1,TSRYS5850288,D,S,D,2024-08-27,1000000.00,3.718183,102.4609375
08:02:12,91282CLD1,TSRYS5850288,D,S,D,2024-08-27,1000000.00,3.757667,102.21875
08:02:12,91282CLD1,TSRYS5850288,D,S,T,2024-08-27,2000000.00,3.753523,102.244140625
08:02:12,91282CLD1,TSRYS5850288,D,S,T,2024-08-27,2000000.00,3.753523,102.244140625
08:02:12,91282CLD1,TSRYS5850288,D,S,T,2024-08-27,2000000.00,3.755117,102.234375
08:02:12,91282CLD1,TSRYS5850288,D,S,T,2024-08-27,1000000.00,3.753842,102.2421875
08:02:12,91282CLD1,TSRYS5850288,D,S,T,2024-08-27,1000000.00,3.753842,102.2421875
08:02:12,91282CLD1,TSRYS5850288,D,S,T,2024-08-27,1000000.00,3.753523,102.244140625
08:02:12,91282CLD1,TSRYS5850288,D,S,T,2024-08-27,2000000.00,3.753523,102.244140625
08:02:12,91282CLD1,TSRYS5850288,D,S,T,2024-08-27,2000000.00,3.753523,102.244140625
08:02:12,91282CLD1,TSRYS5850288,D,S,T,2024-08-27,1000000.00,3.753204,102.24609375
08:02:12,91282CLD1,TSRYS5850288,D,S,T,2024-08-27,1000000.00,3.752566,102.25
08:02:12,91282CLD1,TSRYS5850288,D,S,D,2024-08-27,1000000.00,3.718183,102.4609375
08:02:12,91282CLD1,TSRYS5850288,D,S,C,2024-08-27,1000000.00,3.718183,102.4609375
08:02:12,91282CLD1,TSRYS5850288,D,S,D,2024-08-27,1000000.00,3.718183,102.4609375
08:02:12,91282CLD1,TSRYS5850288,D,S,C,2024-08-27,3000000.00,3.718158,102.4610875
08:02:12,91282CLD1,TSRYS5850288,D,S,T,2024-08-27,1000000.00,3.750017,102.265625
08:02:12,91282CLD1,TSRYS5850288,D,S,T,2024-08-27,1000000.00,3.751292,102.2578125
08:02:12,91282CLD1,TSRYS5850288,D,S,T,2024-08-27,1000000.00,3.751292,102.2578125
08:02:12,91282CLD1,TSRYS5850288,D,S,T,2024-08-27,1000000.00,3.751292,102.2578125
08:02:12,91282CLD1,TSRYS5850288,D,S,T,2024-08-27,1000000.00,3.751292,102.2578125
08:02:12,91282CLD1,TSRYS5850288,D,S,T,2024-08-27,1000000.00,3.751292,102.2578125
08:02:12,91282CLD1,TSRYS5850288,D,S,T,2024-08-27,1000000.00,3.750017,102.265625
08:02:12,91282CLD1,TSRYS5850288,D,S,T,2024-08-27,1000000.00,3.751292,102.2578125
08:02:12,91282CLD1,TSRYS5850288,D,S,T,2024-08-27,1000000.00,3.750017,102.265625
08:02:12,91282CLD1,TSRYS5850288,D,S,T,2024-08-27,1000000.00,3.750017,102.265625
08:02:12,91282CLD1,TSRYS5850288,D,S,T,2024-08-27,1000000.00,3.750017,102.265625
08:02:12,91282CLD1,TSRYS5850288,D,S,C,2024-08-27,2000000.00,3.718158,102.4610875
08:02:12,91282CLD1,TSRYS5850288,D,S,C,2024-08-27,1000000.00,3.718183,102.4609375
08:02:12,91282CLD1,TSRYS5850288,D,S,D,2024-08-27,1000000.00,3.718183,102.4609375
08:02:12,91282CLD1,TSRYS5850288,D,S,T,2024-08-27,2000000.00,3.752566,102.25
08:02:12,91282CLD1,TSRYS5850288,D,S,T,2024-08-27,1000000.00,3.755117,102.234375
08:02:12,91282CLD1,TSRYS5850288,D,S,T,2024-08-27,2000000.00,3.755117,102.234375
08:02:12,91282CLD1,TSRYS5850288,D,S,T,2024-08-27,1000000.00,3.755117,102.234375
08:02:12,91282CLD1,TSRYS5850288,D,S,D,2024-08-27,1000000.00,3.755117,102.234375
08:02:12,91282CLD1,TSRYS5850288,D,S,T,2024-08-27,1000000.00,3.756392,102.2265625
08:02:12,91282CLD1,TSRYS5850288,D,S,C,2024-08-27,1000000.00,3.718183,102.4609375
08:02:12,91282CLD1,TSRYS5850288,D,S,D,2024-08-27,2000000.00,3.718183,102.4609375
08:02:12,91282CLD1,TSRYS5850288,D,S,C,2024-08-27,1000000.00,3.71815,102.4611375
08:02:12,91282CLD1,TSRYS5850288,D,S,T,2024-08-27,1000000.00,3.757667,102.21875
08:02:12,91282CLD1,TSRYS5850288,D,S,T,2024-08-27,1000000.00,3.757667,102.21875
08:02:12,91282CLD1,TSRYS5850288,D,S,T,2024-08-27,2000000.00,3.757667,102.21875
08:02:12,91282CLD1,TSRYS5850288,D,S,T,2024-08-27,1000000.00,3.755117,102.234375
08:02:12,91282CLD1,TSRYS5850288,D,S,T,2024-08-27,1000000.00,3.757349,102.220703125
08:02:12,91282CLD1,TSRYS5850288,D,S,D,2024-08-27,1000000.00,3.718183,102.4609375
08:02:12,91282CLD1,TSRYS5850288,D,S,T,2024-08-27,1000000.00,3.755117,102.234375
08:02:12,91282CLD1,TSRYS5850288,D,S,T,2024-08-27,1000000.00,3.755754,102.23046875
08:02:12,91282CLD1,TSRYS5850288,D,S,T,2024-08-27,1000000.00,3.755754,102.23046875
08:02:12,91282CLD1,TSRYS5850288,D,S,T,2024-08-27,1000000.00,3.755436,102.232421875
08:02:12,91282CLD1,TSRYS5850288,D,S,T,2024-08-27,1000000.00,3.755436,102.232421875
08:02:12,91282CLD1,TSRYS5850288,D,S,T,2024-08-27,1000000.00,3.755117,102.234375
08:02:12,91282CLD1,TSRYS5850288,D,S,T,2024-08-27,2000000.00,3.753842,102.2421875
08:02:12,91282CLD1,TSRYS5850288,D,S,T,2024-08-27,1000000.00,3.755117,102.234375
08:02:12,91282CLD1,TSRYS5850288,D,S,T,2024-08-27,1000000.00,3.753842,102.2421875
08:02:12,91282CLD1,TSRYS5850288,D,S,T,2024-08-27,2000000.00,3.753842,102.2421875
08:02:12,91282CLD1,TSRYS5850288,D,S,T,2024-08-27,2000000.00,3.755436,102.232421875
08:02:12,91282CLD1,TSRYS5850288,D,S,T,2024-08-27,2000000.00,3.755436,102.232421875
08:02:12,91282CLD1,TSRYS5850288,D,S,T,2024-08-27,1000000.00,3.755117,102.234375
08:02:12,91282CLD1,TSRYS5850288,D,S,T,2024-08-27,1000000.00,3.754479,102.23828125
08:02:12,91282CLD1,TSRYS5850288,D,S,T,2024-08-27,1000000.00,3.752566,102.25
08:02:12,91282CLD1,TSRYS5850288,D,S,T,2024-08-27,1000000.00,3.752566,102.25
08:02:12,91282CLD1,TSRYS5850288,D,S,T,2024-08-27,1000000.00,3.753842,102.2421875
08:02:12,91282CLD1,TSRYS5850288,D,S,T,2024-08-27,1000000.00,3.752566,102.25
08:02:12,91282CLD1,TSRYS5850288,D,S,T,2024-08-27,2000000.00,3.751292,102.2578125
08:02:12,91282CLD1,TSRYS5850288,D,S,T,2024-08-27,1000000.00,3.750017,102.265625
08:02:12,91282CLD1,TSRYS5850288,D,S,D,2024-08-27,1000000.00,3.748423,102.275390625
08:02:12,91282CLD1,TSRYS5850288,D,S,T,2024-08-27,1000000.00,3.750017,102.265625
08:02:12,91282CLD1,TSRYS5850288,D,S,T,2024-08-27,1000000.00,3.750654,102.26171875
08:02:12,91282CLD1,TSRYS5850288,D,S,T,2024-08-27,1000000.00,3.750335,102.263671875
08:02:12,91282CLD1,TSRYS5850288,D,S,T,2024-08-27,1000000.00,3.718183,102.4609375
08:02:12,91282CLD1,TSRYS5850288,D,S,D,2024-08-27,1000000.00,3.716911,102.46875
08:02:13,91282CLD1,TSRYS5850288,D,B,C,2024-08-27,1000000.00,3.715663,102.4764125
08:02:13,91282CLD1,TSRYS5850288,D,S,C,2024-08-27,1000000.00,3.715639,102.4765625
08:02:13,91282CLD1,TSRYS5850288,D,S,C,2024-08-27,1000000.00,3.715639,102.4765625
08:02:13,91282CLD1,TSRYS5850288,D,S,T,2024-08-27,1000000.00,3.756392,102.2265625
08:02:13,91282CLD1,TSRYS5850288,D,S,D,2024-08-27,2000000.00,3.756392,102.2265625
08:02:13,91282CLD1,TSRYS5850288,D,S,D,2024-08-27,2000000.00,3.757667,102.21875
08:02:13,91282CLD1,TSRYS5850288,D,S,C,2024-08-27,1000000.00,3.714318,102.484675
08:02:13,91282CLD1,TSRYS5850288,D,S,C,2024-08-27,1000000.00,3.714343,102.484525
08:02:13,91282CLD1,TSRYS5850288,D,S,C,2024-08-27,1000000.00,3.714318,102.484675
08:02:13,91282CLD1,TSRYS5850288,D,B,C,2024-08-27,1000000.00,3.7144,102.484175
08:02:13,91282CLD1,TSRYS5850288,D,B,C,2024-08-27,1000000.00,3.714392,102.484225
08:02:13,91282CLD1,TSRYS5850288,D,S,C,2024-08-27,1000000.00,3.714335,102.484575
08:02:13,91282CLD1,TSRYS5850288,D,S,D,2024-08-27,16000000.00,3.756479,102.22603
08:02:13,91282CLD1,TSRYS5850288,D,S,T,2024-08-27,3000000.00,3.732202,102.37487
08:02:14,91282CLD1,TSRYS5850288,D,S,D,2024-08-27,2000000.00,3.757667,102.21875
08:02:14,91282CLD1,TSRYS5850288,D,S,D,2024-08-27,1000000.00,3.757667,102.21875
08:02:14,91282CLD1,TSRYS5850288,D,S,C,2024-08-27,1000000.00,3.757667,102.21875
08:02:14,91282CLD1,TSRYS5850288,D,S,C,2024-08-27,1000000.00,3.733454,102.3671875
08:02:14,91282CLD1,TSRYS5850288,D,B,C,2024-08-27,1000000.00,3.756073,102.22851562
08:02:14,91282CLD1,TSRYS5850288,D,S,D,2024-08-27,1000000.00,3.715639,102.4765625
08:02:14,91282CLD1,TSRYS5850288,D,B,C,2024-08-27,1000000.00,3.756073,102.22851562
08:02:15,91282CLD1,TSRYS5850288,D,S,C,2024-08-27,1000000.00,3.715639,102.4765625
08:02:15,91282CLD1,TSRYS5850288,D,S,C,2024-08-27,1000000.00,3.715639,102.4765625
08:02:15,91282CLD1,TSRYS5850288,D,S,C,2024-08-27,1000000.00,3.715602,102.4767875
08:02:15,91282CLD1,TSRYS5850288,D,S,D,2024-08-27,1000000.00,3.752885,102.24804687
08:02:15,91282CLD1,TSRYS5850288,D,S,C,2024-08-27,1000000.00,3.715606,102.4767625
08:02:15,91282CLD1,TSRYS5850288,D,S,C,2024-08-27,1000000.00,3.752885,102.24804687
08:02:15,91282CLD1,TSRYS5850288,D,S,D,2024-08-27,1000000.00,3.752885,102.24804687
08:02:15,91282CLD1,TSRYS5850288,D,S,D,2024-08-27,1000000.00,3.752885,102.24804687
08:02:15,91282CLD1,TSRYS5850288,D,S,D,2024-08-27,1000000.00,3.752885,102.24804687
08:02:15,91282CLD1,TSRYS5850288,D,S,T,2024-08-27,1000000.00,3.752885,102.24804687
08:02:15,91282CLD1,TSRYS5850288,D,S,T,2024-08-27,1000000.00,3.728383,102.3983075
08:02:15,91282CLD1,TSRYS5850288,D,S,D,2024-08-27,1000000.00,3.752885,102.24804687
08:02:15,91282CLD1,TSRYS5850288,D,S,D,2024-08-27,1000000.00,3.752885,102.24804687
08:02:15,91282CLD1,TSRYS5850288,D,S,C,2024-08-27,1000000.00,3.752885,102.24804687
08:02:15,91282CLD1,TSRYS5850288,D,S,D,2024-08-27,1000000.00,3.752885,102.24804687
08:02:16,91282CLD1,TSRYS5850288,D,S,D,2024-08-27,1000000.00,3.752885,102.24804687
08:02:16,91282CLD1,TSRYS5850288,D,S,D,2024-08-27,1000000.00,3.752885,102.24804687
08:02:16,91282CLD1,TSRYS5850288,D,S,T,2024-08-27,1000000.00,3.728383,102.3983075
08:02:16,91282CLD1,TSRYS5850288,D,S,C,2024-08-27,1000000.00,3.752885,102.24804687
08:02:16,91282CLD1,TSRYS5850288,D,S,D,2024-08-27,1000000.00,3.752885,102.24804687
08:02:16,91282CLD1,TSRYS5850288,D,S,C,2024-08-27,1000000.00,3.752885,102.24804687
08:02:16,91282CLD1,TSRYS5850288,D,S,C,2024-08-27,1000000.00,3.752885,102.24804687
08:02:16,91282CLD1,TSRYS5850288,D,S,T,2024-08-27,1000000.00,3.728383,102.3983075
08:02:16,91282CLD1,TSRYS5850288,D,S,D,2024-08-27,1000000.00,3.752885,102.24804687
08:02:16,91282CLD1,TSRYS5850288,D,S,D,2024-08-27,1000000.00,3.752885,102.24804687
08:02:16,91282CLD1,TSRYS5850288,D,S,D,2024-08-27,1000000.00,3.752885,102.24804687
08:02:16,91282CLD1,TSRYS5850288,D,S,D,2024-08-27,1000000.00,3.752885,102.24804687
08:02:16,91282CLD1,TSRYS5850288,D,S,D,2024-08-27,1000000.00,3.752885,102.24804687
08:02:16,91282CLD1,TSRYS5850288,D,S,D,2024-08-27,1000000.00,3.752885,102.24804687
08:02:16,91282CLD1,TSRYS5850288,D,S,D,2024-08-27,1000000.00,3.715639,102.4765625
08:02:16,91282CLD1,TSRYS5850288,D,B,C,2024-08-27,1000000.00,3.715663,102.4764125
08:02:16,91282CLD1,TSRYS5850288,D,S,D,2024-08-27,1000000.00,3.752885,102.24804687
08:02:16,91282CLD1,TSRYS5850288,D,S,D,2024-08-27,1000000.00,3.752885,102.24804687
08:02:16,91282CLD1,TSRYS5850288,D,S,C,2024-08-27,1000000.00,3.752885,102.24804687
08:02:16,91282CLD1,TSRYS5850288,D,S,T,2024-08-27,1000000.00,3.718183,102.4609375
08:02:16,91282CLD1,TSRYS5850288,D,B,C,2024-08-27,18000000.00,3.752826,102.24841
08:02:16,91282CLD1,TSRYS5850288,D,S,C,2024-08-27,1000000.00,3.715639,102.4765625
08:02:16,91282CLD1,TSRYS5850288,D,S,C,2024-08-27,1000000.00,3.752885,102.24804687
08:02:16,91282CLD1,TSRYS5850288,D,S,D,2024-08-27,1000000.00,3.715639,102.4765625
08:02:16,91282CLD1,TSRYS5850288,D,S,C,2024-08-27,1000000.00,3.752885,102.24804687
08:02:16,91282CLD1,TSRYS5850288,D,S,C,2024-08-27,1000000.00,3.752885,102.24804687
08:02:16,91282CLD1,TSRYS5850288,D,S,C,2024-08-27,1000000.00,3.715598,102.4768125
08:02:16,91282CLD1,TSRYS5850288,D,S,C,2024-08-27,1000000.00,3.752885,102.24804687
08:02:16,91282CLD1,TSRYS5850288,D,S,T,2024-08-27,1000000.00,3.752885,102.24804687
08:02:16,91282CLD1,TSRYS5850288,D,B,C,2024-08-27,1000000.00,3.715639,102.4765625
08:02:16,91282CLD1,TSRYS5850288,D,S,C,2024-08-27,1000000.00,3.752885,102.24804687
08:02:16,91282CLD1,TSRYS5850288,D,S,C,2024-08-27,1000000.00,3.752885,102.24804687
08:02:16,91282CLD1,TSRYS5850288,D,S,T,2024-08-27,1000000.00,3.752885,102.24804687
08:02:16,91282CLD1,TSRYS5850288,D,S,T,2024-08-27,1000000.00,3.752885,102.24804687
08:02:16,91282CLD1,TSRYS5850288,D,S,T,2024-08-27,1000000.00,3.752885,102.24804687
08:02:16,91282CLD1,TSRYS5850288,D,S,T,2024-08-27,1000000.00,3.752885,102.24804687
08:02:16,91282CLD1,TSRYS5850288,D,B,C,2024-08-27,2000000.00,3.716943,102.46855
08:02:16,91282CLD1,TSRYS5850288,D,S,C,2024-08-27,2000000.00,3.716911,102.46875
08:02:17,91282CLD1,TSRYS5850288,D,S,C,2024-08-27,1000000.00,3.71815,102.4611375
08:02:17,91282CLD1,TSRYS5850288,D,S,T,2024-08-27,1000000.00,3.752885,102.24804687
08:02:17,91282CLD1,TSRYS5850288,D,S,T,2024-08-27,1000000.00,3.752885,102.24804687
08:02:17,91282CLD1,TSRYS5850288,D,S,D,2024-08-27,1000000.00,3.752885,102.24804687
08:02:17,91282CLD1,TSRYS5850288,D,S,D,2024-08-27,1000000.00,3.752885,102.24804687
08:02:17,91282CLD1,TSRYS5850288,D,S,C,2024-08-27,1000000.00,3.752885,102.24804687
08:02:17,91282CLD1,TSRYS5850288,D,S,C,2024-08-27,1000000.00,3.752885,102.24804687
08:02:17,91282CLD1,TSRYS5850288,D,S,C,2024-08-27,1000000.00,3.752885,102.24804687
08:02:17,91282CLD1,TSRYS5850288,D,S,C,2024-08-27,1000000.00,3.752885,102.24804687
08:02:17,91282CLD1,TSRYS5850288,D,S,C,2024-08-27,1000000.00,3.752885,102.24804687
08:02:17,91282CLD1,TSRYS5850288,D,S,C,2024-08-27,1000000.00,3.752885,102.24804687
08:02:17,91282CLD1,TSRYS5850288,D,S,D,2024-08-27,1000000.00,3.752885,102.24804687
08:02:17,91282CLD1,TSRYS5850288,D,S,D,2024-08-27,1000000.00,3.752885,102.24804687
08:02:17,91282CLD1,TSRYS5850288,D,S,C,2024-08-27,1000000.00,3.752885,102.24804687
08:02:17,91282CLD1,TSRYS5850288,D,S,C,2024-08-27,1000000.00,3.752885,102.24804687
08:02:17,91282CLD1,TSRYS5850288,D,S,D,2024-08-27,1000000.00,3.752566,102.25
08:02:17,91282CLD1,TSRYS5850288,D,S,D,2024-08-27,1000000.00,3.752566,102.25
08:02:17,91282CLD1,TSRYS5850288,D,S,D,2024-08-27,1000000.00,3.752248,102.25195312
08:02:17,91282CLD1,TSRYS5850288,D,S,T,2024-08-27,1000000.00,3.752885,102.24804687
08:02:17,91282CLD1,TSRYS5850288,D,S,D,2024-08-27,1000000.00,3.752885,102.24804687
08:02:17,91282CLD1,TSRYS5850288,D,S,D,2024-08-27,1000000.00,3.752566,102.25
08:02:17,91282CLD1,TSRYS5850288,D,S,D,2024-08-27,2000000.00,3.752885,102.24804687
08:02:17,91282CLD1,TSRYS5850288,D,S,T,2024-08-27,1000000.00,3.752885,102.24804687
08:02:17,91282CLD1,TSRYS5850288,D,S,D,2024-08-27,1000000.00,3.752885,102.24804687
08:02:17,91282CLD1,TSRYS5850288,D,S,C,2024-08-27,1000000.00,3.752885,102.24804687
08:02:17,91282CLD1,TSRYS5850288,D,S,D,2024-08-27,1000000.00,3.752566,102.25
08:02:17,91282CLD1,TSRYS5850288,D,S,D,2024-08-27,1000000.00,3.752885,102.24804687
08:02:17,91282CLD1,TSRYS5850288,D,S,D,2024-08-27,1000000.00,3.752885,102.24804687
08:02:17,91282CLD1,TSRYS5850288,D,S,D,2024-08-27,1000000.00,3.752885,102.24804687
08:02:17,91282CLD1,TSRYS5850288,D,S,D,2024-08-27,1000000.00,3.752885,102.24804687
08:02:17,91282CLD1,TSRYS5850288,D,S,T,2024-08-27,1000000.00,3.752885,102.24804687
08:02:17,91282CLD1,TSRYS5850288,D,S,D,2024-08-27,1000000.00,3.718161,102.4610675
08:02:17,91282CLD1,TSRYS5850288,D,S,D,2024-08-27,1000000.00,3.752885,102.24804687
08:02:18,91282CLD1,TSRYS5850288,D,S,T,2024-08-27,1000000.00,3.752885,102.24804687
08:02:18,91282CLD1,TSRYS5850288,D,S,D,2024-08-27,1000000.00,3.752885,102.24804687
08:02:18,91282CLD1,TSRYS5850288,D,S,D,2024-08-27,1000000.00,3.752885,102.24804687
08:02:18,91282CLD1,TSRYS5850288,D,S,D,2024-08-27,1000000.00,3.752885,102.24804687
08:02:18,91282CLD1,TSRYS5850288,D,S,D,2024-08-27,1000000.00,3.752885,102.24804687
08:02:18,91282CLD1,TSRYS5850288,D,S,T,2024-08-27,1000000.00,3.752885,102.24804687
08:02:18,91282CLD1,TSRYS5850288,D,B,C,2024-08-27,1000000.00,3.719479,102.452975
08:02:18,91282CLD1,TSRYS5850288,D,S,D,2024-08-27,1000000.00,3.719455,102.453125
08:02:18,91282CLD1,TSRYS5850288,D,S,T,2024-08-27,1000000.00,3.752885,102.24804687
08:02:18,91282CLD1,TSRYS5850288,D,S,T,2024-08-27,1000000.00,3.752885,102.24804687
08:02:18,91282CLD1,TSRYS5850288,D,S,D,2024-08-27,1000000.00,3.752885,102.24804687
08:02:18,91282CLD1,TSRYS5850288,D,S,C,2024-08-27,1000000.00,3.752885,102.24804687
08:02:18,91282CLD1,TSRYS5850288,D,S,T,2024-08-27,1000000.00,3.752566,102.25
08:02:18,91282CLD1,TSRYS5850288,D,S,T,2024-08-27,1000000.00,3.752566,102.25
08:02:18,91282CLD1,TSRYS5850288,D,S,D,2024-08-27,1000000.00,3.719455,102.453125
08:02:18,91282CLD1,TSRYS5850288,D,B,C,2024-08-27,1000000.00,3.719483,102.45295
08:02:18,91282CLD1,TSRYS5850288,D,S,D,2024-08-27,1000000.00,3.752885,102.24804687
08:02:18,91282CLD1,TSRYS5850288,D,S,D,2024-08-27,1000000.00,3.752885,102.24804687
08:02:18,91282CLD1,TSRYS5850288,D,S,D,2024-08-27,1000000.00,3.752885,102.24804687
08:02:18,91282CLD1,TSRYS5850288,D,S,D,2024-08-27,1000000.00,3.752885,102.24804687
08:02:18,91282CLD1,TSRYS5850288,D,S,D,2024-08-27,2000000.00,3.752885,102.24804687
08:02:18,91282CLD1,TSRYS5850288,D,S,D,2024-08-27,1000000.00,3.752885,102.24804687
08:02:19,91282CLD1,TSRYS5850288,D,S,D,2024-08-27,1000000.00,3.750335,102.26367187
08:02:19,91282CLD1,TSRYS5850288,D,S,D,2024-08-27,1000000.00,3.750335,102.26367187
08:02:19,91282CLD1,TSRYS5850288,D,S,D,2024-08-27,1000000.00,3.750017,102.265625
08:02:19,91282CLD1,TSRYS5850288,D,S,C,2024-08-27,1000000.00,3.750017,102.265625
08:02:19,91282CLD1,TSRYS5850288,D,S,D,2024-08-27,1000000.00,3.750017,102.265625
08:02:19,91282CLD1,TSRYS5850288,D,S,C,2024-08-27,1000000.00,3.749698,102.26757812
08:02:19,91282CLD1,TSRYS5850288,D,S,C,2024-08-27,1000000.00,3.749698,102.26757812
08:02:19,91282CLD1,TSRYS5850288,D,S,C,2024-08-27,1000000.00,3.733454,102.3671875
08:02:19,91282CLD1,TSRYS5850288,D,S,T,2024-08-27,1000000.00,3.718183,102.4609375
08:02:19,91282CLD1,TSRYS5850288,D,S,C,2024-08-27,1000000.00,3.748105,102.27734375
08:02:19,91282CLD1,TSRYS5850288,D,S,D,2024-08-27,1000000.00,3.748423,102.27539062
08:02:19,91282CLD1,TSRYS5850288,D,B,C,2024-08-27,18000000.00,3.748608,102.27426
08:02:19,91282CLD1,TSRYS5850288,D,S,D,2024-08-27,1000000.00,3.748423,102.27539062
08:02:19,91282CLD1,TSRYS5850288,D,S,D,2024-08-27,1000000.00,3.748423,102.27539062
08:02:19,91282CLD1,TSRYS5850288,D,S,C,2024-08-27,2000000.00,3.721975,102.43765
08:02:19,91282CLD1,TSRYS5850288,D,S,T,2024-08-27,1000000.00,3.748423,102.27539062
08:02:19,91282CLD1,TSRYS5850288,D,S,D,2024-08-27,1000000.00,3.748423,102.27539062
08:02:19,91282CLD1,TSRYS5850288,D,S,C,2024-08-27,1000000.00,3.748423,102.27539062
08:02:19,91282CLD1,TSRYS5850288,D,S,C,2024-08-27,1000000.00,3.748423,102.27539062
08:02:19,91282CLD1,TSRYS5850288,D,S,C,2024-08-27,1000000.00,3.748423,102.27539062
08:02:19,91282CLD1,TSRYS5850288,D,S,C,2024-08-27,1000000.00,3.748423,102.27539062
08:02:19,91282CLD1,TSRYS5850288,D,S,D,2024-08-27,1000000.00,3.748423,102.27539062
08:02:19,91282CLD1,TSRYS5850288,D,S,D,2024-08-27,1000000.00,3.748423,102.27539062
08:02:19,91282CLD1,TSRYS5850288,D,S,C,2024-08-27,1000000.00,3.748423,102.27539062
08:02:19,91282CLD1,TSRYS5850288,D,S,C,2024-08-27,1000000.00,3.748423,102.27539062
08:02:20,91282CLD1,TSRYS5850288,D,S,C,2024-08-27,1000000.00,3.748423,102.27539062
08:02:20,91282CLD1,TSRYS5850288,D,S,C,2024-08-27,1000000.00,3.748423,102.27539062
08:02:20,91282CLD1,TSRYS5850288,D,S,C,2024-08-27,1000000.00,3.748423,102.27539062
08:02:20,91282CLD1,TSRYS5850288,D,B,C,2024-08-27,1000000.00,3.731863,102.376953125
08:02:20,91282CLD1,TSRYS5850288,D,S,C,2024-08-27,1000000.00,3.731863,102.376953125
08:02:20,91282CLD1,TSRYS5850288,D,S,D,2024-08-27,2000000.00,3.750017,102.265625
08:02:20,91282CLD1,TSRYS5850288,D,S,D,2024-08-27,1000000.00,3.750017,102.265625
08:02:20,91282CLD1,TSRYS5850288,D,S,D,2024-08-27,1000000.00,3.750017,102.265625
08:02:20,91282CLD1,TSRYS5850288,D,S,D,2024-08-27,1000000.00,3.750017,102.265625
08:02:20,91282CLD1,TSRYS5850288,D,S,T,2024-08-27,1000000.00,3.750335,102.26367187
08:02:20,91282CLD1,TSRYS5850288,D,S,T,2024-08-27,1000000.00,3.750335,102.26367187
08:02:21,91282CLD1,TSRYS5850288,D,S,T,2024-08-27,1000000.00,3.750335,102.26367187
08:02:21,91282CLD1,TSRYS5850288,D,S,T,2024-08-27,1000000.00,3.750654,102.26171875
08:02:21,91282CLD1,TSRYS5850288,D,S,D,2024-08-27,2000000.00,3.750654,102.26171875
08:02:21,91282CLD1,TSRYS5850288,D,S,D,2024-08-27,2000000.00,3.750654,102.26171875
08:02:21,91282CLD1,TSRYS5850288,D,S,D,2024-08-27,1000000.00,3.750973,102.25976562
08:02:21,91282CLD1,TSRYS5850288,D,S,D,2024-08-27,2000000.00,3.750973,102.25976562
08:02:21,91282CLD1,TSRYS5850288,D,S,T,2024-08-27,1000000.00,3.750973,102.25976562
08:02:21,91282CLD1,TSRYS5850288,D,S,D,2024-08-27,1000000.00,3.750973,102.25976562
08:02:21,91282CLD1,TSRYS5850288,D,S,T,2024-08-27,1000000.00,3.750973,102.25976562
08:02:21,91282CLD1,TSRYS5850288,D,S,D,2024-08-27,1000000.00,3.750973,102.25976562
08:02:21,91282CLD1,TSRYS5850288,D,S,T,2024-08-27,1000000.00,3.750973,102.25976562
08:02:21,91282CLD1,TSRYS5850288,D,S,D,2024-08-27,1000000.00,3.750973,102.25976562
08:02:21,91282CLD1,TSRYS5850288,D,S,D,2024-08-27,1000000.00,3.750973,102.25976562
08:02:21,91282CLD1,TSRYS5850288,D,S,T,2024-08-27,1000000.00,3.750973,102.25976562
08:02:21,91282CLD1,TSRYS5850288,D,S,T,2024-08-27,1000000.00,3.750973,102.25976562
08:02:21,91282CLD1,TSRYS5850288,D,S,D,2024-08-27,1000000.00,3.750973,102.25976562
08:02:21,91282CLD1,TSRYS5850288,D,S,T,2024-08-27,1000000.00,3.718183,102.4609375
08:02:21,91282CLD1,TSRYS5850288,D,S,T,2024-08-27,1000000.00,3.750973,102.25976562
08:02:21,91282CLD1,TSRYS5850288,D,S,T,2024-08-27,1000000.00,3.750973,102.25976562
08:02:21,91282CLD1,TSRYS5850288,D,S,T,2024-08-27,1000000.00,3.750973,102.25976562
08:02:21,91282CLD1,TSRYS5850288,D,S,T,2024-08-27,1000000.00,3.750973,102.25976562
08:02:21,91282CLD1,TSRYS5850288,D,S,T,2024-08-27,1000000.00,3.750973,102.25976562
08:02:21,91282CLD1,TSRYS5850288,D,S,T,2024-08-27,1000000.00,3.750973,102.25976562
08:02:21,91282CLD1,TSRYS5850288,D,S,C,2024-08-27,1000000.00,3.750973,102.25976562
08:02:21,91282CLD1,TSRYS5850288,D,S,C,2024-08-27,3000000.00,3.750973,102.25976562
08:02:21,91282CLD1,TSRYS5850288,D,S,T,2024-08-27,1000000.00,3.751292,102.2578125
08:02:22,91282CLD1,TSRYS5850288,D,S,T,2024-08-27,1000000.00,3.751292,102.2578125
08:02:22,91282CLD1,TSRYS5850288,D,S,T,2024-08-27,1000000.00,3.751324,102.2576125
08:02:22,91282CLD1,TSRYS5850288,D,S,D,2024-08-27,16000000.00,3.754909,102.23565
08:02:22,91282CLD1,TSRYS5850288,D,S,D,2024-08-27,25000000.00,3.715091,102.47993
08:02:22,91282CLD1,TSRYS5850288,D,S,C,2024-08-27,700000.00,3.716124,102.47265625
08:02:22,91282CLD1,TSRYS5850288,D,S,T,2024-08-27,1000000.00,3.727089,102.40625
08:02:22,91282CLD1,TSRYS5850288,D,S,D,2024-08-27,3000000.00,3.719569,102.452425
08:02:22,91282CLD1,TSRYS5850288,D,S,D,2024-08-27,7000000.00,3.730989,102.3823125
08:02:22,91282CLD1,TSRYS5850288,D,S,T,2024-08-27,1000000.00,3.727725,102.40234375
08:02:22,91282CLD1,TSRYS5850288,D,S,T,2024-08-27,1000000.00,3.726771,102.408203125
08:02:22,91282CLD1,TSRYS5850288,D,S,T,2024-08-27,1000000.00,3.73059,102.384765625
08:02:22,91282CLD1,TSRYS5850288,D,S,T,2024-08-27,2000000.00,3.726135,102.412109375
08:02:22,91282CLD1,TSRYS5850288,D,S,T,2024-08-27,1000000.00,3.728998,102.39453125
08:02:22,91282CLD1,TSRYS5850288,D,S,T,2024-08-27,2000000.00,3.730908,102.3828125
08:02:22,91282CLD1,TSRYS5850288,D,S,T,2024-08-27,2000000.00,3.723908,102.42578125
08:02:22,91282CLD1,TSRYS5850288,D,S,C,2024-08-27,5293200.00,3.724544,102.421875
08:02:22,91282CLD1,TSRYS5850288,D,S,T,2024-08-27,1000000.00,3.730908,102.3828125
08:02:22,91282CLD1,TSRYS5850288,D,S,T,2024-08-27,2000000.00,3.72868,102.396484375
08:02:22,91282CLD1,TSRYS5850288,D,S,T,2024-08-27,1000000.00,3.725498,102.416015625
08:02:22,91282CLD1,TSRYS5850288,D,S,T,2024-08-27,1000000.00,3.733454,102.3671875
08:02:22,91282CLD1,TSRYS5850288,D,S,T,2024-08-27,1000000.00,3.733454,102.3671875
08:02:22,91282CLD1,TSRYS5850288,D,S,T,2024-08-27,1000000.00,3.733772,102.365234375
08:02:22,91282CLD1,TSRYS5850288,D,S,T,2024-08-27,1000000.00,3.737593,102.341796875
08:02:22,91282CLD1,TSRYS5850288,D,S,T,2024-08-27,1000000.00,3.741096,102.3203125
08:02:22,91282CLD1,TSRYS5850288,D,S,T,2024-08-27,1000000.00,3.740459,102.32421875
08:02:22,91282CLD1,TSRYS5850288,D,S,T,2024-08-27,1000000.00,3.740459,102.32421875
08:02:22,91282CLD1,TSRYS5850288,D,S,T,2024-08-27,1000000.00,3.735683,102.353515625
08:02:22,91282CLD1,TSRYS5850288,D,S,T,2024-08-27,2000000.00,3.735683,102.353515625
08:02:22,91282CLD1,TSRYS5850288,D,S,T,2024-08-27,1000000.00,3.739822,102.328125
08:02:22,91282CLD1,TSRYS5850288,D,S,T,2024-08-27,1000000.00,3.741096,102.3203125
08:02:22,91282CLD1,TSRYS5850288,D,B,C,2024-08-27,1000000.00,3.721999,102.4375
08:02:22,91282CLD1,TSRYS5850288,D,S,D,2024-08-27,1000000.00,3.721999,102.4375
08:02:22,91282CLD1,TSRYS5850288,D,B,C,2024-08-27,1000000.00,3.722032,102.4373
08:02:22,91282CLD1,TSRYS5850288,D,S,D,2024-08-27,1000000.00,3.75161,102.25585937
08:02:22,91282CLD1,TSRYS5850288,D,S,T,2024-08-27,2000000.00,3.742689,102.310546875
08:02:22,91282CLD1,TSRYS5850288,D,S,D,2024-08-27,1000000.00,3.721999,102.4375
08:02:22,91282CLD1,TSRYS5850288,D,S,T,2024-08-27,1000000.00,3.743644,102.3046875
08:02:22,91282CLD1,TSRYS5850288,D,S,T,2024-08-27,1000000.00,3.743644,102.3046875
08:02:22,91282CLD1,TSRYS5850288,D,S,T,2024-08-27,2000000.00,3.742689,102.310546875
08:02:22,91282CLD1,TSRYS5850288,D,S,A,2024-08-27,725000.00,3.741733,102.31640625
08:02:23,91282CLD1,TSRYS5850288,D,S,T,2024-08-27,2000000.00,3.740459,102.32421875
08:02:23,91282CLD1,TSRYS5850288,D,S,T,2024-08-27,1000000.00,3.750017,102.265625
08:02:23,91282CLD1,TSRYS5850288,D,S,T,2024-08-27,1000000.00,3.751292,102.2578125
08:02:23,91282CLD1,TSRYS5850288,D,S,T,2024-08-27,1000000.00,3.750654,102.26171875
08:02:23,91282CLD1,TSRYS5850288,D,S,T,2024-08-27,1000000.00,3.750654,102.26171875
08:02:23,91282CLD1,TSRYS5850288,D,S,T,2024-08-27,1000000.00,3.750654,102.26171875
08:02:23,91282CLD1,TSRYS5850288,D,S,T,2024-08-27,1000000.00,3.750335,102.263671875
08:02:23,91282CLD1,TSRYS5850288,D,S,T,2024-08-27,1000000.00,3.750654,102.26171875
08:02:23,91282CLD1,TSRYS5850288,D,S,T,2024-08-27,1000000.00,3.750654,102.26171875
08:02:23,91282CLD1,TSRYS5850288,D,S,T,2024-08-27,1000000.00,3.750654,102.26171875
08:02:23,91282CLD1,TSRYS5850288,D,S,T,2024-08-27,1000000.00,3.752885,102.248046875
08:02:23,91282CLD1,TSRYS5850288,D,S,T,2024-08-27,1000000.00,3.752885,102.248046875
08:02:23,91282CLD1,TSRYS5850288,D,S,T,2024-08-27,1000000.00,3.750654,102.26171875
08:02:23,91282CLD1,TSRYS5850288,D,S,T,2024-08-27,1000000.00,3.752885,102.248046875
08:02:23,91282CLD1,TSRYS5850288,D,S,T,2024-08-27,1000000.00,3.752885,102.248046875
08:02:23,91282CLD1,TSRYS5850288,D,S,T,2024-08-27,1000000.00,3.752885,102.248046875
08:02:23,91282CLD1,TSRYS5850288,D,S,T,2024-08-27,1000000.00,3.752885,102.248046875
08:02:23,91282CLD1,TSRYS5850288,D,S,T,2024-08-27,1000000.00,3.752885,102.248046875
08:02:23,91282CLD1,TSRYS5850288,D,S,T,2024-08-27,1000000.00,3.752885,102.248046875
08:02:23,91282CLD1,TSRYS5850288,D,S,A,2024-08-27,9181000.00,3.752566,102.25
08:02:23,91282CLD1,TSRYS5850288,D,S,T,2024-08-27,1000000.00,3.750654,102.26171875
08:02:23,91282CLD1,TSRYS5850288,D,S,T,2024-08-27,1000000.00,3.752885,102.248046875
08:02:23,91282CLD1,TSRYS5850288,D,S,T,2024-08-27,1000000.00,3.755117,102.234375
08:02:23,91282CLD1,TSRYS5850288,D,S,T,2024-08-27,1000000.00,3.755117,102.234375
08:02:23,91282CLD1,TSRYS5850288,D,S,C,2024-08-27,25000000.00,3.741194,102.31971
08:02:23,91282CLD1,TSRYS5850288,D,S,T,2024-08-27,1000000.00,3.750654,102.26171875
08:02:23,91282CLD1,TSRYS5850288,D,B,C,2024-08-27,10000000.00,3.752566,102.25
08:02:23,91282CLD1,TSRYS5850288,D,S,T,2024-08-27,1000000.00,3.750654,102.26171875
08:02:23,91282CLD1,TSRYS5850288,D,S,T,2024-08-27,1000000.00,3.750654,102.26171875
08:02:23,91282CLD1,TSRYS5850288,D,S,T,2024-08-27,1000000.00,3.750654,102.26171875
08:02:23,91282CLD1,TSRYS5850288,D,B,C,2024-08-27,13000000.00,3.732867,102.37079
08:02:23,91282CLD1,TSRYS5850288,D,S,T,2024-08-27,1000000.00,3.750654,102.26171875
08:02:23,91282CLD1,TSRYS5850288,D,S,T,2024-08-27,1000000.00,3.749698,102.267578125
08:02:23,91282CLD1,TSRYS5850288,D,S,T,2024-08-27,1000000.00,3.752566,102.25
08:02:23,91282CLD1,TSRYS5850288,D,S,T,2024-08-27,1000000.00,3.752566,102.25
08:02:23,91282CLD1,TSRYS5850288,D,S,T,2024-08-27,1000000.00,3.752566,102.25
08:02:23,91282CLD1,TSRYS5850288,D,S,T,2024-08-27,1000000.00,3.751292,102.2578125
08:02:23,91282CLD1,TSRYS5850288,D,S,C,2024-08-27,9250000.00,3.751292,102.2578125
08:02:23,91282CLD1,TSRYS5850288,D,S,T,2024-08-27,1000000.00,3.752885,102.248046875
08:02:23,91282CLD1,TSRYS5850288,D,S,T,2024-08-27,1000000.00,3.75703,102.22265625
08:02:23,91282CLD1,TSRYS5850288,D,S,T,2024-08-27,1000000.00,3.755117,102.234375
08:02:23,91282CLD1,TSRYS5850288,D,S,T,2024-08-27,1000000.00,3.753842,102.2421875
08:02:23,91282CLD1,TSRYS5850288,D,S,T,2024-08-27,1000000.00,3.753842,102.2421875
08:02:23,91282CLD1,TSRYS5850288,D,S,D,2024-08-27,6563000.00,3.749405,102.26937129615
08:02:23,91282CLD1,TSRYS5850288,D,S,T,2024-08-27,1000000.00,3.714367,102.484375
08:02:23,91282CLD1,TSRYS5850288,D,S,T,2024-08-27,2000000.00,3.718183,102.4609375
08:02:23,91282CLD1,TSRYS5850288,D,S,T,2024-08-27,2000000.00,3.750017,102.265625
08:02:23,91282CLD1,TSRYS5850288,D,S,T,2024-08-27,1000000.00,3.750017,102.265625
08:02:23,91282CLD1,TSRYS5850288,D,S,T,2024-08-27,1000000.00,3.750017,102.265625
08:02:23,91282CLD1,TSRYS5850288,D,S,C,2024-08-27,1000000.00,3.723239,102.4298875
08:02:23,91282CLD1,TSRYS5850288,D,B,C,2024-08-27,1000000.00,3.721999,102.4375
08:02:23,91282CLD1,TSRYS5850288,D,S,D,2024-08-27,1000000.00,3.721999,102.4375
08:02:23,91282CLD1,TSRYS5850288,D,S,D,2024-08-27,1000000.00,3.720727,102.4453125
08:02:23,91282CLD1,TSRYS5850288,D,B,C,2024-08-27,1000000.00,3.720751,102.4451625
08:02:24,91282CLD1,TSRYS5850288,D,S,D,2024-08-27,1000000.00,3.720727,102.4453125
08:02:24,91282CLD1,TSRYS5850288,D,B,C,2024-08-27,1000000.00,3.720727,102.4453125
08:02:24,91282CLD1,TSRYS5850288,D,B,C,2024-08-27,1000000.00,3.720727,102.4453125
08:02:24,91282CLD1,TSRYS5850288,D,S,D,2024-08-27,1000000.00,3.720727,102.4453125
08:02:24,91282CLD1,TSRYS5850288,D,S,D,2024-08-27,1000000.00,3.720727,102.4453125
08:02:24,91282CLD1,TSRYS5850288,D,S,D,2024-08-27,1000000.00,3.720727,102.4453125
08:02:24,91282CLD1,TSRYS5850288,D,B,C,2024-08-27,1000000.00,3.720759,102.4451125
08:02:24,91282CLD1,TSRYS5850288,D,S,D,2024-08-27,1000000.00,3.720727,102.4453125
08:02:24,91282CLD1,TSRYS5850288,D,B,C,2024-08-27,1000000.00,3.720759,102.4451125
08:02:24,91282CLD1,TSRYS5850288,D,B,C,2024-08-27,1000000.00,3.720759,102.4451125
08:02:24,91282CLD1,TSRYS5850288,D,S,C,2024-08-27,1000000.00,3.720727,102.4453125
08:02:24,91282CLD1,TSRYS5850288,D,S,D,2024-08-27,1000000.00,3.720706,102.4454425
08:02:24,91282CLD1,TSRYS5850288,D,S,C,2024-08-27,1000000.00,3.720727,102.4453125
08:02:24,91282CLD1,TSRYS5850288,D,S,D,2024-08-27,1000000.00,3.720706,102.4454425
08:02:24,91282CLD1,TSRYS5850288,D,S,D,2024-08-27,1000000.00,3.720706,102.4454425
08:02:24,91282CLD1,TSRYS5850288,D,B,C,2024-08-27,1000000.00,3.720727,102.4453125
08:02:24,91282CLD1,TSRYS5850288,D,S,D,2024-08-27,1000000.00,3.720706,102.4454425
08:02:24,91282CLD1,TSRYS5850288,D,B,C,2024-08-27,1000000.00,3.720727,102.4453125
08:02:24,91282CLD1,TSRYS5850288,D,S,D,2024-08-27,1000000.00,3.720706,102.4454425
08:02:24,91282CLD1,TSRYS5850288,D,S,D,2024-08-27,1000000.00,3.720727,102.4453125
08:02:24,91282CLD1,TSRYS5850288,D,S,D,2024-08-27,1000000.00,3.720706,102.4454425
08:02:24,91282CLD1,TSRYS5850288,D,S,D,2024-08-27,1000000.00,3.720706,102.4454425
08:02:24,91282CLD1,TSRYS5850288,D,S,D,2024-08-27,1000000.00,3.720706,102.4454425
08:02:24,91282CLD1,TSRYS5850288,D,S,D,2024-08-27,1000000.00,3.720706,102.4454425
08:02:24,91282CLD1,TSRYS5850288,D,S,D,2024-08-27,1000000.00,3.720706,102.4454425
08:02:24,91282CLD1,TSRYS5850288,D,S,D,2024-08-27,1000000.00,3.721978,102.43763
08:02:24,91282CLD1,TSRYS5850288,D,B,C,2024-08-27,2000000.00,3.721999,102.4375
08:02:24,91282CLD1,TSRYS5850288,D,S,D,2024-08-27,1000000.00,3.721978,102.43763
08:02:24,91282CLD1,TSRYS5850288,D,S,T,2024-08-27,1000000.00,3.728383,102.3983075
08:02:24,91282CLD1,TSRYS5850288,D,B,C,2024-08-27,1000000.00,3.721999,102.4375
08:02:24,91282CLD1,TSRYS5850288,D,S,T,2024-08-27,1000000.00,3.718183,102.4609375
08:02:24,91282CLD1,TSRYS5850288,D,S,D,2024-08-27,1000000.00,3.721978,102.43763
08:02:24,91282CLD1,TSRYS5850288,D,S,T,2024-08-27,1000000.00,3.715639,102.4765625
08:02:24,91282CLD1,TSRYS5850288,D,S,T,2024-08-27,2000000.00,3.72711,102.40612
08:02:24,91282CLD1,TSRYS5850288,D,S,D,2024-08-27,1000000.00,3.721978,102.43763
08:02:24,91282CLD1,TSRYS5850288,D,S,C,2024-08-27,1000000.00,3.721975,102.43765
08:02:24,91282CLD1,TSRYS5850288,D,B,C,2024-08-27,1000000.00,3.722032,102.4373
08:02:24,91282CLD1,TSRYS5850288,D,S,C,2024-08-27,1000000.00,3.721975,102.43765
08:02:24,91282CLD1,TSRYS5850288,D,S,C,2024-08-27,1000000.00,3.721966,102.4377
08:02:25,91282CLD1,TSRYS5850288,D,S,D,2024-08-27,1000000.00,3.721978,102.43763
08:02:25,91282CLD1,TSRYS5850288,D,S,D,2024-08-27,2000000.00,3.721978,102.43763
08:02:25,91282CLD1,TSRYS5850288,D,S,D,2024-08-27,1000000.00,3.721978,102.43763
08:02:25,91282CLD1,TSRYS5850288,D,S,D,2024-08-27,1000000.00,3.721978,102.43763
08:02:25,91282CLD1,TSRYS5850288,D,B,C,2024-08-27,1000000.00,3.721999,102.4375
08:02:25,91282CLD1,TSRYS5850288,D,B,C,2024-08-27,1000000.00,3.721999,102.4375
08:02:25,91282CLD1,TSRYS5850288,D,S,C,2024-08-27,1000000.00,3.721975,102.43765
08:02:25,91282CLD1,TSRYS5850288,D,S,C,2024-08-27,1000000.00,3.721975,102.43765
08:02:25,91282CLD1,TSRYS5850288,D,S,C,2024-08-27,1000000.00,3.721975,102.43765
08:02:25,91282CLD1,TSRYS5850288,D,S,D,2024-08-27,1000000.00,3.723271,102.4296875
08:02:25,91282CLD1,TSRYS5850288,D,S,D,2024-08-27,1000000.00,3.72325,102.4298175
08:02:25,91282CLD1,TSRYS5850288,D,S,D,2024-08-27,1000000.00,3.72325,102.4298175
08:02:25,91282CLD1,TSRYS5850288,D,S,D,2024-08-27,1000000.00,3.72325,102.4298175
08:02:26,91282CLD1,TSRYS5850288,D,S,D,2024-08-27,1000000.00,3.727089,102.40625
08:02:26,91282CLD1,TSRYS5850288,D,B,C,2024-08-27,1000000.00,3.729667,102.390425
08:02:26,91282CLD1,TSRYS5850288,D,S,C,2024-08-27,1000000.00,3.729635,102.390625
08:02:26,91282CLD1,TSRYS5850288,D,B,C,2024-08-27,1000000.00,3.729667,102.390425
08:02:26,91282CLD1,TSRYS5850288,D,S,C,2024-08-27,1000000.00,3.729635,102.390625
08:02:26,91282CLD1,TSRYS5850288,D,S,T,2024-08-27,2000000.00,3.718183,102.4609375
08:02:26,91282CLD1,TSRYS5850288,D,S,T,2024-08-27,1000000.00,3.718183,102.4609375
08:02:26,91282CLD1,TSRYS5850288,D,S,T,2024-08-27,1000000.00,3.715639,102.4765625
08:02:26,91282CLD1,TSRYS5850288,D,B,C,2024-08-27,1000000.00,3.728362,102.3984375
08:02:26,91282CLD1,TSRYS5850288,D,S,D,2024-08-27,1000000.00,3.728362,102.3984375
08:02:27,91282CLD1,TSRYS5850288,D,S,C,2024-08-27,1000000.00,3.729602,102.390825
08:02:27,91282CLD1,TSRYS5850288,D,S,T,2024-08-27,1000000.00,3.755117,102.234375
08:02:27,91282CLD1,TSRYS5850288,D,S,C,2024-08-27,1000000.00,3.729606,102.3908
08:02:27,91282CLD1,TSRYS5850288,D,S,C,2024-08-27,1000000.00,3.72961,102.390775
08:02:27,91282CLD1,TSRYS5850288,D,S,C,2024-08-27,1000000.00,3.729635,102.390625
08:02:28,91282CLD1,TSRYS5850288,D,S,T,2024-08-27,2000000.00,3.718183,102.4609375
08:02:28,91282CLD1,TSRYS5850288,D,S,C,2024-08-27,1000000.00,3.730908,102.3828125
08:02:28,91282CLD1,TSRYS5850288,D,S,D,2024-08-27,1000000.00,3.732181,102.375
08:02:28,91282CLD1,TSRYS5850288,D,S,D,2024-08-27,1000000.00,3.73216,102.37513
08:02:28,91282CLD1,TSRYS5850288,D,S,D,2024-08-27,3000000.00,3.73216,102.37513
08:02:28,91282CLD1,TSRYS5850288,D,S,D,2024-08-27,1000000.00,3.73216,102.37513
08:02:28,91282CLD1,TSRYS5850288,D,S,D,2024-08-27,1000000.00,3.73216,102.37513
08:02:28,91282CLD1,TSRYS5850288,D,S,D,2024-08-27,1000000.00,3.73216,102.37513
08:02:28,91282CLD1,TSRYS5850288,D,S,T,2024-08-27,1000000.00,3.718183,102.4609375
08:02:28,91282CLD1,TSRYS5850288,D,S,T,2024-08-27,1000000.00,3.714367,102.484375
08:02:29,91282CLD1,TSRYS5850288,D,S,T,2024-08-27,1000000.00,3.72202,102.43737
08:02:29,91282CLD1,TSRYS5850288,D,B,C,2024-08-27,1000000.00,3.728394,102.3982375
08:02:29,91282CLD1,TSRYS5850288,D,S,D,2024-08-27,1000000.00,3.728341,102.3985675
08:02:29,91282CLD1,TSRYS5850288,D,S,D,2024-08-27,1000000.00,3.728341,102.3985675
08:02:29,91282CLD1,TSRYS5850288,D,B,C,2024-08-27,1000000.00,3.728362,102.3984375
08:02:29,91282CLD1,TSRYS5850288,D,S,D,2024-08-27,1000000.00,3.728341,102.3985675
08:02:29,91282CLD1,TSRYS5850288,D,S,D,2024-08-27,1000000.00,3.729635,102.390625
08:02:29,91282CLD1,TSRYS5850288,D,S,D,2024-08-27,1000000.00,3.728341,102.3985675
08:02:29,91282CLD1,TSRYS5850288,D,B,C,2024-08-27,1000000.00,3.728386,102.3982875
08:02:30,91282CLD1,TSRYS5850288,D,B,C,2024-08-27,1000000.00,3.728362,102.3984375
08:02:30,91282CLD1,TSRYS5850288,D,S,D,2024-08-27,1000000.00,3.728362,102.3984375
08:02:30,91282CLD1,TSRYS5850288,D,S,C,2024-08-27,1000000.00,3.729635,102.390625
08:02:30,91282CLD1,TSRYS5850288,D,B,C,2024-08-27,1000000.00,3.729635,102.390625
08:02:30,91282CLD1,TSRYS5850288,D,B,C,2024-08-27,1000000.00,3.729635,102.390625
08:02:30,91282CLD1,TSRYS5850288,D,S,C,2024-08-27,1000000.00,3.729635,102.390625
08:02:30,91282CLD1,TSRYS5850288,D,S,C,2024-08-27,1000000.00,3.735046,102.357421875
08:02:30,91282CLD1,TSRYS5850288,D,B,C,2024-08-27,1000000.00,3.734728,102.359375
08:02:30,91282CLD1,TSRYS5850288,D,S,D,2024-08-27,1000000.00,3.734728,102.359375
08:02:30,91282CLD1,TSRYS5850288,D,B,C,2024-08-27,1000000.00,3.734728,102.359375
08:02:30,91282CLD1,TSRYS5850288,D,S,D,2024-08-27,1000000.00,3.734728,102.359375
08:02:30,91282CLD1,TSRYS5850288,D,S,C,2024-08-27,1000000.00,3.733454,102.3671875
08:02:30,91282CLD1,TSRYS5850288,D,B,C,2024-08-27,1000000.00,3.733454,102.3671875
08:02:30,91282CLD1,TSRYS5850288,D,S,D,2024-08-27,1000000.00,3.733454,102.3671875
08:02:30,91282CLD1,TSRYS5850288,D,S,D,2024-08-27,1000000.00,3.733454,102.3671875
08:02:30,91282CLD1,TSRYS5850288,D,S,C,2024-08-27,1000000.00,3.732181,102.375
08:02:30,91282CLD1,TSRYS5850288,D,S,D,2024-08-27,1000000.00,3.730908,102.3828125
08:02:30,91282CLD1,TSRYS5850288,D,B,C,2024-08-27,1000000.00,3.730908,102.3828125
08:02:30,91282CLD1,TSRYS5850288,D,S,D,2024-08-27,1000000.00,3.730908,102.3828125
08:02:30,91282CLD1,TSRYS5850288,D,B,C,2024-08-27,1000000.00,3.730908,102.3828125
08:02:30,91282CLD1,TSRYS5850288,D,S,D,2024-08-27,1000000.00,3.730908,102.3828125
08:02:30,91282CLD1,TSRYS5850288,D,S,D,2024-08-27,1000000.00,3.728362,102.3984375
08:02:30,91282CLD1,TSRYS5850288,D,S,D,2024-08-27,1000000.00,3.728362,102.3984375
08:02:30,91282CLD1,TSRYS5850288,D,S,D,2024-08-27,1000000.00,3.728362,102.3984375
08:02:30,91282CLD1,TSRYS5850288,D,B,C,2024-08-27,1000000.00,3.727122,102.40605
08:02:30,91282CLD1,TSRYS5850288,D,S,D,2024-08-27,1000000.00,3.727089,102.40625
08:02:30,91282CLD1,TSRYS5850288,D,S,C,2024-08-27,1000000.00,3.727089,102.40625
08:02:30,91282CLD1,TSRYS5850288,D,S,D,2024-08-27,1000000.00,3.727089,102.40625
08:02:30,91282CLD1,TSRYS5850288,D,S,D,2024-08-27,1000000.00,3.727089,102.40625
08:02:30,91282CLD1,TSRYS5850288,D,B,C,2024-08-27,1000000.00,3.727089,102.40625
08:02:30,91282CLD1,TSRYS5850288,D,B,C,2024-08-27,1000000.00,3.727122,102.40605
08:02:31,91282CLD1,TSRYS5850288,D,B,C,2024-08-27,1000000.00,3.727089,102.40625
08:02:31,91282CLD1,TSRYS5850288,D,S,D,2024-08-27,1000000.00,3.727089,102.40625
08:02:31,91282CLD1,TSRYS5850288,D,S,D,2024-08-27,1000000.00,3.727089,102.40625
08:02:31,91282CLD1,TSRYS5850288,D,S,D,2024-08-27,1000000.00,3.727089,102.40625
08:02:31,91282CLD1,TSRYS5850288,D,B,C,2024-08-27,1000000.00,3.727089,102.40625
08:02:31,91282CLD1,TSRYS5850288,D,S,D,2024-08-27,1000000.00,3.727089,102.40625
08:02:31,91282CLD1,TSRYS5850288,D,S,D,2024-08-27,1000000.00,3.727089,102.40625
08:02:31,91282CLD1,TSRYS5850288,D,S,D,2024-08-27,1000000.00,3.727089,102.40625
08:02:31,91282CLD1,TSRYS5850288,D,S,D,2024-08-27,1000000.00,3.727089,102.40625
08:02:31,91282CLD1,TSRYS5850288,D,B,C,2024-08-27,1000000.00,3.727089,102.40625
08:02:31,91282CLD1,TSRYS5850288,D,S,D,2024-08-27,1000000.00,3.727089,102.40625
08:02:31,91282CLD1,TSRYS5850288,D,S,D,2024-08-27,1000000.00,3.727089,102.40625
08:02:31,91282CLD1,TSRYS5850288,D,B,C,2024-08-27,1000000.00,3.727089,102.40625
08:02:31,91282CLD1,TSRYS5850288,D,B,C,2024-08-27,1000000.00,3.727122,102.40605
08:02:31,91282CLD1,TSRYS5850288,D,B,C,2024-08-27,1000000.00,3.727089,102.40625
08:02:31,91282CLD1,TSRYS5850288,D,B,A,2024-08-27,8150000.00,3.741161,102.3199125
08:02:31,91282CLD1,TSRYS5850288,D,S,C,2024-08-27,1000000.00,3.725784,102.4142625
08:02:31,91282CLD1,TSRYS5850288,D,S,T,2024-08-27,1000000.00,3.741112,102.3202125
08:02:31,91282CLD1,TSRYS5850288,D,S,T,2024-08-27,3000000.00,3.741096,102.3203125
08:02:31,91282CLD1,TSRYS5850288,D,S,T,2024-08-27,4000000.00,3.741096,102.3203125
08:02:31,91282CLD1,TSRYS5850288,D,S,C,2024-08-27,1000000.00,3.730271,102.38671875
08:02:31,91282CLD1,TSRYS5850288,D,S,C,2024-08-27,1000000.00,3.730271,102.38671875
08:02:32,91282CLD1,TSRYS5850288,D,S,C,2024-08-27,1000000.00,3.72961,102.390775
08:02:32,91282CLD1,TSRYS5850288,D,S,C,2024-08-27,1000000.00,3.72961,102.390775
08:02:32,91282CLD1,TSRYS5850288,D,S,C,2024-08-27,1000000.00,3.72961,102.390775
08:02:32,91282CLD1,TSRYS5850288,D,S,C,2024-08-27,1000000.00,3.729594,102.390875
08:02:32,91282CLD1,TSRYS5850288,D,S,C,2024-08-27,1000000.00,3.72961,102.390777
08:02:32,91282CLD1,TSRYS5850288,D,S,C,2024-08-27,1000000.00,3.730859,102.3831125
08:02:32,91282CLD1,TSRYS5850288,D,S,D,2024-08-27,1000000.00,3.730908,102.3828125
08:02:32,91282CLD1,TSRYS5850288,D,B,C,2024-08-27,1000000.00,3.730908,102.3828125
08:02:32,91282CLD1,TSRYS5850288,D,S,C,2024-08-27,1000000.00,3.730883,102.3829625
08:02:33,91282CLD1,TSRYS5850288,D,S,T,2024-08-27,1000000.00,3.718183,102.4609375
08:02:33,91282CLD1,TSRYS5850288,D,S,D,2024-08-27,1000000.00,3.729635,102.390625
08:02:33,91282CLD1,TSRYS5850288,D,B,C,2024-08-27,1000000.00,3.729659,102.390475
08:02:33,91282CLD1,TSRYS5850288,D,B,C,2024-08-27,1000000.00,3.729667,102.390425
08:02:33,91282CLD1,TSRYS5850288,D,S,C,2024-08-27,1000000.00,3.729635,102.390625
08:02:33,91282CLD1,TSRYS5850288,D,S,C,2024-08-27,1000000.00,3.729594,102.390875
08:02:33,91282CLD1,TSRYS5850288,D,S,C,2024-08-27,1000000.00,3.729594,102.390875
08:02:33,91282CLD1,TSRYS5850288,D,S,C,2024-08-27,1000000.00,3.729586,102.390925
08:02:33,91282CLD1,TSRYS5850288,D,B,C,2024-08-27,1000000.00,3.729667,102.390425
08:02:33,91282CLD1,TSRYS5850288,D,B,C,2024-08-27,1000000.00,3.729667,102.390425
08:02:33,91282CLD1,TSRYS5850288,D,B,C,2024-08-27,1000000.00,3.729635,102.390625
08:02:33,91282CLD1,TSRYS5850288,D,S,C,2024-08-27,1000000.00,3.730871,102.3830395
08:02:33,91282CLD1,TSRYS5850288,D,S,C,2024-08-27,1000000.00,3.730908,102.3828125
08:02:33,91282CLD1,TSRYS5850288,D,S,T,2024-08-27,3000000.00,3.718183,102.4609375
08:02:34,91282CLD1,TSRYS5850288,D,S,C,2024-08-27,1000000.00,3.730883,102.3829625
08:02:34,91282CLD1,TSRYS5850288,D,S,C,2024-08-27,1000000.00,3.730908,102.3828125
08:02:34,91282CLD1,TSRYS5850288,D,S,C,2024-08-27,1000000.00,3.730908,102.3828125
08:02:34,91282CLD1,TSRYS5850288,D,B,C,2024-08-27,1000000.00,3.730908,102.3828125
08:02:34,91282CLD1,TSRYS5850288,D,S,C,2024-08-27,1000000.00,3.73343,102.3673375
08:02:34,91282CLD1,TSRYS5850288,D,S,C,2024-08-27,1000000.00,3.733426,102.3673625
08:02:34,91282CLD1,TSRYS5850288,D,S,D,2024-08-27,1000000.00,3.733454,102.3671875
08:02:35,91282CLD1,TSRYS5850288,D,B,C,2024-08-27,1000000.00,3.733479,102.3670375
08:02:35,91282CLD1,TSRYS5850288,D,S,C,2024-08-27,1000000.00,3.733422,102.3673875
08:02:35,91282CLD1,TSRYS5850288,D,S,D,2024-08-27,1000000.00,3.733454,102.3671875
08:02:35,91282CLD1,TSRYS5850288,D,S,T,2024-08-27,1000000.00,3.718183,102.4609375
08:02:35,91282CLD1,TSRYS5850288,D,S,T,2024-08-27,1000000.00,3.718183,102.4609375
08:02:35,91282CLD1,TSRYS5850288,D,S,C,2024-08-27,1000000.00,3.734695,102.359575
08:02:35,91282CLD1,TSRYS5850288,D,S,T,2024-08-27,1000000.00,3.718183,102.4609375
08:02:35,91282CLD1,TSRYS5850288,D,S,C,2024-08-27,1000000.00,3.733454,102.3671875
08:02:35,91282CLD1,TSRYS5850288,D,S,T,2024-08-27,1000000.00,3.718183,102.4609375
08:02:35,91282CLD1,TSRYS5850288,D,S,T,2024-08-27,1000000.00,3.718183,102.4609375
08:02:35,91282CLD1,TSRYS5850288,D,S,T,2024-08-27,1000000.00,3.715639,102.4765625
08:02:36,91282CLD1,TSRYS5850288,D,S,D,2024-08-27,1000000.00,3.730908,102.3828125
08:02:36,91282CLD1,TSRYS5850288,D,B,C,2024-08-27,1000000.00,3.730932,102.3826625
08:02:36,91282CLD1,TSRYS5850288,D,S,C,2024-08-27,1000000.00,3.725816,102.4140625
08:02:37,91282CLD1,TSRYS5850288,D,S,C,2024-08-27,1000000.00,3.733454,102.3671875
08:02:37,91282CLD1,TSRYS5850288,D,S,C,2024-08-27,1000000.00,3.733454,102.3671875
08:02:37,91282CLD1,TSRYS5850288,D,S,C,2024-08-27,1000000.00,3.733426,102.3673625
08:02:37,91282CLD1,TSRYS5850288,D,S,C,2024-08-27,1000000.00,3.733454,102.3671875
08:02:37,91282CLD1,TSRYS5850288,D,S,C,2024-08-27,1000000.00,3.733405,102.3674875
08:02:37,91282CLD1,TSRYS5850288,D,S,C,2024-08-27,1000000.00,3.734728,102.359375
08:02:37,91282CLD1,TSRYS5850288,D,S,D,2024-08-27,1000000.00,3.734728,102.359375
08:02:37,91282CLD1,TSRYS5850288,D,B,C,2024-08-27,1000000.00,3.734728,102.359375
08:02:37,91282CLD1,TSRYS5850288,D,S,D,2024-08-27,1000000.00,3.734728,102.359375
08:02:37,91282CLD1,TSRYS5850288,D,B,C,2024-08-27,1000000.00,3.734728,102.359375
08:02:37,91282CLD1,TSRYS5850288,D,S,C,2024-08-27,1000000.00,3.734699,102.35955
08:02:37,91282CLD1,TSRYS5850288,D,S,C,2024-08-27,1000000.00,3.734728,102.359375
08:02:37,91282CLD1,TSRYS5850288,D,B,C,2024-08-27,1000000.00,3.734728,102.359375
08:02:37,91282CLD1,TSRYS5850288,D,S,D,2024-08-27,1000000.00,3.751292,102.2578125
08:02:37,91282CLD1,TSRYS5850288,D,S,D,2024-08-27,1000000.00,3.733454,102.3671875
08:02:37,91282CLD1,TSRYS5850288,D,B,C,2024-08-27,1000000.00,3.733491,102.3669605
08:02:37,91282CLD1,TSRYS5850288,D,S,C,2024-08-27,1000000.00,3.733413,102.3674375
08:02:37,91282CLD1,TSRYS5850288,D,B,C,2024-08-27,1000000.00,3.733491,102.3669605
08:02:37,91282CLD1,TSRYS5850288,D,S,D,2024-08-27,1000000.00,3.73343,102.3673375
08:02:37,91282CLD1,TSRYS5850288,D,S,D,2024-08-27,1000000.00,3.73343,102.3673375
08:02:37,91282CLD1,TSRYS5850288,D,B,C,2024-08-27,1000000.00,3.733491,102.3669605
08:02:37,91282CLD1,TSRYS5850288,D,S,D,2024-08-27,1000000.00,3.73343,102.3673375
08:02:37,91282CLD1,TSRYS5850288,D,B,C,2024-08-27,1000000.00,3.733491,102.3669605
08:02:37,91282CLD1,TSRYS5850288,D,S,D,2024-08-27,1000000.00,3.73343,102.3673375
08:02:37,91282CLD1,TSRYS5850288,D,B,C,2024-08-27,1000000.00,3.733491,102.3669605
08:02:37,91282CLD1,TSRYS5850288,D,B,C,2024-08-27,1000000.00,3.733491,102.3669605
08:02:37,91282CLD1,TSRYS5850288,D,S,D,2024-08-27,1000000.00,3.73343,102.3673375
08:02:37,91282CLD1,TSRYS5850288,D,S,D,2024-08-27,1000000.00,3.73343,102.3673375
08:02:37,91282CLD1,TSRYS5850288,D,S,D,2024-08-27,1000000.00,3.73343,102.3673375
08:02:37,91282CLD1,TSRYS5850288,D,B,C,2024-08-27,1000000.00,3.733491,102.3669605
08:02:37,91282CLD1,TSRYS5850288,D,B,C,2024-08-27,1000000.00,3.733491,102.3669605
08:02:37,91282CLD1,TSRYS5850288,D,B,C,2024-08-27,1000000.00,3.733491,102.3669605
08:02:37,91282CLD1,TSRYS5850288,D,S,D,2024-08-27,1000000.00,3.73343,102.3673375
08:02:37,91282CLD1,TSRYS5850288,D,S,D,2024-08-27,1000000.00,3.73343,102.3673375
08:02:37,91282CLD1,TSRYS5850288,D,B,C,2024-08-27,1000000.00,3.733479,102.3670375
08:02:37,91282CLD1,TSRYS5850288,D,B,C,2024-08-27,1000000.00,3.733491,102.3669605
08:02:37,91282CLD1,TSRYS5850288,D,S,D,2024-08-27,1000000.00,3.73343,102.3673375
08:02:37,91282CLD1,TSRYS5850288,D,B,C,2024-08-27,1000000.00,3.733491,102.3669605
08:02:37,91282CLD1,TSRYS5850288,D,B,C,2024-08-27,1000000.00,3.733479,102.3670375
08:02:37,91282CLD1,TSRYS5850288,D,S,D,2024-08-27,1000000.00,3.73343,102.3673375
08:02:37,91282CLD1,TSRYS5850288,D,S,D,2024-08-27,1000000.00,3.73343,102.3673375
08:02:37,91282CLD1,TSRYS5850288,D,S,D,2024-08-27,1000000.00,3.733454,102.3671875
08:02:37,91282CLD1,TSRYS5850288,D,S,D,2024-08-27,1000000.00,3.751292,102.2578125
08:02:37,91282CLD1,TSRYS5850288,D,B,C,2024-08-27,1000000.00,3.733487,102.3669875
08:02:37,91282CLD1,TSRYS5850288,D,S,D,2024-08-27,1000000.00,3.73343,102.3673375
08:02:37,91282CLD1,TSRYS5850288,D,S,C,2024-08-27,1000000.00,3.732148,102.3752
08:02:38,91282CLD1,TSRYS5850288,D,S,D,2024-08-27,1000000.00,3.73343,102.3673375
08:02:38,91282CLD1,TSRYS5850288,D,B,C,2024-08-27,1000000.00,3.733487,102.3669875
08:02:38,91282CLD1,TSRYS5850288,D,S,D,2024-08-27,1000000.00,3.73343,102.3673375
08:02:38,91282CLD1,TSRYS5850288,D,S,D,2024-08-27,1000000.00,3.73343,102.3673375
08:02:38,91282CLD1,TSRYS5850288,D,S,D,2024-08-27,1000000.00,3.73343,102.3673375
08:02:38,91282CLD1,TSRYS5850288,D,S,T,2024-08-27,1000000.00,3.753874,102.2419875
08:02:38,91282CLD1,TSRYS5850288,D,B,C,2024-08-27,1000000.00,3.733454,102.3671875
08:02:38,91282CLD1,TSRYS5850288,D,S,D,2024-08-27,1000000.00,3.73343,102.3673375
08:02:38,91282CLD1,TSRYS5850288,D,B,C,2024-08-27,1000000.00,3.73823,102.33789062
08:02:38,91282CLD1,TSRYS5850288,D,S,D,2024-08-27,1000000.00,3.73823,102.33789062
08:02:38,91282CLD1,TSRYS5850288,D,B,C,2024-08-27,1000000.00,3.734728,102.359375
08:02:38,91282CLD1,TSRYS5850288,D,S,D,2024-08-27,1000000.00,3.734728,102.359375
08:02:38,91282CLD1,TSRYS5850288,D,B,C,2024-08-27,1000000.00,3.734728,102.359375
08:02:38,91282CLD1,TSRYS5850288,D,S,D,2024-08-27,1000000.00,3.734728,102.359375
08:02:38,91282CLD1,TSRYS5850288,D,S,T,2024-08-27,1000000.00,3.751312,102.2576875
08:02:38,91282CLD1,TSRYS5850288,D,S,T,2024-08-27,1000000.00,3.751292,102.2578125
08:02:38,91282CLD1,TSRYS5850288,D,S,C,2024-08-27,1000000.00,3.727089,102.40625
08:02:38,91282CLD1,TSRYS5850288,D,B,C,2024-08-27,1000000.00,3.727089,102.40625
08:02:38,91282CLD1,TSRYS5850288,D,S,D,2024-08-27,1000000.00,3.726453,102.41015625
08:02:39,91282CLD1,TSRYS5850288,D,S,T,2024-08-27,1000000.00,3.751312,102.2576875
08:02:39,91282CLD1,TSRYS5850288,D,S,T,2024-08-27,1000000.00,3.751313,102.2576825
08:02:39,91282CLD1,TSRYS5850288,D,S,D,2024-08-27,1000000.00,3.73343,102.3673375
08:02:39,91282CLD1,TSRYS5850288,D,S,D,2024-08-27,1000000.00,3.733454,102.3671875
08:02:39,91282CLD1,TSRYS5850288,D,B,C,2024-08-27,1000000.00,3.733454,102.3671875
08:02:39,91282CLD1,TSRYS5850288,D,S,T,2024-08-27,1000000.00,3.751292,102.2578125
08:02:39,91282CLD1,TSRYS5850288,D,S,T,2024-08-27,1000000.00,3.751313,102.2576825
08:02:39,91282CLD1,TSRYS5850288,D,S,D,2024-08-27,1000000.00,3.732156,102.37515
08:02:39,91282CLD1,TSRYS5850288,D,S,T,2024-08-27,1000000.00,3.751312,102.2576875
08:02:40,91282CLD1,TSRYS5850288,D,S,T,2024-08-27,1000000.00,3.718183,102.4609375
08:02:40,91282CLD1,TSRYS5850288,D,S,T,2024-08-27,1000000.00,3.718183,102.4609375
08:02:40,91282CLD1,TSRYS5850288,D,S,C,2024-08-27,1000000.00,3.732148,102.3752
08:02:40,91282CLD1,TSRYS5850288,D,S,T,2024-08-27,1000000.00,3.751312,102.2576875
08:02:40,91282CLD1,TSRYS5850288,D,S,C,2024-08-27,1000000.00,3.730908,102.3828125
08:02:40,91282CLD1,TSRYS5850288,D,S,T,2024-08-27,1000000.00,3.751313,102.2576825
08:02:40,91282CLD1,TSRYS5850288,D,S,D,2024-08-27,1000000.00,3.732181,102.375
08:02:40,91282CLD1,TSRYS5850288,D,B,C,2024-08-27,1000000.00,3.732181,102.375
08:02:40,91282CLD1,TSRYS5850288,D,S,D,2024-08-27,1000000.00,3.73343,102.3673375
08:02:40,91282CLD1,TSRYS5850288,D,S,C,2024-08-27,1000000.00,3.733454,102.3671875
08:02:40,91282CLD1,TSRYS5850288,D,B,C,2024-08-27,1000000.00,3.733454,102.3671875
08:02:40,91282CLD1,TSRYS5850288,D,S,D,2024-08-27,1000000.00,3.73343,102.3673375
08:02:40,91282CLD1,TSRYS5850288,D,B,C,2024-08-27,1000000.00,3.733454,102.3671875
08:02:40,91282CLD1,TSRYS5850288,D,S,D,2024-08-27,1000000.00,3.73343,102.3673375
08:02:40,91282CLD1,TSRYS5850288,D,S,D,2024-08-27,1000000.00,3.73343,102.3673375
08:02:40,91282CLD1,TSRYS5850288,D,S,T,2024-08-27,1000000.00,3.751292,102.2578125
08:02:40,91282CLD1,TSRYS5850288,D,S,D,2024-08-27,1000000.00,3.730908,102.3828125
08:02:40,91282CLD1,TSRYS5850288,D,S,T,2024-08-27,1000000.00,3.751292,102.2578125
08:02:41,91282CLD1,TSRYS5850288,D,S,D,2024-08-27,1000000.00,3.730908,102.3828125
08:02:42,91282CLD1,TSRYS5850288,D,S,C,2024-08-27,1000000.00,3.725816,102.4140625
08:02:42,91282CLD1,TSRYS5850288,D,S,C,2024-08-27,1000000.00,3.725816,102.4140625
08:02:42,91282CLD1,TSRYS5850288,D,S,T,2024-08-27,1000000.00,3.755117,102.234375
08:02:42,91282CLD1,TSRYS5850288,D,S,C,2024-08-27,1000000.00,3.725784,102.4142625
08:02:42,91282CLD1,TSRYS5850288,D,S,T,2024-08-27,1000000.00,3.755117,102.234375
08:02:43,91282CLD1,TSRYS5850288,D,S,D,2024-08-27,13000000.00,3.754544,102.23788125
08:02:44,91282CLD1,TSRYS5850288,D,S,D,2024-08-27,1000000.00,3.728998,102.39453125
08:02:44,91282CLD1,TSRYS5850288,D,S,D,2024-08-27,1000000.00,3.728998,102.39453125
08:02:44,91282CLD1,TSRYS5850288,D,S,D,2024-08-27,1000000.00,3.728998,102.39453125
08:02:44,91282CLD1,TSRYS5850288,D,S,D,2024-08-27,1000000.00,3.728998,102.39453125
08:02:44,91282CLD1,TSRYS5850288,D,S,D,2024-08-27,1000000.00,3.728998,102.39453125
08:02:44,91282CLD1,TSRYS5850288,D,S,D,2024-08-27,1000000.00,3.728998,102.39453125
08:02:44,91282CLD1,TSRYS5850288,D,S,D,2024-08-27,1000000.00,3.728998,102.39453125
08:02:44,91282CLD1,TSRYS5850288,D,S,D,2024-08-27,1000000.00,3.728998,102.39453125
08:02:44,91282CLD1,TSRYS5850288,D,S,D,2024-08-27,1000000.00,3.728362,102.3984375
08:02:44,91282CLD1,TSRYS5850288,D,S,C,2024-08-27,1000000.00,3.728337,102.3985875
08:02:44,91282CLD1,TSRYS5850288,D,S,D,2024-08-27,1000000.00,3.728362,102.3984375
08:02:45,91282CLD1,TSRYS5850288,D,B,A,2024-08-27,400000.00,3.752566,102.25
08:02:45,91282CLD1,TSRYS5850288,D,S,C,2024-08-27,1000000.00,3.727089,102.40625
08:02:46,91282CLD1,TSRYS5850288,D,S,C,2024-08-27,1000000.00,3.724544,102.421875
08:02:46,91282CLD1,TSRYS5850288,D,B,C,2024-08-27,1000000.00,3.724544,102.421875
08:02:46,91282CLD1,TSRYS5850288,D,S,D,2024-08-27,2000000.00,3.749698,102.267578125
08:02:46,91282CLD1,TSRYS5850288,D,S,C,2024-08-27,1000000.00,3.724495,102.422175
08:02:46,91282CLD1,TSRYS5850288,D,B,C,2024-08-27,1000000.00,3.724576,102.421675
08:02:46,91282CLD1,TSRYS5850288,D,S,D,2024-08-27,1000000.00,3.724544,102.421875
08:02:46,91282CLD1,TSRYS5850288,D,B,C,2024-08-27,1000000.00,3.724576,102.421675
08:02:47,91282CLD1,TSRYS5850288,D,S,C,2024-08-27,1000000.00,3.726135,102.412109375
08:02:47,91282CLD1,TSRYS5850288,D,S,C,2024-08-27,1000000.00,3.725816,102.4140625
08:02:48,91282CLD1,TSRYS5850288,D,S,D,2024-08-27,1000000.00,3.728362,102.3984375
08:02:48,91282CLD1,TSRYS5850288,D,S,D,2024-08-27,1000000.00,3.727089,102.40625
08:02:48,91282CLD1,TSRYS5850288,D,S,D,2024-08-27,1000000.00,3.727089,102.40625
08:02:48,91282CLD1,TSRYS5850288,D,B,C,2024-08-27,1000000.00,3.72713,102.406
08:02:48,91282CLD1,TSRYS5850288,D,S,D,2024-08-27,1000000.00,3.727089,102.40625
08:02:48,91282CLD1,TSRYS5850288,D,S,D,2024-08-27,1000000.00,3.727089,102.40625
08:02:48,91282CLD1,TSRYS5850288,D,B,C,2024-08-27,1000000.00,3.727089,102.40625
08:02:48,91282CLD1,TSRYS5850288,D,S,D,2024-08-27,1000000.00,3.727089,102.40625
08:02:48,91282CLD1,TSRYS5850288,D,S,D,2024-08-27,2000000.00,3.727089,102.40625
08:02:48,91282CLD1,TSRYS5850288,D,B,C,2024-08-27,1000000.00,3.727122,102.40605
08:02:48,91282CLD1,TSRYS5850288,D,S,D,2024-08-27,1000000.00,3.727089,102.40625
08:02:48,91282CLD1,TSRYS5850288,D,S,D,2024-08-27,1000000.00,3.727089,102.40625
08:02:48,91282CLD1,TSRYS5850288,D,S,D,2024-08-27,1000000.00,3.727089,102.40625
08:02:48,91282CLD1,TSRYS5850288,D,S,D,2024-08-27,1000000.00,3.727089,102.40625
08:02:48,91282CLD1,TSRYS5850288,D,S,D,2024-08-27,1000000.00,3.727089,102.40625
08:02:48,91282CLD1,TSRYS5850288,D,B,C,2024-08-27,1000000.00,3.72713,102.406
08:02:48,91282CLD1,TSRYS5850288,D,S,D,2024-08-27,1000000.00,3.727089,102.40625
08:02:48,91282CLD1,TSRYS5850288,D,S,D,2024-08-27,1000000.00,3.727089,102.40625
08:02:48,91282CLD1,TSRYS5850288,D,S,D,2024-08-27,1000000.00,3.727089,102.40625
08:02:48,91282CLD1,TSRYS5850288,D,S,D,2024-08-27,1000000.00,3.727089,102.40625
08:02:48,91282CLD1,TSRYS5850288,D,B,C,2024-08-27,1000000.00,3.727089,102.40625
08:02:48,91282CLD1,TSRYS5850288,D,S,D,2024-08-27,1000000.00,3.727089,102.40625
08:02:48,91282CLD1,TSRYS5850288,D,S,D,2024-08-27,1000000.00,3.727089,102.40625
08:02:48,91282CLD1,TSRYS5850288,D,B,C,2024-08-27,1000000.00,3.727089,102.40625
08:02:48,91282CLD1,TSRYS5850288,D,B,C,2024-08-27,1000000.00,3.727105,102.40615
08:02:48,91282CLD1,TSRYS5850288,D,B,C,2024-08-27,1000000.00,3.727113,102.4061
08:02:48,91282CLD1,TSRYS5850288,D,B,C,2024-08-27,1000000.00,3.727122,102.40605
08:02:48,91282CLD1,TSRYS5850288,D,S,D,2024-08-27,1000000.00,3.727089,102.40625
08:02:48,91282CLD1,TSRYS5850288,D,B,C,2024-08-27,1000000.00,3.72713,102.406
08:02:48,91282CLD1,TSRYS5850288,D,S,D,2024-08-27,1000000.00,3.727089,102.40625
08:02:48,91282CLD1,TSRYS5850288,D,S,D,2024-08-27,1000000.00,3.727089,102.40625
08:02:48,91282CLD1,TSRYS5850288,D,S,D,2024-08-27,1000000.00,3.727089,102.40625
08:02:48,91282CLD1,TSRYS5850288,D,S,D,2024-08-27,1000000.00,3.727089,102.40625
08:02:48,91282CLD1,TSRYS5850288,D,S,D,2024-08-27,1000000.00,3.727089,102.40625
08:02:48,91282CLD1,TSRYS5850288,D,B,C,2024-08-27,1000000.00,3.727105,102.40615
08:02:48,91282CLD1,TSRYS5850288,D,B,C,2024-08-27,1000000.00,3.72713,102.406
08:02:48,91282CLD1,TSRYS5850288,D,S,D,2024-08-27,1000000.00,3.727089,102.40625
08:02:48,91282CLD1,TSRYS5850288,D,B,C,2024-08-27,1000000.00,3.727089,102.40625
08:02:48,91282CLD1,TSRYS5850288,D,S,D,2024-08-27,1000000.00,3.727089,102.40625
08:02:48,91282CLD1,TSRYS5850288,D,S,D,2024-08-27,1000000.00,3.727089,102.40625
08:02:48,91282CLD1,TSRYS5850288,D,S,D,2024-08-27,1000000.00,3.727089,102.40625
08:02:48,91282CLD1,TSRYS5850288,D,S,D,2024-08-27,1000000.00,3.727089,102.40625
08:02:48,91282CLD1,TSRYS5850288,D,S,D,2024-08-27,1000000.00,3.727089,102.40625
08:02:48,91282CLD1,TSRYS5850288,D,S,D,2024-08-27,1000000.00,3.727089,102.40625
08:02:48,91282CLD1,TSRYS5850288,D,B,C,2024-08-27,1000000.00,3.727105,102.40615
08:02:48,91282CLD1,TSRYS5850288,D,S,D,2024-08-27,1000000.00,3.727089,102.40625
08:02:48,91282CLD1,TSRYS5850288,D,S,D,2024-08-27,1000000.00,3.727089,102.40625
08:02:48,91282CLD1,TSRYS5850288,D,B,C,2024-08-27,1000000.00,3.72713,102.406
08:02:48,91282CLD1,TSRYS5850288,D,B,C,2024-08-27,1000000.00,3.727122,102.40605
08:02:48,91282CLD1,TSRYS5850288,D,B,C,2024-08-27,1000000.00,3.727122,102.40605
08:02:48,91282CLD1,TSRYS5850288,D,B,C,2024-08-27,1000000.00,3.72713,102.406
08:02:48,91282CLD1,TSRYS5850288,D,B,C,2024-08-27,1000000.00,3.72713,102.406
08:02:48,91282CLD1,TSRYS5850288,D,B,C,2024-08-27,1000000.00,3.727089,102.40625
08:02:48,91282CLD1,TSRYS5850288,D,B,C,2024-08-27,1000000.00,3.727089,102.40625
08:02:48,91282CLD1,TSRYS5850288,D,S,D,2024-08-27,1000000.00,3.727089,102.40625
08:02:48,91282CLD1,TSRYS5850288,D,S,D,2024-08-27,1000000.00,3.727089,102.40625
08:02:48,91282CLD1,TSRYS5850288,D,S,D,2024-08-27,1000000.00,3.727089,102.40625
08:02:48,91282CLD1,TSRYS5850288,D,S,D,2024-08-27,1000000.00,3.727089,102.40625
08:02:48,91282CLD1,TSRYS5850288,D,S,D,2024-08-27,1000000.00,3.727089,102.40625
08:02:48,91282CLD1,TSRYS5850288,D,S,D,2024-08-27,1000000.00,3.727089,102.40625
08:02:49,91282CLD1,TSRYS5850288,D,S,D,2024-08-27,1000000.00,3.729635,102.390625
08:02:49,91282CLD1,TSRYS5850288,D,B,C,2024-08-27,1000000.00,3.729635,102.390625
08:02:49,91282CLD1,TSRYS5850288,D,S,D,2024-08-27,1000000.00,3.727089,102.40625
08:02:49,91282CLD1,TSRYS5850288,D,B,C,2024-08-27,1000000.00,3.727089,102.40625
08:02:49,91282CLD1,TSRYS5850288,D,S,D,2024-08-27,1000000.00,3.727089,102.40625
08:02:49,91282CLD1,TSRYS5850288,D,B,C,2024-08-27,1000000.00,3.72713,102.406
08:02:49,91282CLD1,TSRYS5850288,D,S,C,2024-08-27,1000000.00,3.728313,102.3987375
08:02:51,91282CLD1,TSRYS5850288,D,S,D,2024-08-27,1000000.00,3.728362,102.3984375
08:02:52,91282CLD1,TSRYS5850288,D,B,C,2024-08-27,1000000.00,3.727089,102.40625
08:02:52,91282CLD1,TSRYS5850288,D,S,D,2024-08-27,1000000.00,3.727089,102.40625
08:02:52,91282CLD1,TSRYS5850288,D,S,C,2024-08-27,1000000.00,3.728329,102.3986375
08:02:54,91282CLD1,TSRYS5850288,D,S,C,2024-08-27,3000000.00,3.729602,102.390825
08:02:54,91282CLD1,TSRYS5850288,D,S,D,2024-08-27,1000000.00,3.729635,102.390625
08:02:54,91282CLD1,TSRYS5850288,D,S,T,2024-08-27,1000000.00,3.750973,102.25976562
08:02:54,91282CLD1,TSRYS5850288,D,S,T,2024-08-27,1000000.00,3.751292,102.2578125
08:02:54,91282CLD1,TSRYS5850288,D,S,C,2024-08-27,1000000.00,3.728329,102.3986375
08:02:55,91282CLD1,TSRYS5850288,D,B,C,2024-08-27,1000000.00,3.750017,102.265625
08:02:55,91282CLD1,TSRYS5850288,D,S,D,2024-08-27,1000000.00,3.750017,102.265625
08:02:55,91282CLD1,TSRYS5850288,D,S,T,2024-08-27,1000000.00,3.751292,102.2578125
08:02:55,91282CLD1,TSRYS5850288,D,S,C,2024-08-27,3000000.00,3.751292,102.2578125
08:02:55,91282CLD1,TSRYS5850288,D,S,C,2024-08-27,1000000.00,3.731544,102.37890625
08:02:55,91282CLD1,TSRYS5850288,D,S,C,2024-08-27,1000000.00,3.731544,102.37890625
08:02:55,91282CLD1,TSRYS5850288,D,S,C,2024-08-27,2000000.00,3.727065,102.4064
08:02:55,91282CLD1,TSRYS5850288,D,B,C,2024-08-27,1000000.00,3.752566,102.25
08:02:55,91282CLD1,TSRYS5850288,D,S,D,2024-08-27,1000000.00,3.752566,102.25
08:02:56,91282CLD1,TSRYS5850288,D,S,D,2024-08-27,2000000.00,3.751292,102.2578125
08:02:56,91282CLD1,TSRYS5850288,D,B,C,2024-08-27,1000000.00,3.752566,102.25
08:02:56,91282CLD1,TSRYS5850288,D,S,D,2024-08-27,1000000.00,3.752566,102.25
08:02:56,91282CLD1,TSRYS5850288,D,B,C,2024-08-27,1000000.00,3.752566,102.25
08:02:56,91282CLD1,TSRYS5850288,D,S,D,2024-08-27,1000000.00,3.752566,102.25
08:02:56,91282CLD1,TSRYS5850288,D,B,C,2024-08-27,1000000.00,3.752566,102.25
08:02:56,91282CLD1,TSRYS5850288,D,S,D,2024-08-27,1000000.00,3.752566,102.25
08:02:56,91282CLD1,TSRYS5850288,D,S,C,2024-08-27,1000000.00,3.728313,102.3987375
08:02:56,91282CLD1,TSRYS5850288,D,B,C,2024-08-27,1000000.00,3.728398,102.3982125
08:02:56,91282CLD1,TSRYS5850288,D,S,C,2024-08-27,1000000.00,3.728313,102.3987375
08:02:56,91282CLD1,TSRYS5850288,D,B,C,2024-08-27,1000000.00,3.728398,102.3982125
08:02:56,91282CLD1,TSRYS5850288,D,S,C,2024-08-27,1000000.00,3.728313,102.3987375
08:02:56,91282CLD1,TSRYS5850288,D,S,C,2024-08-27,1000000.00,3.728362,102.3984375
08:02:56,91282CLD1,TSRYS5850288,D,B,C,2024-08-27,1000000.00,3.728398,102.3982125
08:02:56,91282CLD1,TSRYS5850288,D,B,C,2024-08-27,1000000.00,3.728398,102.3982125
08:02:57,91282CLD1,TSRYS5850288,D,S,D,2024-08-27,1000000.00,3.752885,102.24804687
08:02:57,91282CLD1,TSRYS5850288,D,B,C,2024-08-27,1000000.00,3.752885,102.24804687
08:02:57,91282CLD1,TSRYS5850288,D,S,D,2024-08-27,1000000.00,3.729635,102.390625
08:02:58,91282CLD1,TSRYS5850288,D,S,C,2024-08-27,1000000.00,3.732148,102.3752
08:02:58,91282CLD1,TSRYS5850288,D,S,D,2024-08-27,2000000.00,3.751292,102.2578125
08:02:58,91282CLD1,TSRYS5850288,D,S,C,2024-08-27,1000000.00,3.727089,102.40625
08:02:58,91282CLD1,TSRYS5850288,D,S,C,2024-08-27,1000000.00,3.727089,102.40625
08:02:58,91282CLD1,TSRYS5850288,D,S,C,2024-08-27,1000000.00,3.732132,102.3753
08:02:59,91282CLD1,TSRYS5850288,D,S,C,2024-08-27,1000000.00,3.727725,102.40234375
08:02:59,91282CLD1,TSRYS5850288,D,S,C,2024-08-27,1000000.00,3.727725,102.40234375
08:02:59,91282CLD1,TSRYS5850288,D,S,D,2024-08-27,1000000.00,3.73343,102.3673375
08:02:59,91282CLD1,TSRYS5850288,D,S,C,2024-08-27,1000000.00,3.727407,102.404296875
08:02:59,91282CLD1,TSRYS5850288,D,S,C,2024-08-27,1000000.00,3.727725,102.40234375
08:02:59,91282CLD1,TSRYS5850288,D,S,T,2024-08-27,1000000.00,3.7252,102.41784375
08:02:59,91282CLD1,TSRYS5850288,D,S,C,2024-08-27,1000000.00,3.727407,102.404296875
08:02:59,91282CLD1,TSRYS5850288,D,S,C,2024-08-27,1000000.00,3.727407,102.404296875
08:03:00,91282CLD1,TSRYS5850288,D,S,C,2024-08-27,1000000.00,3.727407,102.404296875
08:03:00,91282CLD1,TSRYS5850288,D,S,D,2024-08-27,1000000.00,3.750654,102.26171875
08:03:00,91282CLD1,TSRYS5850288,D,S,D,2024-08-27,1000000.00,3.751292,102.2578125
08:03:00,91282CLD1,TSRYS5850288,D,S,D,2024-08-27,2000000.00,3.751292,102.2578125
08:03:00,91282CLD1,TSRYS5850288,D,S,T,2024-08-27,1000000.00,3.751292,102.2578125
08:03:00,91282CLD1,TSRYS5850288,D,S,T,2024-08-27,1000000.00,3.755117,102.234375
08:03:01,91282CLD1,TSRYS5850288,D,S,D,2024-08-27,1000000.00,3.729635,102.390625
08:03:01,91282CLD1,TSRYS5850288,D,B,C,2024-08-27,1000000.00,3.729667,102.390425
08:03:01,91282CLD1,TSRYS5850288,D,S,T,2024-08-27,3000000.00,3.756392,102.2265625
08:03:01,91282CLD1,TSRYS5850288,D,S,T,2024-08-27,6000000.00,3.756392,102.2265625
08:03:01,91282CLD1,TSRYS5850288,D,S,D,2024-08-27,1000000.00,3.728362,102.3984375
08:03:01,91282CLD1,TSRYS5850288,D,B,C,2024-08-27,1000000.00,3.728394,102.3982375
08:03:01,91282CLD1,TSRYS5850288,D,S,D,2024-08-27,1000000.00,3.728362,102.3984375
08:03:01,91282CLD1,TSRYS5850288,D,B,C,2024-08-27,1000000.00,3.750654,102.26171875
08:03:01,91282CLD1,TSRYS5850288,D,S,D,2024-08-27,1000000.00,3.750654,102.26171875
08:03:01,91282CLD1,TSRYS5850288,D,S,D,2024-08-27,1000000.00,3.751929,102.25390625
08:03:01,91282CLD1,TSRYS5850288,D,S,D,2024-08-27,3000000.00,3.751929,102.25390625
08:03:01,91282CLD1,TSRYS5850288,D,B,C,2024-08-27,1000000.00,3.725865,102.4137625
08:03:01,91282CLD1,TSRYS5850288,D,S,C,2024-08-27,1000000.00,3.725816,102.4140625
08:03:01,91282CLD1,TSRYS5850288,D,S,D,2024-08-27,1000000.00,3.725816,102.4140625
08:03:02,91282CLD1,TSRYS5850288,D,S,D,2024-08-27,1000000.00,3.721999,102.4375
08:03:02,91282CLD1,TSRYS5850288,D,S,T,2024-08-27,1000000.00,3.751313,102.2576825
08:03:02,91282CLD1,TSRYS5850288,D,S,D,2024-08-27,1000000.00,3.721999,102.4375
08:03:03,91282CLD1,TSRYS5850288,D,S,D,2024-08-27,1000000.00,3.721999,102.4375
08:03:03,91282CLD1,TSRYS5850288,D,S,T,2024-08-27,1000000.00,3.751313,102.2576825
08:03:03,91282CLD1,TSRYS5850288,D,S,C,2024-08-27,1000000.00,3.723222,102.4299875
08:03:03,91282CLD1,TSRYS5850288,D,S,C,2024-08-27,1000000.00,3.723271,102.4296875
08:03:03,91282CLD1,TSRYS5850288,D,S,C,2024-08-27,1000000.00,3.723222,102.4299875
08:03:03,91282CLD1,TSRYS5850288,D,S,C,2024-08-27,1000000.00,3.723271,102.4296875
08:03:03,91282CLD1,TSRYS5850288,D,S,D,2024-08-27,1000000.00,3.723271,102.4296875
08:03:03,91282CLD1,TSRYS5850288,D,S,D,2024-08-27,1000000.00,3.723271,102.4296875
08:03:03,91282CLD1,TSRYS5850288,D,B,C,2024-08-27,1000000.00,3.751292,102.2578125
08:03:03,91282CLD1,TSRYS5850288,D,S,D,2024-08-27,1000000.00,3.751292,102.2578125
08:03:03,91282CLD1,TSRYS5850288,D,B,C,2024-08-27,1000000.00,3.750017,102.265625
08:03:03,91282CLD1,TSRYS5850288,D,S,D,2024-08-27,1000000.00,3.750017,102.265625
08:03:04,91282CLD1,TSRYS5850288,D,S,D,2024-08-27,1000000.00,3.724544,102.421875
08:03:04,91282CLD1,TSRYS5850288,D,B,C,2024-08-27,1000000.00,3.72458,102.42165
08:03:04,91282CLD1,TSRYS5850288,D,B,C,2024-08-27,1000000.00,3.72458,102.42165
08:03:04,91282CLD1,TSRYS5850288,D,S,D,2024-08-27,1000000.00,3.724544,102.421875
08:03:04,91282CLD1,TSRYS5850288,D,S,D,2024-08-27,1000000.00,3.724544,102.421875
08:03:04,91282CLD1,TSRYS5850288,D,S,D,2024-08-27,1000000.00,3.727089,102.40625
08:03:04,91282CLD1,TSRYS5850288,D,B,C,2024-08-27,1000000.00,3.750017,102.265625
08:03:04,91282CLD1,TSRYS5850288,D,S,D,2024-08-27,1000000.00,3.750017,102.265625
08:03:05,91282CLD1,TSRYS5850288,D,S,D,2024-08-27,2000000.00,3.728362,102.3984375
08:03:05,91282CLD1,TSRYS5850288,D,S,C,2024-08-27,1000000.00,3.729635,102.390625
08:03:05,91282CLD1,TSRYS5850288,D,B,C,2024-08-27,1000000.00,3.729635,102.390625
08:03:05,91282CLD1,TSRYS5850288,D,S,T,2024-08-27,1000000.00,3.755117,102.234375
08:03:05,91282CLD1,TSRYS5850288,D,S,D,2024-08-27,1000000.00,3.722635,102.43359375
08:03:05,91282CLD1,TSRYS5850288,D,S,D,2024-08-27,1000000.00,3.722635,102.43359375
08:03:05,91282CLD1,TSRYS5850288,D,S,D,2024-08-27,1000000.00,3.722635,102.43359375
08:03:05,91282CLD1,TSRYS5850288,D,S,C,2024-08-27,1000000.00,3.723271,102.4296875
08:03:06,91282CLD1,TSRYS5850288,D,S,T,2024-08-27,3000000.00,3.756392,102.2265625
08:03:06,91282CLD1,TSRYS5850288,D,S,D,2024-08-27,90000.00,3.750654,102.26171875
08:03:06,91282CLD1,TSRYS5850288,D,S,D,2024-08-27,90000.00,3.749929,102.266163194
08:03:07,91282CLD1,TSRYS5850288,D,S,D,2024-08-27,1000000.00,3.730908,102.3828125
08:03:07,91282CLD1,TSRYS5850288,D,S,D,2024-08-27,1000000.00,3.730908,102.3828125
08:03:07,91282CLD1,TSRYS5850288,D,S,D,2024-08-27,2000000.00,3.730908,102.3828125
08:03:07,91282CLD1,TSRYS5850288,D,B,C,2024-08-27,1000000.00,3.730932,102.3826625
08:03:08,91282CLD1,TSRYS5850288,D,S,D,2024-08-27,5000000.00,3.74237,102.3125
08:03:08,91282CLD1,TSRYS5850288,D,S,D,2024-08-27,1000000.00,3.733454,102.3671875
08:03:09,91282CLD1,TSRYS5850288,D,S,T,2024-08-27,1000000.00,3.756392,102.2265625
08:03:09,91282CLD1,TSRYS5850288,D,S,T,2024-08-27,1000000.00,3.755117,102.234375
08:03:09,91282CLD1,TSRYS5850288,D,S,T,2024-08-27,1000000.00,3.755117,102.234375
08:03:09,91282CLD1,TSRYS5850288,D,S,D,2024-08-27,1000000.00,3.750654,102.26171875
08:03:10,91282CLD1,TSRYS5850288,D,S,T,2024-08-27,1000000.00,3.756392,102.2265625
08:03:10,91282CLD1,TSRYS5850288,D,B,C,2024-08-27,1000000.00,3.733487,102.3669875
08:03:10,91282CLD1,TSRYS5850288,D,S,T,2024-08-27,1000000.00,3.756392,102.2265625
08:03:10,91282CLD1,TSRYS5850288,D,S,D,2024-08-27,1000000.00,3.733454,102.3671875
08:03:10,91282CLD1,TSRYS5850288,D,S,T,2024-08-27,1000000.00,3.755117,102.234375
08:03:10,91282CLD1,TSRYS5850288,D,S,T,2024-08-27,1000000.00,3.755117,102.234375
08:03:11,91282CLD1,TSRYS5850288,D,B,A,2024-08-27,8200000.00,3.736066,102.3511625
08:03:11,91282CLD1,TSRYS5850288,D,S,D,2024-08-27,1000000.00,3.734728,102.359375
08:03:11,91282CLD1,TSRYS5850288,D,S,C,2024-08-27,2000000.00,3.734728,102.359375
08:03:11,91282CLD1,TSRYS5850288,D,S,C,2024-08-27,1000000.00,3.734728,102.359375
08:03:11,91282CLD1,TSRYS5850288,D,S,C,2024-08-27,1000000.00,3.734687,102.359625
08:03:11,91282CLD1,TSRYS5850288,D,S,D,2024-08-27,1000000.00,3.734728,102.359375
08:03:11,91282CLD1,TSRYS5850288,D,S,C,2024-08-27,1000000.00,3.734695,102.359575
08:03:11,91282CLD1,TSRYS5850288,D,S,T,2024-08-27,88400000.00,3.751226,102.2582125
08:03:11,91282CLD1,TSRYS5850288,D,B,C,2024-08-27,1000000.00,3.736025,102.3514125
08:03:11,91282CLD1,TSRYS5850288,D,S,C,2024-08-27,1000000.00,3.735977,102.3517125
08:03:12,91282CLD1,TSRYS5850288,D,S,T,2024-08-27,6000000.00,3.756392,102.2265625
08:03:12,91282CLD1,TSRYS5850288,D,S,T,2024-08-27,1000000.00,3.755117,102.234375
08:03:12,91282CLD1,TSRYS5850288,D,S,C,2024-08-27,1000000.00,3.735972,102.3517375
08:03:12,91282CLD1,TSRYS5850288,D,B,C,2024-08-27,1000000.00,3.736025,102.3514125
08:03:12,91282CLD1,TSRYS5850288,D,B,C,2024-08-27,1000000.00,3.736025,102.3514125
08:03:12,91282CLD1,TSRYS5850288,D,B,C,2024-08-27,1000000.00,3.736025,102.3514125
08:03:12,91282CLD1,TSRYS5850288,D,S,D,2024-08-27,1000000.00,3.736001,102.3515625
08:03:12,91282CLD1,TSRYS5850288,D,S,T,2024-08-27,3000000.00,3.755117,102.234375
08:03:12,91282CLD1,TSRYS5850288,D,S,C,2024-08-27,2000000.00,3.736001,102.3515625
08:03:12,91282CLD1,TSRYS5850288,D,S,D,2024-08-27,1000000.00,3.735977,102.3517125
08:03:12,91282CLD1,TSRYS5850288,D,B,C,2024-08-27,2000000.00,3.736025,102.3514125
08:03:12,91282CLD1,TSRYS5850288,D,S,T,2024-08-27,1000000.00,3.756392,102.2265625
08:03:12,91282CLD1,TSRYS5850288,D,S,T,2024-08-27,1000000.00,3.755117,102.234375
08:03:12,91282CLD1,TSRYS5850288,D,S,C,2024-08-27,2000000.00,3.737275,102.34375
08:03:12,91282CLD1,TSRYS5850288,D,B,C,2024-08-27,1000000.00,3.737299,102.3436
08:03:12,91282CLD1,TSRYS5850288,D,S,D,2024-08-27,1000000.00,3.737275,102.34375
08:03:12,91282CLD1,TSRYS5850288,D,S,T,2024-08-27,3000000.00,3.756392,102.2265625
08:03:13,91282CLD1,TSRYS5850288,D,S,T,2024-08-27,2000000.00,3.756392,102.2265625
08:03:13,91282CLD1,TSRYS5850288,D,S,T,2024-08-27,3000000.00,3.756392,102.2265625
08:03:13,91282CLD1,TSRYS5850288,D,S,T,2024-08-27,2000000.00,3.755117,102.234375
08:03:13,91282CLD1,TSRYS5850288,D,S,T,2024-08-27,1000000.00,3.756392,102.2265625
08:03:13,91282CLD1,TSRYS5850288,D,S,T,2024-08-27,2000000.00,3.755117,102.234375
08:03:14,91282CLD1,TSRYS5850288,D,S,T,2024-08-27,3000000.00,3.743326,102.306640625
08:03:14,91282CLD1,TSRYS5850288,D,B,C,2024-08-27,1000000.00,3.731863,102.376953125
08:03:14,91282CLD1,TSRYS5850288,D,S,D,2024-08-27,1000000.00,3.731863,102.376953125
08:03:14,91282CLD1,TSRYS5850288,D,B,C,2024-08-27,1000000.00,3.731863,102.376953125
08:03:14,91282CLD1,TSRYS5850288,D,S,D,2024-08-27,1000000.00,3.731863,102.376953125
08:03:14,91282CLD1,TSRYS5850288,D,B,C,2024-08-27,1000000.00,3.732181,102.375
08:03:14,91282CLD1,TSRYS5850288,D,S,D,2024-08-27,1000000.00,3.732181,102.375
08:03:14,91282CLD1,TSRYS5850288,D,S,T,2024-08-27,3000000.00,3.756392,102.2265625
08:03:14,91282CLD1,TSRYS5850288,D,S,T,2024-08-27,3000000.00,3.756392,102.2265625
08:03:14,91282CLD1,TSRYS5850288,D,S,T,2024-08-27,1000000.00,3.755117,102.234375
08:03:14,91282CLD1,TSRYS5850288,D,S,D,2024-08-27,1000000.00,3.736001,102.3515625
08:03:14,91282CLD1,TSRYS5850288,D,S,D,2024-08-27,1000000.00,3.755117,102.234375
08:03:15,91282CLD1,TSRYS5850288,D,B,C,2024-08-27,1000000.00,3.736025,102.3514125
08:03:15,91282CLD1,TSRYS5850288,D,S,D,2024-08-27,1000000.00,3.736001,102.3515625
08:03:15,91282CLD1,TSRYS5850288,D,S,T,2024-08-27,1000000.00,3.755117,102.234375
08:03:16,91282CLD1,TSRYS5850288,D,S,D,2024-08-27,1000000.00,3.738548,102.3359375
08:03:17,91282CLD1,TSRYS5850288,D,S,D,2024-08-27,1000000.00,3.750654,102.26171875
08:03:17,91282CLD1,TSRYS5850288,D,S,T,2024-08-27,2000000.00,3.756392,102.2265625
08:03:17,91282CLD1,TSRYS5850288,D,S,T,2024-08-27,3000000.00,3.755117,102.234375
08:03:18,91282CLD1,TSRYS5850288,D,S,D,2024-08-27,1000000.00,3.739822,102.328125
08:03:18,91282CLD1,TSRYS5850288,D,B,C,2024-08-27,1000000.00,3.739822,102.328125
08:03:18,91282CLD1,TSRYS5850288,D,B,C,2024-08-27,1000000.00,3.739847,102.327975
08:03:18,91282CLD1,TSRYS5850288,D,S,D,2024-08-27,1000000.00,3.739822,102.328125
08:03:18,91282CLD1,TSRYS5850288,D,B,C,2024-08-27,1000000.00,3.739847,102.327975
08:03:18,91282CLD1,TSRYS5850288,D,S,C,2024-08-27,1000000.00,3.739822,102.328125
08:03:18,91282CLD1,TSRYS5850288,D,S,T,2024-08-27,1000000.00,3.756392,102.2265625
08:03:19,91282CLD1,TSRYS5850288,D,S,D,2024-08-27,1000000.00,3.741075,102.3204425
08:03:19,91282CLD1,TSRYS5850288,D,S,D,2024-08-27,1000000.00,3.741075,102.3204425
08:03:19,91282CLD1,TSRYS5850288,D,S,C,2024-08-27,3000000.00,3.741055,102.3205625
08:03:19,91282CLD1,TSRYS5850288,D,S,D,2024-08-27,4000000.00,3.741096,102.3203125
08:03:19,91282CLD1,TSRYS5850288,D,B,C,2024-08-27,1000000.00,3.741129,102.3201125
08:03:19,91282CLD1,TSRYS5850288,D,S,D,2024-08-27,1000000.00,3.741075,102.3204425
08:03:19,91282CLD1,TSRYS5850288,D,S,D,2024-08-27,1000000.00,3.741096,102.3203125
08:03:19,91282CLD1,TSRYS5850288,D,B,C,2024-08-27,1000000.00,3.741133,102.3200855
08:03:20,91282CLD1,TSRYS5850288,D,B,C,2024-08-27,1000000.00,3.742395,102.31235
08:03:20,91282CLD1,TSRYS5850288,D,S,D,2024-08-27,1000000.00,3.74237,102.3125
08:03:20,91282CLD1,TSRYS5850288,D,S,C,2024-08-27,1000000.00,3.741063,102.3205125
08:03:20,91282CLD1,TSRYS5850288,D,S,D,2024-08-27,1000000.00,3.739801,102.328255
08:03:20,91282CLD1,TSRYS5850288,D,S,T,2024-08-27,1000000.00,3.756392,102.2265625
08:03:20,91282CLD1,TSRYS5850288,D,S,T,2024-08-27,3000000.00,3.755117,102.234375
08:03:21,91282CLD1,TSRYS5850288,D,S,D,2024-08-27,3000000.00,3.752566,102.25
08:03:21,91282CLD1,TSRYS5850288,D,S,T,2024-08-27,2000000.00,3.751292,102.2578125
08:03:21,91282CLD1,TSRYS5850288,D,S,D,2024-08-27,1000000.00,3.751292,102.2578125
08:03:21,91282CLD1,TSRYS5850288,D,S,C,2024-08-27,1000000.00,3.738548,102.3359375
08:03:21,91282CLD1,TSRYS5850288,D,S,T,2024-08-27,3000000.00,3.756392,102.2265625
08:03:21,91282CLD1,TSRYS5850288,D,S,T,2024-08-27,1000000.00,3.751324,102.2576125
08:03:21,91282CLD1,TSRYS5850288,D,S,T,2024-08-27,2000000.00,3.755117,102.234375
08:03:21,91282CLD1,TSRYS5850288,D,S,D,2024-08-27,1000000.00,3.737275,102.34375
08:03:21,91282CLD1,TSRYS5850288,D,S,D,2024-08-27,1000000.00,3.737275,102.34375
08:03:22,91282CLD1,TSRYS5850288,D,S,C,2024-08-27,1000000.00,3.736001,102.3515625
08:03:22,91282CLD1,TSRYS5850288,D,B,C,2024-08-27,1000000.00,3.736001,102.3515625
08:03:22,91282CLD1,TSRYS5850288,D,S,D,2024-08-27,1000000.00,3.736001,102.3515625
08:03:22,91282CLD1,TSRYS5850288,D,B,C,2024-08-27,1000000.00,3.736001,102.3515625
08:03:22,91282CLD1,TSRYS5850288,D,S,D,2024-08-27,1000000.00,3.736001,102.3515625
08:03:22,91282CLD1,TSRYS5850288,D,S,C,2024-08-27,1000000.00,3.737275,102.34375
08:03:22,91282CLD1,TSRYS5850288,D,S,D,2024-08-27,1000000.00,3.737275,102.34375
08:03:23,91282CLD1,TSRYS5850288,D,B,C,2024-08-27,1000000.00,3.736034,102.3513625
08:03:23,91282CLD1,TSRYS5850288,D,S,D,2024-08-27,1000000.00,3.736001,102.3515625
08:03:23,91282CLD1,TSRYS5850288,D,S,D,2024-08-27,1000000.00,3.738548,102.3359375
08:03:24,91282CLD1,TSRYS5850288,D,B,C,2024-08-27,1000000.00,3.737275,102.34375
08:03:24,91282CLD1,TSRYS5850288,D,S,D,2024-08-27,1000000.00,3.737275,102.34375
08:03:24,91282CLD1,TSRYS5850288,D,S,C,2024-08-27,1000000.00,3.741072,102.3204625
08:03:24,91282CLD1,TSRYS5850288,D,S,C,2024-08-27,1000000.00,3.741072,102.3204625
08:03:24,91282CLD1,TSRYS5850288,D,S,T,2024-08-27,1000000.00,3.755117,102.234375
08:03:24,91282CLD1,TSRYS5850288,D,S,T,2024-08-27,3000000.00,3.756392,102.2265625
08:03:25,91282CLD1,TSRYS5850288,D,S,C,2024-08-27,1000000.00,3.739822,102.328125
08:03:25,91282CLD1,TSRYS5850288,D,S,D,2024-08-27,1000000.00,3.74237,102.3125
08:03:26,91282CLD1,TSRYS5850288,D,S,D,2024-08-27,1000000.00,3.743644,102.3046875
08:03:26,91282CLD1,TSRYS5850288,D,S,D,2024-08-27,1000000.00,3.743644,102.3046875
08:03:26,91282CLD1,TSRYS5850288,D,B,C,2024-08-27,1000000.00,3.743693,102.3043875
08:03:26,91282CLD1,TSRYS5850288,D,S,T,2024-08-27,3000000.00,3.756392,102.2265625
08:03:26,91282CLD1,TSRYS5850288,D,S,T,2024-08-27,6000000.00,3.755117,102.234375
08:03:26,91282CLD1,TSRYS5850288,D,S,T,2024-08-27,3000000.00,3.755117,102.234375
08:03:26,91282CLD1,TSRYS5850288,D,S,C,2024-08-27,1000000.00,3.742337,102.3127
08:03:26,91282CLD1,TSRYS5850288,D,S,D,2024-08-27,1000000.00,3.74237,102.3125
08:03:26,91282CLD1,TSRYS5850288,D,S,T,2024-08-27,2000000.00,3.751292,102.2578125
08:03:27,91282CLD1,TSRYS5850288,D,B,C,2024-08-27,1000000.00,3.751292,102.2578125
08:03:27,91282CLD1,TSRYS5850288,D,S,D,2024-08-27,1000000.00,3.751292,102.2578125
08:03:27,91282CLD1,TSRYS5850288,D,S,T,2024-08-27,1000000.00,3.751292,102.2578125
08:03:27,91282CLD1,TSRYS5850288,D,S,T,2024-08-27,2000000.00,3.751292,102.2578125
08:03:27,91282CLD1,TSRYS5850288,D,S,D,2024-08-27,1000000.00,3.751292,102.2578125
08:03:27,91282CLD1,TSRYS5850288,D,S,D,2024-08-27,1000000.00,3.746193,102.2890625
08:03:28,91282CLD1,TSRYS5850288,D,S,D,2024-08-27,1000000.00,3.755117,102.234375
08:03:28,91282CLD1,TSRYS5850288,D,S,C,2024-08-27,1000000.00,3.744918,102.296875
08:03:28,91282CLD1,TSRYS5850288,D,S,C,2024-08-27,1000000.00,3.74362,102.3048375
08:03:28,91282CLD1,TSRYS5850288,D,S,C,2024-08-27,1000000.00,3.743644,102.3046875
08:03:28,91282CLD1,TSRYS5850288,D,B,C,2024-08-27,1000000.00,3.743685,102.3044375
08:03:28,91282CLD1,TSRYS5850288,D,S,A,2024-08-27,9181000.00,,102.25
08:03:28,91282CLD1,TSRYS5850288,D,S,D,2024-08-27,1000000.00,3.743644,102.3046875
08:03:28,91282CLD1,TSRYS5850288,D,S,C,2024-08-27,1000000.00,3.743595,102.3049875
08:03:29,91282CLD1,TSRYS5850288,D,S,C,2024-08-27,1000000.00,3.742337,102.3127
08:03:29,91282CLD1,TSRYS5850288,D,S,C,2024-08-27,1000000.00,3.741096,102.3203125
08:03:29,91282CLD1,TSRYS5850288,D,S,C,2024-08-27,1000000.00,3.741096,102.3203125
08:03:29,91282CLD1,TSRYS5850288,D,S,C,2024-08-27,1000000.00,3.741096,102.3203125
08:03:31,91282CLD1,TSRYS5850288,D,S,D,2024-08-27,1000000.00,3.74237,102.3125
08:03:31,91282CLD1,TSRYS5850288,D,S,D,2024-08-27,1000000.00,3.742353,102.312602
08:03:31,91282CLD1,TSRYS5850288,D,S,D,2024-08-27,1000000.00,3.742353,102.312602
08:03:31,91282CLD1,TSRYS5850288,D,S,D,2024-08-27,1000000.00,3.741096,102.3203125
08:03:31,91282CLD1,TSRYS5850288,D,B,C,2024-08-27,1000000.00,3.741129,102.3201125
08:03:32,91282CLD1,TSRYS5850288,D,S,C,2024-08-27,1000000.00,3.742346,102.31265
08:03:32,91282CLD1,TSRYS5850288,D,B,C,2024-08-27,1000000.00,3.738597,102.3356375
08:03:32,91282CLD1,TSRYS5850288,D,S,C,2024-08-27,1000000.00,3.738548,102.3359375
08:03:33,91282CLD1,TSRYS5850288,D,S,C,2024-08-27,3000000.00,3.738511,102.3361645
08:03:33,91282CLD1,TSRYS5850288,D,B,C,2024-08-27,3000000.00,3.738548,102.3359375
08:03:33,91282CLD1,TSRYS5850288,D,S,C,2024-08-27,3000000.00,3.738511,102.3361645
08:03:33,91282CLD1,TSRYS5850288,D,B,C,2024-08-27,9000000.00,3.738581,102.3357375
08:03:33,91282CLD1,TSRYS5850288,D,S,C,2024-08-27,9000000.00,3.738511,102.3361645
08:03:33,91282CLD1,TSRYS5850288,D,S,C,2024-08-27,1000000.00,3.739789,102.328325
08:03:33,91282CLD1,TSRYS5850288,D,S,T,2024-08-27,1000000.00,3.755117,102.234375
08:03:34,91282CLD1,TSRYS5850288,D,S,D,2024-08-27,1000000.00,3.755117,102.234375
08:03:35,91282CLD1,TSRYS5850288,D,B,C,2024-08-27,1000000.00,3.743644,102.3046875
08:03:35,91282CLD1,TSRYS5850288,D,S,C,2024-08-27,1000000.00,3.743607,102.3049145
08:03:35,91282CLD1,TSRYS5850288,D,B,C,2024-08-27,1000000.00,3.743644,102.3046875
08:03:35,91282CLD1,TSRYS5850288,D,S,C,2024-08-27,1000000.00,3.743607,102.3049145
08:03:35,91282CLD1,TSRYS5850288,D,S,C,2024-08-27,4000000.00,3.743607,102.3049145
08:03:35,91282CLD1,TSRYS5850288,D,S,C,2024-08-27,1000000.00,3.744918,102.296875
08:03:35,91282CLD1,TSRYS5850288,D,S,D,2024-08-27,1000000.00,3.73823,102.337890625
08:03:35,91282CLD1,TSRYS5850288,D,B,C,2024-08-27,1000000.00,3.73823,102.337890625
08:03:35,91282CLD1,TSRYS5850288,D,S,D,2024-08-27,1000000.00,3.73823,102.337890625
08:03:35,91282CLD1,TSRYS5850288,D,B,C,2024-08-27,1000000.00,3.73823,102.337890625
08:03:35,91282CLD1,TSRYS5850288,D,S,D,2024-08-27,1000000.00,3.738867,102.333984375
08:03:35,91282CLD1,TSRYS5850288,D,B,C,2024-08-27,1000000.00,3.738867,102.333984375
08:03:35,91282CLD1,TSRYS5850288,D,S,D,2024-08-27,1000000.00,3.739185,102.33203125
08:03:35,91282CLD1,TSRYS5850288,D,B,C,2024-08-27,1000000.00,3.739185,102.33203125
08:03:35,91282CLD1,TSRYS5850288,D,S,D,2024-08-27,1000000.00,3.738548,102.3359375
08:03:36,91282CLD1,TSRYS5850288,D,S,C,2024-08-27,2000000.00,3.751292,102.2578125
08:03:36,91282CLD1,TSRYS5850288,D,S,C,2024-08-27,1000000.00,3.751292,102.2578125
08:03:36,91282CLD1,TSRYS5850288,D,S,T,2024-08-27,1000000.00,3.75161,102.25585937
08:03:36,91282CLD1,TSRYS5850288,D,S,D,2024-08-27,2000000.00,3.75161,102.25585937
08:03:36,91282CLD1,TSRYS5850288,D,S,C,2024-08-27,1000000.00,3.750017,102.265625
08:03:37,91282CLD1,TSRYS5850288,D,S,D,2024-08-27,1000000.00,3.75161,102.25585937
08:03:37,91282CLD1,TSRYS5850288,D,S,C,2024-08-27,1000000.00,3.749968,102.265925
08:03:37,91282CLD1,TSRYS5850288,D,S,C,2024-08-27,1000000.00,3.750017,102.265625
08:03:37,91282CLD1,TSRYS5850288,D,S,C,2024-08-27,1000000.00,3.750017,102.265625
08:03:37,91282CLD1,TSRYS5850288,D,S,C,2024-08-27,1000000.00,3.749984,102.265825
08:03:37,91282CLD1,TSRYS5850288,D,S,C,2024-08-27,1000000.00,3.749984,102.265825
08:03:37,91282CLD1,TSRYS5850288,D,S,D,2024-08-27,1000000.00,3.748742,102.2734375
08:03:37,91282CLD1,TSRYS5850288,D,S,D,2024-08-27,1000000.00,3.748742,102.2734375
08:03:37,91282CLD1,TSRYS5850288,D,B,C,2024-08-27,1000000.00,3.748742,102.2734375
08:03:37,91282CLD1,TSRYS5850288,D,S,C,2024-08-27,1000000.00,3.748742,102.2734375
08:03:38,91282CLD1,TSRYS5850288,D,S,C,2024-08-27,1000000.00,3.75161,102.25585937
08:03:38,91282CLD1,TSRYS5850288,D,S,C,2024-08-27,1000000.00,3.750017,102.265625
08:03:38,91282CLD1,TSRYS5850288,D,S,D,2024-08-27,1000000.00,3.750017,102.265625
08:03:38,91282CLD1,TSRYS5850288,D,S,C,2024-08-27,1000000.00,3.751243,102.2581125
08:03:38,91282CLD1,TSRYS5850288,D,S,D,2024-08-27,1000000.00,3.752566,102.25
08:03:38,91282CLD1,TSRYS5850288,D,S,C,2024-08-27,1000000.00,3.752566,102.25
08:03:38,91282CLD1,TSRYS5850288,D,S,D,2024-08-27,1000000.00,3.752566,102.25
08:03:38,91282CLD1,TSRYS5850288,D,S,D,2024-08-27,1000000.00,3.752566,102.25
08:03:38,91282CLD1,TSRYS5850288,D,S,C,2024-08-27,1000000.00,3.752542,102.25015
08:03:38,91282CLD1,TSRYS5850288,D,S,C,2024-08-27,1000000.00,3.752566,102.25
08:03:38,91282CLD1,TSRYS5850288,D,S,C,2024-08-27,1000000.00,3.752534,102.2502
08:03:38,91282CLD1,TSRYS5850288,D,S,D,2024-08-27,1000000.00,3.752566,102.25
08:03:38,91282CLD1,TSRYS5850288,D,S,D,2024-08-27,1000000.00,3.752566,102.25
08:03:38,91282CLD1,TSRYS5850288,D,S,D,2024-08-27,1000000.00,3.752566,102.25
08:03:38,91282CLD1,TSRYS5850288,D,S,D,2024-08-27,1000000.00,3.752566,102.25
08:03:38,91282CLD1,TSRYS5850288,D,B,C,2024-08-27,1000000.00,3.752615,102.2497
08:03:38,91282CLD1,TSRYS5850288,D,S,D,2024-08-27,1000000.00,3.752566,102.25
08:03:38,91282CLD1,TSRYS5850288,D,S,D,2024-08-27,1000000.00,3.752566,102.25
08:03:39,91282CLD1,TSRYS5850288,D,S,D,2024-08-27,1000000.00,3.751292,102.2578125
08:03:39,91282CLD1,TSRYS5850288,D,S,D,2024-08-27,1000000.00,3.751292,102.2578125
08:03:39,91282CLD1,TSRYS5850288,D,S,D,2024-08-27,1000000.00,3.752566,102.25
08:03:39,91282CLD1,TSRYS5850288,D,S,C,2024-08-27,1000000.00,3.752566,102.25
08:03:39,91282CLD1,TSRYS5850288,D,S,C,2024-08-27,3000000.00,3.75253,102.250225
08:03:39,91282CLD1,TSRYS5850288,D,B,C,2024-08-27,3000000.00,3.752591,102.24985
08:03:40,91282CLD1,TSRYS5850288,D,S,T,2024-08-27,1000000.00,3.750335,102.263671875
08:03:40,91282CLD1,TSRYS5850288,D,B,C,2024-08-27,1000000.00,3.750017,102.265625
08:03:40,91282CLD1,TSRYS5850288,D,S,D,2024-08-27,1000000.00,3.750017,102.265625
08:03:40,91282CLD1,TSRYS5850288,D,B,C,2024-08-27,1000000.00,3.752566,102.25
08:03:40,91282CLD1,TSRYS5850288,D,S,C,2024-08-27,1000000.00,3.752566,102.25
08:03:40,91282CLD1,TSRYS5850288,D,S,D,2024-08-27,1000000.00,3.752566,102.25
08:03:40,91282CLD1,TSRYS5850288,D,B,C,2024-08-27,1000000.00,3.752566,102.25
08:03:40,91282CLD1,TSRYS5850288,D,S,D,2024-08-27,1000000.00,3.741096,102.3203125
08:03:40,91282CLD1,TSRYS5850288,D,B,C,2024-08-27,1000000.00,3.741096,102.3203125
08:03:40,91282CLD1,TSRYS5850288,D,S,D,2024-08-27,1000000.00,3.741096,102.3203125
08:03:40,91282CLD1,TSRYS5850288,D,B,C,2024-08-27,1000000.00,3.741096,102.3203125
08:03:41,91282CLD1,TSRYS5850288,D,S,T,2024-08-27,1000000.00,3.752566,102.25
08:03:42,91282CLD1,TSRYS5850288,D,S,D,2024-08-27,1000000.00,3.742689,102.310546875
08:03:42,91282CLD1,TSRYS5850288,D,S,D,2024-08-27,1000000.00,3.752566,102.25
08:03:42,91282CLD1,TSRYS5850288,D,S,D,2024-08-27,1000000.00,3.742689,102.310546875
08:03:42,91282CLD1,TSRYS5850288,D,S,C,2024-08-27,1000000.00,3.751259,102.2580125
08:03:42,91282CLD1,TSRYS5850288,D,S,C,2024-08-27,1000000.00,3.751259,102.2580125
08:03:42,91282CLD1,TSRYS5850288,D,S,C,2024-08-27,1000000.00,3.751292,102.2578125
08:03:42,91282CLD1,TSRYS5850288,D,S,D,2024-08-27,1000000.00,3.751292,102.2578125
08:03:42,91282CLD1,TSRYS5850288,D,S,C,2024-08-27,1000000.00,3.751292,102.2578125
08:03:42,91282CLD1,TSRYS5850288,D,S,D,2024-08-27,1000000.00,3.751292,102.2578125
08:03:42,91282CLD1,TSRYS5850288,D,S,C,2024-08-27,1000000.00,3.751251,102.2580625
08:03:43,91282CLD1,TSRYS5850288,D,S,D,2024-08-27,1000000.00,3.752566,102.25
08:03:43,91282CLD1,TSRYS5850288,D,S,C,2024-08-27,1000000.00,3.752534,102.2502
08:03:43,91282CLD1,TSRYS5850288,D,S,D,2024-08-27,1000000.00,3.753523,102.244140625
08:03:43,91282CLD1,TSRYS5850288,D,S,C,2024-08-27,1000000.00,3.755117,102.234375
08:03:43,91282CLD1,TSRYS5850288,D,S,D,2024-08-27,1000000.00,3.755117,102.234375
08:03:43,91282CLD1,TSRYS5850288,D,S,T,2024-08-27,1000000.00,3.756392,102.2265625
08:03:43,91282CLD1,TSRYS5850288,D,S,T,2024-08-27,1000000.00,3.757349,102.22070313
08:03:44,91282CLD1,TSRYS5850288,D,S,T,2024-08-27,1000000.00,3.752566,102.25
08:03:44,91282CLD1,TSRYS5850288,D,S,C,2024-08-27,1000000.00,3.756392,102.2265625
08:03:44,91282CLD1,TSRYS5850288,D,B,C,2024-08-27,1000000.00,3.756417,102.2264105
08:03:44,91282CLD1,TSRYS5850288,D,B,C,2024-08-27,1000000.00,3.756417,102.2264105
08:03:44,91282CLD1,TSRYS5850288,D,S,C,2024-08-27,1000000.00,3.756392,102.2265625
08:03:44,91282CLD1,TSRYS5850288,D,S,C,2024-08-27,1000000.00,3.756368,102.2267125
08:03:44,91282CLD1,TSRYS5850288,D,B,C,2024-08-27,1000000.00,3.756417,102.2264105
08:03:44,91282CLD1,TSRYS5850288,D,S,C,2024-08-27,1000000.00,3.756392,102.2265625
08:03:44,91282CLD1,TSRYS5850288,D,B,C,2024-08-27,1000000.00,3.756417,102.2264105
08:03:44,91282CLD1,TSRYS5850288,D,S,C,2024-08-27,1000000.00,3.756392,102.2265625
08:03:44,91282CLD1,TSRYS5850288,D,B,C,2024-08-27,1000000.00,3.756417,102.2264105
08:03:44,91282CLD1,TSRYS5850288,D,B,C,2024-08-27,1000000.00,3.755141,102.234225
08:03:44,91282CLD1,TSRYS5850288,D,S,D,2024-08-27,1000000.00,3.755117,102.234375
08:03:44,91282CLD1,TSRYS5850288,D,S,C,2024-08-27,2000000.00,3.755092,102.234525
08:03:44,91282CLD1,TSRYS5850288,D,B,C,2024-08-27,1000000.00,3.751308,102.2577125
08:03:44,91282CLD1,TSRYS5850288,D,S,D,2024-08-27,1000000.00,3.752566,102.25
08:03:44,91282CLD1,TSRYS5850288,D,S,C,2024-08-27,1000000.00,3.752566,102.25
08:03:44,91282CLD1,TSRYS5850288,D,B,C,2024-08-27,1000000.00,3.752591,102.24985
08:03:45,91282CLD1,TSRYS5850288,D,S,C,2024-08-27,1000000.00,3.752566,102.25
08:03:45,91282CLD1,TSRYS5850288,D,B,C,2024-08-27,1000000.00,3.752599,102.2498
08:03:45,91282CLD1,TSRYS5850288,D,S,D,2024-08-27,1000000.00,3.753842,102.2421875
08:03:45,91282CLD1,TSRYS5850288,D,S,D,2024-08-27,1000000.00,3.751292,102.2578125
08:03:45,91282CLD1,TSRYS5850288,D,S,D,2024-08-27,1000000.00,3.753842,102.2421875
08:03:45,91282CLD1,TSRYS5850288,D,S,D,2024-08-27,1000000.00,3.753842,102.2421875
08:03:45,91282CLD1,TSRYS5850288,D,S,C,2024-08-27,1000000.00,3.748742,102.2734375
08:03:45,91282CLD1,TSRYS5850288,D,S,D,2024-08-27,1000000.00,3.751292,102.2578125
08:03:45,91282CLD1,TSRYS5850288,D,B,C,2024-08-27,1000000.00,3.751316,102.2576625
08:03:45,91282CLD1,TSRYS5850288,D,S,D,2024-08-27,1000000.00,3.751292,102.2578125
08:03:45,91282CLD1,TSRYS5850288,D,S,D,2024-08-27,1000000.00,3.751292,102.2578125
08:03:45,91282CLD1,TSRYS5850288,D,B,C,2024-08-27,1000000.00,3.75132,102.2576375
08:03:45,91282CLD1,TSRYS5850288,D,B,C,2024-08-27,1000000.00,3.75132,102.2576375
08:03:45,91282CLD1,TSRYS5850288,D,S,D,2024-08-27,1000000.00,3.751292,102.2578125
08:03:45,91282CLD1,TSRYS5850288,D,S,D,2024-08-27,1000000.00,3.751292,102.2578125
08:03:45,91282CLD1,TSRYS5850288,D,S,C,2024-08-27,1000000.00,3.751292,102.2578125
08:03:45,91282CLD1,TSRYS5850288,D,S,D,2024-08-27,1000000.00,3.751292,102.2578125
08:03:45,91282CLD1,TSRYS5850288,D,B,C,2024-08-27,1000000.00,3.75132,102.2576375
08:03:46,91282CLD1,TSRYS5850288,D,S,C,2024-08-27,1000000.00,3.748742,102.2734375
08:03:46,91282CLD1,TSRYS5850288,D,B,C,2024-08-27,1000000.00,3.751316,102.2576625
08:03:46,91282CLD1,TSRYS5850288,D,S,D,2024-08-27,1000000.00,3.751292,102.2578125
08:03:46,91282CLD1,TSRYS5850288,D,S,C,2024-08-27,1000000.00,3.751292,102.2578125
08:03:46,91282CLD1,TSRYS5850288,D,B,C,2024-08-27,1000000.00,3.751324,102.2576125
08:03:46,91282CLD1,TSRYS5850288,D,B,C,2024-08-27,1000000.00,3.751316,102.2576625
08:03:46,91282CLD1,TSRYS5850288,D,S,C,2024-08-27,1000000.00,3.750017,102.265625
08:03:46,91282CLD1,TSRYS5850288,D,B,C,2024-08-27,1000000.00,3.750033,102.265525
08:03:46,91282CLD1,TSRYS5850288,D,S,D,2024-08-27,1000000.00,3.751292,102.2578125
08:03:46,91282CLD1,TSRYS5850288,D,S,C,2024-08-27,1000000.00,3.748742,102.2734375
08:03:46,91282CLD1,TSRYS5850288,D,B,C,2024-08-27,1000000.00,3.752583,102.2499
08:03:46,91282CLD1,TSRYS5850288,D,S,D,2024-08-27,1000000.00,3.752566,102.25
08:03:46,91282CLD1,TSRYS5850288,D,S,T,2024-08-27,2000000.00,3.751292,102.2578125
08:03:46,91282CLD1,TSRYS5850288,D,S,D,2024-08-27,1000000.00,3.751292,102.2578125
08:03:46,91282CLD1,TSRYS5850288,D,B,C,2024-08-27,1000000.00,3.751292,102.2578125
08:03:46,91282CLD1,TSRYS5850288,D,S,D,2024-08-27,1000000.00,3.751292,102.2578125
08:03:47,91282CLD1,TSRYS5850288,D,S,C,2024-08-27,1000000.00,3.748742,102.2734375
08:03:47,91282CLD1,TSRYS5850288,D,S,C,2024-08-27,1000000.00,3.749968,102.265925
08:03:47,91282CLD1,TSRYS5850288,D,S,D,2024-08-27,1000000.00,3.750017,102.265625
08:03:47,91282CLD1,TSRYS5850288,D,S,D,2024-08-27,1000000.00,3.75161,102.25585937
08:03:47,91282CLD1,TSRYS5850288,D,S,C,2024-08-27,1000000.00,3.750017,102.265625
08:03:47,91282CLD1,TSRYS5850288,D,S,C,2024-08-27,1000000.00,3.750017,102.265625
08:03:47,91282CLD1,TSRYS5850288,D,S,C,2024-08-27,2000000.00,3.749976,102.265875
08:03:47,91282CLD1,TSRYS5850288,D,S,C,2024-08-27,1000000.00,3.751292,102.2578125
08:03:47,91282CLD1,TSRYS5850288,D,S,C,2024-08-27,1000000.00,3.751292,102.2578125
08:03:47,91282CLD1,TSRYS5850288,D,S,C,2024-08-27,1000000.00,3.751292,102.2578125
08:03:47,91282CLD1,TSRYS5850288,D,S,C,2024-08-27,1000000.00,3.751292,102.2578125
08:03:47,91282CLD1,TSRYS5850288,D,S,C,2024-08-27,1000000.00,3.751292,102.2578125
08:03:47,91282CLD1,TSRYS5850288,D,S,C,2024-08-27,1000000.00,3.751292,102.2578125
08:03:47,91282CLD1,TSRYS5850288,D,S,C,2024-08-27,1000000.00,3.751292,102.2578125
08:03:47,91282CLD1,TSRYS5850288,D,S,C,2024-08-27,1000000.00,3.751292,102.2578125
08:03:49,91282CLD1,TSRYS5850288,D,B,C,2024-08-27,1000000.00,3.750049,102.265425
08:03:49,91282CLD1,TSRYS5850288,D,S,C,2024-08-27,1000000.00,3.749968,102.265925
08:03:49,91282CLD1,TSRYS5850288,D,S,C,2024-08-27,1000000.00,3.749976,102.265875
08:03:49,91282CLD1,TSRYS5850288,D,B,C,2024-08-27,1000000.00,3.750049,102.265425
08:03:49,91282CLD1,TSRYS5850288,D,S,D,2024-08-27,1000000.00,3.750017,102.265625
08:03:49,91282CLD1,TSRYS5850288,D,B,C,2024-08-27,1000000.00,3.750049,102.265425
08:03:49,91282CLD1,TSRYS5850288,D,S,C,2024-08-27,1000000.00,3.750017,102.265625
08:03:49,91282CLD1,TSRYS5850288,D,B,C,2024-08-27,1000000.00,3.750049,102.265425
08:03:49,91282CLD1,TSRYS5850288,D,S,C,2024-08-27,1000000.00,3.751292,102.2578125
08:03:49,91282CLD1,TSRYS5850288,D,S,C,2024-08-27,1000000.00,3.751267,102.2579625
08:03:49,91282CLD1,TSRYS5850288,D,B,C,2024-08-27,1000000.00,3.751292,102.2578125
08:03:49,91282CLD1,TSRYS5850288,D,S,C,2024-08-27,1000000.00,3.751267,102.2579625
08:03:49,91282CLD1,TSRYS5850288,D,S,C,2024-08-27,1000000.00,3.751267,102.2579625
08:03:50,91282CLD1,TSRYS5850288,D,S,C,2024-08-27,1000000.00,3.750017,102.265625
08:03:50,91282CLD1,TSRYS5850288,D,S,C,2024-08-27,1000000.00,3.749976,102.265875
08:03:50,91282CLD1,TSRYS5850288,D,S,T,2024-08-27,1000000.00,3.751292,102.2578125
08:03:50,91282CLD1,TSRYS5850288,D,S,T,2024-08-27,1000000.00,3.751292,102.2578125
08:03:50,91282CLD1,TSRYS5850288,D,S,C,2024-08-27,1000000.00,3.751292,102.2578125
08:03:50,91282CLD1,TSRYS5850288,D,S,C,2024-08-27,1000000.00,3.751267,102.2579625
08:03:50,91282CLD1,TSRYS5850288,D,S,D,2024-08-27,1000000.00,3.751292,102.2578125
08:03:50,91282CLD1,TSRYS5850288,D,S,D,2024-08-27,1000000.00,3.751292,102.2578125
08:03:50,91282CLD1,TSRYS5850288,D,S,C,2024-08-27,1000000.00,3.751292,102.2578125
08:03:50,91282CLD1,TSRYS5850288,D,S,C,2024-08-27,1000000.00,3.749992,102.265775
08:03:51,91282CLD1,TSRYS5850288,D,S,C,2024-08-27,2000000.00,3.749976,102.265875
08:03:51,91282CLD1,TSRYS5850288,D,S,C,2024-08-27,1000000.00,3.750017,102.265625
08:03:51,91282CLD1,TSRYS5850288,D,S,C,2024-08-27,1000000.00,3.749984,102.265825
08:03:51,91282CLD1,TSRYS5850288,D,S,D,2024-08-27,1000000.00,3.751267,102.2579645
08:03:51,91282CLD1,TSRYS5850288,D,B,C,2024-08-27,1000000.00,3.751316,102.2576625
08:03:52,91282CLD1,TSRYS5850288,D,S,D,2024-08-27,1000000.00,3.751267,102.2579645
08:03:52,91282CLD1,TSRYS5850288,D,S,C,2024-08-27,1000000.00,3.751243,102.2581125
08:03:52,91282CLD1,TSRYS5850288,D,B,C,2024-08-27,1000000.00,3.751316,102.2576625
08:03:52,91282CLD1,TSRYS5850288,D,S,C,2024-08-27,1000000.00,3.751292,102.2578125
08:03:52,91282CLD1,TSRYS5850288,D,B,C,2024-08-27,1000000.00,3.751316,102.2576625
08:03:52,91282CLD1,TSRYS5850288,D,B,C,2024-08-27,1000000.00,3.751316,102.2576625
08:03:52,91282CLD1,TSRYS5850288,D,S,C,2024-08-27,1000000.00,3.751292,102.2578125
08:03:52,91282CLD1,TSRYS5850288,D,S,D,2024-08-27,1000000.00,3.751292,102.2578125
08:03:52,91282CLD1,TSRYS5850288,D,B,C,2024-08-27,1000000.00,3.751292,102.2578125
08:03:52,91282CLD1,TSRYS5850288,D,S,D,2024-08-27,1000000.00,3.751267,102.2579645
08:03:52,91282CLD1,TSRYS5850288,D,S,D,2024-08-27,1000000.00,3.751267,102.2579645
08:03:52,91282CLD1,TSRYS5850288,D,S,D,2024-08-27,1000000.00,3.751267,102.2579645
08:03:52,91282CLD1,TSRYS5850288,D,B,C,2024-08-27,1000000.00,3.751292,102.2578125
08:03:52,91282CLD1,TSRYS5850288,D,S,T,2024-08-27,1000000.00,3.751324,102.2576125
08:03:54,91282CLD1,TSRYS5850288,D,S,T,2024-08-27,1000000.00,3.751324,102.2576125
08:03:54,91282CLD1,TSRYS5850288,D,S,T,2024-08-27,1000000.00,3.751324,102.2576125
08:03:54,91282CLD1,TSRYS5850288,D,S,D,2024-08-27,3000000.00,3.750017,102.265625
08:03:54,91282CLD1,TSRYS5850288,D,S,D,2024-08-27,1000000.00,3.750017,102.265625
08:03:54,91282CLD1,TSRYS5850288,D,S,D,2024-08-27,14000000.00,3.750017,102.265625
08:03:54,91282CLD1,TSRYS5850288,D,B,C,2024-08-27,14000000.00,3.750017,102.265625
08:03:54,91282CLD1,TSRYS5850288,D,S,D,2024-08-27,1000000.00,3.750017,102.265625
08:03:54,91282CLD1,TSRYS5850288,D,S,D,2024-08-27,1000000.00,3.750017,102.265625
08:03:54,91282CLD1,TSRYS5850288,D,B,C,2024-08-27,1000000.00,3.750066,102.265325
08:03:54,91282CLD1,TSRYS5850288,D,S,D,2024-08-27,1000000.00,3.750017,102.265625
08:03:54,91282CLD1,TSRYS5850288,D,S,D,2024-08-27,1000000.00,3.750017,102.265625
08:03:54,91282CLD1,TSRYS5850288,D,S,D,2024-08-27,1000000.00,3.750017,102.265625
08:03:54,91282CLD1,TSRYS5850288,D,S,D,2024-08-27,2000000.00,3.750017,102.265625
08:03:54,91282CLD1,TSRYS5850288,D,B,C,2024-08-27,1000000.00,3.750057,102.265375
08:03:54,91282CLD1,TSRYS5850288,D,B,C,2024-08-27,2000000.00,3.750041,102.265475
08:03:54,91282CLD1,TSRYS5850288,D,B,C,2024-08-27,1000000.00,3.750017,102.265625
08:03:54,91282CLD1,TSRYS5850288,D,S,T,2024-08-27,2000000.00,3.751324,102.2576125
08:03:54,91282CLD1,TSRYS5850288,D,S,D,2024-08-27,2000000.00,3.751292,102.2578125
08:03:54,91282CLD1,TSRYS5850288,D,S,D,2024-08-27,1000000.00,3.751292,102.2578125
08:03:55,91282CLD1,TSRYS5850288,D,S,D,2024-08-27,1000000.00,3.751292,102.2578125
08:03:55,91282CLD1,TSRYS5850288,D,S,D,2024-08-27,1000000.00,3.751292,102.2578125
08:03:56,91282CLD1,TSRYS5850288,D,S,C,2024-08-27,1000000.00,3.749984,102.265825
08:03:56,91282CLD1,TSRYS5850288,D,B,C,2024-08-27,1000000.00,3.750017,102.265625
08:03:56,91282CLD1,TSRYS5850288,D,S,D,2024-08-27,1000000.00,3.750017,102.265625
08:03:57,91282CLD1,TSRYS5850288,D,S,T,2024-08-27,1000000.00,3.750335,102.26367187
08:03:57,91282CLD1,TSRYS5850288,D,S,T,2024-08-27,1000000.00,3.750335,102.26367187
08:03:57,91282CLD1,TSRYS5850288,D,S,D,2024-08-27,1000000.00,3.743326,102.306640625
08:03:57,91282CLD1,TSRYS5850288,D,S,D,2024-08-27,1000000.00,3.743326,102.306640625
08:03:57,91282CLD1,TSRYS5850288,D,S,D,2024-08-27,1000000.00,3.743326,102.306640625
08:03:57,91282CLD1,TSRYS5850288,D,S,D,2024-08-27,1000000.00,3.743326,102.306640625
08:03:57,91282CLD1,TSRYS5850288,D,S,D,2024-08-27,3000000.00,3.743326,102.306640625
08:03:57,91282CLD1,TSRYS5850288,D,S,T,2024-08-27,1000000.00,3.751292,102.2578125
08:03:58,91282CLD1,TSRYS5850288,D,S,C,2024-08-27,1000000.00,3.752526,102.25025
08:03:58,91282CLD1,TSRYS5850288,D,S,D,2024-08-27,2000000.00,3.752566,102.25
08:03:58,91282CLD1,TSRYS5850288,D,S,D,2024-08-27,1000000.00,3.752566,102.25
08:03:58,91282CLD1,TSRYS5850288,D,S,C,2024-08-27,1000000.00,3.752566,102.25
08:03:58,91282CLD1,TSRYS5850288,D,S,D,2024-08-27,1000000.00,3.752566,102.25
08:03:58,91282CLD1,TSRYS5850288,D,S,C,2024-08-27,1000000.00,3.752534,102.2502
08:03:58,91282CLD1,TSRYS5850288,D,S,D,2024-08-27,1000000.00,3.752566,102.25
08:03:58,91282CLD1,TSRYS5850288,D,S,D,2024-08-27,2000000.00,3.752566,102.25
08:03:58,91282CLD1,TSRYS5850288,D,S,C,2024-08-27,1000000.00,3.752518,102.2503
08:03:58,91282CLD1,TSRYS5850288,D,S,C,2024-08-27,1000000.00,3.743007,102.30859375
08:03:58,91282CLD1,TSRYS5850288,D,S,C,2024-08-27,1000000.00,3.743326,102.306640625
08:03:58,91282CLD1,TSRYS5850288,D,S,C,2024-08-27,1000000.00,3.745874,102.291015625
08:03:58,91282CLD1,TSRYS5850288,D,S,C,2024-08-27,1000000.00,3.745874,102.291015625
08:03:58,91282CLD1,TSRYS5850288,D,S,C,2024-08-27,1000000.00,3.745874,102.291015625
08:03:59,91282CLD1,TSRYS5850288,D,S,C,2024-08-27,1000000.00,3.753842,102.2421875
08:03:59,91282CLD1,TSRYS5850288,D,S,C,2024-08-27,1000000.00,3.753842,102.2421875
08:03:59,91282CLD1,TSRYS5850288,D,S,C,2024-08-27,1000000.00,3.755117,102.234375
08:03:59,91282CLD1,TSRYS5850288,D,S,C,2024-08-27,1000000.00,3.755117,102.234375
08:03:59,91282CLD1,TSRYS5850288,D,S,C,2024-08-27,1000000.00,3.755117,102.234375
08:03:59,91282CLD1,TSRYS5850288,D,S,D,2024-08-27,1000000.00,3.755117,102.234375
08:03:59,91282CLD1,TSRYS5850288,D,S,D,2024-08-27,1000000.00,3.755117,102.234375
08:03:59,91282CLD1,TSRYS5850288,D,S,C,2024-08-27,1000000.00,3.755084,102.234575
08:03:59,91282CLD1,TSRYS5850288,D,S,C,2024-08-27,1000000.00,3.755084,102.234575
08:03:59,91282CLD1,TSRYS5850288,D,S,C,2024-08-27,1000000.00,3.755117,102.234375
08:03:59,91282CLD1,TSRYS5850288,D,S,C,2024-08-27,1000000.00,3.7551,102.234475
08:03:59,91282CLD1,TSRYS5850288,D,S,C,2024-08-27,1000000.00,3.755117,102.234375
08:03:59,91282CLD1,TSRYS5850288,D,S,C,2024-08-27,1000000.00,3.755117,102.234375
08:03:59,91282CLD1,TSRYS5850288,D,S,C,2024-08-27,1000000.00,3.7551,102.234475
08:03:59,91282CLD1,TSRYS5850288,D,S,C,2024-08-27,1000000.00,3.755117,102.234375
08:03:59,91282CLD1,TSRYS5850288,D,S,C,2024-08-27,1000000.00,3.755117,102.234375
08:03:59,91282CLD1,TSRYS5850288,D,S,C,2024-08-27,1000000.00,3.755117,102.234375
08:03:59,91282CLD1,TSRYS5850288,D,S,C,2024-08-27,1000000.00,3.755117,102.234375
08:03:59,91282CLD1,TSRYS5850288,D,S,C,2024-08-27,1000000.00,3.755117,102.234375
08:03:59,91282CLD1,TSRYS5850288,D,S,C,2024-08-27,1000000.00,3.755117,102.234375
08:03:59,91282CLD1,TSRYS5850288,D,S,C,2024-08-27,1000000.00,3.7551,102.234475
08:03:59,91282CLD1,TSRYS5850288,D,S,D,2024-08-27,1000000.00,3.755117,102.234375
08:03:59,91282CLD1,TSRYS5850288,D,S,C,2024-08-27,1000000.00,3.755117,102.234375
08:03:59,91282CLD1,TSRYS5850288,D,S,C,2024-08-27,1000000.00,3.755117,102.234375
08:03:59,91282CLD1,TSRYS5850288,D,S,C,2024-08-27,1000000.00,3.755117,102.234375
08:03:59,91282CLD1,TSRYS5850288,D,S,C,2024-08-27,1000000.00,3.755084,102.234575
08:03:59,91282CLD1,TSRYS5850288,D,S,C,2024-08-27,1000000.00,3.755117,102.234375
08:03:59,91282CLD1,TSRYS5850288,D,S,C,2024-08-27,1000000.00,3.755117,102.234375
08:03:59,91282CLD1,TSRYS5850288,D,S,D,2024-08-27,1000000.00,3.755117,102.234375
08:03:59,91282CLD1,TSRYS5850288,D,S,C,2024-08-27,1000000.00,3.755117,102.234375
08:03:59,91282CLD1,TSRYS5850288,D,S,C,2024-08-27,1000000.00,3.755117,102.234375
08:03:59,91282CLD1,TSRYS5850288,D,S,C,2024-08-27,1000000.00,3.755117,102.234375
08:03:59,91282CLD1,TSRYS5850288,D,S,C,2024-08-27,1000000.00,3.755117,102.234375
08:03:59,91282CLD1,TSRYS5850288,D,S,C,2024-08-27,1000000.00,3.755117,102.234375
08:03:59,91282CLD1,TSRYS5850288,D,S,C,2024-08-27,1000000.00,3.755117,102.234375
08:03:59,91282CLD1,TSRYS5850288,D,S,D,2024-08-27,1000000.00,3.755117,102.234375
08:03:59,91282CLD1,TSRYS5850288,D,S,D,2024-08-27,1000000.00,3.755092,102.234527
08:03:59,91282CLD1,TSRYS5850288,D,S,D,2024-08-27,1000000.00,3.755117,102.234375
08:03:59,91282CLD1,TSRYS5850288,D,S,C,2024-08-27,1000000.00,3.756343,102.2268625
08:03:59,91282CLD1,TSRYS5850288,D,S,C,2024-08-27,1000000.00,3.756392,102.2265625
08:03:59,91282CLD1,TSRYS5850288,D,S,C,2024-08-27,1000000.00,3.756351,102.2268125
08:03:59,91282CLD1,TSRYS5850288,D,S,D,2024-08-27,1000000.00,3.756392,102.2265625
08:04:00,91282CLD1,TSRYS5850288,D,S,C,2024-08-27,1000000.00,3.757667,102.21875
08:04:00,91282CLD1,TSRYS5850288,D,S,C,2024-08-27,1000000.00,3.757667,102.21875
08:04:00,91282CLD1,TSRYS5850288,D,S,D,2024-08-27,1000000.00,3.755117,102.234375
08:04:00,91282CLD1,TSRYS5850288,D,S,D,2024-08-27,1000000.00,3.755117,102.234375
08:04:01,91282CLD1,TSRYS5850288,D,S,C,2024-08-27,1000000.00,3.757667,102.21875
08:04:01,91282CLD1,TSRYS5850288,D,S,D,2024-08-27,1000000.00,3.757667,102.21875
08:04:02,91282CLD1,TSRYS5850288,D,B,C,2024-08-27,1000000.00,3.7577,102.21855
08:04:02,91282CLD1,TSRYS5850288,D,B,C,2024-08-27,1000000.00,3.7577,102.21855
08:04:02,91282CLD1,TSRYS5850288,D,S,D,2024-08-27,1000000.00,3.757667,102.21875
08:04:02,91282CLD1,TSRYS5850288,D,S,C,2024-08-27,1000000.00,3.757643,102.2189
08:04:02,91282CLD1,TSRYS5850288,D,B,C,2024-08-27,1000000.00,3.7577,102.21855
08:04:02,91282CLD1,TSRYS5850288,D,S,C,2024-08-27,1000000.00,3.757667,102.21875
08:04:02,91282CLD1,TSRYS5850288,D,S,C,2024-08-27,1000000.00,3.756359,102.2267625
08:04:02,91282CLD1,TSRYS5850288,D,S,C,2024-08-27,1000000.00,3.756359,102.2267625
08:04:02,91282CLD1,TSRYS5850288,D,S,C,2024-08-27,1000000.00,3.756359,102.2267625
08:04:02,91282CLD1,TSRYS5850288,D,B,C,2024-08-27,1000000.00,3.756416,102.2264125
08:04:02,91282CLD1,TSRYS5850288,D,B,C,2024-08-27,1000000.00,3.756441,102.2262625
08:04:02,91282CLD1,TSRYS5850288,D,B,C,2024-08-27,1000000.00,3.756433,102.2263125
08:04:02,91282CLD1,TSRYS5850288,D,S,D,2024-08-27,1000000.00,3.756392,102.2265625
08:04:02,91282CLD1,TSRYS5850288,D,S,C,2024-08-27,3000000.00,3.756351,102.2268125
08:04:02,91282CLD1,TSRYS5850288,D,S,C,2024-08-27,3000000.00,3.756392,102.2265625
08:04:02,91282CLD1,TSRYS5850288,D,S,D,2024-08-27,1000000.00,3.756392,102.2265625
08:04:02,91282CLD1,TSRYS5850288,D,S,D,2024-08-27,3000000.00,3.756392,102.2265625
08:04:02,91282CLD1,TSRYS5850288,D,S,C,2024-08-27,6000000.00,3.756359,102.2267625
08:04:02,91282CLD1,TSRYS5850288,D,S,D,2024-08-27,1000000.00,3.756392,102.2265625
08:04:02,91282CLD1,TSRYS5850288,D,S,D,2024-08-27,1000000.00,3.756392,102.2265625
08:04:02,91282CLD1,TSRYS5850288,D,S,D,2024-08-27,3000000.00,3.756392,102.2265625
08:04:02,91282CLD1,TSRYS5850288,D,S,D,2024-08-27,3000000.00,3.756392,102.2265625
08:04:02,91282CLD1,TSRYS5850288,D,S,C,2024-08-27,3000000.00,3.756376,102.2266625
08:04:02,91282CLD1,TSRYS5850288,D,S,D,2024-08-27,2000000.00,3.756392,102.2265625
08:04:02,91282CLD1,TSRYS5850288,D,S,D,2024-08-27,2000000.00,3.756392,102.2265625
08:04:02,91282CLD1,TSRYS5850288,D,S,C,2024-08-27,1000000.00,3.756359,102.2267625
08:04:02,91282CLD1,TSRYS5850288,D,S,D,2024-08-27,1000000.00,3.756392,102.2265625
08:04:02,91282CLD1,TSRYS5850288,D,S,D,2024-08-27,3000000.00,3.756392,102.2265625
08:04:02,91282CLD1,TSRYS5850288,D,S,C,2024-08-27,3000000.00,3.756351,102.2268125
08:04:02,91282CLD1,TSRYS5850288,D,S,D,2024-08-27,3000000.00,3.756392,102.2265625
08:04:02,91282CLD1,TSRYS5850288,D,S,C,2024-08-27,6000000.00,3.756359,102.2267625
08:04:02,91282CLD1,TSRYS5850288,D,S,D,2024-08-27,1000000.00,3.756392,102.2265625
08:04:03,91282CLD1,TSRYS5850288,D,S,C,2024-08-27,3000000.00,3.755117,102.234375
08:04:03,91282CLD1,TSRYS5850288,D,S,C,2024-08-27,1000000.00,3.755117,102.234375
08:04:03,91282CLD1,TSRYS5850288,D,S,C,2024-08-27,3000000.00,3.755117,102.234375
08:04:03,91282CLD1,TSRYS5850288,D,S,D,2024-08-27,2000000.00,3.755117,102.234375
08:04:03,91282CLD1,TSRYS5850288,D,S,C,2024-08-27,6000000.00,3.755084,102.234575
08:04:03,91282CLD1,TSRYS5850288,D,S,C,2024-08-27,1000000.00,3.755084,102.234575
08:04:03,91282CLD1,TSRYS5850288,D,S,C,2024-08-27,1000000.00,3.755084,102.234575
08:04:03,91282CLD1,TSRYS5850288,D,S,C,2024-08-27,3000000.00,3.755117,102.234375
08:04:03,91282CLD1,TSRYS5850288,D,S,C,2024-08-27,3000000.00,3.755117,102.234375
08:04:03,91282CLD1,TSRYS5850288,D,S,D,2024-08-27,1000000.00,3.755117,102.234375
08:04:03,91282CLD1,TSRYS5850288,D,S,D,2024-08-27,2000000.00,3.755117,102.234375
08:04:03,91282CLD1,TSRYS5850288,D,S,D,2024-08-27,1000000.00,3.755117,102.234375
08:04:03,91282CLD1,TSRYS5850288,D,S,C,2024-08-27,2000000.00,3.755076,102.234625
08:04:03,91282CLD1,TSRYS5850288,D,S,C,2024-08-27,1000000.00,3.755117,102.234375
08:04:03,91282CLD1,TSRYS5850288,D,S,D,2024-08-27,1000000.00,3.755117,102.234375
08:04:03,91282CLD1,TSRYS5850288,D,S,D,2024-08-27,5000000.00,3.756392,102.2265625
08:04:03,91282CLD1,TSRYS5850288,D,S,D,2024-08-27,1000000.00,3.756392,102.2265625
08:04:03,91282CLD1,TSRYS5850288,D,S,D,2024-08-27,1000000.00,3.756392,102.2265625
08:04:03,91282CLD1,TSRYS5850288,D,S,D,2024-08-27,1000000.00,3.756392,102.2265625
08:04:05,91282CLD1,TSRYS5850288,D,S,D,2024-08-27,1000000.00,3.753842,102.2421875
08:04:05,91282CLD1,TSRYS5850288,D,S,C,2024-08-27,1000000.00,3.752566,102.25
08:04:05,91282CLD1,TSRYS5850288,D,S,C,2024-08-27,1000000.00,3.741733,102.31640625
08:04:05,91282CLD1,TSRYS5850288,D,S,D,2024-08-27,1000000.00,3.755117,102.234375
08:04:05,91282CLD1,TSRYS5850288,D,S,D,2024-08-27,1000000.00,3.755117,102.234375
08:04:05,91282CLD1,TSRYS5850288,D,B,C,2024-08-27,1000000.00,3.755141,102.234225
08:04:05,91282CLD1,TSRYS5850288,D,S,D,2024-08-27,1000000.00,3.755117,102.234375
08:04:05,91282CLD1,TSRYS5850288,D,S,D,2024-08-27,1000000.00,3.755117,102.234375
08:04:05,91282CLD1,TSRYS5850288,D,B,C,2024-08-27,1000000.00,3.755149,102.234175
08:04:06,91282CLD1,TSRYS5850288,D,B,C,2024-08-27,1000000.00,3.753866,102.2420375
08:04:06,91282CLD1,TSRYS5850288,D,S,C,2024-08-27,1000000.00,3.753842,102.2421875
08:04:06,91282CLD1,TSRYS5850288,D,S,C,2024-08-27,1000000.00,3.752566,102.25
08:04:06,91282CLD1,TSRYS5850288,D,S,C,2024-08-27,1000000.00,3.752566,102.25
08:04:06,91282CLD1,TSRYS5850288,D,S,C,2024-08-27,1000000.00,3.753842,102.2421875
08:04:06,91282CLD1,TSRYS5850288,D,S,C,2024-08-27,1000000.00,3.752566,102.25
08:04:06,91282CLD1,TSRYS5850288,D,S,C,2024-08-27,1000000.00,3.752566,102.25
08:04:06,91282CLD1,TSRYS5850288,D,B,C,2024-08-27,1000000.00,3.752595,102.249825
08:04:06,91282CLD1,TSRYS5850288,D,S,C,2024-08-27,1000000.00,3.753817,102.2423375
08:04:06,91282CLD1,TSRYS5850288,D,S,D,2024-08-27,1000000.00,3.752566,102.25
08:04:06,91282CLD1,TSRYS5850288,D,S,D,2024-08-27,1000000.00,3.752566,102.25
08:04:06,91282CLD1,TSRYS5850288,D,B,C,2024-08-27,1000000.00,3.752607,102.24975
08:04:06,91282CLD1,TSRYS5850288,D,S,C,2024-08-27,1000000.00,3.753842,102.2421875
08:04:06,91282CLD1,TSRYS5850288,D,B,C,2024-08-27,1000000.00,3.753866,102.2420375
08:04:06,91282CLD1,TSRYS5850288,D,B,C,2024-08-27,1000000.00,3.753866,102.2420375
08:04:06,91282CLD1,TSRYS5850288,D,S,C,2024-08-27,1000000.00,3.753842,102.2421875
08:04:06,91282CLD1,TSRYS5850288,D,B,C,2024-08-27,1000000.00,3.753891,102.2418875
08:04:06,91282CLD1,TSRYS5850288,D,S,D,2024-08-27,1000000.00,3.752566,102.25
08:04:06,91282CLD1,TSRYS5850288,D,B,C,2024-08-27,1000000.00,3.752607,102.24975
08:04:06,91282CLD1,TSRYS5850288,D,S,C,2024-08-27,1000000.00,3.753817,102.2423375
08:04:06,91282CLD1,TSRYS5850288,D,S,D,2024-08-27,1000000.00,3.753842,102.2421875
08:04:06,91282CLD1,TSRYS5850288,D,B,C,2024-08-27,1000000.00,3.753858,102.2420875
08:04:06,91282CLD1,TSRYS5850288,D,S,D,2024-08-27,1000000.00,3.753842,102.2421875
08:04:06,91282CLD1,TSRYS5850288,D,S,D,2024-08-27,1000000.00,3.752566,102.25
08:04:06,91282CLD1,TSRYS5850288,D,B,C,2024-08-27,1000000.00,3.752607,102.24975
08:04:06,91282CLD1,TSRYS5850288,D,B,C,2024-08-27,1000000.00,3.752591,102.24985
08:04:06,91282CLD1,TSRYS5850288,D,S,D,2024-08-27,1000000.00,3.752566,102.25
08:04:06,91282CLD1,TSRYS5850288,D,S,D,2024-08-27,1000000.00,3.753842,102.2421875
08:04:06,91282CLD1,TSRYS5850288,D,S,D,2024-08-27,1000000.00,3.753842,102.2421875
08:04:06,91282CLD1,TSRYS5850288,D,B,C,2024-08-27,1000000.00,3.75387,102.2420125
08:04:06,91282CLD1,TSRYS5850288,D,S,D,2024-08-27,1000000.00,3.753842,102.2421875
08:04:06,91282CLD1,TSRYS5850288,D,B,C,2024-08-27,1000000.00,3.75387,102.2420125
08:04:06,91282CLD1,TSRYS5850288,D,S,D,2024-08-27,1000000.00,3.753842,102.2421875
08:04:06,91282CLD1,TSRYS5850288,D,B,C,2024-08-27,2000000.00,3.753866,102.2420375
08:04:06,91282CLD1,TSRYS5850288,D,S,D,2024-08-27,2000000.00,3.753842,102.2421875
08:04:06,91282CLD1,TSRYS5850288,D,S,D,2024-08-27,1000000.00,3.753842,102.2421875
08:04:06,91282CLD1,TSRYS5850288,D,S,D,2024-08-27,3000000.00,3.753842,102.2421875
08:04:06,91282CLD1,TSRYS5850288,D,B,C,2024-08-27,3000000.00,3.753923,102.2416875
08:04:06,91282CLD1,TSRYS5850288,D,B,C,2024-08-27,1000000.00,3.753874,102.2419875
08:04:06,91282CLD1,TSRYS5850288,D,B,C,2024-08-27,1000000.00,3.75387,102.2420125
08:04:06,91282CLD1,TSRYS5850288,D,B,C,2024-08-27,1000000.00,3.753866,102.2420375
08:04:06,91282CLD1,TSRYS5850288,D,S,D,2024-08-27,1000000.00,3.753842,102.2421875
08:04:07,91282CLD1,TSRYS5850288,D,S,D,2024-08-27,2000000.00,3.753842,102.2421875
08:04:07,91282CLD1,TSRYS5850288,D,S,T,2024-08-27,1000000.00,3.750017,102.265625
08:04:07,91282CLD1,TSRYS5850288,D,B,C,2024-08-27,5000000.00,3.752599,102.2498
08:04:07,91282CLD1,TSRYS5850288,D,S,T,2024-08-27,1000000.00,3.750033,102.265525
08:04:07,91282CLD1,TSRYS5850288,D,S,D,2024-08-27,2000000.00,3.750017,102.265625
08:04:07,91282CLD1,TSRYS5850288,D,S,D,2024-08-27,5000000.00,3.752566,102.25
08:04:07,91282CLD1,TSRYS5850288,D,S,D,2024-08-27,5000000.00,3.752566,102.25
08:04:07,91282CLD1,TSRYS5850288,D,B,C,2024-08-27,5000000.00,3.752599,102.2498
08:04:07,91282CLD1,TSRYS5850288,D,S,T,2024-08-27,1000000.00,3.750033,102.265525
08:04:07,91282CLD1,TSRYS5850288,D,S,T,2024-08-27,1000000.00,3.750033,102.265525
08:04:07,91282CLD1,TSRYS5850288,D,S,T,2024-08-27,1000000.00,3.750033,102.265525
08:04:07,91282CLD1,TSRYS5850288,D,S,T,2024-08-27,1000000.00,3.750017,102.265625
08:04:08,91282CLD1,TSRYS5850288,D,S,C,2024-08-27,1000000.00,3.752526,102.25025
08:04:09,91282CLD1,TSRYS5850288,D,S,C,2024-08-27,2000000.00,3.751243,102.2581125
08:04:09,91282CLD1,TSRYS5850288,D,S,C,2024-08-27,2000000.00,3.750335,102.26367187
08:04:10,91282CLD1,TSRYS5850288,D,S,D,2024-08-27,1000000.00,3.750017,102.265625
08:04:10,91282CLD1,TSRYS5850288,D,S,C,2024-08-27,1000000.00,3.748742,102.2734375
08:04:10,91282CLD1,TSRYS5850288,D,S,D,2024-08-27,65000000.00,3.736295,102.34976
08:04:10,91282CLD1,TSRYS5850288,D,S,T,2024-08-27,1000000.00,3.756408,102.2264625
08:04:10,91282CLD1,TSRYS5850288,D,S,D,2024-08-27,1000000.00,3.756392,102.2265625
08:04:10,91282CLD1,TSRYS5850288,D,S,T,2024-08-27,1000000.00,3.756408,102.2264625
08:04:11,91282CLD1,TSRYS5850288,D,S,C,2024-08-27,1000000.00,3.749988,102.2658
08:04:11,91282CLD1,TSRYS5850288,D,S,D,2024-08-27,1000000.00,3.750017,102.265625
08:04:11,91282CLD1,TSRYS5850288,D,B,C,2024-08-27,1000000.00,3.750017,102.265625
08:04:11,91282CLD1,TSRYS5850288,D,S,C,2024-08-27,1000000.00,3.749988,102.2658
08:04:12,91282CLD1,TSRYS5850288,D,B,C,2024-08-27,1000000.00,3.750033,102.265525
08:04:12,91282CLD1,TSRYS5850288,D,S,D,2024-08-27,1000000.00,3.750017,102.265625
08:04:13,91282CLD1,TSRYS5850288,D,S,D,2024-08-27,1000000.00,3.751292,102.2578125
08:04:13,91282CLD1,TSRYS5850288,D,S,D,2024-08-27,1000000.00,3.751292,102.2578125
08:04:13,91282CLD1,TSRYS5850288,D,S,C,2024-08-27,1000000.00,3.751292,102.2578125
08:04:14,91282CLD1,TSRYS5850288,D,S,D,2024-08-27,1000000.00,3.751292,102.2578125
08:04:14,91282CLD1,TSRYS5850288,D,S,C,2024-08-27,1000000.00,3.751292,102.2578125
08:04:14,91282CLD1,TSRYS5850288,D,S,D,2024-08-27,1000000.00,3.751292,102.2578125
08:04:14,91282CLD1,TSRYS5850288,D,S,D,2024-08-27,1000000.00,3.751292,102.2578125
08:04:14,91282CLD1,TSRYS5850288,D,S,D,2024-08-27,1000000.00,3.751292,102.2578125
08:04:14,91282CLD1,TSRYS5850288,D,S,C,2024-08-27,1000000.00,3.751251,102.2580625
08:04:14,91282CLD1,TSRYS5850288,D,S,D,2024-08-27,1000000.00,3.751267,102.2579645
08:04:14,91282CLD1,TSRYS5850288,D,S,C,2024-08-27,1000000.00,3.751259,102.2580125
08:04:14,91282CLD1,TSRYS5850288,D,S,D,2024-08-27,2000000.00,3.751267,102.2579645
08:04:14,91282CLD1,TSRYS5850288,D,S,D,2024-08-27,1000000.00,3.751267,102.2579645
08:04:16,91282CLD1,TSRYS5850288,D,S,D,2024-08-27,1000000.00,3.740778,102.322265625
08:04:16,91282CLD1,TSRYS5850288,D,S,C,2024-08-27,2000000.00,3.740778,102.322265625
08:04:16,91282CLD1,TSRYS5850288,D,S,C,2024-08-27,2000000.00,3.738548,102.3359375
08:04:16,91282CLD1,TSRYS5850288,D,S,C,2024-08-27,2000000.00,3.738548,102.3359375
08:04:16,91282CLD1,TSRYS5850288,D,S,D,2024-08-27,1000000.00,3.73823,102.337890625
08:04:16,91282CLD1,TSRYS5850288,D,S,D,2024-08-27,1000000.00,3.73823,102.337890625
08:04:16,91282CLD1,TSRYS5850288,D,S,D,2024-08-27,1000000.00,3.738548,102.3359375
08:04:16,91282CLD1,TSRYS5850288,D,S,C,2024-08-27,1000000.00,3.738548,102.3359375
08:04:16,91282CLD1,TSRYS5850288,D,S,C,2024-08-27,1000000.00,3.738548,102.3359375
08:04:16,91282CLD1,TSRYS5850288,D,S,C,2024-08-27,1000000.00,3.738548,102.3359375
08:04:16,91282CLD1,TSRYS5850288,D,S,D,2024-08-27,1000000.00,3.73823,102.337890625
08:04:16,91282CLD1,TSRYS5850288,D,S,C,2024-08-27,4000000.00,3.738548,102.3359375
08:04:16,91282CLD1,TSRYS5850288,D,S,C,2024-08-27,1000000.00,3.738548,102.3359375
08:04:16,91282CLD1,TSRYS5850288,D,S,D,2024-08-27,1000000.00,3.73823,102.337890625
08:04:16,91282CLD1,TSRYS5850288,D,S,D,2024-08-27,1000000.00,3.73823,102.337890625
08:04:17,91282CLD1,TSRYS5850288,D,S,C,2024-08-27,1000000.00,3.741096,102.3203125
08:04:17,91282CLD1,TSRYS5850288,D,B,C,2024-08-27,1000000.00,3.741096,102.3203125
08:04:17,91282CLD1,TSRYS5850288,D,S,D,2024-08-27,1000000.00,3.740778,102.322265625
08:04:18,91282CLD1,TSRYS5850288,D,S,C,2024-08-27,1000000.00,3.741733,102.31640625
08:04:19,91282CLD1,TSRYS5850288,D,S,D,2024-08-27,1000000.00,3.743326,102.306640625
08:04:19,91282CLD1,TSRYS5850288,D,S,C,2024-08-27,4000000.00,3.743644,102.3046875
08:04:19,91282CLD1,TSRYS5850288,D,S,C,2024-08-27,1000000.00,3.743644,102.3046875
08:04:19,91282CLD1,TSRYS5850288,D,S,C,2024-08-27,4000000.00,3.743326,102.306640625
08:04:20,91282CLD1,TSRYS5850288,D,S,C,2024-08-27,1000000.00,3.744918,102.296875
08:04:20,91282CLD1,TSRYS5850288,D,S,D,2024-08-27,1000000.00,3.745556,102.29296875
08:04:21,91282CLD1,TSRYS5850288,D,S,C,2024-08-27,1000000.00,3.745556,102.29296875
08:04:21,91282CLD1,TSRYS5850288,D,S,C,2024-08-27,1000000.00,3.745556,102.29296875
08:04:21,91282CLD1,TSRYS5850288,D,S,D,2024-08-27,2000000.00,3.745556,102.29296875
08:04:21,91282CLD1,TSRYS5850288,D,S,D,2024-08-27,1000000.00,3.745556,102.29296875
08:04:21,91282CLD1,TSRYS5850288,D,S,D,2024-08-27,1000000.00,3.745556,102.29296875
08:04:21,91282CLD1,TSRYS5850288,D,S,C,2024-08-27,1000000.00,3.745874,102.291015625
08:04:22,91282CLD1,TSRYS5850288,D,S,C,2024-08-27,1000000.00,3.745874,102.291015625
08:04:22,91282CLD1,TSRYS5850288,D,S,C,2024-08-27,2000000.00,3.74683,102.28515625
08:04:22,91282CLD1,TSRYS5850288,D,S,C,2024-08-27,1000000.00,3.750017,102.265625
08:04:25,91282CLD1,TSRYS5850288,D,S,T,2024-08-27,1000000.00,3.750335,102.263671875
08:04:25,91282CLD1,TSRYS5850288,D,S,T,2024-08-27,1000000.00,3.750335,102.263671875
08:04:27,91282CLD1,TSRYS5850288,D,S,D,2024-08-27,1000000.00,3.750335,102.263671875
08:04:27,91282CLD1,TSRYS5850288,D,S,D,2024-08-27,1000000.00,3.750017,102.265625
08:04:27,91282CLD1,TSRYS5850288,D,S,D,2024-08-27,1000000.00,3.750335,102.263671875
08:04:27,91282CLD1,TSRYS5850288,D,S,D,2024-08-27,1000000.00,3.750335,102.263671875
08:04:27,91282CLD1,TSRYS5850288,D,S,D,2024-08-27,1000000.00,3.750335,102.263671875
08:04:27,91282CLD1,TSRYS5850288,D,S,C,2024-08-27,1000000.00,3.750017,102.265625
08:04:27,91282CLD1,TSRYS5850288,D,S,C,2024-08-27,1000000.00,3.750017,102.265625
08:04:27,91282CLD1,TSRYS5850288,D,S,D,2024-08-27,1000000.00,3.750335,102.263671875
08:04:27,91282CLD1,TSRYS5850288,D,S,D,2024-08-27,1000000.00,3.751292,102.2578125
08:04:27,91282CLD1,TSRYS5850288,D,S,C,2024-08-27,1000000.00,3.750335,102.263671875
08:04:27,91282CLD1,TSRYS5850288,D,S,D,2024-08-27,1000000.00,3.752566,102.25
08:04:27,91282CLD1,TSRYS5850288,D,S,D,2024-08-27,1000000.00,3.752566,102.25
08:04:27,91282CLD1,TSRYS5850288,D,S,C,2024-08-27,1000000.00,3.750973,102.259765625
08:04:27,91282CLD1,TSRYS5850288,D,S,C,2024-08-27,1000000.00,3.750973,102.259765625
08:04:27,91282CLD1,TSRYS5850288,D,S,D,2024-08-27,1000000.00,3.75161,102.255859375
08:04:28,91282CLD1,TSRYS5850288,D,B,C,2024-08-27,1000000.00,3.751292,102.2578125
08:04:28,91282CLD1,TSRYS5850288,D,S,D,2024-08-27,1000000.00,3.751292,102.2578125
08:04:28,91282CLD1,TSRYS5850288,D,B,C,2024-08-27,1000000.00,3.751292,102.2578125
08:04:28,91282CLD1,TSRYS5850288,D,S,D,2024-08-27,1000000.00,3.751292,102.2578125
08:04:29,91282CLD1,TSRYS5850288,D,S,T,2024-08-27,1000000.00,3.730908,102.3828125
08:04:29,91282CLD1,TSRYS5850288,D,S,T,2024-08-27,1000000.00,3.730908,102.3828125
08:04:30,91282CLD1,TSRYS5850288,D,S,D,2024-08-27,1000000.00,3.752566,102.25
08:04:30,91282CLD1,TSRYS5850288,D,S,D,2024-08-27,1000000.00,3.752566,102.25
08:04:31,91282CLD1,TSRYS5850288,D,S,D,2024-08-27,1000000.00,3.751929,102.25390625
08:04:31,91282CLD1,TSRYS5850288,D,S,D,2024-08-27,1000000.00,3.751929,102.25390625
08:04:31,91282CLD1,TSRYS5850288,D,S,D,2024-08-27,1000000.00,3.751929,102.25390625
08:04:31,91282CLD1,TSRYS5850288,D,S,D,2024-08-27,1000000.00,3.751929,102.25390625
08:04:31,91282CLD1,TSRYS5850288,D,S,D,2024-08-27,1000000.00,3.751929,102.25390625
08:04:31,91282CLD1,TSRYS5850288,D,S,D,2024-08-27,1000000.00,3.751929,102.25390625
08:04:31,91282CLD1,TSRYS5850288,D,S,D,2024-08-27,1000000.00,3.751929,102.25390625
08:04:31,91282CLD1,TSRYS5850288,D,S,T,2024-08-27,1000000.00,3.730908,102.3828125
08:04:32,91282CLD1,TSRYS5850288,D,S,D,2024-08-27,1000000.00,3.751929,102.25390625
08:04:32,91282CLD1,TSRYS5850288,D,S,D,2024-08-27,1000000.00,3.751929,102.25390625
08:04:32,91282CLD1,TSRYS5850288,D,S,T,2024-08-27,1000000.00,3.751308,102.2577125
08:04:32,91282CLD1,TSRYS5850288,D,S,T,2024-08-27,1000000.00,3.751308,102.2577125
08:04:32,91282CLD1,TSRYS5850288,D,S,T,2024-08-27,1000000.00,3.751308,102.2577125
08:04:32,91282CLD1,TSRYS5850288,D,S,T,2024-08-27,2000000.00,3.751308,102.2577125
08:04:32,91282CLD1,TSRYS5850288,D,S,T,2024-08-27,1000000.00,3.751292,102.2578125
08:04:33,91282CLD1,TSRYS5850288,D,S,D,2024-08-27,1000000.00,3.753842,102.2421875
08:04:33,91282CLD1,TSRYS5850288,D,S,T,2024-08-27,1000000.00,3.730908,102.3828125
08:04:34,91282CLD1,TSRYS5850288,D,S,T,2024-08-27,2000000.00,3.755117,102.234375
08:04:35,91282CLD1,TSRYS5850288,D,S,T,2024-08-27,1000000.00,3.730908,102.3828125
08:04:35,91282CLD1,TSRYS5850288,D,S,T,2024-08-27,1000000.00,3.751292,102.2578125
08:04:35,91282CLD1,TSRYS5850288,D,S,D,2024-08-27,1000000.00,3.752885,102.248046875
08:04:36,91282CLD1,TSRYS5850288,D,S,C,2024-08-27,1000000.00,3.752566,102.25
08:04:36,91282CLD1,TSRYS5850288,D,S,D,2024-08-27,1000000.00,3.752885,102.248046875
08:04:36,91282CLD1,TSRYS5850288,D,B,C,2024-08-27,1000000.00,3.752885,102.248046875
08:04:36,91282CLD1,TSRYS5850288,D,S,D,2024-08-27,1000000.00,3.752885,102.248046875
08:04:36,91282CLD1,TSRYS5850288,D,B,C,2024-08-27,1000000.00,3.752885,102.248046875
08:04:36,91282CLD1,TSRYS5850288,D,S,D,2024-08-27,1000000.00,3.752885,102.248046875
08:04:36,91282CLD1,TSRYS5850288,D,B,C,2024-08-27,1000000.00,3.752885,102.248046875
08:04:36,91282CLD1,TSRYS5850288,D,S,T,2024-08-27,1000000.00,3.730908,102.3828125
08:04:37,91282CLD1,TSRYS5850288,D,S,A,2024-08-27,1000000.00,3.751292,102.2578125
08:04:37,91282CLD1,TSRYS5850288,D,S,C,2024-08-27,1000000.00,3.749984,102.265825
08:04:37,91282CLD1,TSRYS5850288,D,S,D,2024-08-27,1000000.00,3.750017,102.265625
08:04:37,91282CLD1,TSRYS5850288,D,S,A,2024-08-27,1000000.00,3.751292,102.2578125
08:04:37,91282CLD1,TSRYS5850288,D,S,A,2024-08-27,1000000.00,3.751292,102.2578125
08:04:37,91282CLD1,TSRYS5850288,D,S,T,2024-08-27,1000000.00,3.750017,102.265625
08:04:37,91282CLD1,TSRYS5850288,D,S,T,2024-08-27,1000000.00,3.750017,102.265625
08:04:37,91282CLD1,TSRYS5850288,D,S,T,2024-08-27,1000000.00,3.750017,102.265625
08:04:38,91282CLD1,TSRYS5850288,D,S,A,2024-08-27,1000000.00,3.751292,102.2578125
08:04:38,91282CLD1,TSRYS5850288,D,S,A,2024-08-27,1000000.00,3.751292,102.2578125
08:04:39,91282CLD1,TSRYS5850288,D,S,C,2024-08-27,1000000.00,3.752566,102.25
08:04:39,91282CLD1,TSRYS5850288,D,S,C,2024-08-27,1000000.00,3.751292,102.2578125
08:04:39,91282CLD1,TSRYS5850288,D,S,C,2024-08-27,1000000.00,3.751292,102.2578125
08:04:39,91282CLD1,TSRYS5850288,D,S,T,2024-08-27,1000000.00,3.750017,102.265625
08:04:40,91282CLD1,TSRYS5850288,D,S,C,2024-08-27,1000000.00,3.752566,102.25
08:04:40,91282CLD1,TSRYS5850288,D,S,C,2024-08-27,2000000.00,3.752885,102.248046875
08:04:40,91282CLD1,TSRYS5850288,D,S,D,2024-08-27,1000000.00,3.752885,102.248046875
08:04:40,91282CLD1,TSRYS5850288,D,B,C,2024-08-27,1000000.00,3.752885,102.248046875
08:04:40,91282CLD1,TSRYS5850288,D,S,D,2024-08-27,1000000.00,3.752885,102.248046875
08:04:40,91282CLD1,TSRYS5850288,D,S,C,2024-08-27,1000000.00,3.752885,102.248046875
08:04:40,91282CLD1,TSRYS5850288,D,S,C,2024-08-27,1000000.00,3.752885,102.248046875
08:04:40,91282CLD1,TSRYS5850288,D,S,C,2024-08-27,1000000.00,3.752566,102.25
08:04:40,91282CLD1,TSRYS5850288,D,S,C,2024-08-27,1000000.00,3.752566,102.25
08:04:40,91282CLD1,TSRYS5850288,D,S,C,2024-08-27,1000000.00,3.752885,102.248046875
08:04:40,91282CLD1,TSRYS5850288,D,S,C,2024-08-27,1000000.00,3.752885,102.248046875
08:04:40,91282CLD1,TSRYS5850288,D,S,D,2024-08-27,1000000.00,3.752885,102.248046875
08:04:40,91282CLD1,TSRYS5850288,D,S,C,2024-08-27,1000000.00,3.752885,102.248046875
08:04:40,91282CLD1,TSRYS5850288,D,S,C,2024-08-27,2000000.00,3.752885,102.248046875
08:04:40,91282CLD1,TSRYS5850288,D,S,C,2024-08-27,2000000.00,3.752885,102.248046875
08:04:40,91282CLD1,TSRYS5850288,D,S,C,2024-08-27,1000000.00,3.753204,102.24609375
08:04:40,91282CLD1,TSRYS5850288,D,S,C,2024-08-27,1000000.00,3.753204,102.24609375
08:04:40,91282CLD1,TSRYS5850288,D,B,C,2024-08-27,1000000.00,3.753204,102.24609375
08:04:40,91282CLD1,TSRYS5850288,D,S,C,2024-08-27,2000000.00,3.753204,102.24609375
08:04:40,91282CLD1,TSRYS5850288,D,B,C,2024-08-27,1000000.00,3.753204,102.24609375
08:04:40,91282CLD1,TSRYS5850288,D,S,C,2024-08-27,1000000.00,3.753842,102.2421875
08:04:40,91282CLD1,TSRYS5850288,D,S,C,2024-08-27,1000000.00,3.755117,102.234375
08:04:40,91282CLD1,TSRYS5850288,D,S,C,2024-08-27,1000000.00,3.755117,102.234375
08:04:40,91282CLD1,TSRYS5850288,D,S,D,2024-08-27,1000000.00,3.755117,102.234375
08:04:40,91282CLD1,TSRYS5850288,D,S,D,2024-08-27,1000000.00,3.755117,102.234375
08:04:40,91282CLD1,TSRYS5850288,D,S,C,2024-08-27,1000000.00,3.754798,102.236328125
08:04:40,91282CLD1,TSRYS5850288,D,S,D,2024-08-27,1000000.00,3.755117,102.234375
08:04:40,91282CLD1,TSRYS5850288,D,S,D,2024-08-27,1000000.00,3.755117,102.234375
08:04:40,91282CLD1,TSRYS5850288,D,S,C,2024-08-27,2000000.00,3.755436,102.232421875
08:04:40,91282CLD1,TSRYS5850288,D,S,D,2024-08-27,1000000.00,3.755117,102.234375
08:04:40,91282CLD1,TSRYS5850288,D,S,D,2024-08-27,1000000.00,3.755117,102.234375
08:04:40,91282CLD1,TSRYS5850288,D,S,D,2024-08-27,1000000.00,3.755117,102.234375
08:04:40,91282CLD1,TSRYS5850288,D,S,D,2024-08-27,1000000.00,3.754798,102.236328125
08:04:40,91282CLD1,TSRYS5850288,D,B,C,2024-08-27,1000000.00,3.754798,102.236328125
08:04:41,91282CLD1,TSRYS5850288,D,S,D,2024-08-27,1000000.00,3.753842,102.2421875
08:04:41,91282CLD1,TSRYS5850288,D,B,C,2024-08-27,1000000.00,3.753842,102.2421875
08:04:41,91282CLD1,TSRYS5850288,D,S,D,2024-08-27,1000000.00,3.753842,102.2421875
08:04:41,91282CLD1,TSRYS5850288,D,S,C,2024-08-27,1000000.00,3.753842,102.2421875
08:04:42,91282CLD1,TSRYS5850288,D,S,C,2024-08-27,1000000.00,3.752566,102.25
08:04:42,91282CLD1,TSRYS5850288,D,B,C,2024-08-27,1000000.00,3.752248,102.251953125
08:04:42,91282CLD1,TSRYS5850288,D,S,C,2024-08-27,1000000.00,3.752248,102.251953125
08:04:42,91282CLD1,TSRYS5850288,D,B,C,2024-08-27,1000000.00,3.752248,102.251953125
08:04:42,91282CLD1,TSRYS5850288,D,S,C,2024-08-27,1000000.00,3.752248,102.251953125
08:04:43,91282CLD1,TSRYS5850288,D,B,C,2024-08-27,1000000.00,3.751292,102.2578125
08:04:43,91282CLD1,TSRYS5850288,D,S,D,2024-08-27,1000000.00,3.751292,102.2578125
08:04:43,91282CLD1,TSRYS5850288,D,B,C,2024-08-27,1000000.00,3.751292,102.2576375
08:04:43,91282CLD1,TSRYS5850288,D,S,D,2024-08-27,1000000.00,3.751292,102.2578125
08:04:44,91282CLD1,TSRYS5850288,D,S,C,2024-08-27,1000000.00,3.751292,102.2578125
08:04:44,91282CLD1,TSRYS5850288,D,S,C,2024-08-27,1000000.00,3.750973,102.259765625
08:04:48,91282CLD1,TSRYS5850288,D,B,C,2024-08-27,1000000.00,3.750654,102.26171875
08:04:49,91282CLD1,TSRYS5850288,D,S,C,2024-08-27,1000000.00,3.750654,102.26171875
08:04:49,91282CLD1,TSRYS5850288,D,B,C,2024-08-27,1000000.00,3.750654,102.26171875
08:04:49,91282CLD1,TSRYS5850288,D,S,C,2024-08-27,1000000.00,3.750654,102.26171875
08:04:49,91282CLD1,TSRYS5850288,D,S,C,2024-08-27,1000000.00,3.750017,102.265625
08:04:49,91282CLD1,TSRYS5850288,D,S,D,2024-08-27,1000000.00,3.749698,102.267578125
08:04:49,91282CLD1,TSRYS5850288,D,B,C,2024-08-27,1000000.00,3.749698,102.267578125
08:04:49,91282CLD1,TSRYS5850288,D,S,D,2024-08-27,1000000.00,3.749698,102.267578125
08:04:49,91282CLD1,TSRYS5850288,D,B,C,2024-08-27,1000000.00,3.749698,102.267578125
08:04:49,91282CLD1,TSRYS5850288,D,S,D,2024-08-27,1000000.00,3.750335,102.263671875
08:04:49,91282CLD1,TSRYS5850288,D,B,C,2024-08-27,1000000.00,3.750335,102.263671875
08:04:49,91282CLD1,TSRYS5850288,D,S,D,2024-08-27,1000000.00,3.750335,102.263671875
08:04:49,91282CLD1,TSRYS5850288,D,S,D,2024-08-27,1000000.00,3.750335,102.263671875
08:04:50,91282CLD1,TSRYS5850288,D,S,D,2024-08-27,1000000.00,3.750017,102.265625
08:04:50,91282CLD1,TSRYS5850288,D,S,D,2024-08-27,1000000.00,3.750335,102.263671875
08:04:50,91282CLD1,TSRYS5850288,D,S,D,2024-08-27,1000000.00,3.750335,102.263671875
08:04:50,91282CLD1,TSRYS5850288,D,S,C,2024-08-27,1000000.00,3.750335,102.263671875
08:04:50,91282CLD1,TSRYS5850288,D,S,D,2024-08-27,1000000.00,3.750335,102.263671875
08:04:50,91282CLD1,TSRYS5850288,D,S,D,2024-08-27,1000000.00,3.750335,102.263671875
08:04:50,91282CLD1,TSRYS5850288,D,S,D,2024-08-27,1000000.00,3.750017,102.265625
08:04:50,91282CLD1,TSRYS5850288,D,S,D,2024-08-27,1000000.00,3.750017,102.265625
08:04:50,91282CLD1,TSRYS5850288,D,S,D,2024-08-27,1000000.00,3.750017,102.265625
08:04:50,91282CLD1,TSRYS5850288,D,S,C,2024-08-27,1000000.00,3.750017,102.265625
08:04:50,91282CLD1,TSRYS5850288,D,S,C,2024-08-27,2000000.00,3.750017,102.265625
08:04:50,91282CLD1,TSRYS5850288,D,S,D,2024-08-27,1000000.00,3.750335,102.263671875
08:04:50,91282CLD1,TSRYS5850288,D,S,D,2024-08-27,1000000.00,3.751292,102.2578125
08:04:50,91282CLD1,TSRYS5850288,D,S,T,2024-08-27,3000000.00,3.751308,102.2577125
08:04:51,91282CLD1,TSRYS5850288,D,S,C,2024-08-27,1000000.00,3.751292,102.2578125
08:04:51,91282CLD1,TSRYS5850288,D,S,C,2024-08-27,1000000.00,3.750973,102.259765625
08:04:52,91282CLD1,TSRYS5850288,D,S,C,2024-08-27,1000000.00,3.750017,102.265625
08:04:52,91282CLD1,TSRYS5850288,D,B,C,2024-08-27,1000000.00,3.751292,102.2578125
08:04:52,91282CLD1,TSRYS5850288,D,S,D,2024-08-27,1000000.00,3.751292,102.2578125
08:04:52,91282CLD1,TSRYS5850288,D,B,C,2024-08-27,1000000.00,3.751292,102.2578125
08:04:52,91282CLD1,TSRYS5850288,D,S,D,2024-08-27,1000000.00,3.751292,102.2578125
08:04:52,91282CLD1,TSRYS5850288,D,S,D,2024-08-27,1000000.00,3.751292,102.2578125
08:04:52,91282CLD1,TSRYS5850288,D,S,D,2024-08-27,1000000.00,3.751292,102.2578125
08:04:52,91282CLD1,TSRYS5850288,D,S,D,2024-08-27,1000000.00,3.750017,102.265625
08:04:52,91282CLD1,TSRYS5850288,D,S,C,2024-08-27,1000000.00,3.750017,102.265625
08:04:53,91282CLD1,TSRYS5850288,D,S,D,2024-08-27,1000000.00,3.750335,102.263671875
08:04:53,91282CLD1,TSRYS5850288,D,S,C,2024-08-27,1000000.00,3.750335,102.263671875
08:04:53,91282CLD1,TSRYS5850288,D,S,T,2024-08-27,3000000.00,3.750017,102.265625
08:04:53,91282CLD1,TSRYS5850288,D,S,D,2024-08-27,2000000.00,3.750017,102.265625
08:04:53,91282CLD1,TSRYS5850288,D,S,T,2024-08-27,1000000.00,3.750017,102.265625
08:04:53,91282CLD1,TSRYS5850288,D,S,C,2024-08-27,1000000.00,3.751292,102.2578125
08:04:54,91282CLD1,TSRYS5850288,D,S,T,2024-08-27,3000000.00,3.750017,102.265625
08:04:54,91282CLD1,TSRYS5850288,D,S,T,2024-08-27,2000000.00,3.750017,102.265625
08:04:57,91282CLD1,TSRYS5850288,D,S,T,2024-08-27,1000000.00,3.750049,102.265425
08:04:57,91282CLD1,TSRYS5850288,D,S,T,2024-08-27,1000000.00,3.751292,102.2578125
08:04:57,91282CLD1,TSRYS5850288,D,S,D,2024-08-27,1000000.00,3.750335,102.263671875
08:04:57,91282CLD1,TSRYS5850288,D,S,D,2024-08-27,1000000.00,3.750017,102.265625
08:04:57,91282CLD1,TSRYS5850288,D,S,C,2024-08-27,1000000.00,3.750017,102.265625
08:04:57,91282CLD1,TSRYS5850288,D,S,D,2024-08-27,1000000.00,3.750335,102.263671875
08:04:58,91282CLD1,TSRYS5850288,D,S,D,2024-08-27,24000000.00,3.751431,102.25696
08:04:59,91282CLD1,TSRYS5850288,D,S,C,2024-08-27,1000000.00,3.750654,102.26171875
08:04:59,91282CLD1,TSRYS5850288,D,S,C,2024-08-27,1000000.00,3.750654,102.26171875
08:04:59,91282CLD1,TSRYS5850288,D,S,D,2024-08-27,1000000.00,3.751292,102.2578125
08:05:00,91282CLD1,TSRYS5850288,D,S,D,2024-08-27,1000000.00,3.750335,102.263671875
08:05:00,91282CLD1,TSRYS5850288,D,S,D,2024-08-27,1000000.00,3.750335,102.263671875
08:05:00,91282CLD1,TSRYS5850288,D,S,C,2024-08-27,1000000.00,3.750017,102.265625
08:05:01,91282CLD1,TSRYS5850288,D,S,D,2024-08-27,1000000.00,3.750017,102.265625
08:05:02,91282CLD1,TSRYS5850288,D,S,T,2024-08-27,1000000.00,3.751292,102.2578125
08:05:02,91282CLD1,TSRYS5850288,D,S,T,2024-08-27,3000000.00,3.751292,102.2578125
08:05:02,91282CLD1,TSRYS5850288,D,S,T,2024-08-27,1000000.00,3.751292,102.2578125
08:05:03,91282CLD1,TSRYS5850288,D,S,T,2024-08-27,2000000.00,3.751292,102.2578125
08:05:03,91282CLD1,TSRYS5850288,D,S,D,2024-08-27,1000000.00,3.752248,102.251953125
08:05:04,91282CLD1,TSRYS5850288,D,S,T,2024-08-27,2000000.00,3.751292,102.2578125
08:05:04,91282CLD1,TSRYS5850288,D,S,T,2024-08-27,1000000.00,3.751292,102.2578125
08:05:05,91282CLD1,TSRYS5850288,D,S,C,2024-08-27,1000000.00,3.750335,102.263671875
08:05:05,91282CLD1,TSRYS5850288,D,S,D,2024-08-27,1000000.00,3.750017,102.265625
08:05:06,91282CLD1,TSRYS5850288,D,S,D,2024-08-27,1000000.00,3.749698,102.267578125
08:05:06,91282CLD1,TSRYS5850288,D,S,T,2024-08-27,2000000.00,3.751292,102.2578125
08:05:06,91282CLD1,TSRYS5850288,D,S,T,2024-08-27,1000000.00,3.751292,102.2578125
08:05:06,91282CLD1,TSRYS5850288,D,S,D,2024-08-27,1000000.00,3.750335,102.263671875
08:05:06,91282CLD1,TSRYS5850288,D,B,C,2024-08-27,1000000.00,3.750335,102.263671875
08:05:07,91282CLD1,TSRYS5850288,D,S,T,2024-08-27,1000000.00,3.751324,102.2576125
08:05:12,91282CLD1,TSRYS5850288,D,S,D,2024-08-27,1000000.00,3.750335,102.263671875
08:05:14,91282CLD1,TSRYS5850288,D,S,C,2024-08-27,1000000.00,3.750973,102.259765625
08:05:18,91282CLD1,TSRYS5850288,D,S,D,2024-08-27,1000000.00,3.752566,102.25
08:05:18,91282CLD1,TSRYS5850288,D,S,C,2024-08-27,1000000.00,3.752566,102.25
08:05:19,91282CLD1,TSRYS5850288,D,B,C,2024-08-27,1000000.00,3.752566,102.25
08:05:19,91282CLD1,TSRYS5850288,D,S,D,2024-08-27,1000000.00,3.752566,102.25
08:05:24,91282CLD1,TSRYS5850288,D,S,D,2024-08-27,1000000.00,3.752566,102.25
08:05:24,91282CLD1,TSRYS5850288,D,S,D,2024-08-27,1000000.00,3.752566,102.25
08:05:24,91282CLD1,TSRYS5850288,D,S,D,2024-08-27,2000000.00,3.752885,102.248046875
08:05:24,91282CLD1,TSRYS5850288,D,S,D,2024-08-27,1000000.00,3.752566,102.25
08:05:24,91282CLD1,TSRYS5850288,D,S,D,2024-08-27,1000000.00,3.752566,102.25
08:05:24,91282CLD1,TSRYS5850288,D,B,C,2024-08-27,1000000.00,3.752566,102.25
08:05:24,91282CLD1,TSRYS5850288,D,S,D,2024-08-27,1000000.00,3.752566,102.25
08:05:24,91282CLD1,TSRYS5850288,D,S,D,2024-08-27,1000000.00,3.752566,102.25
08:05:24,91282CLD1,TSRYS5850288,D,S,D,2024-08-27,1000000.00,3.752566,102.25
08:05:24,91282CLD1,TSRYS5850288,D,B,C,2024-08-27,1000000.00,3.752885,102.248046875
08:05:24,91282CLD1,TSRYS5850288,D,S,D,2024-08-27,1000000.00,3.752885,102.248046875
08:05:24,91282CLD1,TSRYS5850288,D,S,D,2024-08-27,1000000.00,3.752885,102.248046875
08:05:24,91282CLD1,TSRYS5850288,D,S,D,2024-08-27,1000000.00,3.752566,102.25
08:05:24,91282CLD1,TSRYS5850288,D,S,D,2024-08-27,1000000.00,3.752566,102.25
08:05:24,91282CLD1,TSRYS5850288,D,S,D,2024-08-27,1000000.00,3.752566,102.25
08:05:24,91282CLD1,TSRYS5850288,D,S,D,2024-08-27,1000000.00,3.752885,102.248046875
08:05:24,91282CLD1,TSRYS5850288,D,S,D,2024-08-27,1000000.00,3.752885,102.248046875
08:05:24,91282CLD1,TSRYS5850288,D,S,D,2024-08-27,1000000.00,3.752566,102.25
08:05:24,91282CLD1,TSRYS5850288,D,S,D,2024-08-27,1000000.00,3.752566,102.25
08:05:24,91282CLD1,TSRYS5850288,D,S,D,2024-08-27,1000000.00,3.752566,102.25
08:05:24,91282CLD1,TSRYS5850288,D,S,D,2024-08-27,1000000.00,3.752885,102.248046875
08:05:24,91282CLD1,TSRYS5850288,D,S,D,2024-08-27,1000000.00,3.752566,102.25
08:05:24,91282CLD1,TSRYS5850288,D,S,D,2024-08-27,1000000.00,3.752566,102.25
08:05:24,91282CLD1,TSRYS5850288,D,S,D,2024-08-27,1000000.00,3.752566,102.25
08:05:24,91282CLD1,TSRYS5850288,D,S,D,2024-08-27,1000000.00,3.755117,102.234375
08:05:24,91282CLD1,TSRYS5850288,D,S,D,2024-08-27,1000000.00,3.755117,102.234375
08:05:24,91282CLD1,TSRYS5850288,D,S,D,2024-08-27,1000000.00,3.755117,102.234375
08:05:24,91282CLD1,TSRYS5850288,D,S,D,2024-08-27,1000000.00,3.755117,102.234375
08:05:24,91282CLD1,TSRYS5850288,D,S,D,2024-08-27,1000000.00,3.755117,102.234375
08:05:24,91282CLD1,TSRYS5850288,D,B,C,2024-08-27,1000000.00,3.755117,102.234375
08:05:24,91282CLD1,TSRYS5850288,D,S,D,2024-08-27,1000000.00,3.755117,102.234375
08:05:24,91282CLD1,TSRYS5850288,D,S,D,2024-08-27,1000000.00,3.755754,102.23046875
08:05:24,91282CLD1,TSRYS5850288,D,S,D,2024-08-27,1000000.00,3.754479,102.23828125
08:05:24,91282CLD1,TSRYS5850288,D,S,D,2024-08-27,1000000.00,3.755117,102.234375
08:05:24,91282CLD1,TSRYS5850288,D,S,D,2024-08-27,1000000.00,3.755117,102.234375
08:05:24,91282CLD1,TSRYS5850288,D,S,D,2024-08-27,1000000.00,3.755117,102.234375
08:05:24,91282CLD1,TSRYS5850288,D,S,D,2024-08-27,1000000.00,3.755117,102.234375
08:05:24,91282CLD1,TSRYS5850288,D,B,C,2024-08-27,1000000.00,3.755117,102.234375
08:05:24,91282CLD1,TSRYS5850288,D,S,D,2024-08-27,1000000.00,3.755117,102.234375
08:05:24,91282CLD1,TSRYS5850288,D,S,D,2024-08-27,1000000.00,3.755117,102.234375
08:05:24,91282CLD1,TSRYS5850288,D,S,D,2024-08-27,1000000.00,3.755117,102.234375
08:05:24,91282CLD1,TSRYS5850288,D,B,C,2024-08-27,1000000.00,3.754798,102.236328125
08:05:24,91282CLD1,TSRYS5850288,D,S,D,2024-08-27,1000000.00,3.754798,102.236328125
08:05:24,91282CLD1,TSRYS5850288,D,S,D,2024-08-27,1000000.00,3.755117,102.234375
08:05:24,91282CLD1,TSRYS5850288,D,S,D,2024-08-27,1000000.00,3.755117,102.234375
08:05:24,91282CLD1,TSRYS5850288,D,S,D,2024-08-27,1000000.00,3.755117,102.234375
08:05:24,91282CLD1,TSRYS5850288,D,S,D,2024-08-27,1000000.00,3.755117,102.234375
08:05:24,91282CLD1,TSRYS5850288,D,S,D,2024-08-27,1000000.00,3.755117,102.234375
08:05:24,91282CLD1,TSRYS5850288,D,S,D,2024-08-27,1000000.00,3.755117,102.234375
08:05:24,91282CLD1,TSRYS5850288,D,S,D,2024-08-27,1000000.00,3.755117,102.234375
08:05:25,91282CLD1,TSRYS5850288,D,S,D,2024-08-27,1000000.00,3.757349,102.220703125
08:05:25,91282CLD1,TSRYS5850288,D,S,D,2024-08-27,1000000.00,3.757667,102.21875
08:05:26,91282CLD1,TSRYS5850288,D,S,C,2024-08-27,1000000.00,3.757349,102.220703125
08:05:26,91282CLD1,TSRYS5850288,D,S,D,2024-08-27,1000000.00,3.757349,102.220703125
08:05:26,91282CLD1,TSRYS5850288,D,S,D,2024-08-27,1000000.00,3.756711,102.224609375
08:05:27,91282CLD1,TSRYS5850288,D,S,C,2024-08-27,1000000.00,3.755754,102.23046875
08:05:28,91282CLD1,TSRYS5850288,D,S,D,2024-08-27,1000000.00,3.756392,102.2265625
08:05:28,91282CLD1,TSRYS5850288,D,S,D,2024-08-27,1000000.00,3.757349,102.220703125
08:05:28,91282CLD1,TSRYS5850288,D,B,C,2024-08-27,1000000.00,3.757349,102.220703125
08:05:28,91282CLD1,TSRYS5850288,D,B,C,2024-08-27,1000000.00,3.757349,102.220703125
08:05:28,91282CLD1,TSRYS5850288,D,S,D,2024-08-27,1000000.00,3.757349,102.220703125
08:05:29,91282CLD1,TSRYS5850288,D,B,C,2024-08-27,1000000.00,3.757667,102.21875
08:05:29,91282CLD1,TSRYS5850288,D,S,D,2024-08-27,1000000.00,3.757667,102.21875
08:05:29,91282CLD1,TSRYS5850288,D,S,D,2024-08-27,1000000.00,3.757349,102.220703125
08:05:29,91282CLD1,TSRYS5850288,D,S,D,2024-08-27,1000000.00,3.757349,102.220703125
08:05:30,91282CLD1,TSRYS5850288,D,S,D,2024-08-27,1000000.00,3.757349,102.220703125
08:05:30,91282CLD1,TSRYS5850288,D,B,C,2024-08-27,1000000.00,3.757349,102.220703125
08:05:30,91282CLD1,TSRYS5850288,D,S,D,2024-08-27,1000000.00,3.757349,102.220703125
08:05:30,91282CLD1,TSRYS5850288,D,B,C,2024-08-27,1000000.00,3.757349,102.220703125
08:05:30,91282CLD1,TSRYS5850288,D,S,D,2024-08-27,1000000.00,3.757349,102.220703125
08:05:30,91282CLD1,TSRYS5850288,D,S,D,2024-08-27,1000000.00,3.757349,102.220703125
08:05:30,91282CLD1,TSRYS5850288,D,S,D,2024-08-27,1000000.00,3.757349,102.220703125
08:05:30,91282CLD1,TSRYS5850288,D,B,C,2024-08-27,1000000.00,3.757349,102.220703125
08:05:30,91282CLD1,TSRYS5850288,D,S,D,2024-08-27,1000000.00,3.757349,102.220703125
08:05:30,91282CLD1,TSRYS5850288,D,B,C,2024-08-27,1000000.00,3.757349,102.220703125
08:05:31,91282CLD1,TSRYS5850288,D,S,D,2024-08-27,1000000.00,3.757349,102.220703125
08:05:31,91282CLD1,TSRYS5850288,D,S,D,2024-08-27,1000000.00,3.757349,102.220703125
08:05:31,91282CLD1,TSRYS5850288,D,B,C,2024-08-27,1000000.00,3.757349,102.220703125
08:05:31,91282CLD1,TSRYS5850288,D,S,D,2024-08-27,1000000.00,3.757349,102.220703125
08:05:31,91282CLD1,TSRYS5850288,D,S,T,2024-08-27,3000000.00,3.751292,102.2578125
08:05:32,91282CLD1,TSRYS5850288,D,S,C,2024-08-27,1000000.00,3.755117,102.234375
08:05:32,91282CLD1,TSRYS5850288,D,B,C,2024-08-27,1000000.00,3.75416,102.240234375
08:05:32,91282CLD1,TSRYS5850288,D,S,D,2024-08-27,1000000.00,3.75416,102.240234375
08:05:32,91282CLD1,TSRYS5850288,D,S,D,2024-08-27,1000000.00,3.755117,102.234375
08:05:32,91282CLD1,TSRYS5850288,D,S,T,2024-08-27,1000000.00,3.751292,102.2578125
08:05:32,91282CLD1,TSRYS5850288,D,S,D,2024-08-27,1000000.00,3.755117,102.234375
08:05:36,91282CLD1,TSRYS5850288,D,B,C,2024-08-27,1000000.00,3.756392,102.2265625
08:05:36,91282CLD1,TSRYS5850288,D,S,D,2024-08-27,1000000.00,3.756392,102.2265625
08:05:36,91282CLD1,TSRYS5850288,D,B,C,2024-08-27,1000000.00,3.756392,102.2265625
08:05:36,91282CLD1,TSRYS5850288,D,S,D,2024-08-27,1000000.00,3.756392,102.2265625
08:05:38,91282CLD1,TSRYS5850288,D,S,C,2024-08-27,1000000.00,3.755754,102.23046875
08:05:38,91282CLD1,TSRYS5850288,D,S,C,2024-08-27,1000000.00,3.755754,102.23046875
08:05:39,91282CLD1,TSRYS5850288,D,S,A,2024-08-27,23000000.00,3.750589,102.26211875
08:05:39,91282CLD1,TSRYS5850288,D,S,D,2024-08-27,1000000.00,3.755117,102.234375
08:05:39,91282CLD1,TSRYS5850288,D,B,C,2024-08-27,1000000.00,3.755117,102.234375
08:05:39,91282CLD1,TSRYS5850288,D,S,D,2024-08-27,1000000.00,3.755117,102.234375
08:05:39,91282CLD1,TSRYS5850288,D,B,C,2024-08-27,1000000.00,3.755117,102.234375
08:05:39,91282CLD1,TSRYS5850288,D,S,D,2024-08-27,1000000.00,3.755117,102.234375
08:05:39,91282CLD1,TSRYS5850288,D,B,C,2024-08-27,1000000.00,3.753842,102.2421875
08:05:39,91282CLD1,TSRYS5850288,D,S,D,2024-08-27,1000000.00,3.753842,102.2421875
08:05:39,91282CLD1,TSRYS5850288,D,B,C,2024-08-27,1000000.00,3.753842,102.2421875
08:05:39,91282CLD1,TSRYS5850288,D,S,D,2024-08-27,1000000.00,3.753842,102.2421875
08:05:39,91282CLD1,TSRYS5850288,D,S,D,2024-08-27,2000000.00,3.753842,102.2421875
08:05:39,91282CLD1,TSRYS5850288,D,S,D,2024-08-27,1000000.00,3.753842,102.2421875
08:05:39,91282CLD1,TSRYS5850288,D,S,D,2024-08-27,1000000.00,3.753842,102.2421875
08:05:39,91282CLD1,TSRYS5850288,D,B,C,2024-08-27,1000000.00,3.753842,102.2420125
08:05:39,91282CLD1,TSRYS5850288,D,S,D,2024-08-27,1000000.00,3.753842,102.2421875
08:05:43,91282CLD1,TSRYS5850288,D,S,C,2024-08-27,1000000.00,3.755117,102.234375
08:05:43,91282CLD1,TSRYS5850288,D,B,C,2024-08-27,1000000.00,3.755117,102.234375
08:05:43,91282CLD1,TSRYS5850288,D,B,C,2024-08-27,1000000.00,3.752566,102.25
08:05:43,91282CLD1,TSRYS5850288,D,S,C,2024-08-27,1000000.00,3.752566,102.25
08:05:43,91282CLD1,TSRYS5850288,D,B,C,2024-08-27,1000000.00,3.752566,102.25
08:05:43,91282CLD1,TSRYS5850288,D,S,C,2024-08-27,1000000.00,3.752566,102.25
08:05:43,91282CLD1,TSRYS5850288,D,B,C,2024-08-27,1000000.00,3.752566,102.25
08:05:43,91282CLD1,TSRYS5850288,D,S,C,2024-08-27,1000000.00,3.752566,102.25
08:05:43,91282CLD1,TSRYS5850288,D,B,C,2024-08-27,1000000.00,3.752566,102.249825
08:05:43,91282CLD1,TSRYS5850288,D,S,C,2024-08-27,1000000.00,3.752566,102.25
08:05:43,91282CLD1,TSRYS5850288,D,S,C,2024-08-27,1000000.00,3.753842,102.2421875
08:05:43,91282CLD1,TSRYS5850288,D,S,C,2024-08-27,1000000.00,3.752566,102.25
08:05:43,91282CLD1,TSRYS5850288,D,B,C,2024-08-27,1000000.00,3.752566,102.25
08:05:43,91282CLD1,TSRYS5850288,D,S,C,2024-08-27,1000000.00,3.753204,102.24609375
08:05:43,91282CLD1,TSRYS5850288,D,B,C,2024-08-27,1000000.00,3.753204,102.24609375
08:05:44,91282CLD1,TSRYS5850288,D,S,C,2024-08-27,1000000.00,3.752885,102.248046875
08:05:44,91282CLD1,TSRYS5850288,D,S,C,2024-08-27,1000000.00,3.752885,102.248046875
08:05:44,91282CLD1,TSRYS5850288,D,S,C,2024-08-27,1000000.00,3.752885,102.248046875
08:05:44,91282CLD1,TSRYS5850288,D,B,C,2024-08-27,1000000.00,3.752885,102.248046875
08:05:44,91282CLD1,TSRYS5850288,D,S,D,2024-08-27,1000000.00,3.752885,102.248046875
08:05:44,91282CLD1,TSRYS5850288,D,B,C,2024-08-27,1000000.00,3.752885,102.248046875
08:05:44,91282CLD1,TSRYS5850288,D,B,C,2024-08-27,1000000.00,3.752885,102.248046875
08:05:44,91282CLD1,TSRYS5850288,D,S,D,2024-08-27,1000000.00,3.752885,102.248046875
08:05:44,91282CLD1,TSRYS5850288,D,S,D,2024-08-27,1000000.00,3.752885,102.248046875
08:05:44,91282CLD1,TSRYS5850288,D,S,D,2024-08-27,1000000.00,3.752885,102.248046875
08:05:44,91282CLD1,TSRYS5850288,D,B,C,2024-08-27,1000000.00,3.752885,102.248046875
08:05:44,91282CLD1,TSRYS5850288,D,S,D,2024-08-27,1000000.00,3.752885,102.248046875
08:05:44,91282CLD1,TSRYS5850288,D,S,D,2024-08-27,1000000.00,3.752885,102.248046875
08:05:44,91282CLD1,TSRYS5850288,D,S,C,2024-08-27,1000000.00,3.752885,102.248046875
08:05:44,91282CLD1,TSRYS5850288,D,S,D,2024-08-27,1000000.00,3.752885,102.248046875
08:05:44,91282CLD1,TSRYS5850288,D,S,D,2024-08-27,1000000.00,3.752885,102.248046875
08:05:44,91282CLD1,TSRYS5850288,D,S,D,2024-08-27,1000000.00,3.752885,102.248046875
08:05:44,91282CLD1,TSRYS5850288,D,S,D,2024-08-27,1000000.00,3.752885,102.248046875
08:05:44,91282CLD1,TSRYS5850288,D,B,C,2024-08-27,1000000.00,3.752885,102.248046875
08:05:44,91282CLD1,TSRYS5850288,D,S,D,2024-08-27,1000000.00,3.752885,102.248046875
08:05:44,91282CLD1,TSRYS5850288,D,S,D,2024-08-27,1000000.00,3.752885,102.248046875
08:05:44,91282CLD1,TSRYS5850288,D,B,C,2024-08-27,1000000.00,3.752566,102.25
08:05:44,91282CLD1,TSRYS5850288,D,S,D,2024-08-27,1000000.00,3.752566,102.25
08:05:44,91282CLD1,TSRYS5850288,D,S,D,2024-08-27,1000000.00,3.752566,102.25
08:05:44,91282CLD1,TSRYS5850288,D,S,D,2024-08-27,1000000.00,3.752566,102.25
08:05:44,91282CLD1,TSRYS5850288,D,B,C,2024-08-27,1000000.00,3.752885,102.248046875
08:05:44,91282CLD1,TSRYS5850288,D,S,D,2024-08-27,1000000.00,3.752885,102.248046875
08:05:44,91282CLD1,TSRYS5850288,D,S,D,2024-08-27,1000000.00,3.752566,102.25
08:05:44,91282CLD1,TSRYS5850288,D,S,D,2024-08-27,1000000.00,3.752885,102.248046875
08:05:44,91282CLD1,TSRYS5850288,D,S,D,2024-08-27,1000000.00,3.752885,102.248046875
08:05:44,91282CLD1,TSRYS5850288,D,S,C,2024-08-27,1000000.00,3.752885,102.248046875
08:05:44,91282CLD1,TSRYS5850288,D,S,C,2024-08-27,1000000.00,3.752885,102.248046875
08:05:45,91282CLD1,TSRYS5850288,D,S,C,2024-08-27,1000000.00,3.752885,102.248046875
08:05:45,91282CLD1,TSRYS5850288,D,S,D,2024-08-27,1000000.00,3.752566,102.25
08:05:45,91282CLD1,TSRYS5850288,D,S,D,2024-08-27,1000000.00,3.752566,102.25
08:05:45,91282CLD1,TSRYS5850288,D,S,D,2024-08-27,1000000.00,3.752566,102.25
08:05:45,91282CLD1,TSRYS5850288,D,S,D,2024-08-27,1000000.00,3.752566,102.25
08:05:45,91282CLD1,TSRYS5850288,D,S,D,2024-08-27,1000000.00,3.752566,102.25
08:05:45,91282CLD1,TSRYS5850288,D,S,D,2024-08-27,1000000.00,3.752566,102.25
08:05:45,91282CLD1,TSRYS5850288,D,S,D,2024-08-27,1000000.00,3.752566,102.25
08:05:45,91282CLD1,TSRYS5850288,D,S,D,2024-08-27,1000000.00,3.752566,102.25
08:05:46,91282CLD1,TSRYS5850288,D,S,C,2024-08-27,1000000.00,3.752248,102.251953125
08:05:46,91282CLD1,TSRYS5850288,D,B,C,2024-08-27,1000000.00,3.75161,102.255859375
08:05:46,91282CLD1,TSRYS5850288,D,S,C,2024-08-27,1000000.00,3.75161,102.255859375
08:05:47,91282CLD1,TSRYS5850288,D,S,D,2024-08-27,1000000.00,3.752566,102.25
08:05:48,91282CLD1,TSRYS5850288,D,S,D,2024-08-27,1000000.00,3.752566,102.25
08:05:48,91282CLD1,TSRYS5850288,D,S,D,2024-08-27,1000000.00,3.752566,102.25
08:05:48,91282CLD1,TSRYS5850288,D,S,D,2024-08-27,1000000.00,3.752566,102.25
08:05:48,91282CLD1,TSRYS5850288,D,S,D,2024-08-27,1000000.00,3.752566,102.25
08:05:52,91282CLD1,TSRYS5850288,D,S,D,2024-08-27,1000000.00,3.752566,102.25
08:05:52,91282CLD1,TSRYS5850288,D,S,D,2024-08-27,1000000.00,3.752566,102.25
08:05:52,91282CLD1,TSRYS5850288,D,S,D,2024-08-27,1000000.00,3.752885,102.248046875
08:05:52,91282CLD1,TSRYS5850288,D,S,D,2024-08-27,1000000.00,3.752566,102.25
08:05:52,91282CLD1,TSRYS5850288,D,S,D,2024-08-27,1000000.00,3.752566,102.25
08:05:52,91282CLD1,TSRYS5850288,D,S,D,2024-08-27,1000000.00,3.752566,102.25
08:05:52,91282CLD1,TSRYS5850288,D,S,D,2024-08-27,1000000.00,3.752566,102.25
08:05:52,91282CLD1,TSRYS5850288,D,B,C,2024-08-27,1000000.00,3.752566,102.25
08:05:52,91282CLD1,TSRYS5850288,D,S,D,2024-08-27,1000000.00,3.752566,102.25
08:05:52,91282CLD1,TSRYS5850288,D,B,C,2024-08-27,1000000.00,3.752566,102.25
08:05:52,91282CLD1,TSRYS5850288,D,S,D,2024-08-27,1000000.00,3.752566,102.25
08:05:52,91282CLD1,TSRYS5850288,D,S,D,2024-08-27,1000000.00,3.752566,102.25
08:05:53,91282CLD1,TSRYS5850288,D,S,D,2024-08-27,1000000.00,3.750017,102.265625
08:05:53,91282CLD1,TSRYS5850288,D,S,D,2024-08-27,1000000.00,3.748742,102.2734375
08:05:53,91282CLD1,TSRYS5850288,D,S,D,2024-08-27,1000000.00,3.748105,102.27734375
08:05:53,91282CLD1,TSRYS5850288,D,S,C,2024-08-27,1000000.00,3.748423,102.275390625
08:05:54,91282CLD1,TSRYS5850288,D,S,D,2024-08-27,1000000.00,3.748105,102.27734375
08:05:54,91282CLD1,TSRYS5850288,D,S,D,2024-08-27,1000000.00,3.748105,102.27734375
08:05:54,91282CLD1,TSRYS5850288,D,B,C,2024-08-27,1000000.00,3.749379,102.26953125
08:05:54,91282CLD1,TSRYS5850288,D,S,D,2024-08-27,1000000.00,3.749379,102.26953125
08:05:54,91282CLD1,TSRYS5850288,D,S,D,2024-08-27,1000000.00,3.750335,102.263671875
08:05:54,91282CLD1,TSRYS5850288,D,S,D,2024-08-27,1000000.00,3.750335,102.263671875
08:05:54,91282CLD1,TSRYS5850288,D,S,D,2024-08-27,1000000.00,3.750017,102.265625
08:05:55,91282CLD1,TSRYS5850288,D,S,D,2024-08-27,1000000.00,3.750017,102.265625
08:05:55,91282CLD1,TSRYS5850288,D,S,D,2024-08-27,2000000.00,3.750017,102.265625
08:05:56,91282CLD1,TSRYS5850288,D,S,D,2024-08-27,1000000.00,3.750335,102.263671875
08:05:56,91282CLD1,TSRYS5850288,D,S,D,2024-08-27,1000000.00,3.750654,102.26171875
08:05:57,91282CLD1,TSRYS5850288,D,B,C,2024-08-27,1000000.00,3.750335,102.263671875
08:05:57,91282CLD1,TSRYS5850288,D,S,D,2024-08-27,1000000.00,3.750335,102.263671875
08:05:57,91282CLD1,TSRYS5850288,D,S,D,2024-08-27,1000000.00,3.750017,102.265625
08:05:57,91282CLD1,TSRYS5850288,D,S,D,2024-08-27,1000000.00,3.750017,102.265625
08:05:57,91282CLD1,TSRYS5850288,D,S,D,2024-08-27,1000000.00,3.750017,102.265625
08:05:57,91282CLD1,TSRYS5850288,D,S,D,2024-08-27,1000000.00,3.750017,102.265625
08:05:58,91282CLD1,TSRYS5850288,D,S,D,2024-08-27,1000000.00,3.750335,102.263671875
08:05:58,91282CLD1,TSRYS5850288,D,B,C,2024-08-27,1000000.00,3.750335,102.263671875
08:05:58,91282CLD1,TSRYS5850288,D,S,D,2024-08-27,1000000.00,3.750335,102.263671875
08:05:58,91282CLD1,TSRYS5850288,D,B,C,2024-08-27,1000000.00,3.750335,102.263671875
08:05:58,91282CLD1,TSRYS5850288,D,S,D,2024-08-27,1000000.00,3.750335,102.263671875
08:05:58,91282CLD1,TSRYS5850288,D,S,D,2024-08-27,1000000.00,3.750335,102.263671875
08:05:59,91282CLD1,TSRYS5850288,D,S,D,2024-08-27,1000000.00,3.750335,102.263671875
08:05:59,91282CLD1,TSRYS5850288,D,S,D,2024-08-27,1000000.00,3.750335,102.263671875
08:05:59,91282CLD1,TSRYS5850288,D,B,C,2024-08-27,1000000.00,3.750335,102.263671875
08:05:59,91282CLD1,TSRYS5850288,D,B,C,2024-08-27,1000000.00,3.750335,102.263671875
08:05:59,91282CLD1,TSRYS5850288,D,S,D,2024-08-27,1000000.00,3.750335,102.263671875
08:05:59,91282CLD1,TSRYS5850288,D,S,D,2024-08-27,1000000.00,3.750654,102.26171875
08:05:59,91282CLD1,TSRYS5850288,D,S,D,2024-08-27,1000000.00,3.750335,102.263671875
08:05:59,91282CLD1,TSRYS5850288,D,S,D,2024-08-27,1000000.00,3.750335,102.263671875
08:05:59,91282CLD1,TSRYS5850288,D,S,D,2024-08-27,1000000.00,3.750973,102.259765625
08:05:59,91282CLD1,TSRYS5850288,D,S,D,2024-08-27,1000000.00,3.750973,102.259765625
08:05:59,91282CLD1,TSRYS5850288,D,S,D,2024-08-27,1000000.00,3.750973,102.259765625
08:05:59,91282CLD1,TSRYS5850288,D,S,D,2024-08-27,1000000.00,3.750973,102.259765625
08:06:00,91282CLD1,TSRYS5850288,D,S,D,2024-08-27,1000000.00,3.750335,102.263671875
08:06:00,91282CLD1,TSRYS5850288,D,S,D,2024-08-27,1000000.00,3.750335,102.263671875
08:06:00,91282CLD1,TSRYS5850288,D,S,D,2024-08-27,1000000.00,3.750335,102.263671875
08:06:00,91282CLD1,TSRYS5850288,D,B,C,2024-08-27,1000000.00,3.750335,102.263671875
08:06:00,91282CLD1,TSRYS5850288,D,S,D,2024-08-27,1000000.00,3.750335,102.263671875
08:06:00,91282CLD1,TSRYS5850288,D,S,D,2024-08-27,1000000.00,3.750335,102.263671875
08:06:00,91282CLD1,TSRYS5850288,D,S,C,2024-08-27,1000000.00,3.750973,102.259765625
08:06:00,91282CLD1,TSRYS5850288,D,S,C,2024-08-27,1000000.00,3.750973,102.259765625
08:06:00,91282CLD1,TSRYS5850288,D,S,C,2024-08-27,1000000.00,3.750973,102.259765625
08:06:00,91282CLD1,TSRYS5850288,D,S,D,2024-08-27,1000000.00,3.750973,102.259765625
08:06:00,91282CLD1,TSRYS5850288,D,S,D,2024-08-27,1000000.00,3.750973,102.259765625
08:06:01,91282CLD1,TSRYS5850288,D,S,D,2024-08-27,1000000.00,3.750973,102.259765625
08:06:01,91282CLD1,TSRYS5850288,D,S,D,2024-08-27,1000000.00,3.750973,102.259765625
08:06:01,91282CLD1,TSRYS5850288,D,S,D,2024-08-27,1000000.00,3.751292,102.2578125
08:06:01,91282CLD1,TSRYS5850288,D,S,D,2024-08-27,1000000.00,3.751292,102.2578125
08:06:04,91282CLD1,TSRYS5850288,D,S,A,2024-08-27,120000.00,3.753204,102.24609375
08:06:04,91282CLD1,TSRYS5850288,D,B,A,2024-08-27,420000.00,3.756392,102.2265625
08:06:06,91282CLD1,TSRYS5850288,D,S,D,2024-08-27,1000000.00,3.751292,102.2578125
08:06:06,91282CLD1,TSRYS5850288,D,S,D,2024-08-27,1000000.00,3.751292,102.2578125
08:06:07,91282CLD1,TSRYS5850288,D,S,C,2024-08-27,1000000.00,3.751292,102.2578125
08:06:07,91282CLD1,TSRYS5850288,D,S,C,2024-08-27,1000000.00,3.751292,102.2578125
08:06:07,91282CLD1,TSRYS5850288,D,S,C,2024-08-27,1000000.00,3.751292,102.2578125
08:06:07,91282CLD1,TSRYS5850288,D,S,C,2024-08-27,1000000.00,3.751292,102.2578125
08:06:07,91282CLD1,TSRYS5850288,D,S,D,2024-08-27,1000000.00,3.750973,102.259765625
08:06:07,91282CLD1,TSRYS5850288,D,S,D,2024-08-27,1000000.00,3.751292,102.2578125
08:06:07,91282CLD1,TSRYS5850288,D,S,T,2024-08-27,1000000.00,3.756392,102.2265625
08:06:07,91282CLD1,TSRYS5850288,D,S,T,2024-08-27,1000000.00,3.75703,102.22265625
08:06:07,91282CLD1,TSRYS5850288,D,S,D,2024-08-27,1000000.00,3.751292,102.2578125
08:06:07,91282CLD1,TSRYS5850288,D,S,D,2024-08-27,1000000.00,3.751292,102.2578125
08:06:08,91282CLD1,TSRYS5850288,D,S,T,2024-08-27,1000000.00,3.756711,102.224609375
08:06:08,91282CLD1,TSRYS5850288,D,S,D,2024-08-27,2000000.00,3.751292,102.2578125
08:06:09,91282CLD1,TSRYS5850288,D,S,D,2024-08-27,1000000.00,3.75161,102.255859375
08:06:09,91282CLD1,TSRYS5850288,D,S,D,2024-08-27,2000000.00,3.751292,102.2578125
08:06:10,91282CLD1,TSRYS5850288,D,S,D,2024-08-27,1000000.00,3.751292,102.2578125
08:06:10,91282CLD1,TSRYS5850288,D,S,C,2024-08-27,1000000.00,3.751292,102.2578125
08:06:10,91282CLD1,TSRYS5850288,D,S,D,2024-08-27,1000000.00,3.750335,102.263671875
08:06:11,91282CLD1,TSRYS5850288,D,S,D,2024-08-27,1000000.00,3.750335,102.263671875
08:06:11,91282CLD1,TSRYS5850288,D,S,D,2024-08-27,1000000.00,3.750335,102.263671875
08:06:14,91282CLD1,TSRYS5850288,D,S,D,2024-08-27,1000000.00,3.750017,102.265625
08:06:14,91282CLD1,TSRYS5850288,D,S,D,2024-08-27,1000000.00,3.750017,102.265625
08:06:14,91282CLD1,TSRYS5850288,D,S,C,2024-08-27,1000000.00,3.750017,102.265625
08:06:14,91282CLD1,TSRYS5850288,D,S,D,2024-08-27,1000000.00,3.750017,102.265625
08:06:14,91282CLD1,TSRYS5850288,D,S,D,2024-08-27,1000000.00,3.750017,102.265625
08:06:14,91282CLD1,TSRYS5850288,D,S,D,2024-08-27,3000000.00,3.750017,102.265625
08:06:14,91282CLD1,TSRYS5850288,D,S,C,2024-08-27,3000000.00,3.750017,102.265625
08:06:15,91282CLD1,TSRYS5850288,D,S,C,2024-08-27,2000000.00,3.750017,102.265625
08:06:15,91282CLD1,TSRYS5850288,D,S,D,2024-08-27,1000000.00,3.750335,102.263671875
08:06:15,91282CLD1,TSRYS5850288,D,S,D,2024-08-27,1000000.00,3.750335,102.263671875
08:06:15,91282CLD1,TSRYS5850288,D,B,C,2024-08-27,1000000.00,3.750335,102.263671875
08:06:15,91282CLD1,TSRYS5850288,D,S,D,2024-08-27,1000000.00,3.750335,102.263671875
08:06:15,91282CLD1,TSRYS5850288,D,B,C,2024-08-27,1000000.00,3.750335,102.263671875
08:06:15,91282CLD1,TSRYS5850288,D,S,D,2024-08-27,1000000.00,3.750335,102.263671875
08:06:15,91282CLD1,TSRYS5850288,D,S,D,2024-08-27,1000000.00,3.751292,102.2578125
08:06:15,91282CLD1,TSRYS5850288,D,S,D,2024-08-27,2000000.00,3.751292,102.2578125
08:06:15,91282CLD1,TSRYS5850288,D,S,D,2024-08-27,1000000.00,3.751292,102.2578125
08:06:15,91282CLD1,TSRYS5850288,D,S,D,2024-08-27,2000000.00,3.751292,102.2578125
08:06:15,91282CLD1,TSRYS5850288,D,S,D,2024-08-27,3000000.00,3.751292,102.2578125
08:06:15,91282CLD1,TSRYS5850288,D,S,C,2024-08-27,1000000.00,3.751292,102.2578125
08:06:15,91282CLD1,TSRYS5850288,D,S,D,2024-08-27,2000000.00,3.751292,102.2578125
08:06:15,91282CLD1,TSRYS5850288,D,S,C,2024-08-27,1000000.00,3.751292,102.2578125
08:06:15,91282CLD1,TSRYS5850288,D,S,D,2024-08-27,3000000.00,3.751292,102.2578125
08:06:15,91282CLD1,TSRYS5850288,D,S,D,2024-08-27,1000000.00,3.751292,102.2578125
08:06:44,91282CLD1,TSRYS5850288,D,S,T,2024-08-27,1000000.00,3.751308,102.2577125
08:06:44,91282CLD1,TSRYS5850288,D,S,T,2024-08-27,1000000.00,3.751308,102.2577125
08:06:44,91282CLD1,TSRYS5850288,D,S,T,2024-08-27,1000000.00,3.751308,102.2577125
08:06:49,91282CLD1,TSRYS5850288,D,S,D,2024-08-27,1000000.00,3.751292,102.2578125
08:06:49,91282CLD1,TSRYS5850288,D,S,D,2024-08-27,2000000.00,3.751292,102.2578125
08:06:49,91282CLD1,TSRYS5850288,D,S,D,2024-08-27,1000000.00,3.751292,102.2578125
08:06:49,91282CLD1,TSRYS5850288,D,S,D,2024-08-27,2000000.00,3.751292,102.2578125
08:06:49,91282CLD1,TSRYS5850288,D,S,D,2024-08-27,1000000.00,3.751292,102.2578125
08:06:57,91282CLD1,TSRYS5850288,D,S,C,2024-08-27,1000000.00,3.751292,102.2578125
08:06:57,91282CLD1,TSRYS5850288,D,S,C,2024-08-27,1000000.00,3.751292,102.2578125
08:07:03,91282CLD1,TSRYS5850288,D,S,T,2024-08-27,1000000.00,3.751292,102.2578125
08:07:06,91282CLD1,TSRYS5850288,D,S,T,2024-08-27,1000000.00,3.751292,102.2578125
08:07:06,91282CLD1,TSRYS5850288,D,S,T,2024-08-27,2000000.00,3.751292,102.2578125
08:07:06,91282CLD1,TSRYS5850288,D,S,T,2024-08-27,1000000.00,3.751292,102.2578125
08:07:06,91282CLD1,TSRYS5850288,D,S,T,2024-08-27,2000000.00,3.751292,102.2578125
08:07:06,91282CLD1,TSRYS5850288,D,S,T,2024-08-27,1000000.00,3.751292,102.2578125
08:07:18,91282CLD1,TSRYS5850288,D,S,A,2024-08-27,159000.00,3.715639,102.4765625
08:07:18,91282CLD1,TSRYS5850288,D,S,T,2024-08-27,1000000.00,3.751308,102.2577125
08:07:19,91282CLD1,TSRYS5850288,D,S,T,2024-08-27,1000000.00,3.751292,102.2578125
08:07:21,91282CLD1,TSRYS5850288,D,S,T,2024-08-27,1000000.00,3.751292,102.2578125
08:07:21,91282CLD1,TSRYS5850288,D,S,T,2024-08-27,1000000.00,3.751292,102.2578125
08:07:22,91282CLD1,TSRYS5850288,D,S,D,2024-08-27,1000000.00,3.715003,102.48046875
08:07:22,91282CLD1,TSRYS5850288,D,B,C,2024-08-27,1000000.00,3.715003,102.48046875
08:07:22,91282CLD1,TSRYS5850288,D,S,D,2024-08-27,1000000.00,3.715003,102.48046875
08:07:22,91282CLD1,TSRYS5850288,D,B,C,2024-08-27,1000000.00,3.715003,102.48046875
08:07:22,91282CLD1,TSRYS5850288,D,S,D,2024-08-27,1000000.00,3.714685,102.482421875
08:07:22,91282CLD1,TSRYS5850288,D,B,C,2024-08-27,1000000.00,3.714685,102.482421875
08:07:22,91282CLD1,TSRYS5850288,D,S,C,2024-08-27,1000000.00,3.714367,102.484375
08:07:22,91282CLD1,TSRYS5850288,D,S,D,2024-08-27,1000000.00,3.714685,102.482421875
08:07:23,91282CLD1,TSRYS5850288,D,B,C,2024-08-27,1000000.00,3.714685,102.482421875
08:07:23,91282CLD1,TSRYS5850288,D,B,C,2024-08-27,1000000.00,3.712142,102.498046875
08:07:23,91282CLD1,TSRYS5850288,D,S,C,2024-08-27,1000000.00,3.712142,102.498046875
08:07:23,91282CLD1,TSRYS5850288,D,S,D,2024-08-27,1000000.00,3.71246,102.49609375
08:07:23,91282CLD1,TSRYS5850288,D,B,C,2024-08-27,1000000.00,3.71246,102.49609375
08:07:23,91282CLD1,TSRYS5850288,D,S,C,2024-08-27,1000000.00,3.711189,102.50390625
08:07:23,91282CLD1,TSRYS5850288,D,S,C,2024-08-27,1000000.00,3.716911,102.46875
08:07:23,91282CLD1,TSRYS5850288,D,S,D,2024-08-27,1000000.00,3.751292,102.2578125
08:07:26,91282CLD1,TSRYS5850288,D,S,D,2024-08-27,1000000.00,3.720091,102.44921875
08:07:26,91282CLD1,TSRYS5850288,D,B,C,2024-08-27,1000000.00,3.720091,102.44921875
08:07:28,91282CLD1,TSRYS5850288,D,S,C,2024-08-27,1000000.00,3.720409,102.447265625
08:07:28,91282CLD1,TSRYS5850288,D,S,C,2024-08-27,1000000.00,3.720409,102.447265625
08:07:28,91282CLD1,TSRYS5850288,D,S,C,2024-08-27,1000000.00,3.718501,102.458984375
08:07:28,91282CLD1,TSRYS5850288,D,S,C,2024-08-27,1000000.00,3.717547,102.46484375
08:07:28,91282CLD1,TSRYS5850288,D,B,C,2024-08-27,1000000.00,3.7144,102.484175
08:07:28,91282CLD1,TSRYS5850288,D,S,C,2024-08-27,1000000.00,3.714367,102.484375
08:07:29,91282CLD1,TSRYS5850288,D,S,C,2024-08-27,1000000.00,3.717547,102.46484375
08:07:29,91282CLD1,TSRYS5850288,D,S,C,2024-08-27,1000000.00,3.717547,102.46484375
08:07:29,91282CLD1,TSRYS5850288,D,B,C,2024-08-27,1000000.00,3.716625,102.470503125
08:07:29,91282CLD1,TSRYS5850288,D,S,D,2024-08-27,1000000.00,3.716593,102.470703125
08:07:30,91282CLD1,TSRYS5850288,D,S,C,2024-08-27,1000000.00,3.718819,102.45703125
08:07:31,91282CLD1,TSRYS5850288,D,S,C,2024-08-27,1000000.00,3.722635,102.43359375
08:07:31,91282CLD1,TSRYS5850288,D,S,D,2024-08-27,1000000.00,3.721999,102.4375
08:07:31,91282CLD1,TSRYS5850288,D,B,C,2024-08-27,1000000.00,3.721999,102.4375
08:07:31,91282CLD1,TSRYS5850288,D,S,D,2024-08-27,1000000.00,3.721999,102.4375
08:07:31,91282CLD1,TSRYS5850288,D,B,C,2024-08-27,1000000.00,3.721999,102.4375
08:07:32,91282CLD1,TSRYS5850288,D,S,C,2024-08-27,1000000.00,3.722317,102.435546875
08:07:32,91282CLD1,TSRYS5850288,D,B,C,2024-08-27,1000000.00,3.720123,102.44901875
08:07:32,91282CLD1,TSRYS5850288,D,S,C,2024-08-27,1000000.00,3.720091,102.44921875
08:07:32,91282CLD1,TSRYS5850288,D,S,C,2024-08-27,1000000.00,3.719773,102.451171875
08:07:32,91282CLD1,TSRYS5850288,D,S,D,2024-08-27,1000000.00,3.726135,102.412109375
08:07:32,91282CLD1,TSRYS5850288,D,S,D,2024-08-27,1000000.00,3.727089,102.40625
08:07:33,91282CLD1,TSRYS5850288,D,S,D,2024-08-27,1000000.00,3.727089,102.40625
08:07:33,91282CLD1,TSRYS5850288,D,S,C,2024-08-27,2000000.00,3.726771,102.408203125
08:07:33,91282CLD1,TSRYS5850288,D,S,C,2024-08-27,1000000.00,3.726771,102.408203125
08:07:33,91282CLD1,TSRYS5850288,D,S,D,2024-08-27,1000000.00,3.727725,102.40234375
08:07:34,91282CLD1,TSRYS5850288,D,S,C,2024-08-27,1000000.00,3.727089,102.40625
08:07:34,91282CLD1,TSRYS5850288,D,S,C,2024-08-27,1000000.00,3.728998,102.39453125
08:07:34,91282CLD1,TSRYS5850288,D,S,C,2024-08-27,1000000.00,3.72868,102.396484375
08:07:34,91282CLD1,TSRYS5850288,D,B,C,2024-08-27,1000000.00,3.728362,102.3984375
08:07:34,91282CLD1,TSRYS5850288,D,S,C,2024-08-27,1000000.00,3.728362,102.3984375
08:07:34,91282CLD1,TSRYS5850288,D,S,C,2024-08-27,1000000.00,3.728362,102.3984375
08:07:35,91282CLD1,TSRYS5850288,D,S,D,2024-08-27,1000000.00,3.730908,102.3828125
08:07:35,91282CLD1,TSRYS5850288,D,S,D,2024-08-27,1000000.00,3.730908,102.3828125
08:07:35,91282CLD1,TSRYS5850288,D,S,D,2024-08-27,1000000.00,3.730908,102.3828125
08:07:35,91282CLD1,TSRYS5850288,D,S,D,2024-08-27,1000000.00,3.730908,102.3828125
08:07:35,91282CLD1,TSRYS5850288,D,S,D,2024-08-27,1000000.00,3.730908,102.3828125
08:07:35,91282CLD1,TSRYS5850288,D,S,D,2024-08-27,1000000.00,3.730908,102.3828125
08:07:35,91282CLD1,TSRYS5850288,D,S,D,2024-08-27,1000000.00,3.730908,102.3828125
08:07:35,91282CLD1,TSRYS5850288,D,S,D,2024-08-27,1000000.00,3.730908,102.3828125
08:07:35,91282CLD1,TSRYS5850288,D,S,C,2024-08-27,1000000.00,3.731544,102.37890625
08:07:37,91282CLD1,TSRYS5850288,D,S,C,2024-08-27,1000000.00,3.728998,102.39453125
08:07:40,91282CLD1,TSRYS5850288,D,S,T,2024-08-27,1000000.00,3.751292,102.2578125
08:07:40,91282CLD1,TSRYS5850288,D,S,T,2024-08-27,1000000.00,3.751292,102.2578125
08:07:40,91282CLD1,TSRYS5850288,D,S,T,2024-08-27,1000000.00,3.751292,102.2578125
08:07:40,91282CLD1,TSRYS5850288,D,S,T,2024-08-27,1000000.00,3.751292,102.2578125
08:07:40,91282CLD1,TSRYS5850288,D,S,C,2024-08-27,1000000.00,3.735046,102.357421875
08:07:42,91282CLD1,TSRYS5850288,D,S,C,2024-08-27,1000000.00,3.731544,102.37890625
08:07:42,91282CLD1,TSRYS5850288,D,S,C,2024-08-27,1000000.00,3.731226,102.380859375
08:07:43,91282CLD1,TSRYS5850288,D,S,D,2024-08-27,1000000.00,3.734409,102.361328125
08:07:43,91282CLD1,TSRYS5850288,D,S,D,2024-08-27,1000000.00,3.734409,102.361328125
08:07:43,91282CLD1,TSRYS5850288,D,S,C,2024-08-27,1000000.00,3.735364,102.35546875
08:07:43,91282CLD1,TSRYS5850288,D,S,C,2024-08-27,1000000.00,3.735364,102.35546875
08:07:43,91282CLD1,TSRYS5850288,D,S,C,2024-08-27,1000000.00,3.735364,102.35546875
08:07:44,91282CLD1,TSRYS5850288,D,S,C,2024-08-27,1000000.00,3.734728,102.359375
08:07:44,91282CLD1,TSRYS5850288,D,S,C,2024-08-27,1000000.00,3.734409,102.361328125
08:07:44,91282CLD1,TSRYS5850288,D,S,C,2024-08-27,1000000.00,3.731863,102.376953125
08:07:45,91282CLD1,TSRYS5850288,D,S,C,2024-08-27,1000000.00,3.732181,102.375
08:07:45,91282CLD1,TSRYS5850288,D,B,C,2024-08-27,1000000.00,3.731242,102.380759375
08:07:45,91282CLD1,TSRYS5850288,D,S,C,2024-08-27,2000000.00,3.731226,102.380859375
08:07:45,91282CLD1,TSRYS5850288,D,S,C,2024-08-27,1000000.00,3.730908,102.3828125
08:07:45,91282CLD1,TSRYS5850288,D,S,C,2024-08-27,1000000.00,3.730908,102.3828125
08:07:45,91282CLD1,TSRYS5850288,D,B,C,2024-08-27,1000000.00,3.729015,102.39443125
08:07:45,91282CLD1,TSRYS5850288,D,S,D,2024-08-27,1000000.00,3.728998,102.39453125
08:07:45,91282CLD1,TSRYS5850288,D,B,C,2024-08-27,1000000.00,3.729015,102.39443125
08:07:45,91282CLD1,TSRYS5850288,D,S,D,2024-08-27,1000000.00,3.728998,102.39453125
08:07:45,91282CLD1,TSRYS5850288,D,B,C,2024-08-27,1000000.00,3.729015,102.39443125
08:07:45,91282CLD1,TSRYS5850288,D,S,D,2024-08-27,1000000.00,3.728998,102.39453125
08:07:45,91282CLD1,TSRYS5850288,D,B,C,2024-08-27,1000000.00,3.729015,102.39443125
08:07:45,91282CLD1,TSRYS5850288,D,S,D,2024-08-27,1000000.00,3.728998,102.39453125
08:07:46,91282CLD1,TSRYS5850288,D,B,C,2024-08-27,1000000.00,3.729015,102.39443125
08:07:46,91282CLD1,TSRYS5850288,D,S,D,2024-08-27,1000000.00,3.728998,102.39453125
08:07:46,91282CLD1,TSRYS5850288,D,B,C,2024-08-27,1000000.00,3.726469,102.41005625
08:07:46,91282CLD1,TSRYS5850288,D,S,C,2024-08-27,2000000.00,3.726453,102.41015625
08:07:46,91282CLD1,TSRYS5850288,D,B,C,2024-08-27,1000000.00,3.726469,102.41005625
08:07:46,91282CLD1,TSRYS5850288,D,S,C,2024-08-27,2000000.00,3.726453,102.41015625
08:07:46,91282CLD1,TSRYS5850288,D,S,C,2024-08-27,1000000.00,3.726771,102.408203125
08:07:46,91282CLD1,TSRYS5850288,D,B,C,2024-08-27,1000000.00,3.726469,102.41005625
08:07:46,91282CLD1,TSRYS5850288,D,S,C,2024-08-27,2000000.00,3.726453,102.41015625
08:07:46,91282CLD1,TSRYS5850288,D,S,D,2024-08-27,1000000.00,3.726453,102.41015625
08:07:46,91282CLD1,TSRYS5850288,D,S,D,2024-08-27,1000000.00,3.726771,102.408203125
08:07:46,91282CLD1,TSRYS5850288,D,B,C,2024-08-27,1000000.00,3.726469,102.41005625
08:07:46,91282CLD1,TSRYS5850288,D,S,C,2024-08-27,2000000.00,3.726453,102.41015625
08:07:46,91282CLD1,TSRYS5850288,D,S,C,2024-08-27,1000000.00,3.726453,102.41015625
08:07:46,91282CLD1,TSRYS5850288,D,S,C,2024-08-27,1000000.00,3.726453,102.41015625
08:07:46,91282CLD1,TSRYS5850288,D,S,C,2024-08-27,1000000.00,3.726453,102.41015625
08:07:46,91282CLD1,TSRYS5850288,D,S,C,2024-08-27,2000000.00,3.727089,102.40625
08:07:46,91282CLD1,TSRYS5850288,D,S,C,2024-08-27,1000000.00,3.726453,102.41015625
08:07:47,91282CLD1,TSRYS5850288,D,S,D,2024-08-27,1000000.00,3.726135,102.412109375
08:07:47,91282CLD1,TSRYS5850288,D,B,C,2024-08-27,1000000.00,3.726135,102.412109375
08:07:47,91282CLD1,TSRYS5850288,D,S,C,2024-08-27,1000000.00,3.727089,102.40625
08:07:47,91282CLD1,TSRYS5850288,D,B,C,2024-08-27,1000000.00,3.727122,102.40605
08:07:47,91282CLD1,TSRYS5850288,D,S,D,2024-08-27,1000000.00,3.726453,102.41015625
08:07:47,91282CLD1,TSRYS5850288,D,S,C,2024-08-27,1000000.00,3.726453,102.41015625
08:07:47,91282CLD1,TSRYS5850288,D,S,D,2024-08-27,1000000.00,3.726453,102.41015625
08:07:47,91282CLD1,TSRYS5850288,D,S,C,2024-08-27,1000000.00,3.726453,102.41015625
08:07:47,91282CLD1,TSRYS5850288,D,S,D,2024-08-27,1000000.00,3.726453,102.41015625
08:07:47,91282CLD1,TSRYS5850288,D,S,D,2024-08-27,1000000.00,3.726453,102.41015625
08:07:47,91282CLD1,TSRYS5850288,D,S,D,2024-08-27,1000000.00,3.726453,102.41015625
08:07:48,91282CLD1,TSRYS5850288,D,S,C,2024-08-27,1000000.00,3.728362,102.3984375
08:07:48,91282CLD1,TSRYS5850288,D,S,C,2024-08-27,1000000.00,3.728998,102.39453125
08:07:49,91282CLD1,TSRYS5850288,D,B,C,2024-08-27,1000000.00,3.726135,102.412109375
08:07:49,91282CLD1,TSRYS5850288,D,S,D,2024-08-27,1000000.00,3.726135,102.412109375
08:07:49,91282CLD1,TSRYS5850288,D,S,D,2024-08-27,1000000.00,3.72518,102.41796875
08:07:49,91282CLD1,TSRYS5850288,D,S,D,2024-08-27,1000000.00,3.726453,102.41015625
08:07:49,91282CLD1,TSRYS5850288,D,S,C,2024-08-27,1000000.00,3.726453,102.41015625
08:07:50,91282CLD1,TSRYS5850288,D,S,D,2024-08-27,1000000.00,3.727089,102.40625
08:07:50,91282CLD1,TSRYS5850288,D,S,T,2024-08-27,1000000.00,3.751292,102.2578125
08:07:50,91282CLD1,TSRYS5850288,D,B,C,2024-08-27,1000000.00,3.72868,102.396484375
08:07:50,91282CLD1,TSRYS5850288,D,S,D,2024-08-27,1000000.00,3.72868,102.396484375
08:07:51,91282CLD1,TSRYS5850288,D,S,C,2024-08-27,1000000.00,3.728044,102.400390625
08:07:51,91282CLD1,TSRYS5850288,D,S,D,2024-08-27,1000000.00,3.73059,102.384765625
08:07:53,91282CLD1,TSRYS5850288,D,S,C,2024-08-27,1000000.00,3.728998,102.39453125
08:07:55,91282CLD1,TSRYS5850288,D,S,D,2024-08-27,2000000.00,3.730908,102.3828125
08:07:56,91282CLD1,TSRYS5850288,D,S,D,2024-08-27,2000000.00,3.730271,102.38671875
08:07:56,91282CLD1,TSRYS5850288,D,S,D,2024-08-27,2000000.00,3.730271,102.38671875
08:07:56,91282CLD1,TSRYS5850288,D,S,D,2024-08-27,2000000.00,3.730271,102.38671875
08:07:57,91282CLD1,TSRYS5850288,D,S,C,2024-08-27,1000000.00,3.730239,102.38691875
08:07:57,91282CLD1,TSRYS5850288,D,S,D,2024-08-27,1000000.00,3.730271,102.38671875
08:07:57,91282CLD1,TSRYS5850288,D,S,D,2024-08-27,1000000.00,3.730271,102.38671875
08:07:57,91282CLD1,TSRYS5850288,D,S,C,2024-08-27,1000000.00,3.730271,102.38671875
08:07:57,91282CLD1,TSRYS5850288,D,S,C,2024-08-27,1000000.00,3.730271,102.38671875
08:07:57,91282CLD1,TSRYS5850288,D,S,C,2024-08-27,1000000.00,3.730271,102.38671875
08:07:59,91282CLD1,TSRYS5850288,D,S,D,2024-08-27,2000000.00,3.726135,102.412109375
08:07:59,91282CLD1,TSRYS5850288,D,B,C,2024-08-27,1000000.00,3.726151,102.412009375
08:07:59,91282CLD1,TSRYS5850288,D,S,D,2024-08-27,1000000.00,3.726135,102.412109375
08:07:59,91282CLD1,TSRYS5850288,D,S,C,2024-08-27,1000000.00,3.727407,102.404296875
08:07:59,91282CLD1,TSRYS5850288,D,S,C,2024-08-27,1000000.00,3.727407,102.404296875
08:08:00,91282CLD1,TSRYS5850288,D,S,T,2024-08-27,2000000.00,3.752566,102.25
08:08:00,91282CLD1,TSRYS5850288,D,S,T,2024-08-27,1000000.00,3.752566,102.25
08:08:00,91282CLD1,TSRYS5850288,D,S,C,2024-08-27,1000000.00,3.727725,102.40234375
08:08:00,91282CLD1,TSRYS5850288,D,S,T,2024-08-27,3000000.00,3.752566,102.25
08:08:00,91282CLD1,TSRYS5850288,D,S,T,2024-08-27,1000000.00,3.752566,102.25
08:08:00,91282CLD1,TSRYS5850288,D,S,T,2024-08-27,2000000.00,3.752566,102.25
08:08:00,91282CLD1,TSRYS5850288,D,S,T,2024-08-27,1000000.00,3.752566,102.25
08:08:00,91282CLD1,TSRYS5850288,D,S,T,2024-08-27,3000000.00,3.752566,102.25
08:08:00,91282CLD1,TSRYS5850288,D,S,T,2024-08-27,1000000.00,3.752566,102.25
08:08:00,91282CLD1,TSRYS5850288,D,S,T,2024-08-27,3000000.00,3.752566,102.25
08:08:00,91282CLD1,TSRYS5850288,D,S,T,2024-08-27,2000000.00,3.752566,102.25
08:08:00,91282CLD1,TSRYS5850288,D,S,T,2024-08-27,2000000.00,3.752566,102.25
08:08:00,91282CLD1,TSRYS5850288,D,S,T,2024-08-27,1000000.00,3.752566,102.25
08:08:00,91282CLD1,TSRYS5850288,D,S,T,2024-08-27,1000000.00,3.752566,102.25
08:08:00,91282CLD1,TSRYS5850288,D,S,D,2024-08-27,1000000.00,3.752885,102.248046875
08:08:00,91282CLD1,TSRYS5850288,D,S,T,2024-08-27,1000000.00,3.752566,102.25
08:08:01,91282CLD1,TSRYS5850288,D,S,T,2024-08-27,1000000.00,3.752566,102.25
08:08:01,91282CLD1,TSRYS5850288,D,S,T,2024-08-27,1000000.00,3.752566,102.25
08:08:01,91282CLD1,TSRYS5850288,D,S,T,2024-08-27,1000000.00,3.752566,102.25
08:08:01,91282CLD1,TSRYS5850288,D,S,T,2024-08-27,2000000.00,3.752566,102.25
08:08:01,91282CLD1,TSRYS5850288,D,S,T,2024-08-27,1000000.00,3.752566,102.25
08:08:01,91282CLD1,TSRYS5850288,D,S,T,2024-08-27,1000000.00,3.752248,102.251953125
08:08:01,91282CLD1,TSRYS5850288,D,B,C,2024-08-27,1000000.00,3.752566,102.25
08:08:01,91282CLD1,TSRYS5850288,D,S,D,2024-08-27,1000000.00,3.752885,102.248046875
08:08:01,91282CLD1,TSRYS5850288,D,S,D,2024-08-27,1000000.00,3.752566,102.25
08:08:01,91282CLD1,TSRYS5850288,D,B,C,2024-08-27,1000000.00,3.752885,102.248046875
08:08:02,91282CLD1,TSRYS5850288,D,S,T,2024-08-27,1000000.00,3.752566,102.25
08:08:02,91282CLD1,TSRYS5850288,D,S,C,2024-08-27,1000000.00,3.732818,102.37109375
08:08:02,91282CLD1,TSRYS5850288,D,S,T,2024-08-27,1000000.00,3.752566,102.25
08:08:02,91282CLD1,TSRYS5850288,D,S,D,2024-08-27,1000000.00,3.752885,102.248046875
08:08:02,91282CLD1,TSRYS5850288,D,S,D,2024-08-27,1000000.00,3.752566,102.25
08:08:02,91282CLD1,TSRYS5850288,D,S,D,2024-08-27,1000000.00,3.752885,102.248046875
08:08:03,91282CLD1,TSRYS5850288,D,S,T,2024-08-27,1000000.00,3.752248,102.251953125
08:08:03,91282CLD1,TSRYS5850288,D,S,D,2024-08-27,1000000.00,3.730908,102.3828125
08:08:03,91282CLD1,TSRYS5850288,D,B,C,2024-08-27,1000000.00,3.730908,102.3828125
08:08:03,91282CLD1,TSRYS5850288,D,S,D,2024-08-27,1000000.00,3.730908,102.3828125
08:08:04,91282CLD1,TSRYS5850288,D,S,T,2024-08-27,1000000.00,3.752566,102.25
08:08:04,91282CLD1,TSRYS5850288,D,S,D,2024-08-27,2000000.00,3.72868,102.396484375
08:08:04,91282CLD1,TSRYS5850288,D,S,D,2024-08-27,1000000.00,3.728998,102.39453125
08:08:04,91282CLD1,TSRYS5850288,D,S,C,2024-08-27,1000000.00,3.752885,102.248046875
08:08:04,91282CLD1,TSRYS5850288,D,S,D,2024-08-27,1000000.00,3.729317,102.392578125
08:08:04,91282CLD1,TSRYS5850288,D,S,T,2024-08-27,1000000.00,3.752566,102.25
08:08:04,91282CLD1,TSRYS5850288,D,S,D,2024-08-27,1000000.00,3.752566,102.25
08:08:04,91282CLD1,TSRYS5850288,D,B,C,2024-08-27,1000000.00,3.752566,102.25
08:08:05,91282CLD1,TSRYS5850288,D,S,T,2024-08-27,1000000.00,3.752566,102.25
08:08:05,91282CLD1,TSRYS5850288,D,S,A,2024-08-27,3000000.00,3.752566,102.25
08:08:05,91282CLD1,TSRYS5850288,D,S,C,2024-08-27,1000000.00,3.752885,102.248046875
08:08:05,91282CLD1,TSRYS5850288,D,S,A,2024-08-27,3000000.00,3.751929,102.25390625
08:08:05,91282CLD1,TSRYS5850288,D,S,D,2024-08-27,1000000.00,3.752566,102.25
08:08:05,91282CLD1,TSRYS5850288,D,S,A,2024-08-27,3000000.00,3.752566,102.25
08:08:06,91282CLD1,TSRYS5850288,D,B,C,2024-08-27,1000000.00,3.723908,102.42578125
08:08:06,91282CLD1,TSRYS5850288,D,S,D,2024-08-27,3000000.00,3.723908,102.42578125
08:08:06,91282CLD1,TSRYS5850288,D,S,A,2024-08-27,1000000.00,3.752566,102.25
08:08:06,91282CLD1,TSRYS5850288,D,S,C,2024-08-27,1000000.00,3.752566,102.25
08:08:06,91282CLD1,TSRYS5850288,D,B,C,2024-08-27,1000000.00,3.752566,102.25
08:08:06,91282CLD1,TSRYS5850288,D,S,D,2024-08-27,1000000.00,3.752566,102.25
08:08:06,91282CLD1,TSRYS5850288,D,B,C,2024-08-27,1000000.00,3.752566,102.25
08:08:06,91282CLD1,TSRYS5850288,D,S,D,2024-08-27,1000000.00,3.752566,102.25
08:08:06,91282CLD1,TSRYS5850288,D,B,C,2024-08-27,1000000.00,3.752566,102.25
08:08:06,91282CLD1,TSRYS5850288,D,S,A,2024-08-27,2000000.00,3.752566,102.25
08:08:06,91282CLD1,TSRYS5850288,D,S,D,2024-08-27,2000000.00,3.722615,102.43371875
08:08:06,91282CLD1,TSRYS5850288,D,S,D,2024-08-27,1000000.00,3.722615,102.43371875
08:08:06,91282CLD1,TSRYS5850288,D,S,D,2024-08-27,1000000.00,3.722615,102.43371875
08:08:06,91282CLD1,TSRYS5850288,D,S,D,2024-08-27,1000000.00,3.722615,102.43371875
08:08:06,91282CLD1,TSRYS5850288,D,S,D,2024-08-27,1000000.00,3.722615,102.43371875
08:08:06,91282CLD1,TSRYS5850288,D,S,D,2024-08-27,1000000.00,3.722615,102.43371875
08:08:06,91282CLD1,TSRYS5850288,D,B,C,2024-08-27,1000000.00,3.722668,102.43339375
08:08:06,91282CLD1,TSRYS5850288,D,S,A,2024-08-27,2000000.00,3.752566,102.25
08:08:07,91282CLD1,TSRYS5850288,D,S,D,2024-08-27,1000000.00,3.725498,102.416015625
08:08:07,91282CLD1,TSRYS5850288,D,S,A,2024-08-27,3000000.00,3.752566,102.25
08:08:07,91282CLD1,TSRYS5850288,D,S,A,2024-08-27,2000000.00,3.752566,102.25
08:08:07,91282CLD1,TSRYS5850288,D,S,C,2024-08-27,1000000.00,3.752566,102.25
08:08:07,91282CLD1,TSRYS5850288,D,S,D,2024-08-27,2000000.00,3.752566,102.25
08:08:07,91282CLD1,TSRYS5850288,D,S,C,2024-08-27,1000000.00,3.752566,102.25
08:08:07,91282CLD1,TSRYS5850288,D,S,D,2024-08-27,1000000.00,3.752566,102.25
08:08:08,91282CLD1,TSRYS5850288,D,S,D,2024-08-27,1000000.00,3.752566,102.25
08:08:08,91282CLD1,TSRYS5850288,D,S,D,2024-08-27,1000000.00,3.752566,102.25
08:08:08,91282CLD1,TSRYS5850288,D,S,D,2024-08-27,1000000.00,3.752566,102.25
08:08:08,91282CLD1,TSRYS5850288,D,S,D,2024-08-27,1000000.00,3.752566,102.25
08:08:08,91282CLD1,TSRYS5850288,D,S,D,2024-08-27,1000000.00,3.752566,102.25
08:08:08,91282CLD1,TSRYS5850288,D,S,D,2024-08-27,1000000.00,3.752566,102.25
08:08:08,91282CLD1,TSRYS5850288,D,S,D,2024-08-27,1000000.00,3.752885,102.248046875
08:08:08,91282CLD1,TSRYS5850288,D,S,D,2024-08-27,1000000.00,3.752566,102.25
08:08:08,91282CLD1,TSRYS5850288,D,S,D,2024-08-27,1000000.00,3.752566,102.25
08:08:08,91282CLD1,TSRYS5850288,D,S,D,2024-08-27,1000000.00,3.729953,102.388671875
08:08:08,91282CLD1,TSRYS5850288,D,S,C,2024-08-27,1000000.00,3.752885,102.248046875
08:08:08,91282CLD1,TSRYS5850288,D,S,D,2024-08-27,1000000.00,3.752566,102.25
08:08:08,91282CLD1,TSRYS5850288,D,S,D,2024-08-27,1000000.00,3.729953,102.388671875
08:08:08,91282CLD1,TSRYS5850288,D,S,D,2024-08-27,1000000.00,3.752566,102.25
08:08:09,91282CLD1,TSRYS5850288,D,S,T,2024-08-27,1000000.00,3.752248,102.251953125
08:08:09,91282CLD1,TSRYS5850288,D,S,D,2024-08-27,1000000.00,3.752566,102.25
08:08:09,91282CLD1,TSRYS5850288,D,S,D,2024-08-27,1000000.00,3.752566,102.25
08:08:09,91282CLD1,TSRYS5850288,D,S,D,2024-08-27,1000000.00,3.728998,102.39453125
08:08:09,91282CLD1,TSRYS5850288,D,S,D,2024-08-27,1000000.00,3.752566,102.25
08:08:10,91282CLD1,TSRYS5850288,D,S,D,2024-08-27,1000000.00,3.752566,102.25
08:08:10,91282CLD1,TSRYS5850288,D,S,D,2024-08-27,1000000.00,3.752566,102.25
08:08:10,91282CLD1,TSRYS5850288,D,S,D,2024-08-27,1000000.00,3.752566,102.25
08:08:10,91282CLD1,TSRYS5850288,D,S,D,2024-08-27,1000000.00,3.752566,102.25
08:08:10,91282CLD1,TSRYS5850288,D,S,D,2024-08-27,1000000.00,3.731226,102.380859375
08:08:10,91282CLD1,TSRYS5850288,D,S,C,2024-08-27,1000000.00,3.731193,102.381059375
08:08:11,91282CLD1,TSRYS5850288,D,S,A,2024-08-27,1000000.00,3.752566,102.25
08:08:11,91282CLD1,TSRYS5850288,D,S,D,2024-08-27,1000000.00,3.731544,102.37890625
08:08:11,91282CLD1,TSRYS5850288,D,S,D,2024-08-27,1000000.00,3.731544,102.37890625
08:08:13,91282CLD1,TSRYS5850288,D,S,D,2024-08-27,1000000.00,3.752566,102.25
08:08:13,91282CLD1,TSRYS5850288,D,S,T,2024-08-27,1000000.00,3.752566,102.25
08:08:13,91282CLD1,TSRYS5850288,D,S,D,2024-08-27,1000000.00,3.733454,102.3671875
08:08:13,91282CLD1,TSRYS5850288,D,S,D,2024-08-27,1000000.00,3.733454,102.3671875
08:08:13,91282CLD1,TSRYS5850288,D,S,D,2024-08-27,1000000.00,3.752566,102.25
08:08:13,91282CLD1,TSRYS5850288,D,S,T,2024-08-27,1000000.00,3.752566,102.25
08:08:13,91282CLD1,TSRYS5850288,D,S,T,2024-08-27,1000000.00,3.752566,102.25
08:08:13,91282CLD1,TSRYS5850288,D,S,D,2024-08-27,1000000.00,3.752566,102.25
08:08:13,91282CLD1,TSRYS5850288,D,B,C,2024-08-27,1000000.00,3.752566,102.25
08:08:13,91282CLD1,TSRYS5850288,D,S,D,2024-08-27,1000000.00,3.752566,102.25
08:08:13,91282CLD1,TSRYS5850288,D,S,D,2024-08-27,1000000.00,3.752566,102.25
08:08:13,91282CLD1,TSRYS5850288,D,S,D,2024-08-27,1000000.00,3.732818,102.37109375
08:08:13,91282CLD1,TSRYS5850288,D,S,D,2024-08-27,1000000.00,3.732818,102.37109375
08:08:13,91282CLD1,TSRYS5850288,D,S,D,2024-08-27,1000000.00,3.732818,102.37109375
08:08:13,91282CLD1,TSRYS5850288,D,S,D,2024-08-27,1000000.00,3.732818,102.37109375
08:08:13,91282CLD1,TSRYS5850288,D,B,C,2024-08-27,1000000.00,3.752566,102.25
08:08:13,91282CLD1,TSRYS5850288,D,B,C,2024-08-27,1000000.00,3.752566,102.25
08:08:14,91282CLD1,TSRYS5850288,D,S,D,2024-08-27,1000000.00,3.733772,102.365234375
08:08:14,91282CLD1,TSRYS5850288,D,S,D,2024-08-27,1000000.00,3.752566,102.25
08:08:14,91282CLD1,TSRYS5850288,D,S,C,2024-08-27,1000000.00,3.733454,102.3671875
08:08:14,91282CLD1,TSRYS5850288,D,S,C,2024-08-27,1000000.00,3.733454,102.3671875
08:08:14,91282CLD1,TSRYS5850288,D,S,D,2024-08-27,1000000.00,3.752566,102.25
08:08:14,91282CLD1,TSRYS5850288,D,B,C,2024-08-27,1000000.00,3.733136,102.369140625
08:08:14,91282CLD1,TSRYS5850288,D,S,D,2024-08-27,1000000.00,3.733136,102.369140625
08:08:15,91282CLD1,TSRYS5850288,D,S,D,2024-08-27,1000000.00,3.735364,102.35546875
08:08:15,91282CLD1,TSRYS5850288,D,B,C,2024-08-27,1000000.00,3.735364,102.35546875
08:08:15,91282CLD1,TSRYS5850288,D,S,D,2024-08-27,1000000.00,3.736001,102.3515625
08:08:15,91282CLD1,TSRYS5850288,D,B,C,2024-08-27,1000000.00,3.736017,102.3514625
08:08:15,91282CLD1,TSRYS5850288,D,S,D,2024-08-27,1000000.00,3.73823,102.337890625
08:08:15,91282CLD1,TSRYS5850288,D,B,C,2024-08-27,1000000.00,3.73823,102.337890625
08:08:15,91282CLD1,TSRYS5850288,D,S,D,2024-08-27,1000000.00,3.73823,102.337890625
08:08:16,91282CLD1,TSRYS5850288,D,S,D,2024-08-27,1000000.00,3.737593,102.341796875
08:08:17,91282CLD1,TSRYS5850288,D,S,D,2024-08-27,1000000.00,3.73823,102.337890625
08:08:18,91282CLD1,TSRYS5850288,D,B,C,2024-08-27,1000000.00,3.752566,102.25
08:08:18,91282CLD1,TSRYS5850288,D,S,D,2024-08-27,1000000.00,3.752566,102.25
08:08:18,91282CLD1,TSRYS5850288,D,S,D,2024-08-27,1000000.00,3.752566,102.25
08:08:18,91282CLD1,TSRYS5850288,D,S,D,2024-08-27,1000000.00,3.752566,102.25
08:08:18,91282CLD1,TSRYS5850288,D,S,D,2024-08-27,1000000.00,3.752566,102.25
08:08:18,91282CLD1,TSRYS5850288,D,S,D,2024-08-27,1000000.00,3.738548,102.3359375
08:08:18,91282CLD1,TSRYS5850288,D,B,C,2024-08-27,1000000.00,3.73823,102.337890625
08:08:18,91282CLD1,TSRYS5850288,D,S,D,2024-08-27,1000000.00,3.73823,102.337890625
08:08:19,91282CLD1,TSRYS5850288,D,S,D,2024-08-27,1000000.00,3.753204,102.24609375
08:08:19,91282CLD1,TSRYS5850288,D,S,D,2024-08-27,1000000.00,3.753204,102.24609375
08:08:19,91282CLD1,TSRYS5850288,D,S,D,2024-08-27,1000000.00,3.740778,102.322265625
08:08:19,91282CLD1,TSRYS5850288,D,S,D,2024-08-27,1000000.00,3.741415,102.318359375
08:08:19,91282CLD1,TSRYS5850288,D,B,C,2024-08-27,1000000.00,3.741415,102.318359375
08:08:19,91282CLD1,TSRYS5850288,D,S,D,2024-08-27,1000000.00,3.741096,102.3203125
08:08:19,91282CLD1,TSRYS5850288,D,B,C,2024-08-27,1000000.00,3.741096,102.3203125
08:08:19,91282CLD1,TSRYS5850288,D,S,D,2024-08-27,1000000.00,3.741096,102.3203125
08:08:19,91282CLD1,TSRYS5850288,D,S,D,2024-08-27,1000000.00,3.741733,102.31640625
08:08:19,91282CLD1,TSRYS5850288,D,B,C,2024-08-27,1000000.00,3.741766,102.31620625
08:08:19,91282CLD1,TSRYS5850288,D,S,D,2024-08-27,1000000.00,3.741733,102.31640625
08:08:19,91282CLD1,TSRYS5850288,D,B,C,2024-08-27,1000000.00,3.741766,102.31620625
08:08:19,91282CLD1,TSRYS5850288,D,S,C,2024-08-27,1000000.00,3.741733,102.31640625
08:08:19,91282CLD1,TSRYS5850288,D,B,C,2024-08-27,1000000.00,3.741766,102.31620625
08:08:19,91282CLD1,TSRYS5850288,D,S,D,2024-08-27,1000000.00,3.74237,102.3125
08:08:19,91282CLD1,TSRYS5850288,D,B,C,2024-08-27,1000000.00,3.742403,102.3123
08:08:19,91282CLD1,TSRYS5850288,D,S,C,2024-08-27,1000000.00,3.74237,102.3125
08:08:19,91282CLD1,TSRYS5850288,D,B,C,2024-08-27,1000000.00,3.742403,102.3123
08:08:19,91282CLD1,TSRYS5850288,D,S,C,2024-08-27,1000000.00,3.742052,102.314453125
08:08:20,91282CLD1,TSRYS5850288,D,S,D,2024-08-27,1000000.00,3.741096,102.3203125
08:08:20,91282CLD1,TSRYS5850288,D,S,D,2024-08-27,1000000.00,3.740459,102.32421875
08:08:20,91282CLD1,TSRYS5850288,D,S,D,2024-08-27,1000000.00,3.740459,102.32421875
08:08:20,91282CLD1,TSRYS5850288,D,B,C,2024-08-27,1000000.00,3.740459,102.32421875
08:08:20,91282CLD1,TSRYS5850288,D,S,D,2024-08-27,1000000.00,3.740459,102.32421875
08:08:20,91282CLD1,TSRYS5850288,D,S,C,2024-08-27,1000000.00,3.752885,102.24804687
08:08:22,91282CLD1,TSRYS5850288,D,S,C,2024-08-27,1000000.00,3.752885,102.24804687
08:08:22,91282CLD1,TSRYS5850288,D,S,D,2024-08-27,2000000.00,3.735683,102.353515625
08:08:22,91282CLD1,TSRYS5850288,D,S,C,2024-08-27,1000000.00,3.73565,102.353715625
08:08:23,91282CLD1,TSRYS5850288,D,S,C,2024-08-27,1000000.00,3.736287,102.349809375
08:08:23,91282CLD1,TSRYS5850288,D,S,T,2024-08-27,1000000.00,3.752566,102.25
08:08:23,91282CLD1,TSRYS5850288,D,S,D,2024-08-27,1000000.00,3.739822,102.328125
08:08:24,91282CLD1,TSRYS5850288,D,S,C,2024-08-27,1000000.00,3.741063,102.3205125
08:08:25,91282CLD1,TSRYS5850288,D,S,C,2024-08-27,1000000.00,3.741415,102.318359375
08:08:25,91282CLD1,TSRYS5850288,D,S,C,2024-08-27,1000000.00,3.741415,102.318359375
08:08:25,91282CLD1,TSRYS5850288,D,S,C,2024-08-27,1000000.00,3.740141,102.326171875
08:08:25,91282CLD1,TSRYS5850288,D,S,C,2024-08-27,1000000.00,3.740141,102.326171875
08:08:26,91282CLD1,TSRYS5850288,D,S,D,2024-08-27,2000000.00,3.742689,102.310546875
08:08:26,91282CLD1,TSRYS5850288,D,S,D,2024-08-27,10000000.00,3.743644,102.3046875
08:08:26,91282CLD1,TSRYS5850288,D,S,D,2024-08-27,1000000.00,3.743644,102.3046875
08:08:26,91282CLD1,TSRYS5850288,D,S,D,2024-08-27,2000000.00,3.743644,102.3046875
08:08:26,91282CLD1,TSRYS5850288,D,S,D,2024-08-27,1000000.00,3.743963,102.302734375
08:08:26,91282CLD1,TSRYS5850288,D,S,D,2024-08-27,1000000.00,3.743644,102.3046875
08:08:26,91282CLD1,TSRYS5850288,D,S,C,2024-08-27,1000000.00,3.744567,102.299028125
08:08:26,91282CLD1,TSRYS5850288,D,B,C,2024-08-27,1000000.00,3.7446,102.298828125
08:08:26,91282CLD1,TSRYS5850288,D,S,D,2024-08-27,2000000.00,3.742689,102.310546875
08:08:27,91282CLD1,TSRYS5850288,D,S,C,2024-08-27,1000000.00,3.745556,102.29296875
08:08:27,91282CLD1,TSRYS5850288,D,S,C,2024-08-27,1000000.00,3.745874,102.291015625
08:08:27,91282CLD1,TSRYS5850288,D,S,C,2024-08-27,1000000.00,3.745556,102.29296875
08:08:27,91282CLD1,TSRYS5850288,D,S,C,2024-08-27,1000000.00,3.743326,102.306640625
08:08:28,91282CLD1,TSRYS5850288,D,S,D,2024-08-27,1000000.00,3.743007,102.30859375
08:08:28,91282CLD1,TSRYS5850288,D,S,D,2024-08-27,1000000.00,3.743007,102.30859375
08:08:28,91282CLD1,TSRYS5850288,D,S,C,2024-08-27,1000000.00,3.741733,102.31640625
08:08:28,91282CLD1,TSRYS5850288,D,S,D,2024-08-27,1000000.00,3.752566,102.25
08:08:28,91282CLD1,TSRYS5850288,D,S,C,2024-08-27,1000000.00,3.741415,102.318359375
08:08:28,91282CLD1,TSRYS5850288,D,S,C,2024-08-27,1000000.00,3.741415,102.318359375
08:08:28,91282CLD1,TSRYS5850288,D,S,C,2024-08-27,4000000.00,3.741415,102.318359375
08:08:28,91282CLD1,TSRYS5850288,D,S,C,2024-08-27,1000000.00,3.741733,102.31640625
08:08:29,91282CLD1,TSRYS5850288,D,S,C,2024-08-27,1000000.00,3.741733,102.31640625
08:08:29,91282CLD1,TSRYS5850288,D,S,C,2024-08-27,1000000.00,3.741733,102.31640625
08:08:29,91282CLD1,TSRYS5850288,D,S,D,2024-08-27,1000000.00,3.742672,102.310646875
08:08:29,91282CLD1,TSRYS5850288,D,S,D,2024-08-27,1000000.00,3.74237,102.3125
08:08:29,91282CLD1,TSRYS5850288,D,S,D,2024-08-27,3000000.00,3.74237,102.3125
08:08:29,91282CLD1,TSRYS5850288,D,B,C,2024-08-27,1000000.00,3.742403,102.3123
08:08:29,91282CLD1,TSRYS5850288,D,S,D,2024-08-27,1000000.00,3.74237,102.3125
08:08:30,91282CLD1,TSRYS5850288,D,S,D,2024-08-27,2000000.00,3.740459,102.32421875
08:08:30,91282CLD1,TSRYS5850288,D,S,C,2024-08-27,1000000.00,3.738532,102.3360375
08:08:30,91282CLD1,TSRYS5850288,D,S,C,2024-08-27,1000000.00,3.738532,102.3360375
08:08:32,91282CLD1,TSRYS5850288,D,S,C,2024-08-27,1000000.00,3.745874,102.291015625
08:08:34,91282CLD1,TSRYS5850288,D,S,D,2024-08-27,1000000.00,3.750017,102.265625
08:08:34,91282CLD1,TSRYS5850288,D,S,C,2024-08-27,1000000.00,3.750654,102.26171875
08:08:35,91282CLD1,TSRYS5850288,D,S,C,2024-08-27,1000000.00,3.750654,102.26171875
08:08:35,91282CLD1,TSRYS5850288,D,S,T,2024-08-27,1000000.00,3.752566,102.25
08:08:35,91282CLD1,TSRYS5850288,D,S,C,2024-08-27,1000000.00,3.750654,102.26171875
08:08:35,91282CLD1,TSRYS5850288,D,S,C,2024-08-27,1000000.00,3.750335,102.263671875
08:08:35,91282CLD1,TSRYS5850288,D,S,D,2024-08-27,1000000.00,3.752566,102.25
08:08:35,91282CLD1,TSRYS5850288,D,S,C,2024-08-27,1000000.00,3.750654,102.26171875
08:08:35,91282CLD1,TSRYS5850288,D,S,C,2024-08-27,1000000.00,3.750654,102.26171875
08:08:35,91282CLD1,TSRYS5850288,D,S,T,2024-08-27,4000000.00,3.752566,102.25
08:08:35,91282CLD1,TSRYS5850288,D,S,T,2024-08-27,1000000.00,3.752566,102.25
08:08:35,91282CLD1,TSRYS5850288,D,S,D,2024-08-27,1000000.00,3.750654,102.26171875
08:08:35,91282CLD1,TSRYS5850288,D,S,D,2024-08-27,5000000.00,3.75161,102.255859375
08:08:35,91282CLD1,TSRYS5850288,D,S,D,2024-08-27,2000000.00,3.751292,102.2578125
08:08:35,91282CLD1,TSRYS5850288,D,S,D,2024-08-27,1000000.00,3.752566,102.25
08:08:35,91282CLD1,TSRYS5850288,D,S,C,2024-08-27,1000000.00,3.752885,102.248046875
08:08:35,91282CLD1,TSRYS5850288,D,S,D,2024-08-27,1000000.00,3.752885,102.248046875
08:08:35,91282CLD1,TSRYS5850288,D,S,D,2024-08-27,1000000.00,3.752566,102.25
08:08:35,91282CLD1,TSRYS5850288,D,B,C,2024-08-27,1000000.00,3.752566,102.25
08:08:35,91282CLD1,TSRYS5850288,D,B,C,2024-08-27,2000000.00,3.752566,102.25
08:08:35,91282CLD1,TSRYS5850288,D,S,C,2024-08-27,2000000.00,3.752566,102.25
08:08:35,91282CLD1,TSRYS5850288,D,S,C,2024-08-27,1000000.00,3.750973,102.259765625
08:08:35,91282CLD1,TSRYS5850288,D,S,C,2024-08-27,1000000.00,3.750654,102.26171875
08:08:35,91282CLD1,TSRYS5850288,D,S,C,2024-08-27,1000000.00,3.750654,102.26171875
08:08:36,91282CLD1,TSRYS5850288,D,S,C,2024-08-27,1000000.00,3.750654,102.26171875
08:08:36,91282CLD1,TSRYS5850288,D,S,C,2024-08-27,1000000.00,3.751292,102.2578125
08:08:36,91282CLD1,TSRYS5850288,D,S,D,2024-08-27,1000000.00,3.751909,102.25403125
08:08:36,91282CLD1,TSRYS5850288,D,S,D,2024-08-27,1000000.00,3.751909,102.25403125
08:08:36,91282CLD1,TSRYS5850288,D,S,D,2024-08-27,1000000.00,3.751909,102.25403125
08:08:36,91282CLD1,TSRYS5850288,D,S,D,2024-08-27,1000000.00,3.751909,102.25403125
08:08:36,91282CLD1,TSRYS5850288,D,S,D,2024-08-27,1000000.00,3.751909,102.25403125
08:08:36,91282CLD1,TSRYS5850288,D,S,D,2024-08-27,1000000.00,3.751909,102.25403125
08:08:36,91282CLD1,TSRYS5850288,D,S,D,2024-08-27,1000000.00,3.751909,102.25403125
08:08:36,91282CLD1,TSRYS5850288,D,B,C,2024-08-27,1000000.00,3.751962,102.25370625
08:08:36,91282CLD1,TSRYS5850288,D,S,D,2024-08-27,1000000.00,3.752566,102.25
08:08:36,91282CLD1,TSRYS5850288,D,S,D,2024-08-27,1000000.00,3.751909,102.25403125
08:08:36,91282CLD1,TSRYS5850288,D,S,D,2024-08-27,1000000.00,3.751909,102.25403125
08:08:37,91282CLD1,TSRYS5850288,D,S,D,2024-08-27,1000000.00,3.751909,102.25403125
08:08:37,91282CLD1,TSRYS5850288,D,B,C,2024-08-27,1000000.00,3.752566,102.25
08:08:37,91282CLD1,TSRYS5850288,D,S,D,2024-08-27,1000000.00,3.751909,102.25403125
08:08:37,91282CLD1,TSRYS5850288,D,S,C,2024-08-27,2000000.00,3.752885,102.248046875
08:08:37,91282CLD1,TSRYS5850288,D,S,C,2024-08-27,1000000.00,3.752885,102.248046875
08:08:37,91282CLD1,TSRYS5850288,D,S,C,2024-08-27,1000000.00,3.752566,102.25
08:08:37,91282CLD1,TSRYS5850288,D,S,D,2024-08-27,1000000.00,3.752885,102.248046875
08:08:37,91282CLD1,TSRYS5850288,D,B,C,2024-08-27,1000000.00,3.752885,102.248046875
08:08:37,91282CLD1,TSRYS5850288,D,S,C,2024-08-27,1000000.00,3.752885,102.248046875
08:08:37,91282CLD1,TSRYS5850288,D,S,C,2024-08-27,1000000.00,3.753523,102.244140625
08:08:38,91282CLD1,TSRYS5850288,D,S,D,2024-08-27,1000000.00,3.752885,102.248046875
08:08:38,91282CLD1,TSRYS5850288,D,S,C,2024-08-27,1000000.00,3.752885,102.248046875
08:08:38,91282CLD1,TSRYS5850288,D,S,D,2024-08-27,1000000.00,3.752885,102.248046875
08:08:38,91282CLD1,TSRYS5850288,D,B,C,2024-08-27,1000000.00,3.752885,102.248046875
08:08:38,91282CLD1,TSRYS5850288,D,S,D,2024-08-27,1000000.00,3.752885,102.248046875
08:08:38,91282CLD1,TSRYS5850288,D,B,C,2024-08-27,1000000.00,3.752885,102.248046875
08:08:38,91282CLD1,TSRYS5850288,D,S,D,2024-08-27,1000000.00,3.752885,102.248046875
08:08:38,91282CLD1,TSRYS5850288,D,B,C,2024-08-27,1000000.00,3.752885,102.248046875
08:08:38,91282CLD1,TSRYS5850288,D,S,C,2024-08-27,1000000.00,3.75161,102.255859375
08:08:38,91282CLD1,TSRYS5850288,D,S,C,2024-08-27,1000000.00,3.750621,102.26191875
08:08:38,91282CLD1,TSRYS5850288,D,S,T,2024-08-27,1000000.00,3.752566,102.25
08:08:38,91282CLD1,TSRYS5850288,D,S,D,2024-08-27,2000000.00,3.751292,102.2578125
08:08:38,91282CLD1,TSRYS5850288,D,S,T,2024-08-27,1000000.00,3.752566,102.25
08:08:39,91282CLD1,TSRYS5850288,D,S,T,2024-08-27,1000000.00,3.752566,102.25
08:08:39,91282CLD1,TSRYS5850288,D,S,D,2024-08-27,1000000.00,3.751292,102.2578125
08:08:39,91282CLD1,TSRYS5850288,D,S,D,2024-08-27,1000000.00,3.751292,102.2578125
08:08:39,91282CLD1,TSRYS5850288,D,S,C,2024-08-27,1000000.00,3.751292,102.2578125
08:08:39,91282CLD1,TSRYS5850288,D,S,C,2024-08-27,1000000.00,3.750973,102.259765625
08:08:39,91282CLD1,TSRYS5850288,D,S,D,2024-08-27,1000000.00,3.753204,102.24609375
08:08:39,91282CLD1,TSRYS5850288,D,S,C,2024-08-27,1000000.00,3.753204,102.24609375
08:08:39,91282CLD1,TSRYS5850288,D,S,C,2024-08-27,1000000.00,3.752885,102.248046875
08:08:39,91282CLD1,TSRYS5850288,D,B,C,2024-08-27,1000000.00,3.753523,102.244140625
08:08:39,91282CLD1,TSRYS5850288,D,S,C,2024-08-27,1000000.00,3.753523,102.244140625
08:08:39,91282CLD1,TSRYS5850288,D,S,C,2024-08-27,1000000.00,3.753523,102.244140625
08:08:39,91282CLD1,TSRYS5850288,D,B,C,2024-08-27,1000000.00,3.753523,102.244140625
08:08:39,91282CLD1,TSRYS5850288,D,S,C,2024-08-27,1000000.00,3.753523,102.244140625
08:08:39,91282CLD1,TSRYS5850288,D,S,C,2024-08-27,2000000.00,3.753523,102.244140625
08:08:39,91282CLD1,TSRYS5850288,D,S,C,2024-08-27,2000000.00,3.752542,102.25015
08:08:39,91282CLD1,TSRYS5850288,D,S,C,2024-08-27,2000000.00,3.753523,102.244140625
08:08:39,91282CLD1,TSRYS5850288,D,S,D,2024-08-27,2000000.00,3.752566,102.25
08:08:39,91282CLD1,TSRYS5850288,D,S,D,2024-08-27,3000000.00,3.752566,102.25
08:08:39,91282CLD1,TSRYS5850288,D,S,D,2024-08-27,2000000.00,3.752566,102.25
08:08:39,91282CLD1,TSRYS5850288,D,S,C,2024-08-27,1000000.00,3.755722,102.23066875
08:08:39,91282CLD1,TSRYS5850288,D,B,C,2024-08-27,1000000.00,3.755754,102.23046875
08:08:39,91282CLD1,TSRYS5850288,D,S,D,2024-08-27,1000000.00,3.755117,102.234375
08:08:40,91282CLD1,TSRYS5850288,D,B,C,2024-08-27,1000000.00,3.754798,102.236328125
08:08:40,91282CLD1,TSRYS5850288,D,S,C,2024-08-27,1000000.00,3.754798,102.236328125
08:08:40,91282CLD1,TSRYS5850288,D,S,D,2024-08-27,1000000.00,3.755117,102.234375
08:08:40,91282CLD1,TSRYS5850288,D,S,D,2024-08-27,1000000.00,3.752566,102.25
08:08:40,91282CLD1,TSRYS5850288,D,B,C,2024-08-27,1000000.00,3.752566,102.25
08:08:40,91282CLD1,TSRYS5850288,D,S,D,2024-08-27,1000000.00,3.752566,102.25
08:08:40,91282CLD1,TSRYS5850288,D,B,C,2024-08-27,1000000.00,3.752566,102.25
08:08:40,91282CLD1,TSRYS5850288,D,S,D,2024-08-27,1000000.00,3.752566,102.25
08:08:40,91282CLD1,TSRYS5850288,D,S,D,2024-08-27,1000000.00,3.756392,102.2265625
08:08:40,91282CLD1,TSRYS5850288,D,B,C,2024-08-27,1000000.00,3.756416,102.2264125
08:08:40,91282CLD1,TSRYS5850288,D,S,C,2024-08-27,1000000.00,3.756392,102.2265625
08:08:40,91282CLD1,TSRYS5850288,D,B,C,2024-08-27,1000000.00,3.756416,102.2264125
08:08:40,91282CLD1,TSRYS5850288,D,S,D,2024-08-27,1000000.00,3.756392,102.2265625
08:08:40,91282CLD1,TSRYS5850288,D,B,C,2024-08-27,1000000.00,3.756416,102.2264125
08:08:40,91282CLD1,TSRYS5850288,D,S,T,2024-08-27,1000000.00,3.752566,102.25
08:08:41,91282CLD1,TSRYS5850288,D,B,C,2024-08-27,1000000.00,3.754798,102.236328125
08:08:41,91282CLD1,TSRYS5850288,D,S,D,2024-08-27,1000000.00,3.754798,102.236328125
08:08:41,91282CLD1,TSRYS5850288,D,S,D,2024-08-27,1000000.00,3.752566,102.25
08:08:41,91282CLD1,TSRYS5850288,D,B,C,2024-08-27,1000000.00,3.754798,102.236328125
08:08:41,91282CLD1,TSRYS5850288,D,S,C,2024-08-27,1000000.00,3.754798,102.236328125
08:08:41,91282CLD1,TSRYS5850288,D,S,D,2024-08-27,1000000.00,3.752885,102.24804687
08:08:41,91282CLD1,TSRYS5850288,D,S,D,2024-08-27,1000000.00,3.754798,102.236328125
08:08:41,91282CLD1,TSRYS5850288,D,B,C,2024-08-27,1000000.00,3.754798,102.236328125
08:08:42,91282CLD1,TSRYS5850288,D,S,D,2024-08-27,1000000.00,3.753842,102.2421875
08:08:42,91282CLD1,TSRYS5850288,D,B,C,2024-08-27,1000000.00,3.753842,102.2421875
08:08:42,91282CLD1,TSRYS5850288,D,S,D,2024-08-27,1000000.00,3.753842,102.2421875
08:08:42,91282CLD1,TSRYS5850288,D,S,D,2024-08-27,1000000.00,3.753842,102.2421875
08:08:42,91282CLD1,TSRYS5850288,D,B,C,2024-08-27,1000000.00,3.753539,102.244040625
08:08:42,91282CLD1,TSRYS5850288,D,S,D,2024-08-27,2000000.00,3.753523,102.244140625
08:08:42,91282CLD1,TSRYS5850288,D,B,C,2024-08-27,2000000.00,3.753523,102.244140625
08:08:42,91282CLD1,TSRYS5850288,D,S,D,2024-08-27,2000000.00,3.753523,102.244140625
08:08:42,91282CLD1,TSRYS5850288,D,B,C,2024-08-27,2000000.00,3.753523,102.244140625
08:08:42,91282CLD1,TSRYS5850288,D,S,D,2024-08-27,2000000.00,3.753523,102.244140625
08:08:42,91282CLD1,TSRYS5850288,D,S,D,2024-08-27,3000000.00,3.753523,102.244140625
08:08:42,91282CLD1,TSRYS5850288,D,S,D,2024-08-27,2000000.00,3.753523,102.244140625
08:08:42,91282CLD1,TSRYS5850288,D,B,C,2024-08-27,1000000.00,3.75322,102.24599375
08:08:42,91282CLD1,TSRYS5850288,D,S,D,2024-08-27,3000000.00,3.753204,102.24609375
08:08:42,91282CLD1,TSRYS5850288,D,B,C,2024-08-27,2000000.00,3.753204,102.24609375
08:08:42,91282CLD1,TSRYS5850288,D,S,D,2024-08-27,2000000.00,3.753204,102.24609375
08:08:42,91282CLD1,TSRYS5850288,D,B,C,2024-08-27,2000000.00,3.753204,102.24609375
08:08:42,91282CLD1,TSRYS5850288,D,S,D,2024-08-27,2000000.00,3.753204,102.24609375
08:08:42,91282CLD1,TSRYS5850288,D,S,D,2024-08-27,1000000.00,3.753204,102.24609375
08:08:42,91282CLD1,TSRYS5850288,D,B,C,2024-08-27,1000000.00,3.752902,102.247946875
08:08:42,91282CLD1,TSRYS5850288,D,S,D,2024-08-27,3000000.00,3.752885,102.248046875
08:08:42,91282CLD1,TSRYS5850288,D,B,C,2024-08-27,2000000.00,3.752885,102.248046875
08:08:42,91282CLD1,TSRYS5850288,D,S,T,2024-08-27,1000000.00,3.752591,102.24985
08:08:42,91282CLD1,TSRYS5850288,D,S,D,2024-08-27,2000000.00,3.752885,102.248046875
08:08:42,91282CLD1,TSRYS5850288,D,B,C,2024-08-27,1000000.00,3.752885,102.248046875
08:08:42,91282CLD1,TSRYS5850288,D,S,D,2024-08-27,1000000.00,3.752885,102.248046875
08:08:42,91282CLD1,TSRYS5850288,D,S,D,2024-08-27,1000000.00,3.752566,102.25
08:08:42,91282CLD1,TSRYS5850288,D,B,C,2024-08-27,1000000.00,3.752583,102.2499
08:08:42,91282CLD1,TSRYS5850288,D,S,D,2024-08-27,1000000.00,3.752566,102.25
08:08:42,91282CLD1,TSRYS5850288,D,S,D,2024-08-27,1000000.00,3.752566,102.25
08:08:42,91282CLD1,TSRYS5850288,D,S,D,2024-08-27,3000000.00,3.752566,102.25
08:08:42,91282CLD1,TSRYS5850288,D,B,C,2024-08-27,2000000.00,3.752566,102.25
08:08:43,91282CLD1,TSRYS5850288,D,S,D,2024-08-27,2000000.00,3.752566,102.25
08:08:43,91282CLD1,TSRYS5850288,D,S,D,2024-08-27,1000000.00,3.752248,102.251953125
08:08:43,91282CLD1,TSRYS5850288,D,B,C,2024-08-27,1000000.00,3.752248,102.251953125
08:08:43,91282CLD1,TSRYS5850288,D,B,C,2024-08-27,1000000.00,3.752264,102.251853125
08:08:43,91282CLD1,TSRYS5850288,D,S,D,2024-08-27,6000000.00,3.752248,102.251953125
08:08:43,91282CLD1,TSRYS5850288,D,S,D,2024-08-27,1000000.00,3.751929,102.25390625
08:08:43,91282CLD1,TSRYS5850288,D,S,D,2024-08-27,2000000.00,3.751929,102.25390625
08:08:43,91282CLD1,TSRYS5850288,D,S,D,2024-08-27,1000000.00,3.752566,102.25
08:08:43,91282CLD1,TSRYS5850288,D,B,C,2024-08-27,1000000.00,3.751945,102.25380625
08:08:43,91282CLD1,TSRYS5850288,D,S,C,2024-08-27,1000000.00,3.751929,102.25390625
08:08:43,91282CLD1,TSRYS5850288,D,S,C,2024-08-27,1000000.00,3.752566,102.25
08:08:43,91282CLD1,TSRYS5850288,D,B,C,2024-08-27,1000000.00,3.751929,102.25390625
08:08:43,91282CLD1,TSRYS5850288,D,S,C,2024-08-27,1000000.00,3.751929,102.25390625
08:08:43,91282CLD1,TSRYS5850288,D,S,C,2024-08-27,1000000.00,3.751929,102.25390625
08:08:43,91282CLD1,TSRYS5850288,D,S,D,2024-08-27,1000000.00,3.752566,102.25
08:08:43,91282CLD1,TSRYS5850288,D,S,D,2024-08-27,1000000.00,3.752566,102.25
08:08:43,91282CLD1,TSRYS5850288,D,B,C,2024-08-27,1000000.00,3.751929,102.25390625
08:08:43,91282CLD1,TSRYS5850288,D,S,C,2024-08-27,1000000.00,3.751929,102.25390625
08:08:43,91282CLD1,TSRYS5850288,D,S,C,2024-08-27,1000000.00,3.751929,102.25390625
08:08:44,91282CLD1,TSRYS5850288,D,B,C,2024-08-27,1000000.00,3.75067,102.26161875
08:08:44,91282CLD1,TSRYS5850288,D,S,D,2024-08-27,1000000.00,3.750654,102.26171875
08:08:44,91282CLD1,TSRYS5850288,D,S,C,2024-08-27,1000000.00,3.750654,102.26171875
08:08:44,91282CLD1,TSRYS5850288,D,S,C,2024-08-27,1000000.00,3.750017,102.265625
08:08:44,91282CLD1,TSRYS5850288,D,B,C,2024-08-27,1000000.00,3.750335,102.263671875
08:08:44,91282CLD1,TSRYS5850288,D,S,C,2024-08-27,1000000.00,3.750335,102.263671875
08:08:44,91282CLD1,TSRYS5850288,D,B,C,2024-08-27,1000000.00,3.750654,102.26171875
08:08:44,91282CLD1,TSRYS5850288,D,S,C,2024-08-27,1000000.00,3.750654,102.26171875
08:08:44,91282CLD1,TSRYS5850288,D,B,C,2024-08-27,1000000.00,3.750654,102.26171875
08:08:44,91282CLD1,TSRYS5850288,D,S,C,2024-08-27,1000000.00,3.750654,102.26171875
08:08:44,91282CLD1,TSRYS5850288,D,B,C,2024-08-27,1000000.00,3.749061,102.271484375
08:08:44,91282CLD1,TSRYS5850288,D,S,C,2024-08-27,1000000.00,3.749061,102.271484375
08:08:44,91282CLD1,TSRYS5850288,D,S,D,2024-08-27,1000000.00,3.752566,102.25
08:08:45,91282CLD1,TSRYS5850288,D,S,D,2024-08-27,1000000.00,3.750017,102.265625
08:08:45,91282CLD1,TSRYS5850288,D,B,C,2024-08-27,1000000.00,3.750017,102.265625
08:08:45,91282CLD1,TSRYS5850288,D,B,C,2024-08-27,1000000.00,3.750017,102.265625
08:08:45,91282CLD1,TSRYS5850288,D,S,D,2024-08-27,1000000.00,3.750017,102.265625
08:08:45,91282CLD1,TSRYS5850288,D,S,C,2024-08-27,1000000.00,3.750017,102.265625
08:08:45,91282CLD1,TSRYS5850288,D,B,C,2024-08-27,1000000.00,3.750017,102.265625
08:08:45,91282CLD1,TSRYS5850288,D,B,C,2024-08-27,1000000.00,3.750017,102.265625
08:08:45,91282CLD1,TSRYS5850288,D,S,D,2024-08-27,1000000.00,3.750017,102.265625
08:08:45,91282CLD1,TSRYS5850288,D,S,C,2024-08-27,1000000.00,3.749698,102.267578125
08:08:45,91282CLD1,TSRYS5850288,D,S,C,2024-08-27,1000000.00,3.750017,102.265625
08:08:45,91282CLD1,TSRYS5850288,D,B,C,2024-08-27,1000000.00,3.749698,102.267578125
08:08:45,91282CLD1,TSRYS5850288,D,S,C,2024-08-27,1000000.00,3.749698,102.267578125
08:08:45,91282CLD1,TSRYS5850288,D,B,C,2024-08-27,1000000.00,3.749698,102.267578125
08:08:45,91282CLD1,TSRYS5850288,D,S,C,2024-08-27,1000000.00,3.749698,102.267578125
08:08:45,91282CLD1,TSRYS5850288,D,S,C,2024-08-27,1000000.00,3.749698,102.267578125
08:08:45,91282CLD1,TSRYS5850288,D,B,C,2024-08-27,1000000.00,3.751292,102.2578125
08:08:45,91282CLD1,TSRYS5850288,D,S,C,2024-08-27,1000000.00,3.751292,102.2578125
08:08:45,91282CLD1,TSRYS5850288,D,B,C,2024-08-27,1000000.00,3.750654,102.26171875
08:08:45,91282CLD1,TSRYS5850288,D,S,C,2024-08-27,1000000.00,3.750654,102.26171875
08:08:45,91282CLD1,TSRYS5850288,D,B,C,2024-08-27,1000000.00,3.750335,102.263671875
08:08:45,91282CLD1,TSRYS5850288,D,S,C,2024-08-27,1000000.00,3.750335,102.263671875
08:08:45,91282CLD1,TSRYS5850288,D,S,C,2024-08-27,1000000.00,3.750017,102.265625
08:08:45,91282CLD1,TSRYS5850288,D,S,C,2024-08-27,1000000.00,3.750335,102.263671875
08:08:46,91282CLD1,TSRYS5850288,D,B,C,2024-08-27,1000000.00,3.750017,102.265625
08:08:46,91282CLD1,TSRYS5850288,D,S,C,2024-08-27,1000000.00,3.750017,102.265625
08:08:46,91282CLD1,TSRYS5850288,D,S,D,2024-08-27,1000000.00,3.750335,102.263671875
08:08:46,91282CLD1,TSRYS5850288,D,B,C,2024-08-27,1000000.00,3.750335,102.263671875
08:08:46,91282CLD1,TSRYS5850288,D,S,D,2024-08-27,1000000.00,3.750017,102.265625
08:08:46,91282CLD1,TSRYS5850288,D,S,C,2024-08-27,1000000.00,3.750973,102.259765625
08:08:46,91282CLD1,TSRYS5850288,D,B,C,2024-08-27,1000000.00,3.750973,102.259765625
08:08:46,91282CLD1,TSRYS5850288,D,S,C,2024-08-27,1000000.00,3.750973,102.259765625
08:08:47,91282CLD1,TSRYS5850288,D,B,C,2024-08-27,1000000.00,3.751292,102.2578125
08:08:47,91282CLD1,TSRYS5850288,D,S,D,2024-08-27,1000000.00,3.751292,102.2578125
08:08:47,91282CLD1,TSRYS5850288,D,S,C,2024-08-27,1000000.00,3.750973,102.259765625
08:08:47,91282CLD1,TSRYS5850288,D,S,D,2024-08-27,1000000.00,3.750335,102.263671875
08:08:47,91282CLD1,TSRYS5850288,D,B,C,2024-08-27,1000000.00,3.750335,102.263671875
08:08:47,91282CLD1,TSRYS5850288,D,S,D,2024-08-27,1000000.00,3.752566,102.25
08:08:47,91282CLD1,TSRYS5850288,D,S,D,2024-08-27,1000000.00,3.751292,102.2578125
08:08:47,91282CLD1,TSRYS5850288,D,B,C,2024-08-27,1000000.00,3.751292,102.2578125
08:08:47,91282CLD1,TSRYS5850288,D,S,D,2024-08-27,1000000.00,3.751292,102.2578125
08:08:47,91282CLD1,TSRYS5850288,D,S,D,2024-08-27,1000000.00,3.751292,102.2578125
08:08:47,91282CLD1,TSRYS5850288,D,S,D,2024-08-27,1000000.00,3.751292,102.2578125
08:08:47,91282CLD1,TSRYS5850288,D,S,D,2024-08-27,1000000.00,3.750654,102.26171875
08:08:47,91282CLD1,TSRYS5850288,D,S,D,2024-08-27,1000000.00,3.750017,102.265625
08:08:48,91282CLD1,TSRYS5850288,D,S,C,2024-08-27,1000000.00,3.750017,102.265625
08:08:48,91282CLD1,TSRYS5850288,D,S,C,2024-08-27,1000000.00,3.750017,102.265625
08:08:48,91282CLD1,TSRYS5850288,D,S,T,2024-08-27,1000000.00,3.752566,102.25
08:08:48,91282CLD1,TSRYS5850288,D,S,T,2024-08-27,1000000.00,3.752566,102.25
08:08:48,91282CLD1,TSRYS5850288,D,S,T,2024-08-27,1000000.00,3.752566,102.25
08:08:48,91282CLD1,TSRYS5850288,D,B,C,2024-08-27,1000000.00,3.750654,102.26171875
08:08:48,91282CLD1,TSRYS5850288,D,S,D,2024-08-27,1000000.00,3.750654,102.26171875
08:08:48,91282CLD1,TSRYS5850288,D,B,C,2024-08-27,1000000.00,3.750654,102.26171875
08:08:48,91282CLD1,TSRYS5850288,D,S,T,2024-08-27,1000000.00,3.752566,102.25
08:08:48,91282CLD1,TSRYS5850288,D,S,T,2024-08-27,1000000.00,3.752566,102.25
08:08:48,91282CLD1,TSRYS5850288,D,S,T,2024-08-27,1000000.00,3.752566,102.25
08:08:49,91282CLD1,TSRYS5850288,D,S,T,2024-08-27,1000000.00,3.752566,102.25
08:08:49,91282CLD1,TSRYS5850288,D,B,C,2024-08-27,1000000.00,3.751292,102.2578125
08:08:49,91282CLD1,TSRYS5850288,D,S,C,2024-08-27,1000000.00,3.751292,102.2578125
08:08:49,91282CLD1,TSRYS5850288,D,S,D,2024-08-27,1000000.00,3.750654,102.26171875
08:08:49,91282CLD1,TSRYS5850288,D,S,D,2024-08-27,1000000.00,3.750654,102.26171875
08:08:50,91282CLD1,TSRYS5850288,D,S,D,2024-08-27,1000000.00,3.750335,102.263671875
08:08:50,91282CLD1,TSRYS5850288,D,S,T,2024-08-27,1000000.00,3.752566,102.25
08:08:50,91282CLD1,TSRYS5850288,D,S,C,2024-08-27,1000000.00,3.750654,102.26171875
08:08:50,91282CLD1,TSRYS5850288,D,B,C,2024-08-27,1000000.00,3.750335,102.263671875
08:08:50,91282CLD1,TSRYS5850288,D,S,D,2024-08-27,1000000.00,3.750335,102.263671875
08:08:50,91282CLD1,TSRYS5850288,D,B,C,2024-08-27,1000000.00,3.750335,102.263671875
08:08:50,91282CLD1,TSRYS5850288,D,S,D,2024-08-27,1000000.00,3.750335,102.263671875
08:08:50,91282CLD1,TSRYS5850288,D,B,C,2024-08-27,1000000.00,3.750335,102.263671875
08:08:50,91282CLD1,TSRYS5850288,D,S,D,2024-08-27,1000000.00,3.750335,102.263671875
08:08:50,91282CLD1,TSRYS5850288,D,S,D,2024-08-27,1000000.00,3.750335,102.263671875
08:08:50,91282CLD1,TSRYS5850288,D,B,C,2024-08-27,1000000.00,3.750017,102.265625
08:08:50,91282CLD1,TSRYS5850288,D,S,T,2024-08-27,1000000.00,3.752566,102.25
08:08:50,91282CLD1,TSRYS5850288,D,S,D,2024-08-27,1000000.00,3.750017,102.265625
08:08:50,91282CLD1,TSRYS5850288,D,B,C,2024-08-27,1000000.00,3.750017,102.265625
08:08:50,91282CLD1,TSRYS5850288,D,S,D,2024-08-27,1000000.00,3.750017,102.265625
08:08:50,91282CLD1,TSRYS5850288,D,S,D,2024-08-27,1000000.00,3.750017,102.265625
08:08:50,91282CLD1,TSRYS5850288,D,S,D,2024-08-27,1000000.00,3.750017,102.265625
08:08:50,91282CLD1,TSRYS5850288,D,S,T,2024-08-27,1000000.00,3.752566,102.25
08:08:50,91282CLD1,TSRYS5850288,D,B,C,2024-08-27,1000000.00,3.750017,102.265625
08:08:50,91282CLD1,TSRYS5850288,D,S,D,2024-08-27,1000000.00,3.750017,102.265625
08:08:50,91282CLD1,TSRYS5850288,D,B,C,2024-08-27,1000000.00,3.750017,102.265625
08:08:50,91282CLD1,TSRYS5850288,D,S,D,2024-08-27,1000000.00,3.750017,102.265625
08:08:50,91282CLD1,TSRYS5850288,D,S,C,2024-08-27,1000000.00,3.750654,102.26171875
08:08:51,91282CLD1,TSRYS5850288,D,S,D,2024-08-27,1000000.00,3.750017,102.265625
08:08:51,91282CLD1,TSRYS5850288,D,B,C,2024-08-27,1000000.00,3.750017,102.265625
08:08:51,91282CLD1,TSRYS5850288,D,S,D,2024-08-27,1000000.00,3.749698,102.267578125
08:08:51,91282CLD1,TSRYS5850288,D,S,D,2024-08-27,1000000.00,3.752566,102.25
08:08:52,91282CLD1,TSRYS5850288,D,B,C,2024-08-27,1000000.00,3.750654,102.26171875
08:08:52,91282CLD1,TSRYS5850288,D,S,D,2024-08-27,1000000.00,3.750638,102.26181875
08:08:52,91282CLD1,TSRYS5850288,D,S,D,2024-08-27,1000000.00,3.750956,102.259865625
08:08:52,91282CLD1,TSRYS5850288,D,B,C,2024-08-27,1000000.00,3.750973,102.259765625
08:08:52,91282CLD1,TSRYS5850288,D,S,D,2024-08-27,1000000.00,3.750956,102.259865625
08:08:52,91282CLD1,TSRYS5850288,D,B,C,2024-08-27,1000000.00,3.750654,102.26171875
08:08:52,91282CLD1,TSRYS5850288,D,S,D,2024-08-27,1000000.00,3.750638,102.26181875
08:08:53,91282CLD1,TSRYS5850288,D,S,D,2024-08-27,1000000.00,3.750638,102.26181875
08:08:53,91282CLD1,TSRYS5850288,D,S,D,2024-08-27,1000000.00,3.752566,102.25
08:08:53,91282CLD1,TSRYS5850288,D,S,D,2024-08-27,1000000.00,3.752566,102.25
08:08:53,91282CLD1,TSRYS5850288,D,S,D,2024-08-27,1000000.00,3.752566,102.25
08:08:53,91282CLD1,TSRYS5850288,D,B,C,2024-08-27,1000000.00,3.752599,102.2498
08:08:53,91282CLD1,TSRYS5850288,D,S,D,2024-08-27,1000000.00,3.752566,102.25
08:08:53,91282CLD1,TSRYS5850288,D,S,C,2024-08-27,1000000.00,3.752566,102.25
08:08:53,91282CLD1,TSRYS5850288,D,S,D,2024-08-27,1000000.00,3.752885,102.248046875
08:08:53,91282CLD1,TSRYS5850288,D,B,C,2024-08-27,1000000.00,3.752885,102.248046875
08:08:54,91282CLD1,TSRYS5850288,D,B,C,2024-08-27,1000000.00,3.752566,102.25
08:08:54,91282CLD1,TSRYS5850288,D,S,C,2024-08-27,1000000.00,3.752853,102.248246875
08:08:54,91282CLD1,TSRYS5850288,D,S,D,2024-08-27,1000000.00,3.755096,102.2345
08:08:54,91282CLD1,TSRYS5850288,D,S,D,2024-08-27,1000000.00,3.755096,102.2345
08:08:54,91282CLD1,TSRYS5850288,D,S,C,2024-08-27,1000000.00,3.755436,102.232421875
08:08:54,91282CLD1,TSRYS5850288,D,S,C,2024-08-27,1000000.00,3.752526,102.25025
08:08:54,91282CLD1,TSRYS5850288,D,S,D,2024-08-27,3000000.00,3.752566,102.25
08:08:54,91282CLD1,TSRYS5850288,D,B,C,2024-08-27,1000000.00,3.755117,102.234375
08:08:54,91282CLD1,TSRYS5850288,D,S,D,2024-08-27,1000000.00,3.755117,102.234375
08:08:54,91282CLD1,TSRYS5850288,D,B,C,2024-08-27,1000000.00,3.755117,102.234375
08:08:54,91282CLD1,TSRYS5850288,D,S,D,2024-08-27,1000000.00,3.755117,102.234375
08:08:54,91282CLD1,TSRYS5850288,D,S,D,2024-08-27,1000000.00,3.755117,102.234375
08:08:54,91282CLD1,TSRYS5850288,D,S,C,2024-08-27,1000000.00,3.752542,102.25015
08:08:54,91282CLD1,TSRYS5850288,D,S,D,2024-08-27,2000000.00,3.755117,102.234375
08:08:54,91282CLD1,TSRYS5850288,D,S,D,2024-08-27,1000000.00,3.755117,102.234375
08:08:54,91282CLD1,TSRYS5850288,D,S,D,2024-08-27,1000000.00,3.755117,102.234375
08:08:54,91282CLD1,TSRYS5850288,D,S,D,2024-08-27,2000000.00,3.755117,102.234375
08:08:54,91282CLD1,TSRYS5850288,D,S,D,2024-08-27,1000000.00,3.752566,102.25
08:08:54,91282CLD1,TSRYS5850288,D,S,D,2024-08-27,1000000.00,3.755117,102.234375
08:08:55,91282CLD1,TSRYS5850288,D,S,D,2024-08-27,1000000.00,3.756392,102.2265625
08:08:55,91282CLD1,TSRYS5850288,D,S,D,2024-08-27,1000000.00,3.752566,102.25
08:08:55,91282CLD1,TSRYS5850288,D,S,D,2024-08-27,1000000.00,3.75703,102.22265625
08:08:55,91282CLD1,TSRYS5850288,D,S,D,2024-08-27,2000000.00,3.757647,102.218875
08:08:55,91282CLD1,TSRYS5850288,D,S,C,2024-08-27,1000000.00,3.75797,102.216896875
08:08:55,91282CLD1,TSRYS5850288,D,B,C,2024-08-27,1000000.00,3.757986,102.216796875
08:08:56,91282CLD1,TSRYS5850288,D,S,C,2024-08-27,1000000.00,3.758272,102.21504375
08:08:56,91282CLD1,TSRYS5850288,D,B,C,2024-08-27,1000000.00,3.758305,102.21484375
08:08:56,91282CLD1,TSRYS5850288,D,S,C,2024-08-27,1000000.00,3.75703,102.22265625
08:08:56,91282CLD1,TSRYS5850288,D,S,D,2024-08-27,1000000.00,3.756711,102.224609375
08:08:58,91282CLD1,TSRYS5850288,D,B,C,2024-08-27,1000000.00,3.756073,102.228515625
08:08:58,91282CLD1,TSRYS5850288,D,S,C,2024-08-27,1000000.00,3.756073,102.228515625
08:08:58,91282CLD1,TSRYS5850288,D,S,C,2024-08-27,1000000.00,3.755419,102.232521875
08:08:58,91282CLD1,TSRYS5850288,D,S,C,2024-08-27,1000000.00,3.756392,102.2265625
08:08:58,91282CLD1,TSRYS5850288,D,S,D,2024-08-27,1000000.00,3.756392,102.2265625
08:08:58,91282CLD1,TSRYS5850288,D,S,D,2024-08-27,1000000.00,3.755754,102.23046875
08:08:58,91282CLD1,TSRYS5850288,D,S,D,2024-08-27,1000000.00,3.755754,102.23046875
08:08:58,91282CLD1,TSRYS5850288,D,S,D,2024-08-27,1000000.00,3.755754,102.23046875
08:08:58,91282CLD1,TSRYS5850288,D,S,D,2024-08-27,1000000.00,3.755754,102.23046875
08:08:58,91282CLD1,TSRYS5850288,D,S,D,2024-08-27,1000000.00,3.755754,102.23046875
08:08:58,91282CLD1,TSRYS5850288,D,S,D,2024-08-27,1000000.00,3.755754,102.23046875
08:08:59,91282CLD1,TSRYS5850288,D,S,D,2024-08-27,1000000.00,3.755754,102.23046875
08:08:59,91282CLD1,TSRYS5850288,D,S,C,2024-08-27,1000000.00,3.753204,102.24609375
08:08:59,91282CLD1,TSRYS5850288,D,S,C,2024-08-27,1000000.00,3.755436,102.232421875
08:08:59,91282CLD1,TSRYS5850288,D,B,C,2024-08-27,1000000.00,3.755436,102.232421875
08:08:59,91282CLD1,TSRYS5850288,D,S,C,2024-08-27,1000000.00,3.755436,102.232421875
08:08:59,91282CLD1,TSRYS5850288,D,S,C,2024-08-27,1000000.00,3.755754,102.23046875
08:09:00,91282CLD1,TSRYS5850288,D,S,C,2024-08-27,1000000.00,3.755436,102.232421875
08:09:00,91282CLD1,TSRYS5850288,D,S,C,2024-08-27,1000000.00,3.755436,102.232421875
08:09:00,91282CLD1,TSRYS5850288,D,S,C,2024-08-27,1000000.00,3.755436,102.232421875
08:09:00,91282CLD1,TSRYS5850288,D,S,C,2024-08-27,1000000.00,3.755436,102.232421875
08:09:00,91282CLD1,TSRYS5850288,D,S,C,2024-08-27,1000000.00,3.755754,102.23046875
08:09:00,91282CLD1,TSRYS5850288,D,S,D,2024-08-27,1000000.00,3.752566,102.25
08:09:00,91282CLD1,TSRYS5850288,D,S,C,2024-08-27,1000000.00,3.755754,102.23046875
08:09:00,91282CLD1,TSRYS5850288,D,S,C,2024-08-27,1000000.00,3.755436,102.232421875
08:09:00,91282CLD1,TSRYS5850288,D,S,D,2024-08-27,1000000.00,3.752885,102.24804687
08:09:00,91282CLD1,TSRYS5850288,D,S,D,2024-08-27,1000000.00,3.753204,102.24609375
08:09:00,91282CLD1,TSRYS5850288,D,S,C,2024-08-27,1000000.00,3.752885,102.24804687
08:09:00,91282CLD1,TSRYS5850288,D,B,C,2024-08-27,1000000.00,3.752615,102.2497
08:09:01,91282CLD1,TSRYS5850288,D,S,D,2024-08-27,1000000.00,3.752566,102.25
08:09:01,91282CLD1,TSRYS5850288,D,S,D,2024-08-27,1000000.00,3.752566,102.25
08:09:01,91282CLD1,TSRYS5850288,D,B,C,2024-08-27,1000000.00,3.75322,102.24599375
08:09:01,91282CLD1,TSRYS5850288,D,S,C,2024-08-27,1000000.00,3.753204,102.24609375
08:09:01,91282CLD1,TSRYS5850288,D,S,D,2024-08-27,1000000.00,3.755754,102.23046875
08:09:01,91282CLD1,TSRYS5850288,D,B,C,2024-08-27,1000000.00,3.755436,102.232421875
08:09:01,91282CLD1,TSRYS5850288,D,S,D,2024-08-27,1000000.00,3.755436,102.232421875
08:09:01,91282CLD1,TSRYS5850288,D,S,D,2024-08-27,2000000.00,3.755436,102.232421875
08:09:01,91282CLD1,TSRYS5850288,D,S,T,2024-08-27,1000000.00,3.752566,102.25
08:09:01,91282CLD1,TSRYS5850288,D,S,D,2024-08-27,2000000.00,3.755436,102.232421875
08:09:01,91282CLD1,TSRYS5850288,D,B,C,2024-08-27,1000000.00,3.755436,102.232421875
08:09:01,91282CLD1,TSRYS5850288,D,S,D,2024-08-27,1000000.00,3.755436,102.232421875
08:09:01,91282CLD1,TSRYS5850288,D,S,D,2024-08-27,1000000.00,3.755436,102.232421875
08:09:01,91282CLD1,TSRYS5850288,D,B,C,2024-08-27,1000000.00,3.755436,102.232421875
08:09:01,91282CLD1,TSRYS5850288,D,S,D,2024-08-27,1000000.00,3.755436,102.232421875
08:09:01,91282CLD1,TSRYS5850288,D,B,C,2024-08-27,1000000.00,3.752885,102.24804687
08:09:01,91282CLD1,TSRYS5850288,D,S,D,2024-08-27,1000000.00,3.752885,102.24804687
08:09:01,91282CLD1,TSRYS5850288,D,S,D,2024-08-27,1000000.00,3.755117,102.234375
08:09:01,91282CLD1,TSRYS5850288,D,S,D,2024-08-27,1000000.00,3.755117,102.234375
08:09:01,91282CLD1,TSRYS5850288,D,B,C,2024-08-27,1000000.00,3.755117,102.234375
08:09:01,91282CLD1,TSRYS5850288,D,S,D,2024-08-27,1000000.00,3.755117,102.234375
08:09:01,91282CLD1,TSRYS5850288,D,B,C,2024-08-27,1000000.00,3.755117,102.234375
08:09:01,91282CLD1,TSRYS5850288,D,S,D,2024-08-27,4000000.00,3.755117,102.234375
08:09:01,91282CLD1,TSRYS5850288,D,B,C,2024-08-27,1000000.00,3.755117,102.234375
08:09:01,91282CLD1,TSRYS5850288,D,S,D,2024-08-27,1000000.00,3.755117,102.234375
08:09:01,91282CLD1,TSRYS5850288,D,S,D,2024-08-27,1000000.00,3.755117,102.234375
08:09:01,91282CLD1,TSRYS5850288,D,S,D,2024-08-27,1000000.00,3.754798,102.236328125
08:09:01,91282CLD1,TSRYS5850288,D,B,C,2024-08-27,1000000.00,3.754798,102.236328125
08:09:01,91282CLD1,TSRYS5850288,D,S,D,2024-08-27,5000000.00,3.754798,102.236328125
08:09:01,91282CLD1,TSRYS5850288,D,B,C,2024-08-27,2000000.00,3.754798,102.236328125
08:09:01,91282CLD1,TSRYS5850288,D,S,D,2024-08-27,2000000.00,3.754798,102.236328125
08:09:01,91282CLD1,TSRYS5850288,D,S,D,2024-08-27,1000000.00,3.754479,102.23828125
08:09:01,91282CLD1,TSRYS5850288,D,S,D,2024-08-27,1000000.00,3.752566,102.25
08:09:01,91282CLD1,TSRYS5850288,D,S,D,2024-08-27,1000000.00,3.754479,102.23828125
08:09:02,91282CLD1,TSRYS5850288,D,S,D,2024-08-27,4000000.00,3.754479,102.23828125
08:09:02,91282CLD1,TSRYS5850288,D,B,C,2024-08-27,2000000.00,3.754479,102.23828125
08:09:02,91282CLD1,TSRYS5850288,D,S,D,2024-08-27,2000000.00,3.754479,102.23828125
08:09:02,91282CLD1,TSRYS5850288,D,S,D,2024-08-27,1000000.00,3.754479,102.23828125
08:09:02,91282CLD1,TSRYS5850288,D,S,D,2024-08-27,1000000.00,3.75416,102.240234375
08:09:02,91282CLD1,TSRYS5850288,D,B,C,2024-08-27,1000000.00,3.75416,102.240234375
08:09:02,91282CLD1,TSRYS5850288,D,S,D,2024-08-27,5000000.00,3.75416,102.240234375
08:09:02,91282CLD1,TSRYS5850288,D,B,C,2024-08-27,2000000.00,3.75416,102.240234375
08:09:02,91282CLD1,TSRYS5850288,D,S,D,2024-08-27,2000000.00,3.75416,102.240234375
08:09:02,91282CLD1,TSRYS5850288,D,B,C,2024-08-27,1000000.00,3.754177,102.240134375
08:09:02,91282CLD1,TSRYS5850288,D,B,C,2024-08-27,1000000.00,3.75416,102.240234375
08:09:02,91282CLD1,TSRYS5850288,D,S,D,2024-08-27,2000000.00,3.75416,102.240234375
08:09:02,91282CLD1,TSRYS5850288,D,S,D,2024-08-27,1000000.00,3.753842,102.2421875
08:09:02,91282CLD1,TSRYS5850288,D,B,C,2024-08-27,1000000.00,3.753858,102.2420875
08:09:02,91282CLD1,TSRYS5850288,D,S,D,2024-08-27,1000000.00,3.753842,102.2421875
08:09:02,91282CLD1,TSRYS5850288,D,S,D,2024-08-27,1000000.00,3.753842,102.2421875
08:09:02,91282CLD1,TSRYS5850288,D,S,D,2024-08-27,4000000.00,3.753842,102.2421875
08:09:02,91282CLD1,TSRYS5850288,D,B,C,2024-08-27,2000000.00,3.753842,102.2421875
08:09:02,91282CLD1,TSRYS5850288,D,S,D,2024-08-27,2000000.00,3.753842,102.2421875
08:09:02,91282CLD1,TSRYS5850288,D,S,D,2024-08-27,1000000.00,3.753523,102.244140625
08:09:02,91282CLD1,TSRYS5850288,D,B,C,2024-08-27,1000000.00,3.753523,102.244140625
08:09:02,91282CLD1,TSRYS5850288,D,S,D,2024-08-27,1000000.00,3.753523,102.244140625
08:09:02,91282CLD1,TSRYS5850288,D,B,C,2024-08-27,1000000.00,3.75322,102.24599375
08:09:02,91282CLD1,TSRYS5850288,D,S,C,2024-08-27,1000000.00,3.753204,102.24609375
08:09:02,91282CLD1,TSRYS5850288,D,B,C,2024-08-27,1000000.00,3.752902,102.247946875
08:09:02,91282CLD1,TSRYS5850288,D,S,C,2024-08-27,1000000.00,3.752885,102.248046875
08:09:02,91282CLD1,TSRYS5850288,D,B,C,2024-08-27,1000000.00,3.752264,102.251853125
08:09:02,91282CLD1,TSRYS5850288,D,S,C,2024-08-27,1000000.00,3.752248,102.251953125
08:09:02,91282CLD1,TSRYS5850288,D,S,C,2024-08-27,1000000.00,3.752566,102.25
08:09:02,91282CLD1,TSRYS5850288,D,S,T,2024-08-27,1000000.00,3.752566,102.25
08:09:02,91282CLD1,TSRYS5850288,D,S,T,2024-08-27,1000000.00,3.753204,102.24609375
08:09:02,91282CLD1,TSRYS5850288,D,S,T,2024-08-27,1000000.00,3.752566,102.25
08:09:02,91282CLD1,TSRYS5850288,D,S,T,2024-08-27,1000000.00,3.752566,102.25
08:09:03,91282CLD1,TSRYS5850288,D,S,T,2024-08-27,1000000.00,3.752566,102.25
08:09:03,91282CLD1,TSRYS5850288,D,B,C,2024-08-27,1000000.00,3.752885,102.248046875
08:09:03,91282CLD1,TSRYS5850288,D,S,C,2024-08-27,1000000.00,3.752885,102.248046875
08:09:03,91282CLD1,TSRYS5850288,D,B,C,2024-08-27,1000000.00,3.752885,102.248046875
08:09:03,91282CLD1,TSRYS5850288,D,S,C,2024-08-27,1000000.00,3.752885,102.248046875
08:09:03,91282CLD1,TSRYS5850288,D,S,T,2024-08-27,1000000.00,3.752566,102.25
08:09:04,91282CLD1,TSRYS5850288,D,S,T,2024-08-27,1000000.00,3.752566,102.25
08:09:04,91282CLD1,TSRYS5850288,D,S,D,2024-08-27,1000000.00,3.752885,102.248046875
08:09:04,91282CLD1,TSRYS5850288,D,B,C,2024-08-27,1000000.00,3.752885,102.248046875
08:09:04,91282CLD1,TSRYS5850288,D,S,D,2024-08-27,1000000.00,3.752885,102.248046875
08:09:04,91282CLD1,TSRYS5850288,D,S,T,2024-08-27,1000000.00,3.753204,102.24609375
08:09:04,91282CLD1,TSRYS5850288,D,S,D,2024-08-27,1000000.00,3.752566,102.25
08:09:04,91282CLD1,TSRYS5850288,D,B,C,2024-08-27,1000000.00,3.752566,102.25
08:09:04,91282CLD1,TSRYS5850288,D,S,C,2024-08-27,1000000.00,3.752566,102.25
08:09:04,91282CLD1,TSRYS5850288,D,S,D,2024-08-27,1000000.00,3.753523,102.24414062
08:09:04,91282CLD1,TSRYS5850288,D,S,C,2024-08-27,1000000.00,3.75255,102.2501
08:09:04,91282CLD1,TSRYS5850288,D,S,D,2024-08-27,3000000.00,3.752566,102.25
08:09:04,91282CLD1,TSRYS5850288,D,B,C,2024-08-27,4000000.00,3.752566,102.25
08:09:05,91282CLD1,TSRYS5850288,D,S,D,2024-08-27,1000000.00,3.752566,102.25
08:09:06,91282CLD1,TSRYS5850288,D,S,D,2024-08-27,1000000.00,3.752566,102.25
08:09:07,91282CLD1,TSRYS5850288,D,B,C,2024-08-27,1000000.00,3.750335,102.263671875
08:09:07,91282CLD1,TSRYS5850288,D,S,C,2024-08-27,1000000.00,3.750335,102.263671875
08:09:08,91282CLD1,TSRYS5850288,D,S,T,2024-08-27,1000000.00,3.752566,102.25
08:09:08,91282CLD1,TSRYS5850288,D,B,C,2024-08-27,1000000.00,3.752885,102.24804687
08:09:08,91282CLD1,TSRYS5850288,D,S,D,2024-08-27,1000000.00,3.752566,102.25
08:09:08,91282CLD1,TSRYS5850288,D,S,T,2024-08-27,1000000.00,3.752566,102.25
08:09:08,91282CLD1,TSRYS5850288,D,S,T,2024-08-27,1000000.00,3.752566,102.25
08:09:08,91282CLD1,TSRYS5850288,D,S,T,2024-08-27,1000000.00,3.752566,102.25
08:09:08,91282CLD1,TSRYS5850288,D,B,C,2024-08-27,2000000.00,3.752885,102.24804687
08:09:08,91282CLD1,TSRYS5850288,D,S,D,2024-08-27,1000000.00,3.753204,102.24609375
08:09:09,91282CLD1,TSRYS5850288,D,S,T,2024-08-27,1000000.00,3.752248,102.251953125
08:09:09,91282CLD1,TSRYS5850288,D,B,C,2024-08-27,1000000.00,3.749379,102.26953125
08:09:09,91282CLD1,TSRYS5850288,D,S,C,2024-08-27,1000000.00,3.749379,102.26953125
08:09:09,91282CLD1,TSRYS5850288,D,S,C,2024-08-27,1000000.00,3.749379,102.26953125
08:09:09,91282CLD1,TSRYS5850288,D,B,C,2024-08-27,1000000.00,3.750335,102.263671875
08:09:09,91282CLD1,TSRYS5850288,D,S,D,2024-08-27,1000000.00,3.750335,102.263671875
08:09:09,91282CLD1,TSRYS5850288,D,S,D,2024-08-27,2000000.00,3.750017,102.265625
08:09:09,91282CLD1,TSRYS5850288,D,S,D,2024-08-27,2000000.00,3.750017,102.265625
08:09:09,91282CLD1,TSRYS5850288,D,S,D,2024-08-27,2000000.00,3.750017,102.265625
08:09:09,91282CLD1,TSRYS5850288,D,S,D,2024-08-27,1000000.00,3.750017,102.265625
08:09:09,91282CLD1,TSRYS5850288,D,S,D,2024-08-27,1000000.00,3.750017,102.265625
08:09:09,91282CLD1,TSRYS5850288,D,S,D,2024-08-27,1000000.00,3.750017,102.265625
08:09:09,91282CLD1,TSRYS5850288,D,S,D,2024-08-27,2000000.00,3.750017,102.265625
08:09:09,91282CLD1,TSRYS5850288,D,S,D,2024-08-27,1000000.00,3.750017,102.265625
08:09:10,91282CLD1,TSRYS5850288,D,B,C,2024-08-27,1000000.00,3.750335,102.263671875
08:09:10,91282CLD1,TSRYS5850288,D,S,T,2024-08-27,1000000.00,3.751929,102.25390625
08:09:10,91282CLD1,TSRYS5850288,D,S,T,2024-08-27,1000000.00,3.751929,102.25390625
08:09:10,91282CLD1,TSRYS5850288,D,S,C,2024-08-27,1000000.00,3.752566,102.25
08:09:10,91282CLD1,TSRYS5850288,D,S,C,2024-08-27,4000000.00,3.75255,102.2501
08:09:10,91282CLD1,TSRYS5850288,D,B,C,2024-08-27,1000000.00,3.752591,102.24985
08:09:10,91282CLD1,TSRYS5850288,D,B,C,2024-08-27,1000000.00,3.752591,102.24985
08:09:10,91282CLD1,TSRYS5850288,D,B,C,2024-08-27,2000000.00,3.752591,102.24985
08:09:10,91282CLD1,TSRYS5850288,D,S,C,2024-08-27,1000000.00,3.752538,102.250175
08:09:10,91282CLD1,TSRYS5850288,D,S,C,2024-08-27,2000000.00,3.752526,102.25025
08:09:10,91282CLD1,TSRYS5850288,D,S,D,2024-08-27,1000000.00,3.752566,102.25
08:09:10,91282CLD1,TSRYS5850288,D,B,C,2024-08-27,4000000.00,3.752591,102.24985
08:09:10,91282CLD1,TSRYS5850288,D,S,D,2024-08-27,4000000.00,3.752566,102.25
08:09:10,91282CLD1,TSRYS5850288,D,S,C,2024-08-27,1000000.00,3.752518,102.2503
08:09:10,91282CLD1,TSRYS5850288,D,S,C,2024-08-27,1000000.00,3.753204,102.24609375
08:09:10,91282CLD1,TSRYS5850288,D,S,C,2024-08-27,1000000.00,3.753204,102.24609375
08:09:10,91282CLD1,TSRYS5850288,D,S,C,2024-08-27,1000000.00,3.753204,102.24609375
08:09:11,91282CLD1,TSRYS5850288,D,S,D,2024-08-27,1000000.00,3.751292,102.2578125
08:09:11,91282CLD1,TSRYS5850288,D,S,C,2024-08-27,1000000.00,3.751292,102.2578125
08:09:11,91282CLD1,TSRYS5850288,D,S,C,2024-08-27,1000000.00,3.751292,102.2578125
08:09:11,91282CLD1,TSRYS5850288,D,S,C,2024-08-27,1000000.00,3.751292,102.2578125
08:09:11,91282CLD1,TSRYS5850288,D,S,D,2024-08-27,1000000.00,3.751292,102.2578125
08:09:11,91282CLD1,TSRYS5850288,D,B,C,2024-08-27,1000000.00,3.751292,102.2578125
08:09:11,91282CLD1,TSRYS5850288,D,S,D,2024-08-27,1000000.00,3.751292,102.2578125
08:09:11,91282CLD1,TSRYS5850288,D,B,C,2024-08-27,1000000.00,3.751292,102.2578125
08:09:11,91282CLD1,TSRYS5850288,D,S,D,2024-08-27,1000000.00,3.751292,102.2578125
08:09:11,91282CLD1,TSRYS5850288,D,S,D,2024-08-27,2000000.00,3.751292,102.2578125
08:09:11,91282CLD1,TSRYS5850288,D,S,D,2024-08-27,1000000.00,3.751292,102.2578125
08:09:11,91282CLD1,TSRYS5850288,D,S,D,2024-08-27,1000000.00,3.751292,102.2578125
08:09:12,91282CLD1,TSRYS5850288,D,S,C,2024-08-27,1000000.00,3.749984,102.265825
08:09:12,91282CLD1,TSRYS5850288,D,S,D,2024-08-27,1000000.00,3.750017,102.265625
08:09:12,91282CLD1,TSRYS5850288,D,S,C,2024-08-27,1000000.00,3.750017,102.265625
08:09:12,91282CLD1,TSRYS5850288,D,S,D,2024-08-27,1000000.00,3.750017,102.265625
08:09:12,91282CLD1,TSRYS5850288,D,S,C,2024-08-27,2000000.00,3.753204,102.24609375
08:09:12,91282CLD1,TSRYS5850288,D,S,C,2024-08-27,1000000.00,3.753204,102.24609375
08:09:12,91282CLD1,TSRYS5850288,D,S,D,2024-08-27,2000000.00,3.752885,102.24804687
08:09:13,91282CLD1,TSRYS5850288,D,S,D,2024-08-27,1000000.00,3.751292,102.2578125
08:09:13,91282CLD1,TSRYS5850288,D,S,D,2024-08-27,1000000.00,3.751292,102.2578125
08:09:13,91282CLD1,TSRYS5850288,D,S,D,2024-08-27,1000000.00,3.751292,102.2578125
08:09:13,91282CLD1,TSRYS5850288,D,S,D,2024-08-27,1000000.00,3.751292,102.2578125
08:09:13,91282CLD1,TSRYS5850288,D,S,D,2024-08-27,2000000.00,3.751292,102.2578125
08:09:13,91282CLD1,TSRYS5850288,D,S,D,2024-08-27,3000000.00,3.751292,102.2578125
08:09:13,91282CLD1,TSRYS5850288,D,B,C,2024-08-27,1000000.00,3.751292,102.2578125
08:09:13,91282CLD1,TSRYS5850288,D,S,D,2024-08-27,1000000.00,3.751292,102.2578125
08:09:13,91282CLD1,TSRYS5850288,D,S,D,2024-08-27,1000000.00,3.751292,102.2578125
08:09:13,91282CLD1,TSRYS5850288,D,B,C,2024-08-27,1000000.00,3.751292,102.2578125
08:09:13,91282CLD1,TSRYS5850288,D,S,D,2024-08-27,1000000.00,3.751292,102.2578125
08:09:14,91282CLD1,TSRYS5850288,D,S,D,2024-08-27,1000000.00,3.751292,102.2578125
08:09:14,91282CLD1,TSRYS5850288,D,S,D,2024-08-27,1000000.00,3.751292,102.2578125
08:09:14,91282CLD1,TSRYS5850288,D,S,D,2024-08-27,1000000.00,3.751292,102.2578125
08:09:14,91282CLD1,TSRYS5850288,D,S,T,2024-08-27,1000000.00,3.751929,102.25390625
08:09:14,91282CLD1,TSRYS5850288,D,S,T,2024-08-27,1000000.00,3.751929,102.25390625
08:09:14,91282CLD1,TSRYS5850288,D,S,D,2024-08-27,1000000.00,3.751292,102.2578125
08:09:14,91282CLD1,TSRYS5850288,D,S,C,2024-08-27,2000000.00,3.751259,102.2580125
08:09:14,91282CLD1,TSRYS5850288,D,S,D,2024-08-27,1000000.00,3.751292,102.2578125
08:09:14,91282CLD1,TSRYS5850288,D,B,C,2024-08-27,1000000.00,3.751292,102.2578125
08:09:14,91282CLD1,TSRYS5850288,D,S,D,2024-08-27,1000000.00,3.751292,102.2578125
08:09:14,91282CLD1,TSRYS5850288,D,B,C,2024-08-27,1000000.00,3.751292,102.2578125
08:09:14,91282CLD1,TSRYS5850288,D,S,D,2024-08-27,1000000.00,3.751292,102.2578125
08:09:14,91282CLD1,TSRYS5850288,D,S,D,2024-08-27,1000000.00,3.751292,102.2578125
08:09:14,91282CLD1,TSRYS5850288,D,B,C,2024-08-27,1000000.00,3.751292,102.2578125
08:09:14,91282CLD1,TSRYS5850288,D,S,D,2024-08-27,1000000.00,3.751292,102.2578125
08:09:14,91282CLD1,TSRYS5850288,D,S,D,2024-08-27,1000000.00,3.751292,102.2578125
08:09:14,91282CLD1,TSRYS5850288,D,B,C,2024-08-27,1000000.00,3.751292,102.2578125
08:09:14,91282CLD1,TSRYS5850288,D,S,D,2024-08-27,1000000.00,3.751292,102.2578125
08:09:14,91282CLD1,TSRYS5850288,D,S,D,2024-08-27,1000000.00,3.751292,102.2578125
08:09:14,91282CLD1,TSRYS5850288,D,S,D,2024-08-27,3000000.00,3.751929,102.25390625
08:09:14,91282CLD1,TSRYS5850288,D,B,C,2024-08-27,3000000.00,3.751945,102.25380625
08:09:14,91282CLD1,TSRYS5850288,D,S,D,2024-08-27,3000000.00,3.752566,102.25
08:09:15,91282CLD1,TSRYS5850288,D,S,D,2024-08-27,1000000.00,3.752566,102.25
08:09:15,91282CLD1,TSRYS5850288,D,S,C,2024-08-27,1000000.00,3.752566,102.25
08:09:15,91282CLD1,TSRYS5850288,D,B,C,2024-08-27,1000000.00,3.752885,102.248046875
08:09:15,91282CLD1,TSRYS5850288,D,S,D,2024-08-27,1000000.00,3.752885,102.248046875
08:09:15,91282CLD1,TSRYS5850288,D,S,T,2024-08-27,1000000.00,3.751929,102.25390625
08:09:15,91282CLD1,TSRYS5850288,D,S,C,2024-08-27,1000000.00,3.752248,102.251953125
08:09:15,91282CLD1,TSRYS5850288,D,S,C,2024-08-27,1000000.00,3.752248,102.251953125
08:09:15,91282CLD1,TSRYS5850288,D,S,C,2024-08-27,1000000.00,3.752248,102.251953125
08:09:15,91282CLD1,TSRYS5850288,D,S,C,2024-08-27,1000000.00,3.752885,102.248046875
08:09:15,91282CLD1,TSRYS5850288,D,B,C,2024-08-27,1000000.00,3.752885,102.248046875
08:09:16,91282CLD1,TSRYS5850288,D,S,C,2024-08-27,1000000.00,3.753204,102.24609375
08:09:16,91282CLD1,TSRYS5850288,D,S,D,2024-08-27,1000000.00,3.753204,102.24609375
08:09:16,91282CLD1,TSRYS5850288,D,S,C,2024-08-27,1000000.00,3.752566,102.25
08:09:16,91282CLD1,TSRYS5850288,D,S,T,2024-08-27,1000000.00,3.751292,102.2578125
08:09:16,91282CLD1,TSRYS5850288,D,S,T,2024-08-27,1000000.00,3.751292,102.2578125
08:09:16,91282CLD1,TSRYS5850288,D,S,C,2024-08-27,1000000.00,3.752566,102.25
08:09:16,91282CLD1,TSRYS5850288,D,S,C,2024-08-27,1000000.00,3.752566,102.25
08:09:16,91282CLD1,TSRYS5850288,D,S,D,2024-08-27,1000000.00,3.752566,102.25
08:09:16,91282CLD1,TSRYS5850288,D,S,D,2024-08-27,1000000.00,3.750654,102.26171875
08:09:16,91282CLD1,TSRYS5850288,D,S,D,2024-08-27,1000000.00,3.750654,102.26171875
08:09:16,91282CLD1,TSRYS5850288,D,S,T,2024-08-27,1000000.00,3.751292,102.2578125
08:09:16,91282CLD1,TSRYS5850288,D,S,D,2024-08-27,1000000.00,3.750654,102.26171875
08:09:16,91282CLD1,TSRYS5850288,D,S,D,2024-08-27,1000000.00,3.750654,102.26171875
08:09:16,91282CLD1,TSRYS5850288,D,S,D,2024-08-27,1000000.00,3.750654,102.26171875
08:09:16,91282CLD1,TSRYS5850288,D,S,D,2024-08-27,1000000.00,3.750973,102.259765625
08:09:16,91282CLD1,TSRYS5850288,D,S,D,2024-08-27,1000000.00,3.752566,102.25
08:09:16,91282CLD1,TSRYS5850288,D,S,D,2024-08-27,1000000.00,3.752566,102.25
08:09:16,91282CLD1,TSRYS5850288,D,S,T,2024-08-27,2000000.00,3.750654,102.26171875
08:09:16,91282CLD1,TSRYS5850288,D,S,T,2024-08-27,1000000.00,3.750654,102.26171875
08:09:16,91282CLD1,TSRYS5850288,D,S,T,2024-08-27,1000000.00,3.750654,102.26171875
08:09:16,91282CLD1,TSRYS5850288,D,S,D,2024-08-27,1000000.00,3.750654,102.26171875
08:09:16,91282CLD1,TSRYS5850288,D,S,D,2024-08-27,1000000.00,3.750654,102.26171875
08:09:16,91282CLD1,TSRYS5850288,D,S,D,2024-08-27,1000000.00,3.751929,102.25390625
08:09:16,91282CLD1,TSRYS5850288,D,S,D,2024-08-27,4000000.00,3.751929,102.25390625
08:09:16,91282CLD1,TSRYS5850288,D,S,D,2024-08-27,1000000.00,3.752248,102.251953125
08:09:16,91282CLD1,TSRYS5850288,D,B,C,2024-08-27,1000000.00,3.750654,102.26171875
08:09:17,91282CLD1,TSRYS5850288,D,S,C,2024-08-27,1000000.00,3.750973,102.259765625
08:09:17,91282CLD1,TSRYS5850288,D,S,C,2024-08-27,1000000.00,3.750654,102.26171875
08:09:17,91282CLD1,TSRYS5850288,D,S,D,2024-08-27,1000000.00,3.750654,102.26171875
08:09:18,91282CLD1,TSRYS5850288,D,S,D,2024-08-27,1000000.00,3.752566,102.25
08:09:18,91282CLD1,TSRYS5850288,D,S,D,2024-08-27,1000000.00,3.752566,102.25
08:09:19,91282CLD1,TSRYS5850288,D,S,T,2024-08-27,1000000.00,3.750654,102.26171875
08:09:19,91282CLD1,TSRYS5850288,D,B,C,2024-08-27,1000000.00,3.750654,102.26171875
08:09:19,91282CLD1,TSRYS5850288,D,B,C,2024-08-27,1000000.00,3.750654,102.26171875
08:09:19,91282CLD1,TSRYS5850288,D,S,C,2024-08-27,1000000.00,3.750654,102.26171875
08:09:20,91282CLD1,TSRYS5850288,D,S,T,2024-08-27,1000000.00,3.752566,102.25
08:09:20,91282CLD1,TSRYS5850288,D,S,T,2024-08-27,1000000.00,3.752566,102.25
08:09:20,91282CLD1,TSRYS5850288,D,S,T,2024-08-27,1000000.00,3.752566,102.25
08:09:21,91282CLD1,TSRYS5850288,D,B,C,2024-08-27,1000000.00,3.750654,102.26171875
08:09:21,91282CLD1,TSRYS5850288,D,S,D,2024-08-27,1000000.00,3.750654,102.26171875
08:09:21,91282CLD1,TSRYS5850288,D,S,D,2024-08-27,2000000.00,3.750654,102.26171875
08:09:21,91282CLD1,TSRYS5850288,D,S,D,2024-08-27,1000000.00,3.750654,102.26171875
08:09:21,91282CLD1,TSRYS5850288,D,S,D,2024-08-27,1000000.00,3.750654,102.26171875
08:09:22,91282CLD1,TSRYS5850288,D,S,T,2024-08-27,1000000.00,3.752885,102.24804687
08:09:22,91282CLD1,TSRYS5850288,D,S,T,2024-08-27,1000000.00,3.752566,102.25
08:09:25,91282CLD1,TSRYS5850288,D,S,C,2024-08-27,1000000.00,3.752538,102.250175
08:09:25,91282CLD1,TSRYS5850288,D,S,C,2024-08-27,1000000.00,3.752566,102.25
08:09:25,91282CLD1,TSRYS5850288,D,S,C,2024-08-27,2000000.00,3.752542,102.25015
08:09:25,91282CLD1,TSRYS5850288,D,S,C,2024-08-27,1000000.00,3.752566,102.25
08:09:25,91282CLD1,TSRYS5850288,D,S,C,2024-08-27,1000000.00,3.752526,102.25025
08:09:25,91282CLD1,TSRYS5850288,D,S,D,2024-08-27,1000000.00,3.752566,102.25
08:09:25,91282CLD1,TSRYS5850288,D,S,D,2024-08-27,1000000.00,3.752566,102.25
08:09:25,91282CLD1,TSRYS5850288,D,S,D,2024-08-27,1000000.00,3.752566,102.25
08:09:25,91282CLD1,TSRYS5850288,D,S,C,2024-08-27,1000000.00,3.752566,102.25
08:09:40,91282CLD1,TSRYS5850288,D,S,D,2024-08-27,1000000.00,3.752566,102.25
08:09:40,91282CLD1,TSRYS5850288,D,S,D,2024-08-27,1000000.00,3.752566,102.25
08:09:40,91282CLD1,TSRYS5850288,D,S,D,2024-08-27,1000000.00,3.751292,102.2578125
08:09:41,91282CLD1,TSRYS5850288,D,S,C,2024-08-27,1000000.00,3.752566,102.25
08:09:46,91282CLD1,TSRYS5850288,D,S,D,2024-08-27,1000000.00,3.750017,102.265625
08:09:48,91282CLD1,TSRYS5850288,D,S,T,2024-08-27,1000000.00,3.750017,102.265625
08:09:54,91282CLD1,TSRYS5850288,D,S,D,2024-08-27,2000000.00,3.752566,102.25
08:09:55,91282CLD1,TSRYS5850288,D,S,C,2024-08-27,1000000.00,3.751267,102.2579625
08:09:55,91282CLD1,TSRYS5850288,D,B,C,2024-08-27,1000000.00,3.751292,102.2578125
08:09:55,91282CLD1,TSRYS5850288,D,S,C,2024-08-27,1000000.00,3.751267,102.2579625
08:09:55,91282CLD1,TSRYS5850288,D,B,C,2024-08-27,1000000.00,3.751292,102.2578125
08:09:55,91282CLD1,TSRYS5850288,D,S,C,2024-08-27,1000000.00,3.751267,102.2579625
08:09:55,91282CLD1,TSRYS5850288,D,S,C,2024-08-27,1000000.00,3.751267,102.2579625
08:09:55,91282CLD1,TSRYS5850288,D,S,C,2024-08-27,1000000.00,3.751267,102.2579625
08:10:01,91282CLD1,TSRYS5850288,D,S,D,2024-08-27,1000000.00,3.750973,102.25976562
08:10:01,91282CLD1,TSRYS5850288,D,B,C,2024-08-27,18000000.00,3.752984,102.24744
08:10:01,91282CLD1,TSRYS5850288,D,S,T,2024-08-27,1000000.00,3.752566,102.25
08:10:01,91282CLD1,TSRYS5850288,D,B,C,2024-08-27,18000000.00,3.752549,102.25011
08:10:01,91282CLD1,TSRYS5850288,D,S,C,2024-08-27,1000000.00,3.750973,102.25976562
08:10:01,91282CLD1,TSRYS5850288,D,B,C,2024-08-27,1000000.00,3.750654,102.26171875
08:10:05,91282CLD1,TSRYS5850288,D,S,T,2024-08-27,1000000.00,3.752566,102.25
08:10:05,91282CLD1,TSRYS5850288,D,S,T,2024-08-27,1000000.00,3.752885,102.24804687
08:10:06,91282CLD1,TSRYS5850288,D,S,T,2024-08-27,1000000.00,3.752566,102.25
08:10:08,91282CLD1,TSRYS5850288,D,S,D,2024-08-27,1000000.00,3.752885,102.24804687
08:10:10,91282CLD1,TSRYS5850288,D,S,T,2024-08-27,1000000.00,3.752566,102.25
08:10:11,91282CLD1,TSRYS5850288,D,S,D,2024-08-27,1000000.00,3.752566,102.25
08:10:13,91282CLD1,TSRYS5850288,D,S,T,2024-08-27,1000000.00,3.752566,102.25
08:10:14,91282CLD1,TSRYS5850288,D,B,C,2024-08-27,18000000.00,3.752594,102.24983
08:10:20,91282CLD1,TSRYS5850288,D,S,D,2024-08-27,150MM+,3.752484,102.2505078119
08:10:33,91282CLD1,TSRYS5850288,D,S,T,2024-08-27,1000000.00,3.752566,102.25
08:10:33,91282CLD1,TSRYS5850288,D,S,T,2024-08-27,1000000.00,3.752566,102.25
08:10:40,91282CLD1,TSRYS5850288,D,S,T,2024-08-27,1000000.00,3.750973,102.259765625
08:10:40,91282CLD1,TSRYS5850288,D,S,C,2024-08-27,1000000.00,3.750956,102.259865625
08:10:46,91282CLD1,TSRYS5850288,D,S,T,2024-08-27,1000000.00,3.752566,102.25
08:10:54,91282CLD1,TSRYS5850288,D,S,C,2024-08-27,1000000.00,3.752566,102.25
08:10:54,91282CLD1,TSRYS5850288,D,S,C,2024-08-27,1000000.00,3.752566,102.25
08:10:54,91282CLD1,TSRYS5850288,D,S,T,2024-08-27,1000000.00,3.752566,102.25
08:10:59,91282CLD1,TSRYS5850288,D,S,T,2024-08-27,1000000.00,3.750017,102.265625
08:11:10,91282CLD1,TSRYS5850288,D,S,D,2024-08-27,1000000.00,3.748105,102.27734375
08:11:10,91282CLD1,TSRYS5850288,D,S,D,2024-08-27,1000000.00,3.748105,102.27734375
08:11:10,91282CLD1,TSRYS5850288,D,S,C,2024-08-27,1000000.00,3.748407,102.275490625
08:11:10,91282CLD1,TSRYS5850288,D,S,T,2024-08-27,1000000.00,3.748742,102.2734375
08:11:11,91282CLD1,TSRYS5850288,D,S,D,2024-08-27,1000000.00,3.748423,102.275390625
08:11:11,91282CLD1,TSRYS5850288,D,S,D,2024-08-27,1000000.00,3.748105,102.27734375
08:11:11,91282CLD1,TSRYS5850288,D,B,C,2024-08-27,2000000.00,3.748423,102.275390625
08:11:11,91282CLD1,TSRYS5850288,D,S,C,2024-08-27,1000000.00,3.748742,102.2734375
08:11:13,91282CLD1,TSRYS5850288,D,S,T,2024-08-27,1000000.00,3.748105,102.27734375
08:11:13,91282CLD1,TSRYS5850288,D,S,T,2024-08-27,1000000.00,3.748105,102.27734375
08:11:15,91282CLD1,TSRYS5850288,D,S,D,2024-08-27,1000000.00,3.748105,102.27734375
08:11:15,91282CLD1,TSRYS5850288,D,S,T,2024-08-27,1000000.00,3.748742,102.2734375
08:11:15,91282CLD1,TSRYS5850288,D,S,T,2024-08-27,1000000.00,3.748742,102.2734375
08:11:18,91282CLD1,TSRYS5850288,D,S,D,2024-08-27,1000000.00,3.748105,102.27734375
08:11:18,91282CLD1,TSRYS5850288,D,S,D,2024-08-27,1000000.00,3.748105,102.27734375
08:11:28,91282CLD1,TSRYS5850288,D,S,C,2024-08-27,1000000.00,3.749984,102.265825
08:11:34,91282CLD1,TSRYS5850288,D,S,C,2024-08-27,1000000.00,3.748407,102.275490625
08:11:34,91282CLD1,TSRYS5850288,D,B,C,2024-08-27,1000000.00,3.748423,102.275390625
08:11:52,91282CLD1,TSRYS5850288,D,S,T,2024-08-27,1000000.00,3.748742,102.2734375
08:11:55,91282CLD1,TSRYS5850288,D,S,C,2024-08-27,1000000.00,3.748701,102.2736875
08:11:55,91282CLD1,TSRYS5850288,D,S,C,2024-08-27,1000000.00,3.748713,102.2736125
08:11:56,91282CLD1,TSRYS5850288,D,S,C,2024-08-27,27500000.00,3.748105,102.27734375
08:11:58,91282CLD1,TSRYS5850288,D,B,C,2024-08-27,1000000.00,3.748105,102.27734375
08:11:58,91282CLD1,TSRYS5850288,D,B,C,2024-08-27,1000000.00,3.748105,102.27734375
08:12:00,91282CLD1,TSRYS5850288,D,B,C,2024-08-27,1000000.00,3.748105,102.27734375
08:12:00,91282CLD1,TSRYS5850288,D,B,C,2024-08-27,1000000.00,3.748105,102.27734375
08:12:08,91282CLD1,TSRYS5850288,D,B,C,2024-08-27,1000000.00,3.748105,102.27734375
08:12:08,91282CLD1,TSRYS5850288,D,B,C,2024-08-27,1000000.00,3.748105,102.27734375
08:12:09,91282CLD1,TSRYS5850288,D,S,C,2024-08-27,8157900.00,3.750017,102.265625
08:12:09,91282CLD1,TSRYS5850288,D,B,A,2024-08-27,8157900.00,3.750017,102.265625
08:12:24,91282CLD1,TSRYS5850288,D,S,D,2024-08-27,1000000.00,3.748742,102.2734375
08:12:28,91282CLD1,TSRYS5850288,D,S,T,2024-08-27,1000000.00,3.748742,102.2734375
08:12:28,91282CLD1,TSRYS5850288,D,S,T,2024-08-27,1000000.00,3.748742,102.2734375
08:12:56,91282CLD1,TSRYS5850288,D,S,C,2024-08-27,1000000.00,3.748718,102.2735875
08:12:56,91282CLD1,TSRYS5850288,D,S,C,2024-08-27,1000000.00,3.748718,102.2735875
08:13:32,91282CLD1,TSRYS5850288,D,S,C,2024-08-27,1000000.00,3.751292,102.2578125
08:13:32,91282CLD1,TSRYS5850288,D,B,C,2024-08-27,1000000.00,3.75134,102.2575125
08:13:36,91282CLD1,TSRYS5850288,D,S,C,2024-08-27,1000000.00,3.751292,102.2578125
08:14:00,91282CLD1,TSRYS5850288,D,S,T,2024-08-27,1000000.00,3.751292,102.2578125
08:14:01,91282CLD1,TSRYS5850288,D,S,A,2024-08-27,489000.00,3.751802,102.2546875
08:14:02,91282CLD1,TSRYS5850288,D,B,C,2024-08-27,1000000.00,3.752566,102.25
08:14:02,91282CLD1,TSRYS5850288,D,S,C,2024-08-27,1000000.00,3.752566,102.25
08:14:02,91282CLD1,TSRYS5850288,D,B,C,2024-08-27,1000000.00,3.752566,102.25
08:14:02,91282CLD1,TSRYS5850288,D,S,C,2024-08-27,1000000.00,3.752566,102.25
08:14:09,91282CLD1,TSRYS5850288,D,S,T,2024-08-27,1000000.00,3.752885,102.248046875
08:14:09,91282CLD1,TSRYS5850288,D,S,D,2024-08-27,2000000.00,3.753204,102.24609375
08:14:12,91282CLD1,TSRYS5850288,D,S,D,2024-08-27,1000000.00,3.752885,102.248046875
08:14:12,91282CLD1,TSRYS5850288,D,S,D,2024-08-27,1000000.00,3.752885,102.248046875
08:14:12,91282CLD1,TSRYS5850288,D,S,D,2024-08-27,2000000.00,3.752885,102.248046875
08:14:13,91282CLD1,TSRYS5850288,D,S,D,2024-08-27,1000000.00,3.752885,102.248046875
08:14:13,91282CLD1,TSRYS5850288,D,S,D,2024-08-27,1000000.00,3.752885,102.248046875
08:14:14,91282CLD1,TSRYS5850288,D,S,C,2024-08-27,1000000.00,3.750335,102.26367187
08:14:14,91282CLD1,TSRYS5850288,D,S,D,2024-08-27,1000000.00,3.752885,102.248046875
08:14:18,91282CLD1,TSRYS5850288,D,S,T,2024-08-27,1000000.00,3.752885,102.248046875
08:14:19,91282CLD1,TSRYS5850288,D,S,T,2024-08-27,1000000.00,3.753204,102.24609375
08:14:19,91282CLD1,TSRYS5850288,D,S,C,2024-08-27,1000000.00,3.753188,102.24619375
08:14:23,91282CLD1,TSRYS5850288,D,S,D,2024-08-27,1000000.00,3.752885,102.248046875
08:14:23,91282CLD1,TSRYS5850288,D,B,C,2024-08-27,1000000.00,3.752885,102.248046875
08:14:23,91282CLD1,TSRYS5850288,D,S,D,2024-08-27,1000000.00,3.752885,102.248046875
08:14:26,91282CLD1,TSRYS5850288,D,S,T,2024-08-27,1000000.00,3.752588,102.24987
08:14:27,91282CLD1,TSRYS5850288,D,B,C,2024-08-27,1000000.00,3.751316,102.2576625
08:14:27,91282CLD1,TSRYS5850288,D,S,D,2024-08-27,1000000.00,3.751292,102.2578125
08:14:27,91282CLD1,TSRYS5850288,D,S,D,2024-08-27,1000000.00,3.751292,102.2578125
08:14:27,91282CLD1,TSRYS5850288,D,B,C,2024-08-27,1000000.00,3.751316,102.2576625
08:14:36,91282CLD1,TSRYS5850288,D,B,C,2024-08-27,1000000.00,3.752885,102.24804687
08:14:36,91282CLD1,TSRYS5850288,D,B,C,2024-08-27,1000000.00,3.753204,102.24609375
08:14:39,91282CLD1,TSRYS5850288,D,B,C,2024-08-27,1000000.00,3.752885,102.24804687
08:14:41,91282CLD1,TSRYS5850288,D,B,C,2024-08-27,1000000.00,3.752885,102.24804687
08:14:46,91282CLD1,TSRYS5850288,D,B,C,2024-08-27,1000000.00,3.751929,102.25390625
08:14:46,91282CLD1,TSRYS5850288,D,S,D,2024-08-27,1000000.00,3.751929,102.25390625
08:14:47,91282CLD1,TSRYS5850288,D,B,C,2024-08-27,2000000.00,3.752885,102.24804687
08:14:47,91282CLD1,TSRYS5850288,D,B,C,2024-08-27,2000000.00,3.752885,102.24804687
08:14:47,91282CLD1,TSRYS5850288,D,B,C,2024-08-27,2000000.00,3.752885,102.24804687
08:14:48,91282CLD1,TSRYS5850288,D,B,C,2024-08-27,1000000.00,3.752885,102.24804687
08:14:49,91282CLD1,TSRYS5850288,D,B,C,2024-08-27,1000000.00,3.752885,102.24804687
08:14:52,91282CLD1,TSRYS5850288,D,S,A,2024-08-27,1000000.00,3.751929,102.25390625
08:14:57,91282CLD1,TSRYS5850288,D,S,C,2024-08-27,1000000.00,3.752534,102.2502
08:15:22,91282CLD1,TSRYS5850288,D,S,T,2024-08-27,1000000.00,3.751292,102.2578125
08:15:26,91282CLD1,TSRYS5850288,D,S,C,2024-08-27,1000000.00,3.75161,102.255859375
08:15:26,91282CLD1,TSRYS5850288,D,B,C,2024-08-27,1000000.00,3.751659,102.255559375
08:16:12,91282CLD1,TSRYS5850288,D,S,D,2024-08-27,1000000.00,3.751292,102.2578125
08:16:12,91282CLD1,TSRYS5850288,D,B,C,2024-08-27,1000000.00,3.751332,102.2575625
08:16:12,91282CLD1,TSRYS5850288,D,S,D,2024-08-27,1000000.00,3.751292,102.2578125
08:16:13,91282CLD1,TSRYS5850288,D,S,D,2024-08-27,1000000.00,3.752566,102.25
08:16:14,91282CLD1,TSRYS5850288,D,B,C,2024-08-27,1000000.00,3.752615,102.2497
08:16:30,91282CLD1,TSRYS5850288,D,S,C,2024-08-27,1000000.00,3.752566,102.25
08:16:30,91282CLD1,TSRYS5850288,D,B,C,2024-08-27,1000000.00,3.752615,102.2497
08:17:11,91282CLD1,TSRYS5850288,D,S,D,2024-08-27,1000000.00,3.752566,102.25
08:17:11,91282CLD1,TSRYS5850288,D,B,C,2024-08-27,1000000.00,3.752603,102.249775
08:17:18,91282CLD1,TSRYS5850288,D,S,C,2024-08-27,1000000.00,3.753188,102.24619375
08:17:18,91282CLD1,TSRYS5850288,D,B,C,2024-08-27,1000000.00,3.753204,102.24609375
08:17:18,91282CLD1,TSRYS5850288,D,S,D,2024-08-27,1000000.00,3.752885,102.248046875
08:17:18,91282CLD1,TSRYS5850288,D,B,C,2024-08-27,1000000.00,3.752885,102.248046875
08:17:20,91282CLD1,TSRYS5850288,D,S,T,2024-08-27,1000000.00,3.752566,102.25
08:17:39,91282CLD1,TSRYS5850288,D,B,C,2024-08-27,1000000.00,3.752885,102.24804687
08:17:49,91282CLD1,TSRYS5850288,D,S,D,2024-08-27,10000000.00,,102.703125
08:17:58,91282CLD1,TSRYS5850288,D,S,D,2024-08-27,1000000.00,3.752566,102.25
08:18:19,91282CLD1,TSRYS5850288,D,S,D,2024-08-27,1000000.00,3.752566,102.25
08:18:20,91282CLD1,TSRYS5850288,D,S,C,2024-08-27,1000000.00,3.752566,102.25
08:18:20,91282CLD1,TSRYS5850288,D,S,T,2024-08-27,1000000.00,3.752566,102.25
08:18:20,91282CLD1,TSRYS5850288,D,S,T,2024-08-27,1000000.00,3.752566,102.25
08:18:24,91282CLD1,TSRYS5850288,D,S,C,2024-08-27,2000000.00,3.752566,102.25
08:18:24,91282CLD1,TSRYS5850288,D,S,T,2024-08-27,3000000.00,3.752566,102.25
08:18:24,91282CLD1,TSRYS5850288,D,S,D,2024-08-27,2000000.00,3.752566,102.25
08:18:24,91282CLD1,TSRYS5850288,D,S,D,2024-08-27,1000000.00,3.752566,102.25
08:18:24,91282CLD1,TSRYS5850288,D,S,D,2024-08-27,1000000.00,3.752566,102.25
08:18:25,91282CLD1,TSRYS5850288,D,S,T,2024-08-27,1000000.00,3.752566,102.25
08:18:25,91282CLD1,TSRYS5850288,D,S,D,2024-08-27,2000000.00,3.752566,102.25
08:18:25,91282CLD1,TSRYS5850288,D,B,C,2024-08-27,1000000.00,3.752885,102.24804687
08:18:27,91282CLD1,TSRYS5850288,D,S,T,2024-08-27,3000000.00,3.752566,102.25
08:18:28,91282CLD1,TSRYS5850288,D,S,C,2024-08-27,5902000.00,3.752566,102.25
08:18:29,91282CLD1,TSRYS5850288,D,S,T,2024-08-27,1000000.00,3.752566,102.25
08:18:29,91282CLD1,TSRYS5850288,D,S,T,2024-08-27,3000000.00,3.752566,102.25
08:18:29,91282CLD1,TSRYS5850288,D,S,T,2024-08-27,3000000.00,3.752566,102.25
08:18:29,91282CLD1,TSRYS5850288,D,S,T,2024-08-27,2000000.00,3.752566,102.25
08:18:29,91282CLD1,TSRYS5850288,D,S,T,2024-08-27,3000000.00,3.752566,102.25
08:18:29,91282CLD1,TSRYS5850288,D,S,T,2024-08-27,1000000.00,3.752566,102.25
08:18:30,91282CLD1,TSRYS5850288,D,S,T,2024-08-27,4000000.00,3.752566,102.25
08:18:32,91282CLD1,TSRYS5850288,D,S,T,2024-08-27,3000000.00,3.752566,102.25
08:18:34,91282CLD1,TSRYS5850288,D,S,T,2024-08-27,1000000.00,3.752566,102.25
08:18:37,91282CLD1,TSRYS5850288,D,S,T,2024-08-27,3000000.00,3.752566,102.25
08:18:43,91282CLD1,TSRYS5850288,D,S,D,2024-08-27,1000000.00,3.750654,102.26171875
08:18:43,91282CLD1,TSRYS5850288,D,S,D,2024-08-27,2000000.00,3.750654,102.26171875
08:18:43,91282CLD1,TSRYS5850288,D,S,D,2024-08-27,1000000.00,3.750654,102.26171875
08:18:43,91282CLD1,TSRYS5850288,D,S,D,2024-08-27,1000000.00,3.750654,102.26171875
08:18:57,91282CLD1,TSRYS5850288,D,S,D,2024-08-27,1000000.00,3.752566,102.25
08:18:57,91282CLD1,TSRYS5850288,D,S,D,2024-08-27,3000000.00,3.752566,102.25
08:18:57,91282CLD1,TSRYS5850288,D,S,D,2024-08-27,1000000.00,3.752566,102.25
08:18:57,91282CLD1,TSRYS5850288,D,S,D,2024-08-27,3000000.00,3.752566,102.25
08:19:01,91282CLD1,TSRYS5850288,D,B,C,2024-08-27,2000000.00,3.751357,102.2574125
08:19:02,91282CLD1,TSRYS5850288,D,B,C,2024-08-27,1000000.00,3.750654,102.26171875
08:19:14,91282CLD1,TSRYS5850288,D,S,C,2024-08-27,1000000.00,3.752566,102.25
08:19:14,91282CLD1,TSRYS5850288,D,S,D,2024-08-27,1000000.00,3.752566,102.25
08:19:14,91282CLD1,TSRYS5850288,D,S,D,2024-08-27,2000000.00,3.752566,102.25
08:19:14,91282CLD1,TSRYS5850288,D,S,C,2024-08-27,3000000.00,3.752534,102.2502
08:19:14,91282CLD1,TSRYS5850288,D,S,C,2024-08-27,3000000.00,3.752526,102.25025
08:19:14,91282CLD1,TSRYS5850288,D,S,D,2024-08-27,1000000.00,3.752566,102.25
08:19:14,91282CLD1,TSRYS5850288,D,S,C,2024-08-27,3000000.00,3.752534,102.2502
08:19:14,91282CLD1,TSRYS5850288,D,S,D,2024-08-27,3000000.00,3.752566,102.25
08:19:14,91282CLD1,TSRYS5850288,D,S,C,2024-08-27,4000000.00,3.752566,102.25
08:19:14,91282CLD1,TSRYS5850288,D,S,C,2024-08-27,1000000.00,3.752526,102.25025
08:19:14,91282CLD1,TSRYS5850288,D,S,D,2024-08-27,3000000.00,3.752566,102.25
08:19:37,91282CLD1,TSRYS5850288,D,B,C,2024-08-27,1000000.00,3.751292,102.2578125
08:19:37,91282CLD1,TSRYS5850288,D,S,C,2024-08-27,1000000.00,3.751292,102.2581125
08:19:43,91282CLD1,TSRYS5850288,D,S,T,2024-08-27,1000000.00,3.751292,102.2578125
08:20:00,91282CLD1,TSRYS5850288,D,S,C,2024-08-27,15000000.00,3.751292,102.2578125
08:20:24,91282CLD1,TSRYS5850288,D,S,T,2024-08-27,1000000.00,3.752566,102.25
08:20:24,91282CLD1,TSRYS5850288,D,S,D,2024-08-27,2000000.00,3.752885,102.248046875
08:20:24,91282CLD1,TSRYS5850288,D,S,D,2024-08-27,1000000.00,3.752885,102.248046875
08:20:24,91282CLD1,TSRYS5850288,D,S,D,2024-08-27,2000000.00,3.752885,102.248046875
08:20:24,91282CLD1,TSRYS5850288,D,S,D,2024-08-27,1000000.00,3.752885,102.248046875
08:20:24,91282CLD1,TSRYS5850288,D,S,D,2024-08-27,1000000.00,3.752885,102.248046875
08:20:24,91282CLD1,TSRYS5850288,D,S,D,2024-08-27,2000000.00,3.752885,102.248046875
08:20:24,91282CLD1,TSRYS5850288,D,S,D,2024-08-27,2000000.00,3.752885,102.248046875
08:20:24,91282CLD1,TSRYS5850288,D,S,D,2024-08-27,1000000.00,3.752885,102.248046875
08:20:24,91282CLD1,TSRYS5850288,D,S,D,2024-08-27,1000000.00,3.752885,102.248046875
08:20:24,91282CLD1,TSRYS5850288,D,S,D,2024-08-27,2000000.00,3.752885,102.248046875
08:20:24,91282CLD1,TSRYS5850288,D,S,D,2024-08-27,1000000.00,3.752885,102.248046875
08:20:24,91282CLD1,TSRYS5850288,D,S,D,2024-08-27,1000000.00,3.752885,102.248046875
08:20:24,91282CLD1,TSRYS5850288,D,S,D,2024-08-27,2000000.00,3.752885,102.248046875
08:20:24,91282CLD1,TSRYS5850288,D,S,D,2024-08-27,1000000.00,3.752885,102.248046875
08:20:24,91282CLD1,TSRYS5850288,D,S,T,2024-08-27,1000000.00,3.752885,102.248046875
08:20:24,91282CLD1,TSRYS5850288,D,S,D,2024-08-27,2000000.00,3.752885,102.248046875
08:20:24,91282CLD1,TSRYS5850288,D,S,D,2024-08-27,1000000.00,3.752885,102.248046875
08:20:24,91282CLD1,TSRYS5850288,D,S,D,2024-08-27,1000000.00,3.752885,102.248046875
08:20:24,91282CLD1,TSRYS5850288,D,S,T,2024-08-27,1000000.00,3.752885,102.248046875
08:20:24,91282CLD1,TSRYS5850288,D,S,D,2024-08-27,1000000.00,3.752566,102.25
08:20:25,91282CLD1,TSRYS5850288,D,S,T,2024-08-27,1000000.00,3.753204,102.24609375
08:20:25,91282CLD1,TSRYS5850288,D,S,C,2024-08-27,1000000.00,3.753188,102.24619375
08:20:25,91282CLD1,TSRYS5850288,D,S,T,2024-08-27,1000000.00,3.753204,102.24609375
08:20:25,91282CLD1,TSRYS5850288,D,S,C,2024-08-27,1000000.00,3.753188,102.24619375
08:20:26,91282CLD1,TSRYS5850288,D,S,T,2024-08-27,1000000.00,3.753204,102.24609375
08:20:26,91282CLD1,TSRYS5850288,D,S,C,2024-08-27,1000000.00,3.753188,102.24619375
08:20:27,91282CLD1,TSRYS5850288,D,S,D,2024-08-27,1000000.00,3.751251,102.2580625
08:20:29,91282CLD1,TSRYS5850288,D,S,D,2024-08-27,1000000.00,3.752885,102.248046875
08:20:29,91282CLD1,TSRYS5850288,D,S,D,2024-08-27,1000000.00,3.752885,102.248046875
08:20:33,91282CLD1,TSRYS5850288,D,S,D,2024-08-27,1000000.00,3.753842,102.2421875
08:20:34,91282CLD1,TSRYS5850288,D,S,T,2024-08-27,1000000.00,3.753842,102.2421875
08:20:39,91282CLD1,TSRYS5850288,D,B,C,2024-08-27,1000000.00,3.752566,102.25
08:20:39,91282CLD1,TSRYS5850288,D,S,D,2024-08-27,1000000.00,3.752566,102.25
08:20:40,91282CLD1,TSRYS5850288,D,S,D,2024-08-27,2000000.00,3.752566,102.25
08:20:40,91282CLD1,TSRYS5850288,D,S,C,2024-08-27,1000000.00,3.752566,102.25
08:20:46,91282CLD1,TSRYS5850288,D,S,T,2024-08-27,1000000.00,3.752566,102.25
08:20:46,91282CLD1,TSRYS5850288,D,S,T,2024-08-27,1000000.00,3.752566,102.25
08:20:48,91282CLD1,TSRYS5850288,D,B,C,2024-08-27,1000000.00,3.752885,102.24804687
08:20:48,91282CLD1,TSRYS5850288,D,B,C,2024-08-27,1000000.00,3.752885,102.24804687
08:20:51,91282CLD1,TSRYS5850288,D,B,C,2024-08-27,1000000.00,3.752885,102.24804687
08:20:51,91282CLD1,TSRYS5850288,D,S,A,2024-08-27,1000000.00,3.751251,102.2580625
08:20:53,91282CLD1,TSRYS5850288,D,S,T,2024-08-27,1000000.00,3.753842,102.2421875
08:21:05,91282CLD1,TSRYS5850288,D,B,C,2024-08-27,1000000.00,3.751292,102.2578125
08:21:05,91282CLD1,TSRYS5850288,D,S,C,2024-08-27,1000000.00,3.751292,102.2581125
08:21:19,91282CLD1,TSRYS5850288,D,B,C,2024-08-27,1000000.00,3.752885,102.24804687
08:21:21,91282CLD1,TSRYS5850288,D,B,C,2024-08-27,1000000.00,3.752885,102.24804687
08:21:25,91282CLD1,TSRYS5850288,D,B,C,2024-08-27,1000000.00,3.752885,102.24804687
08:21:25,91282CLD1,TSRYS5850288,D,B,C,2024-08-27,1000000.00,3.752885,102.24804687
08:21:28,91282CLD1,TSRYS5850288,D,S,D,2024-08-27,1000000.00,3.753842,102.2421875
08:21:35,91282CLD1,TSRYS5850288,D,B,C,2024-08-27,1000000.00,3.752885,102.24804687
08:21:37,91282CLD1,TSRYS5850288,D,S,T,2024-08-27,1000000.00,3.752566,102.25
08:21:37,91282CLD1,TSRYS5850288,D,B,C,2024-08-27,100000000.00,3.75114,102.25874
08:21:41,91282CLD1,TSRYS5850288,D,S,T,2024-08-27,1000000.00,3.752566,102.25
08:21:43,91282CLD1,TSRYS5850288,D,B,C,2024-08-27,1000000.00,3.752599,102.2498
08:21:43,91282CLD1,TSRYS5850288,D,S,C,2024-08-27,1000000.00,3.752566,102.25
08:21:43,91282CLD1,TSRYS5850288,D,S,C,2024-08-27,8200000.00,3.751929,102.25390625
08:21:48,91282CLD1,TSRYS5850288,D,S,T,2024-08-27,1000000.00,3.752885,102.248046875
08:21:48,91282CLD1,TSRYS5850288,D,S,D,2024-08-27,1000000.00,3.752885,102.248046875
08:21:55,91282CLD1,TSRYS5850288,D,S,T,2024-08-27,1000000.00,3.753842,102.2421875
08:22:15,91282CLD1,TSRYS5850288,D,S,D,2024-08-27,1000000.00,3.752566,102.25
08:22:30,91282CLD1,TSRYS5850288,D,S,D,2024-08-27,1000000.00,3.752566,102.25
08:22:30,91282CLD1,TSRYS5850288,D,S,D,2024-08-27,1000000.00,3.753842,102.2421875
08:22:52,91282CLD1,TSRYS5850288,D,S,D,2024-08-27,90000000.00,3.75191,102.25402
08:22:55,91282CLD1,TSRYS5850288,D,S,T,2024-08-27,1000000.00,3.756073,102.228515625
08:22:55,91282CLD1,TSRYS5850288,D,S,T,2024-08-27,1000000.00,3.756073,102.228515625
08:22:55,91282CLD1,TSRYS5850288,D,S,T,2024-08-27,1000000.00,3.755436,102.232421875
08:22:55,91282CLD1,TSRYS5850288,D,S,T,2024-08-27,1000000.00,3.755117,102.234375
08:22:55,91282CLD1,TSRYS5850288,D,S,T,2024-08-27,1000000.00,3.754798,102.236328125
08:22:56,91282CLD1,TSRYS5850288,D,B,C,2024-08-27,1000000.00,3.755117,102.234375
08:22:56,91282CLD1,TSRYS5850288,D,S,D,2024-08-27,1000000.00,3.755117,102.234375
08:22:57,91282CLD1,TSRYS5850288,D,S,C,2024-08-27,1000000.00,3.756057,102.228615625
08:22:57,91282CLD1,TSRYS5850288,D,S,C,2024-08-27,1000000.00,3.756057,102.228615625
08:22:57,91282CLD1,TSRYS5850288,D,S,D,2024-08-27,1000000.00,3.755436,102.232421875
08:22:57,91282CLD1,TSRYS5850288,D,B,C,2024-08-27,1000000.00,3.754798,102.236328125
08:22:58,91282CLD1,TSRYS5850288,D,S,C,2024-08-27,1000000.00,3.754798,102.236328125
08:22:58,91282CLD1,TSRYS5850288,D,B,C,2024-08-27,1000000.00,3.754798,102.236328125
08:22:58,91282CLD1,TSRYS5850288,D,S,C,2024-08-27,1000000.00,3.754798,102.236328125
08:22:58,91282CLD1,TSRYS5850288,D,S,C,2024-08-27,1000000.00,3.754798,102.236328125
08:22:58,91282CLD1,TSRYS5850288,D,S,C,2024-08-27,1000000.00,3.754798,102.236328125
08:22:59,91282CLD1,TSRYS5850288,D,S,D,2024-08-27,1000000.00,3.755117,102.234375
08:22:59,91282CLD1,TSRYS5850288,D,B,C,2024-08-27,1000000.00,3.755117,102.234375
08:23:02,91282CLD1,TSRYS5850288,D,S,T,2024-08-27,1000000.00,3.754798,102.236328125
08:23:02,91282CLD1,TSRYS5850288,D,S,T,2024-08-27,1000000.00,3.755117,102.234375
08:23:14,91282CLD1,TSRYS5850288,D,S,D,2024-08-27,1000000.00,3.755117,102.234375
08:23:15,91282CLD1,TSRYS5850288,D,S,D,2024-08-27,1000000.00,3.755117,102.234375
08:23:15,91282CLD1,TSRYS5850288,D,S,D,2024-08-27,1000000.00,3.755117,102.234375
08:23:16,91282CLD1,TSRYS5850288,D,S,D,2024-08-27,2000000.00,3.752885,102.24804687
08:23:22,91282CLD1,TSRYS5850288,D,B,C,2024-08-27,14000000.00,3.754479,102.23828125
08:23:40,91282CLD1,TSRYS5850288,D,S,C,2024-08-27,49180000.00,3.755117,102.234375
08:23:40,91282CLD1,TSRYS5850288,D,S,C,2024-08-27,24220000.00,3.755117,102.234375
08:23:43,91282CLD1,TSRYS5850288,D,B,C,2024-08-27,1000000.00,3.755117,102.234375
08:23:43,91282CLD1,TSRYS5850288,D,S,D,2024-08-27,1000000.00,3.755117,102.234375
08:23:45,91282CLD1,TSRYS5850288,D,S,D,2024-08-27,1000000.00,3.755117,102.234375
08:23:45,91282CLD1,TSRYS5850288,D,B,C,2024-08-27,1000000.00,3.755117,102.234375
08:23:46,91282CLD1,TSRYS5850288,D,S,D,2024-08-27,1000000.00,3.755117,102.234375
08:23:46,91282CLD1,TSRYS5850288,D,B,C,2024-08-27,1000000.00,3.755141,102.234225
08:23:46,91282CLD1,TSRYS5850288,D,S,D,2024-08-27,1000000.00,3.755117,102.234375
08:23:48,91282CLD1,TSRYS5850288,D,S,D,2024-08-27,1000000.00,3.755117,102.234375
08:23:48,91282CLD1,TSRYS5850288,D,S,T,2024-08-27,1000000.00,3.755117,102.234375
08:23:48,91282CLD1,TSRYS5850288,D,S,T,2024-08-27,1000000.00,3.755117,102.234375
08:24:00,91282CLD1,TSRYS5850288,D,S,D,2024-08-27,1000000.00,3.755117,102.234375
08:24:00,91282CLD1,TSRYS5850288,D,S,D,2024-08-27,1000000.00,3.755117,102.234375
08:24:00,91282CLD1,TSRYS5850288,D,B,C,2024-08-27,1000000.00,3.755133,102.234275
08:24:15,91282CLD1,TSRYS5850288,D,S,D,2024-08-27,1000000.00,3.755117,102.234375
08:24:15,91282CLD1,TSRYS5850288,D,B,C,2024-08-27,1000000.00,3.755117,102.234375
08:24:16,91282CLD1,TSRYS5850288,D,S,T,2024-08-27,1000000.00,3.755117,102.234375
08:24:17,91282CLD1,TSRYS5850288,D,S,T,2024-08-27,1000000.00,3.755117,102.234375
08:24:30,91282CLD1,TSRYS5850288,D,B,C,2024-08-27,1000000.00,3.755133,102.234275
08:24:31,91282CLD1,TSRYS5850288,D,B,C,2024-08-27,1000000.00,3.755117,102.234375
08:24:31,91282CLD1,TSRYS5850288,D,S,D,2024-08-27,1000000.00,3.755117,102.234375
08:24:36,91282CLD1,TSRYS5850288,D,S,D,2024-08-27,1000000.00,3.756711,102.224609375
08:24:36,91282CLD1,TSRYS5850288,D,B,C,2024-08-27,1000000.00,3.756711,102.224609375
08:24:37,91282CLD1,TSRYS5850288,D,S,C,2024-08-27,1000000.00,3.756711,102.224609375
08:24:37,91282CLD1,TSRYS5850288,D,B,C,2024-08-27,1000000.00,3.756711,102.224609375
08:24:45,91282CLD1,TSRYS5850288,D,S,D,2024-08-27,1000000.00,3.755117,102.234375
08:24:46,91282CLD1,TSRYS5850288,D,B,C,2024-08-27,1000000.00,3.755117,102.234375
08:24:46,91282CLD1,TSRYS5850288,D,S,D,2024-08-27,1000000.00,3.755117,102.234375
08:25:00,91282CLD1,TSRYS5850288,D,S,C,2024-08-27,1000000.00,3.755068,102.234675
08:25:00,91282CLD1,TSRYS5850288,D,S,C,2024-08-27,1000000.00,3.755068,102.234675
08:25:00,91282CLD1,TSRYS5850288,D,S,C,2024-08-27,1000000.00,3.755068,102.234675
08:25:00,91282CLD1,TSRYS5850288,D,B,C,2024-08-27,1000000.00,3.755166,102.234075
08:25:20,91282CLD1,TSRYS5850288,D,B,C,2024-08-27,1000000.00,3.755117,102.234375
08:25:20,91282CLD1,TSRYS5850288,D,S,D,2024-08-27,1000000.00,3.755117,102.234375
08:25:20,91282CLD1,TSRYS5850288,D,S,D,2024-08-27,1000000.00,3.755117,102.234375
08:25:20,91282CLD1,TSRYS5850288,D,B,C,2024-08-27,1000000.00,3.755117,102.234375
08:25:25,91282CLD1,TSRYS5850288,D,S,D,2024-08-27,1000000.00,3.755117,102.234375
08:25:33,91282CLD1,TSRYS5850288,D,S,T,2024-08-27,1000000.00,3.755117,102.234375
08:25:33,91282CLD1,TSRYS5850288,D,S,T,2024-08-27,2000000.00,3.755117,102.234375
08:25:33,91282CLD1,TSRYS5850288,D,S,D,2024-08-27,1000000.00,3.754798,102.236328125
08:25:33,91282CLD1,TSRYS5850288,D,S,T,2024-08-27,1000000.00,3.755117,102.234375
08:25:33,91282CLD1,TSRYS5850288,D,B,C,2024-08-27,1000000.00,3.754798,102.236328125
08:25:47,91282CLD1,TSRYS5850288,D,S,C,2024-08-27,1000000.00,3.755117,102.234375
08:25:47,91282CLD1,TSRYS5850288,D,S,C,2024-08-27,1000000.00,3.755117,102.234375
08:25:47,91282CLD1,TSRYS5850288,D,B,C,2024-08-27,1000000.00,3.756416,102.2264125
08:25:47,91282CLD1,TSRYS5850288,D,S,D,2024-08-27,1000000.00,3.756392,102.2265625
08:25:47,91282CLD1,TSRYS5850288,D,S,D,2024-08-27,1000000.00,3.756392,102.2265625
08:25:47,91282CLD1,TSRYS5850288,D,B,C,2024-08-27,1000000.00,3.756416,102.2264125
08:25:48,91282CLD1,TSRYS5850288,D,S,D,2024-08-27,1000000.00,3.756392,102.2265625
08:25:55,91282CLD1,TSRYS5850288,D,S,T,2024-08-27,1000000.00,3.755117,102.234375
08:26:00,91282CLD1,TSRYS5850288,D,B,C,2024-08-27,2000000.00,3.750084,102.26521
08:26:02,91282CLD1,TSRYS5850288,D,S,D,2024-08-27,1000000.00,3.755117,102.234375
08:26:02,91282CLD1,TSRYS5850288,D,B,C,2024-08-27,1000000.00,3.755141,102.234225
08:26:02,91282CLD1,TSRYS5850288,D,B,C,2024-08-27,2000000.00,3.755117,102.234375
08:26:02,91282CLD1,TSRYS5850288,D,S,C,2024-08-27,2000000.00,3.755088,102.23455
08:26:02,91282CLD1,TSRYS5850288,D,S,C,2024-08-27,2000000.00,3.755088,102.23455
08:26:02,91282CLD1,TSRYS5850288,D,S,D,2024-08-27,1000000.00,3.755117,102.234375
08:26:02,91282CLD1,TSRYS5850288,D,S,C,2024-08-27,1000000.00,3.755088,102.23455
08:26:16,91282CLD1,TSRYS5850288,D,S,T,2024-08-27,1000000.00,3.756392,102.2265625
08:26:19,91282CLD1,TSRYS5850288,D,S,D,2024-08-27,1000000.00,3.754798,102.236328125
08:26:19,91282CLD1,TSRYS5850288,D,B,C,2024-08-27,1000000.00,3.754798,102.236328125
08:26:39,91282CLD1,TSRYS5850288,D,S,D,2024-08-27,1000000.00,3.755117,102.234375
08:26:40,91282CLD1,TSRYS5850288,D,S,D,2024-08-27,1000000.00,3.755117,102.234375
08:26:57,91282CLD1,TSRYS5850288,D,S,T,2024-08-27,1000000.00,3.756392,102.2265625
08:26:57,91282CLD1,TSRYS5850288,D,S,T,2024-08-27,1000000.00,3.756392,102.2265625
08:27:14,91282CLD1,TSRYS5850288,D,S,D,2024-08-27,1000000.00,3.756392,102.2265625
08:27:14,91282CLD1,TSRYS5850288,D,S,D,2024-08-27,1000000.00,3.756392,102.2265625
08:27:23,91282CLD1,TSRYS5850288,D,S,T,2024-08-27,1000000.00,3.756711,102.224609375
08:27:24,91282CLD1,TSRYS5850288,D,S,D,2024-08-27,1000000.00,3.756711,102.224609375
08:27:24,91282CLD1,TSRYS5850288,D,S,D,2024-08-27,1000000.00,3.756711,102.224609375
08:27:24,91282CLD1,TSRYS5850288,D,B,C,2024-08-27,1000000.00,3.756711,102.224609375
08:27:31,91282CLD1,TSRYS5850288,D,S,D,2024-08-27,1000000.00,3.757667,102.21875
08:27:31,91282CLD1,TSRYS5850288,D,B,C,2024-08-27,1000000.00,3.757667,102.21875
08:27:32,91282CLD1,TSRYS5850288,D,B,C,2024-08-27,3000000.00,3.756416,102.2264125
08:27:32,91282CLD1,TSRYS5850288,D,S,D,2024-08-27,3000000.00,3.756392,102.2265625
08:27:46,91282CLD1,TSRYS5850288,D,S,D,2024-08-27,1000000.00,3.756392,102.2265625
08:27:46,91282CLD1,TSRYS5850288,D,B,C,2024-08-27,1000000.00,3.756425,102.2263625
08:27:50,91282CLD1,TSRYS5850288,D,S,C,2024-08-27,1000000.00,3.757667,102.21875
08:27:50,91282CLD1,TSRYS5850288,D,S,D,2024-08-27,1000000.00,3.757667,102.21875
08:28:01,91282CLD1,TSRYS5850288,D,S,D,2024-08-27,460000.00,3.756711,102.224609375
08:28:03,91282CLD1,TSRYS5850288,D,S,D,2024-08-27,460000.00,3.756392,102.2265625
08:28:36,91282CLD1,TSRYS5850288,D,S,T,2024-08-27,1000000.00,3.757667,102.21875
08:28:36,91282CLD1,TSRYS5850288,D,S,D,2024-08-27,1000000.00,3.757349,102.220703125
08:28:37,91282CLD1,TSRYS5850288,D,S,D,2024-08-27,1000000.00,3.757667,102.21875
08:28:37,91282CLD1,TSRYS5850288,D,B,C,2024-08-27,1000000.00,3.757667,102.21875
08:28:42,91282CLD1,TSRYS5850288,D,S,T,2024-08-27,1000000.00,3.757986,102.216796875
08:28:42,91282CLD1,TSRYS5850288,D,S,T,2024-08-27,1000000.00,3.757667,102.21875
08:28:42,91282CLD1,TSRYS5850288,D,B,C,2024-08-27,1000000.00,3.757667,102.21875
08:28:42,91282CLD1,TSRYS5850288,D,S,D,2024-08-27,1000000.00,3.757667,102.21875
08:28:42,91282CLD1,TSRYS5850288,D,S,D,2024-08-27,1000000.00,3.757667,102.21875
08:28:42,91282CLD1,TSRYS5850288,D,S,D,2024-08-27,1000000.00,3.757986,102.216796875
08:28:44,91282CLD1,TSRYS5850288,D,S,D,2024-08-27,1000000.00,3.757667,102.21875
08:28:52,91282CLD1,TSRYS5850288,D,S,T,2024-08-27,1000000.00,3.757349,102.220703125
08:28:52,91282CLD1,TSRYS5850288,D,S,C,2024-08-27,1000000.00,3.757667,102.21875
08:28:52,91282CLD1,TSRYS5850288,D,S,C,2024-08-27,1000000.00,3.757667,102.21875
08:28:52,91282CLD1,TSRYS5850288,D,S,C,2024-08-27,1000000.00,3.757667,102.21875
08:28:53,91282CLD1,TSRYS5850288,D,S,D,2024-08-27,1000000.00,3.757667,102.21875
08:28:53,91282CLD1,TSRYS5850288,D,S,D,2024-08-27,1000000.00,3.757667,102.21875
08:28:53,91282CLD1,TSRYS5850288,D,S,C,2024-08-27,1000000.00,3.757667,102.21875
08:28:53,91282CLD1,TSRYS5850288,D,S,D,2024-08-27,1000000.00,3.757667,102.21875
08:28:54,91282CLD1,TSRYS5850288,D,S,C,2024-08-27,1000000.00,3.75797,102.216896875
08:28:54,91282CLD1,TSRYS5850288,D,S,T,2024-08-27,1000000.00,3.757986,102.216796875
08:28:55,91282CLD1,TSRYS5850288,D,S,T,2024-08-27,1000000.00,3.757667,102.21875
08:28:55,91282CLD1,TSRYS5850288,D,S,C,2024-08-27,1000000.00,3.757667,102.21875
08:29:00,91282CLD1,TSRYS5850288,D,S,D,2024-08-27,1000000.00,3.757667,102.21875
08:29:00,91282CLD1,TSRYS5850288,D,B,C,2024-08-27,1000000.00,3.757667,102.21875
08:29:00,91282CLD1,TSRYS5850288,D,S,D,2024-08-27,1000000.00,3.757667,102.21875
08:29:12,91282CLD1,TSRYS5850288,D,S,D,2024-08-27,1000000.00,3.757667,102.21875
08:29:15,91282CLD1,TSRYS5850288,D,S,D,2024-08-27,1000000.00,3.757667,102.21875
08:29:17,91282CLD1,TSRYS5850288,D,B,C,2024-08-27,1000000.00,3.757716,102.21845
08:29:17,91282CLD1,TSRYS5850288,D,S,C,2024-08-27,1000000.00,3.757667,102.21875
08:29:17,91282CLD1,TSRYS5850288,D,S,C,2024-08-27,1000000.00,3.757667,102.21875
08:29:20,91282CLD1,TSRYS5850288,D,S,D,2024-08-27,1000000.00,3.757667,102.21875
08:29:20,91282CLD1,TSRYS5850288,D,B,C,2024-08-27,1000000.00,3.757667,102.21875
08:29:20,91282CLD1,TSRYS5850288,D,S,C,2024-08-27,1000000.00,3.757667,102.21875
08:29:23,91282CLD1,TSRYS5850288,D,S,T,2024-08-27,1000000.00,3.7577,102.21855
08:29:46,91282CLD1,TSRYS5850288,D,S,C,2024-08-27,1000000.00,3.757667,102.21875
08:29:46,91282CLD1,TSRYS5850288,D,S,D,2024-08-27,1000000.00,3.757667,102.21875
08:29:46,91282CLD1,TSRYS5850288,D,S,C,2024-08-27,1000000.00,3.757667,102.21875
08:29:47,91282CLD1,TSRYS5850288,D,S,D,2024-08-27,1000000.00,3.757667,102.21875
08:29:50,91282CLD1,TSRYS5850288,D,S,T,2024-08-27,1000000.00,3.757667,102.21875
08:29:50,91282CLD1,TSRYS5850288,D,S,C,2024-08-27,1000000.00,3.757667,102.21875
08:30:01,91282CLD1,TSRYS5850288,D,B,C,2024-08-27,1000000.00,3.756441,102.2262625
08:30:02,91282CLD1,TSRYS5850288,D,S,C,2024-08-27,1000000.00,3.756368,102.2267125
08:30:43,91282CLD1,TSRYS5850288,D,S,T,2024-08-27,1000000.00,3.757667,102.21875
08:30:44,91282CLD1,TSRYS5850288,D,B,C,2024-08-27,1000000.00,3.757667,102.21875
08:30:44,91282CLD1,TSRYS5850288,D,S,C,2024-08-27,1000000.00,3.757667,102.21875
08:31:04,91282CLD1,TSRYS5850288,D,B,C,2024-08-27,1000000.00,3.757046,102.22255625
08:31:04,91282CLD1,TSRYS5850288,D,S,D,2024-08-27,1000000.00,3.75703,102.22265625
08:31:04,91282CLD1,TSRYS5850288,D,B,C,2024-08-27,1000000.00,3.757046,102.22255625
08:31:04,91282CLD1,TSRYS5850288,D,S,D,2024-08-27,1000000.00,3.75703,102.22265625
08:31:04,91282CLD1,TSRYS5850288,D,B,C,2024-08-27,1000000.00,3.757046,102.22255625
08:31:04,91282CLD1,TSRYS5850288,D,B,C,2024-08-27,1000000.00,3.757046,102.22255625
08:31:05,91282CLD1,TSRYS5850288,D,S,D,2024-08-27,2000000.00,3.75703,102.22265625
08:31:14,91282CLD1,TSRYS5850288,D,S,D,2024-08-27,1000000.00,3.757667,102.21875
08:31:14,91282CLD1,TSRYS5850288,D,S,D,2024-08-27,1000000.00,3.757667,102.21875
08:31:15,91282CLD1,TSRYS5850288,D,S,D,2024-08-27,1000000.00,3.757667,102.21875
08:31:15,91282CLD1,TSRYS5850288,D,S,C,2024-08-27,1000000.00,3.757635,102.21895
08:31:15,91282CLD1,TSRYS5850288,D,S,D,2024-08-27,1000000.00,3.757667,102.21875
08:31:18,91282CLD1,TSRYS5850288,D,S,D,2024-08-27,1000000.00,3.757667,102.21875
08:31:18,91282CLD1,TSRYS5850288,D,S,T,2024-08-27,1000000.00,3.757667,102.21875
08:31:19,91282CLD1,TSRYS5850288,D,S,T,2024-08-27,1000000.00,3.757667,102.21875
08:31:19,91282CLD1,TSRYS5850288,D,S,T,2024-08-27,1000000.00,3.757667,102.21875
08:31:19,91282CLD1,TSRYS5850288,D,S,T,2024-08-27,1000000.00,3.757667,102.21875
08:31:19,91282CLD1,TSRYS5850288,D,S,T,2024-08-27,1000000.00,3.757667,102.21875
08:31:19,91282CLD1,TSRYS5850288,D,S,T,2024-08-27,1000000.00,3.757667,102.21875
08:31:19,91282CLD1,TSRYS5850288,D,S,C,2024-08-27,1000000.00,3.757667,102.21875
08:31:19,91282CLD1,TSRYS5850288,D,S,T,2024-08-27,1000000.00,3.757667,102.21875
08:31:19,91282CLD1,TSRYS5850288,D,S,D,2024-08-27,1000000.00,3.757667,102.21875
08:31:19,91282CLD1,TSRYS5850288,D,S,T,2024-08-27,1000000.00,3.757667,102.21875
08:31:19,91282CLD1,TSRYS5850288,D,S,T,2024-08-27,1000000.00,3.757667,102.21875
08:31:19,91282CLD1,TSRYS5850288,D,S,T,2024-08-27,1000000.00,3.757667,102.21875
08:31:20,91282CLD1,TSRYS5850288,D,S,T,2024-08-27,1000000.00,3.757667,102.21875
08:31:42,91282CLD1,TSRYS5850288,D,S,C,2024-08-27,7000000.00,3.755754,102.23046875
08:31:46,91282CLD1,TSRYS5850288,D,B,C,2024-08-27,150MM+,3.8344,101.75
08:31:46,91282CLD1,TSRYS5850288,D,S,C,2024-08-27,1000000.00,3.75797,102.216896875
08:31:46,91282CLD1,TSRYS5850288,D,B,C,2024-08-27,1000000.00,3.758003,102.216696875
08:32:02,91282CLD1,TSRYS5850288,D,S,C,2024-08-27,1000000.00,3.757667,102.21875
08:32:02,91282CLD1,TSRYS5850288,D,S,D,2024-08-27,1000000.00,3.757667,102.21875
08:32:02,91282CLD1,TSRYS5850288,D,B,C,2024-08-27,3000000.00,3.757692,102.2186
08:32:02,91282CLD1,TSRYS5850288,D,S,D,2024-08-27,3000000.00,3.757667,102.21875
08:32:02,91282CLD1,TSRYS5850288,D,S,D,2024-08-27,1000000.00,3.757667,102.21875
08:32:02,91282CLD1,TSRYS5850288,D,S,D,2024-08-27,1000000.00,3.757667,102.21875
08:32:02,91282CLD1,TSRYS5850288,D,S,T,2024-08-27,1000000.00,3.757986,102.216796875
08:32:02,91282CLD1,TSRYS5850288,D,S,T,2024-08-27,1000000.00,3.757667,102.21875
08:32:02,91282CLD1,TSRYS5850288,D,S,T,2024-08-27,1000000.00,3.757667,102.21875
08:32:03,91282CLD1,TSRYS5850288,D,S,C,2024-08-27,1000000.00,3.75797,102.216896875
08:32:04,91282CLD1,TSRYS5850288,D,S,C,2024-08-27,1000000.00,3.75797,102.216896875
08:32:04,91282CLD1,TSRYS5850288,D,B,C,2024-08-27,1000000.00,3.757986,102.216796875
08:32:04,91282CLD1,TSRYS5850288,D,S,C,2024-08-27,1000000.00,3.758289,102.21494375
08:32:04,91282CLD1,TSRYS5850288,D,B,C,2024-08-27,1000000.00,3.758305,102.21484375
08:32:06,91282CLD1,TSRYS5850288,D,S,T,2024-08-27,1000000.00,3.757667,102.21875
08:32:06,91282CLD1,TSRYS5850288,D,S,D,2024-08-27,1000000.00,3.757667,102.21875
08:32:06,91282CLD1,TSRYS5850288,D,B,C,2024-08-27,1000000.00,3.757667,102.21875
08:32:17,91282CLD1,TSRYS5850288,D,B,C,2024-08-27,3000000.00,3.757692,102.2186
08:32:17,91282CLD1,TSRYS5850288,D,S,D,2024-08-27,3000000.00,3.757667,102.21875
08:32:29,91282CLD1,TSRYS5850288,D,B,C,2024-08-27,1000000.00,3.75703,102.22265625
08:32:29,91282CLD1,TSRYS5850288,D,S,D,2024-08-27,1000000.00,3.757005,102.22280625
08:32:36,91282CLD1,TSRYS5850288,D,B,C,2024-08-27,1000000.00,3.75703,102.22265625
08:32:36,91282CLD1,TSRYS5850288,D,S,D,2024-08-27,1000000.00,3.757005,102.22280625
08:32:42,91282CLD1,TSRYS5850288,D,S,T,2024-08-27,1000000.00,3.757667,102.21875
08:32:49,91282CLD1,TSRYS5850288,D,S,D,2024-08-27,1000000.00,3.757667,102.21875
08:32:49,91282CLD1,TSRYS5850288,D,S,D,2024-08-27,1000000.00,3.757667,102.21875
08:32:49,91282CLD1,TSRYS5850288,D,S,C,2024-08-27,1000000.00,3.757643,102.2189
08:33:32,91282CLD1,TSRYS5850288,D,S,A,2024-08-27,1000000.00,3.757005,102.22280625
08:33:33,91282CLD1,TSRYS5850288,D,S,D,2024-08-27,1000000.00,3.757667,102.21875
08:33:42,91282CLD1,TSRYS5850288,D,S,A,2024-08-27,1000000.00,3.757005,102.22280625
08:33:54,91282CLD1,TSRYS5850288,D,S,D,2024-08-27,733000.00,3.75703,102.22265625
08:34:04,91282CLD1,TSRYS5850288,D,S,T,2024-08-27,1000000.00,3.757667,102.21875
08:34:07,91282CLD1,TSRYS5850288,D,S,D,2024-08-27,1000000.00,3.7599,102.205078125
08:34:07,91282CLD1,TSRYS5850288,D,S,D,2024-08-27,1000000.00,3.7599,102.205078125
08:34:07,91282CLD1,TSRYS5850288,D,S,T,2024-08-27,1000000.00,3.760219,102.203125
08:34:07,91282CLD1,TSRYS5850288,D,S,T,2024-08-27,1000000.00,3.760219,102.203125
08:34:07,91282CLD1,TSRYS5850288,D,S,T,2024-08-27,1000000.00,3.760219,102.203125
08:34:07,91282CLD1,TSRYS5850288,D,S,T,2024-08-27,2000000.00,3.760219,102.203125
08:34:07,91282CLD1,TSRYS5850288,D,S,T,2024-08-27,2000000.00,3.760219,102.203125
08:34:07,91282CLD1,TSRYS5850288,D,S,T,2024-08-27,1000000.00,3.760219,102.203125
08:34:07,91282CLD1,TSRYS5850288,D,B,C,2024-08-27,1000000.00,3.7599,102.205078125
08:34:07,91282CLD1,TSRYS5850288,D,B,C,2024-08-27,1000000.00,3.7599,102.205078125
08:34:07,91282CLD1,TSRYS5850288,D,B,C,2024-08-27,1000000.00,3.7599,102.205078125
08:34:07,91282CLD1,TSRYS5850288,D,S,D,2024-08-27,1000000.00,3.7599,102.205078125
08:34:07,91282CLD1,TSRYS5850288,D,S,D,2024-08-27,1000000.00,3.7599,102.205078125
08:34:07,91282CLD1,TSRYS5850288,D,S,D,2024-08-27,1000000.00,3.7599,102.205078125
08:34:08,91282CLD1,TSRYS5850288,D,S,C,2024-08-27,1000000.00,3.760202,102.203225
08:34:12,91282CLD1,TSRYS5850288,D,S,C,2024-08-27,1000000.00,3.760219,102.203125
08:34:13,91282CLD1,TSRYS5850288,D,S,D,2024-08-27,1000000.00,3.759581,102.20703125
08:34:14,91282CLD1,TSRYS5850288,D,S,T,2024-08-27,1000000.00,3.759581,102.20703125
08:34:15,91282CLD1,TSRYS5850288,D,S,C,2024-08-27,98000.00,3.759581,102.20703125
08:34:16,91282CLD1,TSRYS5850288,D,S,D,2024-08-27,98000.00,3.759581,102.20703125
08:34:21,91282CLD1,TSRYS5850288,D,S,D,2024-08-27,1000000.00,3.757667,102.21875
08:34:21,91282CLD1,TSRYS5850288,D,B,C,2024-08-27,1000000.00,3.757667,102.21875
08:34:50,91282CLD1,TSRYS5850288,D,S,D,2024-08-27,1000000.00,3.757667,102.21875
08:34:50,91282CLD1,TSRYS5850288,D,B,C,2024-08-27,1000000.00,3.757667,102.21875
08:34:50,91282CLD1,TSRYS5850288,D,S,D,2024-08-27,1000000.00,3.757667,102.21875
08:34:50,91282CLD1,TSRYS5850288,D,S,C,2024-08-27,2000000.00,3.760178,102.203375
08:34:53,91282CLD1,TSRYS5850288,D,S,T,2024-08-27,2000000.00,3.760219,102.203125
08:34:53,91282CLD1,TSRYS5850288,D,S,T,2024-08-27,3000000.00,3.760219,102.203125
08:34:53,91282CLD1,TSRYS5850288,D,S,T,2024-08-27,2000000.00,3.760219,102.203125
08:34:55,91282CLD1,TSRYS5850288,D,S,T,2024-08-27,7000000.00,3.760219,102.203125
08:34:58,91282CLD1,TSRYS5850288,D,S,C,2024-08-27,1000000.00,3.7599,102.205078125
08:35:00,91282CLD1,TSRYS5850288,D,S,T,2024-08-27,1000000.00,3.760219,102.203125
08:35:03,91282CLD1,TSRYS5850288,D,S,T,2024-08-27,1000000.00,3.760856,102.19921875
08:35:03,91282CLD1,TSRYS5850288,D,S,C,2024-08-27,1000000.00,3.760824,102.19941875
08:35:10,91282CLD1,TSRYS5850288,D,S,T,2024-08-27,1000000.00,3.7599,102.20507812
08:35:20,91282CLD1,TSRYS5850288,D,S,D,2024-08-27,1000000.00,3.760219,102.203125
08:35:25,91282CLD1,TSRYS5850288,D,S,D,2024-08-27,1000000.00,3.760537,102.201171875
08:35:27,91282CLD1,TSRYS5850288,D,B,C,2024-08-27,1000000.00,3.7599,102.205078125
08:35:27,91282CLD1,TSRYS5850288,D,S,D,2024-08-27,1000000.00,3.7599,102.205078125
08:35:27,91282CLD1,TSRYS5850288,D,B,C,2024-08-27,1000000.00,3.7599,102.205078125
08:35:27,91282CLD1,TSRYS5850288,D,S,D,2024-08-27,1000000.00,3.7599,102.205078125
08:35:28,91282CLD1,TSRYS5850288,D,S,T,2024-08-27,1000000.00,3.760219,102.203125
08:35:28,91282CLD1,TSRYS5850288,D,S,T,2024-08-27,1000000.00,3.760219,102.203125
08:35:29,91282CLD1,TSRYS5850288,D,S,D,2024-08-27,1000000.00,3.760219,102.203125
08:35:29,91282CLD1,TSRYS5850288,D,S,D,2024-08-27,1000000.00,3.760219,102.203125
08:35:30,91282CLD1,TSRYS5850288,D,S,D,2024-08-27,1000000.00,3.760537,102.201171875
08:35:31,91282CLD1,TSRYS5850288,D,S,D,2024-08-27,1000000.00,3.760219,102.203125
08:35:31,91282CLD1,TSRYS5850288,D,S,T,2024-08-27,1000000.00,3.760219,102.203125
08:35:32,91282CLD1,TSRYS5850288,D,S,C,2024-08-27,2000000.00,3.760194,102.203275
08:35:32,91282CLD1,TSRYS5850288,D,S,C,2024-08-27,2000000.00,3.760137,102.203625
08:35:32,91282CLD1,TSRYS5850288,D,S,C,2024-08-27,7000000.00,3.760137,102.203625
08:35:32,91282CLD1,TSRYS5850288,D,S,C,2024-08-27,1000000.00,3.760137,102.203625
08:35:32,91282CLD1,TSRYS5850288,D,S,C,2024-08-27,2000000.00,3.760137,102.203625
08:35:32,91282CLD1,TSRYS5850288,D,S,C,2024-08-27,3000000.00,3.760137,102.203625
08:35:33,91282CLD1,TSRYS5850288,D,S,T,2024-08-27,1000000.00,3.760219,102.203125
08:35:33,91282CLD1,TSRYS5850288,D,S,T,2024-08-27,1000000.00,3.760219,102.203125
08:35:38,91282CLD1,TSRYS5850288,D,S,D,2024-08-27,1615000.00,3.760525,102.20124685023
08:35:45,91282CLD1,TSRYS5850288,D,S,D,2024-08-27,1000000.00,3.761494,102.1953125
08:35:45,91282CLD1,TSRYS5850288,D,S,T,2024-08-27,1000000.00,3.761494,102.1953125
08:35:45,91282CLD1,TSRYS5850288,D,S,T,2024-08-27,1000000.00,3.761494,102.1953125
08:35:46,91282CLD1,TSRYS5850288,D,S,D,2024-08-27,1000000.00,3.761494,102.1953125
08:35:46,91282CLD1,TSRYS5850288,D,S,D,2024-08-27,1000000.00,3.761494,102.1953125
08:35:48,91282CLD1,TSRYS5850288,D,S,D,2024-08-27,1000000.00,3.761494,102.1953125
08:35:49,91282CLD1,TSRYS5850288,D,S,C,2024-08-27,1000000.00,3.76019,102.2033
08:35:50,91282CLD1,TSRYS5850288,D,S,D,2024-08-27,1000000.00,3.761494,102.1953125
08:35:50,91282CLD1,TSRYS5850288,D,B,C,2024-08-27,1000000.00,3.761519,102.1951625
08:36:01,91282CLD1,TSRYS5850288,D,S,T,2024-08-27,1000000.00,3.761494,102.1953125
08:36:02,91282CLD1,TSRYS5850288,D,S,D,2024-08-27,1000000.00,3.761494,102.1953125
08:36:02,91282CLD1,TSRYS5850288,D,S,T,2024-08-27,1000000.00,3.761494,102.1953125
08:36:02,91282CLD1,TSRYS5850288,D,S,D,2024-08-27,1000000.00,3.7599,102.20507812
08:36:02,91282CLD1,TSRYS5850288,D,S,D,2024-08-27,1000000.00,3.761494,102.1953125
08:36:10,91282CLD1,TSRYS5850288,D,B,C,2024-08-27,1000000.00,3.761494,102.1953125
08:36:19,91282CLD1,TSRYS5850288,D,S,C,2024-08-27,1000000.00,3.76019,102.2033
08:36:19,91282CLD1,TSRYS5850288,D,S,C,2024-08-27,1000000.00,3.76019,102.2033
08:36:19,91282CLD1,TSRYS5850288,D,S,D,2024-08-27,1000000.00,3.76147,102.1954625
08:36:33,91282CLD1,TSRYS5850288,D,B,C,2024-08-27,1000000.00,3.761494,102.1953125
08:36:33,91282CLD1,TSRYS5850288,D,S,C,2024-08-27,1000000.00,3.761453,102.1955625
08:36:34,91282CLD1,TSRYS5850288,D,S,T,2024-08-27,1000000.00,3.761494,102.1953125
08:36:54,91282CLD1,TSRYS5850288,D,S,D,2024-08-27,1000000.00,3.761494,102.1953125
08:37:04,91282CLD1,TSRYS5850288,D,S,D,2024-08-27,1000000.00,3.761494,102.1953125
08:37:04,91282CLD1,TSRYS5850288,D,S,D,2024-08-27,1000000.00,3.761494,102.1953125
08:37:04,91282CLD1,TSRYS5850288,D,S,D,2024-08-27,1000000.00,3.761494,102.1953125
08:37:04,91282CLD1,TSRYS5850288,D,S,D,2024-08-27,1000000.00,3.761494,102.1953125
08:37:04,91282CLD1,TSRYS5850288,D,S,D,2024-08-27,1000000.00,3.761494,102.1953125
08:37:04,91282CLD1,TSRYS5850288,D,S,D,2024-08-27,1000000.00,3.761494,102.1953125
08:37:05,91282CLD1,TSRYS5850288,D,S,D,2024-08-27,1000000.00,3.761494,102.1953125
08:37:09,91282CLD1,TSRYS5850288,D,S,D,2024-08-27,1000000.00,3.760856,102.19921875
08:37:09,91282CLD1,TSRYS5850288,D,S,D,2024-08-27,1000000.00,3.761175,102.197265625
08:37:10,91282CLD1,TSRYS5850288,D,S,T,2024-08-27,1000000.00,3.760537,102.201171875
08:37:12,91282CLD1,TSRYS5850288,D,S,D,2024-08-27,1000000.00,3.760513,102.201321875
08:37:13,91282CLD1,TSRYS5850288,D,S,T,2024-08-27,1000000.00,3.760856,102.19921875
08:37:13,91282CLD1,TSRYS5850288,D,S,T,2024-08-27,1000000.00,3.761175,102.197265625
08:37:14,91282CLD1,TSRYS5850288,D,S,D,2024-08-27,1000000.00,3.761494,102.1953125
08:37:14,91282CLD1,TSRYS5850288,D,S,D,2024-08-27,1000000.00,3.761494,102.1953125
08:37:14,91282CLD1,TSRYS5850288,D,S,D,2024-08-27,1000000.00,3.761494,102.1953125
08:37:15,91282CLD1,TSRYS5850288,D,S,D,2024-08-27,1000000.00,3.761494,102.1953125
08:37:15,91282CLD1,TSRYS5850288,D,S,T,2024-08-27,1000000.00,3.760219,102.203125
08:37:16,91282CLD1,TSRYS5850288,D,S,T,2024-08-27,1000000.00,3.761494,102.1953125
08:37:16,91282CLD1,TSRYS5850288,D,S,T,2024-08-27,1000000.00,3.761494,102.1953125
08:37:16,91282CLD1,TSRYS5850288,D,S,D,2024-08-27,1000000.00,3.761494,102.1953125
08:37:17,91282CLD1,TSRYS5850288,D,B,C,2024-08-27,1000000.00,3.762132,102.19140625
08:37:17,91282CLD1,TSRYS5850288,D,S,D,2024-08-27,1000000.00,3.762132,102.19140625
08:37:21,91282CLD1,TSRYS5850288,D,S,C,2024-08-27,1000000.00,3.761494,102.1953125
08:37:21,91282CLD1,TSRYS5850288,D,S,D,2024-08-27,1000000.00,3.761494,102.1953125
08:37:21,91282CLD1,TSRYS5850288,D,S,D,2024-08-27,1000000.00,3.761494,102.1953125
08:37:21,91282CLD1,TSRYS5850288,D,S,D,2024-08-27,1000000.00,3.761494,102.1953125
08:37:21,91282CLD1,TSRYS5850288,D,B,C,2024-08-27,1000000.00,3.761543,102.1950125
08:37:24,91282CLD1,TSRYS5850288,D,S,D,2024-08-27,1000000.00,3.761494,102.1953125
08:37:24,91282CLD1,TSRYS5850288,D,S,D,2024-08-27,1000000.00,3.761494,102.1953125
08:37:24,91282CLD1,TSRYS5850288,D,S,T,2024-08-27,1000000.00,3.76277,102.1875
08:37:24,91282CLD1,TSRYS5850288,D,S,T,2024-08-27,4000000.00,3.76277,102.1875
08:37:24,91282CLD1,TSRYS5850288,D,S,T,2024-08-27,1000000.00,3.76277,102.1875
08:37:24,91282CLD1,TSRYS5850288,D,S,T,2024-08-27,1000000.00,3.76277,102.1875
08:37:24,91282CLD1,TSRYS5850288,D,S,T,2024-08-27,6000000.00,3.76277,102.1875
08:37:24,91282CLD1,TSRYS5850288,D,S,T,2024-08-27,2000000.00,3.76277,102.1875
08:37:24,91282CLD1,TSRYS5850288,D,S,T,2024-08-27,1000000.00,3.763089,102.185546875
08:37:24,91282CLD1,TSRYS5850288,D,S,T,2024-08-27,1000000.00,3.76277,102.1875
08:37:24,91282CLD1,TSRYS5850288,D,S,D,2024-08-27,1000000.00,3.761494,102.1953125
08:37:24,91282CLD1,TSRYS5850288,D,S,D,2024-08-27,1000000.00,3.76277,102.1875
08:37:24,91282CLD1,TSRYS5850288,D,S,D,2024-08-27,1000000.00,3.763089,102.185546875
08:37:24,91282CLD1,TSRYS5850288,D,S,D,2024-08-27,1000000.00,3.763408,102.18359375
08:37:24,91282CLD1,TSRYS5850288,D,B,C,2024-08-27,1000000.00,3.762451,102.189453125
08:37:25,91282CLD1,TSRYS5850288,D,S,D,2024-08-27,1000000.00,3.762451,102.189453125
08:37:25,91282CLD1,TSRYS5850288,D,B,C,2024-08-27,1000000.00,3.762132,102.19140625
08:37:25,91282CLD1,TSRYS5850288,D,S,D,2024-08-27,1000000.00,3.762132,102.19140625
08:37:25,91282CLD1,TSRYS5850288,D,B,C,2024-08-27,1000000.00,3.762132,102.19140625
08:37:25,91282CLD1,TSRYS5850288,D,S,D,2024-08-27,1000000.00,3.762132,102.19140625
08:37:25,91282CLD1,TSRYS5850288,D,S,D,2024-08-27,1000000.00,3.76277,102.1875
08:37:25,91282CLD1,TSRYS5850288,D,S,D,2024-08-27,1000000.00,3.76277,102.1875
08:37:26,91282CLD1,TSRYS5850288,D,B,C,2024-08-27,1000000.00,3.763408,102.18359375
08:37:26,91282CLD1,TSRYS5850288,D,S,D,2024-08-27,1000000.00,3.763408,102.18359375
08:37:26,91282CLD1,TSRYS5850288,D,S,D,2024-08-27,1000000.00,3.763089,102.185546875
08:37:26,91282CLD1,TSRYS5850288,D,S,D,2024-08-27,1000000.00,3.763089,102.185546875
08:37:26,91282CLD1,TSRYS5850288,D,S,D,2024-08-27,1000000.00,3.762746,102.18765
08:37:27,91282CLD1,TSRYS5850288,D,B,C,2024-08-27,1000000.00,3.763089,102.185546875
08:37:27,91282CLD1,TSRYS5850288,D,S,D,2024-08-27,1000000.00,3.762132,102.19140625
08:37:28,91282CLD1,TSRYS5850288,D,S,T,2024-08-27,1000000.00,3.76277,102.1875
08:37:29,91282CLD1,TSRYS5850288,D,S,C,2024-08-27,1000000.00,3.76277,102.1875
08:37:34,91282CLD1,TSRYS5850288,D,S,D,2024-08-27,1000000.00,3.761767,102.1936410168
08:37:34,91282CLD1,TSRYS5850288,D,S,D,2024-08-27,1000000.00,3.761494,102.1953125
08:37:34,91282CLD1,TSRYS5850288,D,S,D,2024-08-27,1000000.00,3.761494,102.1953125
08:37:35,91282CLD1,TSRYS5850288,D,S,D,2024-08-27,1000000.00,3.761494,102.1953125
08:37:35,91282CLD1,TSRYS5850288,D,S,D,2024-08-27,1000000.00,3.761494,102.1953125
08:37:35,91282CLD1,TSRYS5850288,D,S,D,2024-08-27,1000000.00,3.761494,102.1953125
08:37:36,91282CLD1,TSRYS5850288,D,B,C,2024-08-27,1000000.00,3.761494,102.1953125
08:37:36,91282CLD1,TSRYS5850288,D,S,D,2024-08-27,1000000.00,3.761494,102.1953125
08:37:36,91282CLD1,TSRYS5850288,D,B,C,2024-08-27,1000000.00,3.761813,102.193359375
08:37:36,91282CLD1,TSRYS5850288,D,S,D,2024-08-27,1000000.00,3.761789,102.193509375
08:37:36,91282CLD1,TSRYS5850288,D,S,D,2024-08-27,1000000.00,3.761494,102.1953125
08:37:36,91282CLD1,TSRYS5850288,D,B,C,2024-08-27,1000000.00,3.761494,102.1953125
08:37:44,91282CLD1,TSRYS5850288,D,S,T,2024-08-27,1000000.00,3.762132,102.19140625
08:37:44,91282CLD1,TSRYS5850288,D,S,D,2024-08-27,1000000.00,3.761494,102.1953125
08:37:44,91282CLD1,TSRYS5850288,D,S,D,2024-08-27,1000000.00,3.761767,102.1936410168
08:37:45,91282CLD1,TSRYS5850288,D,B,C,2024-08-27,2000000.00,3.761494,102.1953125
08:37:45,91282CLD1,TSRYS5850288,D,S,D,2024-08-27,2000000.00,3.761494,102.1953125
08:37:45,91282CLD1,TSRYS5850288,D,S,T,2024-08-27,1000000.00,3.761494,102.1953125
08:37:45,91282CLD1,TSRYS5850288,D,S,D,2024-08-27,1000000.00,3.761494,102.1953125
08:37:46,91282CLD1,TSRYS5850288,D,S,D,2024-08-27,2000000.00,3.761494,102.1953125
08:37:48,91282CLD1,TSRYS5850288,D,B,C,2024-08-27,1000000.00,3.763408,102.18359375
08:37:51,91282CLD1,TSRYS5850288,D,S,D,2024-08-27,1000000.00,3.760219,102.203125
08:37:55,91282CLD1,TSRYS5850288,D,S,D,2024-08-27,1000000.00,3.761813,102.193359375
08:37:55,91282CLD1,TSRYS5850288,D,B,C,2024-08-27,1000000.00,3.761813,102.193359375
08:38:04,91282CLD1,TSRYS5850288,D,S,D,2024-08-27,1000000.00,3.760767,102.1997645212
08:38:05,91282CLD1,TSRYS5850288,D,S,D,2024-08-27,1000000.00,3.761267,102.1967023413
08:38:05,91282CLD1,TSRYS5850288,D,S,C,2024-08-27,1000000.00,3.761478,102.1954125
08:38:05,91282CLD1,TSRYS5850288,D,B,C,2024-08-27,1000000.00,3.761519,102.1951625
08:38:05,91282CLD1,TSRYS5850288,D,B,C,2024-08-27,1000000.00,3.761519,102.1951625
08:38:05,91282CLD1,TSRYS5850288,D,S,D,2024-08-27,1000000.00,3.76147,102.1954625
08:38:05,91282CLD1,TSRYS5850288,D,S,C,2024-08-27,1000000.00,3.76147,102.1954625
08:38:05,91282CLD1,TSRYS5850288,D,B,C,2024-08-27,1000000.00,3.761494,102.1953125
08:38:05,91282CLD1,TSRYS5850288,D,B,C,2024-08-27,2000000.00,3.762795,102.18735
08:38:05,91282CLD1,TSRYS5850288,D,S,C,2024-08-27,2000000.00,3.762688,102.188
08:38:06,91282CLD1,TSRYS5850288,D,S,D,2024-08-27,1000000.00,3.76277,102.1875
08:38:06,91282CLD1,TSRYS5850288,D,B,C,2024-08-27,1000000.00,3.76277,102.1875
08:38:06,91282CLD1,TSRYS5850288,D,S,C,2024-08-27,4000000.00,3.762688,102.188
08:38:06,91282CLD1,TSRYS5850288,D,B,C,2024-08-27,2000000.00,3.76277,102.1875
08:38:06,91282CLD1,TSRYS5850288,D,S,C,2024-08-27,2000000.00,3.762688,102.188
08:38:06,91282CLD1,TSRYS5850288,D,B,C,2024-08-27,1000000.00,3.762803,102.1873
08:38:06,91282CLD1,TSRYS5850288,D,S,D,2024-08-27,1000000.00,3.762729,102.18775
08:38:06,91282CLD1,TSRYS5850288,D,S,D,2024-08-27,1000000.00,3.761494,102.1953125
08:38:06,91282CLD1,TSRYS5850288,D,B,C,2024-08-27,1000000.00,3.761543,102.1950125
08:38:11,91282CLD1,TSRYS5850288,D,S,A,2024-08-27,1000000.00,3.760513,102.20132187
08:38:15,91282CLD1,TSRYS5850288,D,S,D,2024-08-27,1000000.00,3.76277,102.1875
08:38:15,91282CLD1,TSRYS5850288,D,S,D,2024-08-27,1000000.00,3.76277,102.1875
08:38:20,91282CLD1,TSRYS5850288,D,B,C,2024-08-27,1000000.00,3.761535,102.1950625
08:38:20,91282CLD1,TSRYS5850288,D,S,C,2024-08-27,1000000.00,3.761478,102.1954125
08:38:20,91282CLD1,TSRYS5850288,D,B,C,2024-08-27,1000000.00,3.762795,102.18735
08:38:20,91282CLD1,TSRYS5850288,D,S,C,2024-08-27,1000000.00,3.762688,102.188
08:38:20,91282CLD1,TSRYS5850288,D,S,C,2024-08-27,1000000.00,3.762737,102.1877
08:38:20,91282CLD1,TSRYS5850288,D,B,C,2024-08-27,1000000.00,3.762795,102.18735
08:38:20,91282CLD1,TSRYS5850288,D,S,D,2024-08-27,1000000.00,3.76277,102.1875
08:38:20,91282CLD1,TSRYS5850288,D,S,D,2024-08-27,1000000.00,3.76277,102.1875
08:38:20,91282CLD1,TSRYS5850288,D,S,C,2024-08-27,1000000.00,3.762742,102.187675
08:38:20,91282CLD1,TSRYS5850288,D,S,C,2024-08-27,2000000.00,3.762746,102.18765
08:38:20,91282CLD1,TSRYS5850288,D,S,C,2024-08-27,6000000.00,3.762688,102.188
08:38:21,91282CLD1,TSRYS5850288,D,S,D,2024-08-27,1000000.00,3.76147,102.1954625
08:38:31,91282CLD1,TSRYS5850288,D,S,T,2024-08-27,1000000.00,3.760219,102.203125
08:38:32,91282CLD1,TSRYS5850288,D,S,D,2024-08-27,2000000.00,3.762132,102.19140625
08:38:34,91282CLD1,TSRYS5850288,D,S,A,2024-08-27,1000000.00,3.762746,102.18765
08:38:35,91282CLD1,TSRYS5850288,D,S,A,2024-08-27,1000000.00,3.762729,102.18775
08:38:35,91282CLD1,TSRYS5850288,D,S,T,2024-08-27,1000000.00,3.760219,102.203125
08:38:35,91282CLD1,TSRYS5850288,D,B,C,2024-08-27,1000000.00,3.762811,102.18725
08:38:35,91282CLD1,TSRYS5850288,D,S,D,2024-08-27,1000000.00,3.76277,102.1875
08:38:35,91282CLD1,TSRYS5850288,D,B,C,2024-08-27,1000000.00,3.762819,102.1872
08:38:35,91282CLD1,TSRYS5850288,D,S,D,2024-08-27,1000000.00,3.76277,102.1875
08:38:36,91282CLD1,TSRYS5850288,D,S,C,2024-08-27,1000000.00,3.7599,102.205078125
08:38:38,91282CLD1,TSRYS5850288,D,S,C,2024-08-27,1000000.00,3.7599,102.205078125
08:38:45,91282CLD1,TSRYS5850288,D,S,A,2024-08-27,1000000.00,3.761789,102.19350937
08:38:51,91282CLD1,TSRYS5850288,D,S,T,2024-08-27,1000000.00,3.7599,102.20507812
08:38:51,91282CLD1,TSRYS5850288,D,S,T,2024-08-27,1000000.00,3.7599,102.20507812
08:38:53,91282CLD1,TSRYS5850288,D,S,D,2024-08-27,1000000.00,3.762451,102.18945312
08:38:53,91282CLD1,TSRYS5850288,D,S,C,2024-08-27,1000000.00,3.762451,102.18945312
08:38:55,91282CLD1,TSRYS5850288,D,S,D,2024-08-27,1000000.00,3.761267,102.1967023413
08:38:55,91282CLD1,TSRYS5850288,D,S,D,2024-08-27,1000000.00,3.761267,102.1967023413
08:38:59,91282CLD1,TSRYS5850288,D,S,C,2024-08-27,1000000.00,3.7599,102.20507812
08:39:03,91282CLD1,TSRYS5850288,D,S,D,2024-08-27,1000000.00,3.7599,102.20507812
08:39:05,91282CLD1,TSRYS5850288,D,S,D,2024-08-27,1000000.00,3.760267,102.2028306515
08:39:05,91282CLD1,TSRYS5850288,D,S,D,2024-08-27,1000000.00,3.760219,102.203125
08:39:05,91282CLD1,TSRYS5850288,D,S,D,2024-08-27,1000000.00,3.760219,102.203125
08:39:15,91282CLD1,TSRYS5850288,D,S,D,2024-08-27,1000000.00,3.761267,102.1967023413
08:39:15,91282CLD1,TSRYS5850288,D,S,D,2024-08-27,1000000.00,3.761267,102.1967023413
08:39:15,91282CLD1,TSRYS5850288,D,S,D,2024-08-27,1000000.00,3.761267,102.1967023413
08:39:19,91282CLD1,TSRYS5850288,D,S,T,2024-08-27,1000000.00,3.760219,102.203125
08:39:20,91282CLD1,TSRYS5850288,D,S,D,2024-08-27,1000000.00,3.760219,102.203125
08:39:25,91282CLD1,TSRYS5850288,D,S,D,2024-08-27,1000000.00,3.761267,102.1967023413
08:39:25,91282CLD1,TSRYS5850288,D,S,D,2024-08-27,1000000.00,3.761267,102.1967023413
08:39:25,91282CLD1,TSRYS5850288,D,S,D,2024-08-27,1000000.00,3.761267,102.1967023413
08:39:25,91282CLD1,TSRYS5850288,D,S,D,2024-08-27,1000000.00,3.761267,102.1967023413
08:39:25,91282CLD1,TSRYS5850288,D,S,D,2024-08-27,1000000.00,3.761267,102.1967023413
08:39:25,91282CLD1,TSRYS5850288,D,S,T,2024-08-27,1000000.00,3.760219,102.203125
08:39:25,91282CLD1,TSRYS5850288,D,S,T,2024-08-27,1000000.00,3.760219,102.203125
08:39:29,91282CLD1,TSRYS5850288,D,S,D,2024-08-27,1000000.00,3.760219,102.203125
08:39:29,91282CLD1,TSRYS5850288,D,S,T,2024-08-27,1000000.00,3.760219,102.203125
08:39:29,91282CLD1,TSRYS5850288,D,S,T,2024-08-27,1000000.00,3.760219,102.203125
08:39:34,91282CLD1,TSRYS5850288,D,S,T,2024-08-27,1000000.00,3.760219,102.203125
08:39:35,91282CLD1,TSRYS5850288,D,S,D,2024-08-27,1000000.00,3.761267,102.1967023413
08:39:35,91282CLD1,TSRYS5850288,D,S,D,2024-08-27,1000000.00,3.761267,102.1967023413
08:39:35,91282CLD1,TSRYS5850288,D,S,T,2024-08-27,1000000.00,3.760219,102.203125
08:39:35,91282CLD1,TSRYS5850288,D,S,D,2024-08-27,1000000.00,3.760219,102.203125
08:39:35,91282CLD1,TSRYS5850288,D,B,C,2024-08-27,1000000.00,3.760333,102.202425
08:39:35,91282CLD1,TSRYS5850288,D,S,T,2024-08-27,1000000.00,3.760219,102.203125
08:39:51,91282CLD1,TSRYS5850288,D,S,D,2024-08-27,1000000.00,3.758943,102.2109375
08:39:51,91282CLD1,TSRYS5850288,D,S,D,2024-08-27,1000000.00,3.758943,102.2109375
08:39:51,91282CLD1,TSRYS5850288,D,S,D,2024-08-27,1000000.00,3.758943,102.2109375
08:39:51,91282CLD1,TSRYS5850288,D,S,D,2024-08-27,1000000.00,3.760219,102.203125
08:39:51,91282CLD1,TSRYS5850288,D,S,D,2024-08-27,1000000.00,3.760219,102.203125
08:39:51,91282CLD1,TSRYS5850288,D,B,C,2024-08-27,1000000.00,3.758943,102.2109375
08:39:52,91282CLD1,TSRYS5850288,D,S,D,2024-08-27,1000000.00,3.758943,102.2109375
08:40:06,91282CLD1,TSRYS5850288,D,S,D,2024-08-27,1000000.00,3.760219,102.203125
08:40:06,91282CLD1,TSRYS5850288,D,S,D,2024-08-27,1000000.00,3.760219,102.203125
08:40:06,91282CLD1,TSRYS5850288,D,S,D,2024-08-27,1000000.00,3.760219,102.203125
08:40:06,91282CLD1,TSRYS5850288,D,S,C,2024-08-27,1000000.00,3.76019,102.2033
08:40:06,91282CLD1,TSRYS5850288,D,S,C,2024-08-27,1000000.00,3.76019,102.2033
08:40:06,91282CLD1,TSRYS5850288,D,S,C,2024-08-27,1000000.00,3.76019,102.2033
08:40:10,91282CLD1,TSRYS5850288,D,S,T,2024-08-27,1000000.00,3.741096,102.3203125
08:40:12,91282CLD1,TSRYS5850288,D,S,T,2024-08-27,1000000.00,3.751292,102.2578125
08:40:42,91282CLD1,TSRYS5850288,D,S,T,2024-08-27,1000000.00,3.760219,102.203125
08:40:42,91282CLD1,TSRYS5850288,D,S,T,2024-08-27,1000000.00,3.760219,102.203125
08:40:42,91282CLD1,TSRYS5850288,D,S,T,2024-08-27,1000000.00,3.760219,102.203125
08:40:45,91282CLD1,TSRYS5850288,D,S,C,2024-08-27,100000.00,3.757667,102.21875
08:40:47,91282CLD1,TSRYS5850288,D,S,D,2024-08-27,100000.00,3.757667,102.21875
08:41:15,91282CLD1,TSRYS5850288,D,S,D,2024-08-27,1000000.00,3.761267,102.1967023413
08:41:16,91282CLD1,TSRYS5850288,D,S,D,2024-08-27,1000000.00,3.761267,102.1967023413
08:41:16,91282CLD1,TSRYS5850288,D,S,D,2024-08-27,225000.00,3.761175,102.197265625
08:41:16,91282CLD1,TSRYS5850288,D,S,D,2024-08-27,225000.00,3.760885,102.199043403
08:41:16,91282CLD1,TSRYS5850288,D,S,D,2024-08-27,1000000.00,3.761267,102.1967023413
08:41:21,91282CLD1,TSRYS5850288,D,S,D,2024-08-27,1000000.00,3.760178,102.203375
08:41:21,91282CLD1,TSRYS5850288,D,S,C,2024-08-27,1000000.00,3.76019,102.2033
08:41:21,91282CLD1,TSRYS5850288,D,S,D,2024-08-27,1000000.00,3.760219,102.203125
08:41:22,91282CLD1,TSRYS5850288,D,B,A,2024-08-27,150MM+,3.761127,102.197561581
08:41:24,91282CLD1,TSRYS5850288,D,S,D,2024-08-27,1000000.00,3.761494,102.1953125
08:41:24,91282CLD1,TSRYS5850288,D,S,T,2024-08-27,1000000.00,3.761494,102.1953125
08:41:25,91282CLD1,TSRYS5850288,D,S,D,2024-08-27,1000000.00,3.761267,102.1967023413
08:41:25,91282CLD1,TSRYS5850288,D,S,D,2024-08-27,1000000.00,3.761267,102.1967023413
08:41:26,91282CLD1,TSRYS5850288,D,S,D,2024-08-27,1000000.00,3.761267,102.1967023413
08:41:26,91282CLD1,TSRYS5850288,D,S,D,2024-08-27,1000000.00,3.761267,102.1967023413
08:41:29,91282CLD1,TSRYS5850288,D,S,T,2024-08-27,1000000.00,3.761494,102.1953125
08:41:31,91282CLD1,TSRYS5850288,D,S,D,2024-08-27,1000000.00,3.761494,102.1953125
08:41:31,91282CLD1,TSRYS5850288,D,S,T,2024-08-27,1000000.00,3.761494,102.1953125
08:41:32,91282CLD1,TSRYS5850288,D,S,D,2024-08-27,1000000.00,3.759581,102.20703125
08:41:33,91282CLD1,TSRYS5850288,D,S,D,2024-08-27,1000000.00,3.761494,102.1953125
08:41:33,91282CLD1,TSRYS5850288,D,S,T,2024-08-27,1000000.00,3.761494,102.1953125
08:41:35,91282CLD1,TSRYS5850288,D,S,D,2024-08-27,1000000.00,3.761494,102.1953125
08:41:35,91282CLD1,TSRYS5850288,D,S,T,2024-08-27,1000000.00,3.761494,102.1953125
08:41:35,91282CLD1,TSRYS5850288,D,S,D,2024-08-27,1000000.00,3.760267,102.2028306515
08:41:35,91282CLD1,TSRYS5850288,D,S,D,2024-08-27,1000000.00,3.760767,102.1997645212
08:41:36,91282CLD1,TSRYS5850288,D,S,D,2024-08-27,1000000.00,3.760767,102.1997645212
08:41:36,91282CLD1,TSRYS5850288,D,S,D,2024-08-27,1000000.00,3.760219,102.203125
08:41:45,91282CLD1,TSRYS5850288,D,S,A,2024-08-27,1000000.00,3.760178,102.203375
08:41:59,91282CLD1,TSRYS5850288,D,B,C,2024-08-27,1000000.00,3.761494,102.1953125
08:41:59,91282CLD1,TSRYS5850288,D,B,C,2024-08-27,1000000.00,3.761494,102.1953125
08:42:00,91282CLD1,TSRYS5850288,D,S,D,2024-08-27,1000000.00,3.762451,102.189453125
08:42:01,91282CLD1,TSRYS5850288,D,S,D,2024-08-27,1000000.00,3.762451,102.189453125
08:42:08,91282CLD1,TSRYS5850288,D,S,D,2024-08-27,1000000.00,3.76147,102.1954625
08:42:08,91282CLD1,TSRYS5850288,D,S,D,2024-08-27,1000000.00,3.76147,102.1954625
08:42:08,91282CLD1,TSRYS5850288,D,S,D,2024-08-27,1000000.00,3.76147,102.1954625
08:42:08,91282CLD1,TSRYS5850288,D,S,D,2024-08-27,1000000.00,3.76147,102.1954625
08:42:08,91282CLD1,TSRYS5850288,D,S,D,2024-08-27,1000000.00,3.76147,102.1954625
08:42:16,91282CLD1,TSRYS5850288,D,S,T,2024-08-27,1000000.00,3.762451,102.189453125
08:42:16,91282CLD1,TSRYS5850288,D,S,T,2024-08-27,1000000.00,3.762451,102.189453125
08:42:18,91282CLD1,TSRYS5850288,D,S,T,2024-08-27,1000000.00,3.762451,102.189453125
08:42:19,91282CLD1,TSRYS5850288,D,S,D,2024-08-27,1000000.00,3.762427,102.189603125
08:42:20,91282CLD1,TSRYS5850288,D,S,D,2024-08-27,1000000.00,3.762451,102.189453125
08:42:20,91282CLD1,TSRYS5850288,D,S,D,2024-08-27,1000000.00,3.762451,102.189453125
08:42:22,91282CLD1,TSRYS5850288,D,S,T,2024-08-27,1000000.00,3.762451,102.189453125
08:42:22,91282CLD1,TSRYS5850288,D,S,D,2024-08-27,1000000.00,3.762427,102.189603125
08:42:32,91282CLD1,TSRYS5850288,D,S,D,2024-08-27,1000000.00,3.763408,102.18359375
08:42:32,91282CLD1,TSRYS5850288,D,S,D,2024-08-27,1000000.00,3.763408,102.18359375
08:42:32,91282CLD1,TSRYS5850288,D,S,D,2024-08-27,1000000.00,3.763408,102.18359375
08:42:32,91282CLD1,TSRYS5850288,D,S,D,2024-08-27,1000000.00,3.763408,102.18359375
08:42:34,91282CLD1,TSRYS5850288,D,S,D,2024-08-27,1000000.00,3.763408,102.18359375
08:42:34,91282CLD1,TSRYS5850288,D,S,D,2024-08-27,1000000.00,3.763408,102.18359375
08:42:37,91282CLD1,TSRYS5850288,D,S,D,2024-08-27,1000000.00,3.763408,102.18359375
08:42:37,91282CLD1,TSRYS5850288,D,S,D,2024-08-27,1000000.00,3.763408,102.18359375
08:42:37,91282CLD1,TSRYS5850288,D,S,D,2024-08-27,1000000.00,3.763408,102.18359375
08:42:38,91282CLD1,TSRYS5850288,D,S,T,2024-08-27,1000000.00,3.763727,102.181640625
08:42:39,91282CLD1,TSRYS5850288,D,S,D,2024-08-27,1000000.00,3.763727,102.181640625
08:42:39,91282CLD1,TSRYS5850288,D,S,T,2024-08-27,1000000.00,3.764046,102.1796875
08:42:41,91282CLD1,TSRYS5850288,D,S,D,2024-08-27,2000000.00,3.762451,102.18945312
08:42:48,91282CLD1,TSRYS5850288,D,S,D,2024-08-27,1000000.00,3.764046,102.1796875
08:42:49,91282CLD1,TSRYS5850288,D,S,C,2024-08-27,1000000.00,3.764046,102.1796875
08:42:53,91282CLD1,TSRYS5850288,D,S,D,2024-08-27,1000000.00,3.764684,102.17578125
08:42:53,91282CLD1,TSRYS5850288,D,S,D,2024-08-27,1000000.00,3.764046,102.1796875
08:42:53,91282CLD1,TSRYS5850288,D,S,D,2024-08-27,1000000.00,3.764046,102.1796875
08:42:53,91282CLD1,TSRYS5850288,D,S,D,2024-08-27,1000000.00,3.764046,102.1796875
08:42:53,91282CLD1,TSRYS5850288,D,S,C,2024-08-27,1000000.00,3.764684,102.17578125
08:42:54,91282CLD1,TSRYS5850288,D,S,C,2024-08-27,1000000.00,3.762451,102.18945312
08:42:55,91282CLD1,TSRYS5850288,D,S,D,2024-08-27,1000000.00,3.765641,102.169921875
08:42:55,91282CLD1,TSRYS5850288,D,S,T,2024-08-27,1000000.00,3.765322,102.171875
08:42:55,91282CLD1,TSRYS5850288,D,S,D,2024-08-27,1000000.00,3.765003,102.173828125
08:42:55,91282CLD1,TSRYS5850288,D,S,C,2024-08-27,1000000.00,3.764365,102.177734375
08:42:56,91282CLD1,TSRYS5850288,D,S,D,2024-08-27,1000000.00,3.760767,102.1997645212
08:42:57,91282CLD1,TSRYS5850288,D,S,D,2024-08-27,1000000.00,3.765641,102.169921875
08:42:57,91282CLD1,TSRYS5850288,D,B,C,2024-08-27,1000000.00,3.765641,102.169921875
08:42:57,91282CLD1,TSRYS5850288,D,S,T,2024-08-27,1000000.00,3.765003,102.173828125
08:42:57,91282CLD1,TSRYS5850288,D,B,C,2024-08-27,1000000.00,3.763089,102.18554687
08:42:57,91282CLD1,TSRYS5850288,D,B,C,2024-08-27,1000000.00,3.763089,102.18554687
08:42:58,91282CLD1,TSRYS5850288,D,S,D,2024-08-27,1000000.00,3.765003,102.173828125
08:42:58,91282CLD1,TSRYS5850288,D,B,C,2024-08-27,1000000.00,3.765003,102.173828125
08:42:58,91282CLD1,TSRYS5850288,D,S,D,2024-08-27,1000000.00,3.764979,102.173978125
08:42:58,91282CLD1,TSRYS5850288,D,B,C,2024-08-27,1000000.00,3.765003,102.173828125
08:42:58,91282CLD1,TSRYS5850288,D,S,D,2024-08-27,1000000.00,3.764979,102.173978125
08:43:02,91282CLD1,TSRYS5850288,D,S,D,2024-08-27,1000000.00,3.765003,102.173828125
08:43:02,91282CLD1,TSRYS5850288,D,S,D,2024-08-27,1000000.00,3.765003,102.173828125
08:43:02,91282CLD1,TSRYS5850288,D,S,D,2024-08-27,1000000.00,3.765003,102.173828125
08:43:02,91282CLD1,TSRYS5850288,D,S,D,2024-08-27,1000000.00,3.765003,102.173828125
08:43:02,91282CLD1,TSRYS5850288,D,S,D,2024-08-27,1000000.00,3.765003,102.173828125
08:43:02,91282CLD1,TSRYS5850288,D,S,D,2024-08-27,1000000.00,3.765003,102.173828125
08:43:02,91282CLD1,TSRYS5850288,D,S,D,2024-08-27,1000000.00,3.765003,102.173828125
08:43:02,91282CLD1,TSRYS5850288,D,S,D,2024-08-27,1000000.00,3.765003,102.173828125
08:43:02,91282CLD1,TSRYS5850288,D,S,D,2024-08-27,1000000.00,3.765003,102.173828125
08:43:02,91282CLD1,TSRYS5850288,D,S,D,2024-08-27,1000000.00,3.765003,102.173828125
08:43:02,91282CLD1,TSRYS5850288,D,S,D,2024-08-27,1000000.00,3.765003,102.173828125
08:43:02,91282CLD1,TSRYS5850288,D,S,D,2024-08-27,1000000.00,3.765003,102.173828125
08:43:02,91282CLD1,TSRYS5850288,D,S,D,2024-08-27,1000000.00,3.765003,102.173828125
08:43:02,91282CLD1,TSRYS5850288,D,S,D,2024-08-27,1000000.00,3.765003,102.173828125
08:43:02,91282CLD1,TSRYS5850288,D,S,D,2024-08-27,1000000.00,3.765003,102.173828125
08:43:02,91282CLD1,TSRYS5850288,D,S,D,2024-08-27,1000000.00,3.765003,102.173828125
08:43:02,91282CLD1,TSRYS5850288,D,S,D,2024-08-27,1000000.00,3.765003,102.173828125
08:43:02,91282CLD1,TSRYS5850288,D,S,D,2024-08-27,1000000.00,3.765003,102.173828125
08:43:02,91282CLD1,TSRYS5850288,D,S,D,2024-08-27,1000000.00,3.765003,102.173828125
08:43:02,91282CLD1,TSRYS5850288,D,S,D,2024-08-27,1000000.00,3.765003,102.173828125
08:43:02,91282CLD1,TSRYS5850288,D,S,T,2024-08-27,1000000.00,3.765003,102.173828125
08:43:02,91282CLD1,TSRYS5850288,D,S,D,2024-08-27,1000000.00,3.764979,102.173978125
08:43:04,91282CLD1,TSRYS5850288,D,S,D,2024-08-27,1000000.00,3.763727,102.18164062
08:43:05,91282CLD1,TSRYS5850288,D,S,D,2024-08-27,1000000.00,3.765322,102.171875
08:43:06,91282CLD1,TSRYS5850288,D,S,D,2024-08-27,1000000.00,3.765322,102.171875
08:43:06,91282CLD1,TSRYS5850288,D,S,D,2024-08-27,1000000.00,3.76277,102.1875
08:43:06,91282CLD1,TSRYS5850288,D,S,D,2024-08-27,1000000.00,3.76277,102.1875
08:43:06,91282CLD1,TSRYS5850288,D,S,D,2024-08-27,1000000.00,3.76277,102.1875
08:43:10,91282CLD1,TSRYS5850288,D,B,C,2024-08-27,1000000.00,3.763089,102.18554687
08:43:10,91282CLD1,TSRYS5850288,D,B,C,2024-08-27,1000000.00,3.763089,102.18554687
08:43:10,91282CLD1,TSRYS5850288,D,S,D,2024-08-27,1000000.00,3.764684,102.17578125
08:43:11,91282CLD1,TSRYS5850288,D,S,T,2024-08-27,1000000.00,3.764705,102.17565625
08:43:14,91282CLD1,TSRYS5850288,D,S,D,2024-08-27,1000000.00,3.764684,102.17578125
08:43:14,91282CLD1,TSRYS5850288,D,S,D,2024-08-27,1000000.00,3.764684,102.17578125
08:43:15,91282CLD1,TSRYS5850288,D,S,T,2024-08-27,1000000.00,3.764046,102.1796875
08:43:15,91282CLD1,TSRYS5850288,D,S,T,2024-08-27,1000000.00,3.764705,102.17565625
08:43:15,91282CLD1,TSRYS5850288,D,S,T,2024-08-27,1000000.00,3.764705,102.17565625
08:43:16,91282CLD1,TSRYS5850288,D,S,D,2024-08-27,1000000.00,3.76277,102.1875
08:43:16,91282CLD1,TSRYS5850288,D,S,D,2024-08-27,1000000.00,3.76277,102.1875
08:43:16,91282CLD1,TSRYS5850288,D,S,T,2024-08-27,1000000.00,3.764075,102.1795105
08:43:16,91282CLD1,TSRYS5850288,D,S,T,2024-08-27,1000000.00,3.764684,102.17578125
08:43:17,91282CLD1,TSRYS5850288,D,S,T,2024-08-27,1000000.00,3.764046,102.1796875
08:43:17,91282CLD1,TSRYS5850288,D,S,T,2024-08-27,1000000.00,3.764075,102.1795105
08:43:20,91282CLD1,TSRYS5850288,D,S,D,2024-08-27,1000000.00,3.764684,102.17578125
08:43:20,91282CLD1,TSRYS5850288,D,S,C,2024-08-27,1000000.00,3.764046,102.1796875
08:43:24,91282CLD1,TSRYS5850288,D,S,D,2024-08-27,1000000.00,3.764046,102.1796875
08:43:24,91282CLD1,TSRYS5850288,D,S,C,2024-08-27,1000000.00,3.764013,102.1798875
08:43:24,91282CLD1,TSRYS5850288,D,S,D,2024-08-27,1000000.00,3.764046,102.1796875
08:43:24,91282CLD1,TSRYS5850288,D,S,D,2024-08-27,1000000.00,3.764046,102.1796875
08:43:24,91282CLD1,TSRYS5850288,D,S,C,2024-08-27,1000000.00,3.764046,102.1796875
08:43:24,91282CLD1,TSRYS5850288,D,S,C,2024-08-27,1000000.00,3.764046,102.1796875
08:43:24,91282CLD1,TSRYS5850288,D,S,D,2024-08-27,1000000.00,3.764046,102.1796875
08:43:25,91282CLD1,TSRYS5850288,D,S,D,2024-08-27,429000.00,3.76459,102.17635905379
08:43:26,91282CLD1,TSRYS5850288,D,S,D,2024-08-27,1000000.00,3.76277,102.1875
08:43:26,91282CLD1,TSRYS5850288,D,S,D,2024-08-27,1000000.00,3.760219,102.203125
08:43:26,91282CLD1,TSRYS5850288,D,S,D,2024-08-27,1000000.00,3.76277,102.1875
08:43:26,91282CLD1,TSRYS5850288,D,S,D,2024-08-27,1000000.00,3.76277,102.1875
08:43:27,91282CLD1,TSRYS5850288,D,B,C,2024-08-27,6300000.00,3.763408,102.18359375
08:43:28,91282CLD1,TSRYS5850288,D,S,A,2024-08-27,1000000.00,3.762427,102.18960312
08:43:28,91282CLD1,TSRYS5850288,D,S,A,2024-08-27,1000000.00,3.762427,102.18960312
08:43:36,91282CLD1,TSRYS5850288,D,S,D,2024-08-27,1000000.00,3.76277,102.1875
08:43:36,91282CLD1,TSRYS5850288,D,S,D,2024-08-27,1000000.00,3.76277,102.1875
08:43:36,91282CLD1,TSRYS5850288,D,S,D,2024-08-27,1000000.00,3.76277,102.1875
08:43:36,91282CLD1,TSRYS5850288,D,S,D,2024-08-27,1000000.00,3.762451,102.189453125
08:43:36,91282CLD1,TSRYS5850288,D,B,C,2024-08-27,1000000.00,3.762451,102.189453125
08:43:36,91282CLD1,TSRYS5850288,D,S,T,2024-08-27,1000000.00,3.76277,102.1875
08:43:36,91282CLD1,TSRYS5850288,D,S,D,2024-08-27,1000000.00,3.76277,102.1875
08:43:37,91282CLD1,TSRYS5850288,D,S,C,2024-08-27,1000000.00,3.762451,102.189453125
08:43:42,91282CLD1,TSRYS5850288,D,B,C,2024-08-27,1000000.00,3.763089,102.18554687
08:43:43,91282CLD1,TSRYS5850288,D,B,C,2024-08-27,1000000.00,3.763089,102.18554687
08:43:43,91282CLD1,TSRYS5850288,D,S,T,2024-08-27,1000000.00,3.76277,102.1875
08:43:43,91282CLD1,TSRYS5850288,D,S,T,2024-08-27,1000000.00,3.76277,102.1875
08:43:43,91282CLD1,TSRYS5850288,D,S,T,2024-08-27,1000000.00,3.76277,102.1875
08:43:43,91282CLD1,TSRYS5850288,D,S,D,2024-08-27,1000000.00,3.76275,102.187625
08:43:43,91282CLD1,TSRYS5850288,D,S,D,2024-08-27,1000000.00,3.76275,102.187625
08:43:44,91282CLD1,TSRYS5850288,D,B,C,2024-08-27,1000000.00,3.762803,102.1873
08:43:44,91282CLD1,TSRYS5850288,D,S,T,2024-08-27,1000000.00,3.76277,102.1875
08:43:44,91282CLD1,TSRYS5850288,D,S,D,2024-08-27,1000000.00,3.76275,102.187625
08:43:45,91282CLD1,TSRYS5850288,D,B,C,2024-08-27,1000000.00,3.763089,102.18554687
08:43:45,91282CLD1,TSRYS5850288,D,S,T,2024-08-27,1000000.00,3.762791,102.18737
08:43:46,91282CLD1,TSRYS5850288,D,S,D,2024-08-27,1000000.00,3.76277,102.1875
08:43:47,91282CLD1,TSRYS5850288,D,S,D,2024-08-27,1000000.00,3.764046,102.1796875
08:43:48,91282CLD1,TSRYS5850288,D,S,D,2024-08-27,1000000.00,3.76277,102.1875
08:43:48,91282CLD1,TSRYS5850288,D,B,C,2024-08-27,1000000.00,3.76277,102.1875
08:43:48,91282CLD1,TSRYS5850288,D,S,D,2024-08-27,1000000.00,3.76277,102.1875
08:43:49,91282CLD1,TSRYS5850288,D,S,T,2024-08-27,1000000.00,3.764365,102.17773437
08:43:53,91282CLD1,TSRYS5850288,D,S,T,2024-08-27,1000000.00,3.764046,102.1796875
08:43:53,91282CLD1,TSRYS5850288,D,S,T,2024-08-27,1000000.00,3.764046,102.1796875
08:43:55,91282CLD1,TSRYS5850288,D,S,T,2024-08-27,1000000.00,3.764046,102.1796875
08:43:55,91282CLD1,TSRYS5850288,D,S,D,2024-08-27,1000000.00,3.763408,102.18359375
08:43:55,91282CLD1,TSRYS5850288,D,S,T,2024-08-27,1000000.00,3.763408,102.18359375
08:43:56,91282CLD1,TSRYS5850288,D,S,T,2024-08-27,1000000.00,3.763408,102.18359375
08:43:57,91282CLD1,TSRYS5850288,D,S,C,2024-08-27,1000000.00,3.763408,102.18359375
08:43:59,91282CLD1,TSRYS5850288,D,S,A,2024-08-27,1000000.00,3.764979,102.17397812
08:43:59,91282CLD1,TSRYS5850288,D,S,A,2024-08-27,1000000.00,3.764979,102.17397812
08:43:59,91282CLD1,TSRYS5850288,D,S,A,2024-08-27,1000000.00,3.765281,102.172125
08:44:00,91282CLD1,TSRYS5850288,D,S,D,2024-08-27,1000000.00,3.763408,102.18359375
08:44:00,91282CLD1,TSRYS5850288,D,S,T,2024-08-27,1000000.00,3.763408,102.18359375
08:44:08,91282CLD1,TSRYS5850288,D,S,D,2024-08-27,1000000.00,3.765322,102.171875
08:44:08,91282CLD1,TSRYS5850288,D,S,C,2024-08-27,1000000.00,3.764013,102.1798875
08:44:08,91282CLD1,TSRYS5850288,D,S,D,2024-08-27,1000000.00,3.764046,102.1796875
08:44:08,91282CLD1,TSRYS5850288,D,S,D,2024-08-27,1000000.00,3.764046,102.1796875
08:44:11,91282CLD1,TSRYS5850288,D,S,A,2024-08-27,1000000.00,3.764979,102.17397812
08:44:11,91282CLD1,TSRYS5850288,D,S,D,2024-08-27,1000000.00,3.764046,102.1796875
08:44:13,91282CLD1,TSRYS5850288,D,S,D,2024-08-27,1000000.00,3.763408,102.18359375
08:44:14,91282CLD1,TSRYS5850288,D,S,T,2024-08-27,1000000.00,3.763408,102.18359375
08:44:14,91282CLD1,TSRYS5850288,D,S,D,2024-08-27,1000000.00,3.764046,102.1796875
08:44:14,91282CLD1,TSRYS5850288,D,S,C,2024-08-27,1000000.00,3.764046,102.1796875
08:44:15,91282CLD1,TSRYS5850288,D,S,D,2024-08-27,7000000.00,3.763058,102.18574
08:44:15,91282CLD1,TSRYS5850288,D,S,C,2024-08-27,1000000.00,3.764046,102.1796875
08:44:18,91282CLD1,TSRYS5850288,D,S,D,2024-08-27,1000000.00,3.763408,102.18359375
08:44:19,91282CLD1,TSRYS5850288,D,S,T,2024-08-27,1000000.00,3.764079,102.1794875
08:44:19,91282CLD1,TSRYS5850288,D,S,T,2024-08-27,1000000.00,3.764079,102.1794875
08:44:20,91282CLD1,TSRYS5850288,D,S,D,2024-08-27,1000000.00,3.763727,102.18164062
08:44:20,91282CLD1,TSRYS5850288,D,S,T,2024-08-27,1000000.00,3.764079,102.1794875
08:44:20,91282CLD1,TSRYS5850288,D,S,T,2024-08-27,1000000.00,3.764079,102.1794875
08:44:21,91282CLD1,TSRYS5850288,D,S,T,2024-08-27,1000000.00,3.764079,102.1794875
08:44:23,91282CLD1,TSRYS5850288,D,B,C,2024-08-27,1000000.00,3.765347,102.171725
08:44:23,91282CLD1,TSRYS5850288,D,S,C,2024-08-27,1000000.00,3.765306,102.171975
08:44:23,91282CLD1,TSRYS5850288,D,S,D,2024-08-27,1000000.00,3.765281,102.172125
08:44:23,91282CLD1,TSRYS5850288,D,B,C,2024-08-27,1000000.00,3.765322,102.171875
08:44:23,91282CLD1,TSRYS5850288,D,B,C,2024-08-27,5000000.00,3.765347,102.171725
08:44:23,91282CLD1,TSRYS5850288,D,S,D,2024-08-27,5000000.00,3.765322,102.171875
08:44:23,91282CLD1,TSRYS5850288,D,B,C,2024-08-27,1000000.00,3.765347,102.171725
08:44:23,91282CLD1,TSRYS5850288,D,S,C,2024-08-27,1000000.00,3.765294,102.17205
08:44:23,91282CLD1,TSRYS5850288,D,S,C,2024-08-27,1000000.00,3.762742,102.187675
08:44:24,91282CLD1,TSRYS5850288,D,S,T,2024-08-27,1000000.00,3.764079,102.1794875
08:44:26,91282CLD1,TSRYS5850288,D,S,D,2024-08-27,1000000.00,3.765322,102.171875
08:44:27,91282CLD1,TSRYS5850288,D,S,C,2024-08-27,1000000.00,3.764365,102.17773437
08:44:27,91282CLD1,TSRYS5850288,D,S,C,2024-08-27,1000000.00,3.763408,102.18359375
08:44:28,91282CLD1,TSRYS5850288,D,S,D,2024-08-27,1000000.00,3.763408,102.18359375
08:44:29,91282CLD1,TSRYS5850288,D,B,C,2024-08-27,1000000.00,3.763408,102.18359375
08:44:32,91282CLD1,TSRYS5850288,D,S,D,2024-08-27,1000000.00,3.763408,102.18359375
08:44:33,91282CLD1,TSRYS5850288,D,S,D,2024-08-27,1000000.00,3.763408,102.18359375
08:44:33,91282CLD1,TSRYS5850288,D,S,T,2024-08-27,1000000.00,3.763408,102.18359375
08:44:36,91282CLD1,TSRYS5850288,D,S,C,2024-08-27,1000000.00,3.763089,102.185546875
08:44:36,91282CLD1,TSRYS5850288,D,S,C,2024-08-27,1000000.00,3.763089,102.185546875
08:44:36,91282CLD1,TSRYS5850288,D,B,C,2024-08-27,1000000.00,3.763089,102.185546875
08:44:36,91282CLD1,TSRYS5850288,D,S,D,2024-08-27,1000000.00,3.765322,102.171875
08:44:36,91282CLD1,TSRYS5850288,D,S,D,2024-08-27,1000000.00,3.765322,102.171875
08:44:36,91282CLD1,TSRYS5850288,D,B,C,2024-08-27,1000000.00,3.763089,102.185546875
08:44:37,91282CLD1,TSRYS5850288,D,S,D,2024-08-27,1000000.00,3.763089,102.185546875
08:44:37,91282CLD1,TSRYS5850288,D,S,D,2024-08-27,1000000.00,3.763089,102.185546875
08:44:38,91282CLD1,TSRYS5850288,D,S,D,2024-08-27,1000000.00,3.762733,102.187727
08:44:38,91282CLD1,TSRYS5850288,D,S,D,2024-08-27,1000000.00,3.762733,102.187727
08:44:40,91282CLD1,TSRYS5850288,D,B,C,2024-08-27,95000000.00,3.8344,101.75
08:44:43,91282CLD1,TSRYS5850288,D,S,T,2024-08-27,1000000.00,3.76277,102.1875
08:44:43,91282CLD1,TSRYS5850288,D,S,T,2024-08-27,1000000.00,3.763089,102.185546875
08:44:47,91282CLD1,TSRYS5850288,D,S,D,2024-08-27,1000000.00,3.763089,102.185546875
08:44:48,91282CLD1,TSRYS5850288,D,S,C,2024-08-27,3000000.00,3.763408,102.18359375
08:44:51,91282CLD1,TSRYS5850288,D,S,D,2024-08-27,35000000.00,3.763967,102.18017
08:45:00,91282CLD1,TSRYS5850288,D,S,C,2024-08-27,1000000.00,3.763089,102.185546875
08:45:01,91282CLD1,TSRYS5850288,D,B,C,2024-08-27,1000000.00,3.763089,102.185546875
08:45:01,91282CLD1,TSRYS5850288,D,S,D,2024-08-27,1000000.00,3.763089,102.185546875
08:45:03,91282CLD1,TSRYS5850288,D,S,D,2024-08-27,1000000.00,3.764684,102.17578125
08:45:03,91282CLD1,TSRYS5850288,D,S,C,2024-08-27,1000000.00,3.764684,102.17578125
08:45:05,91282CLD1,TSRYS5850288,D,B,C,2024-08-27,150MM+,3.76277,102.1875
08:45:08,91282CLD1,TSRYS5850288,D,S,T,2024-08-27,1000000.00,3.764046,102.1796875
08:45:18,91282CLD1,TSRYS5850288,D,S,D,2024-08-27,1000000.00,3.764684,102.17578125
08:45:18,91282CLD1,TSRYS5850288,D,S,C,2024-08-27,1000000.00,3.764684,102.17578125
08:45:18,91282CLD1,TSRYS5850288,D,S,C,2024-08-27,1000000.00,3.765003,102.17382812
08:45:24,91282CLD1,TSRYS5850288,D,S,D,2024-08-27,1000000.00,3.76277,102.1875
08:45:24,91282CLD1,TSRYS5850288,D,B,C,2024-08-27,1000000.00,3.76277,102.1875
08:45:24,91282CLD1,TSRYS5850288,D,S,C,2024-08-27,1000000.00,3.76277,102.1875
08:45:26,91282CLD1,TSRYS5850288,D,S,C,2024-08-27,1000000.00,3.765003,102.173828125
08:45:26,91282CLD1,TSRYS5850288,D,B,C,2024-08-27,1000000.00,3.765003,102.173828125
08:45:26,91282CLD1,TSRYS5850288,D,S,D,2024-08-27,1000000.00,3.765003,102.173828125
08:45:27,91282CLD1,TSRYS5850288,D,B,C,2024-08-27,1000000.00,3.765003,102.173828125
08:45:54,91282CLD1,TSRYS5850288,D,S,D,2024-08-27,1000000.00,3.764046,102.1796875
08:45:56,91282CLD1,TSRYS5850288,D,S,T,2024-08-27,1000000.00,3.764684,102.17578125
08:45:56,91282CLD1,TSRYS5850288,D,S,D,2024-08-27,1000000.00,3.76466,102.17593125
08:45:59,91282CLD1,TSRYS5850288,D,S,T,2024-08-27,1000000.00,3.765322,102.171875
08:46:20,91282CLD1,TSRYS5850288,D,S,D,2024-08-27,1000000.00,3.76596,102.16796875
08:46:20,91282CLD1,TSRYS5850288,D,S,D,2024-08-27,1000000.00,3.76596,102.16796875
08:46:20,91282CLD1,TSRYS5850288,D,B,C,2024-08-27,1000000.00,3.765993,102.16776875
08:46:20,91282CLD1,TSRYS5850288,D,B,C,2024-08-27,1000000.00,3.765993,102.16776875
08:46:24,91282CLD1,TSRYS5850288,D,S,T,2024-08-27,1000000.00,3.76596,102.16796875
08:46:24,91282CLD1,TSRYS5850288,D,S,D,2024-08-27,1000000.00,3.76596,102.16796875
08:46:36,91282CLD1,TSRYS5850288,D,S,C,2024-08-27,1000000.00,3.76529,102.172075
08:46:36,91282CLD1,TSRYS5850288,D,B,C,2024-08-27,1000000.00,3.765355,102.171675
08:46:37,91282CLD1,TSRYS5850288,D,S,C,2024-08-27,1000000.00,3.765298,102.172025
08:46:37,91282CLD1,TSRYS5850288,D,S,T,2024-08-27,1000000.00,3.765322,102.171875
08:46:41,91282CLD1,TSRYS5850288,D,S,D,2024-08-27,1000000.00,3.765322,102.171875
08:46:41,91282CLD1,TSRYS5850288,D,B,C,2024-08-27,1000000.00,3.765322,102.171875
08:46:41,91282CLD1,TSRYS5850288,D,B,C,2024-08-27,1000000.00,3.765322,102.171875
08:46:41,91282CLD1,TSRYS5850288,D,S,D,2024-08-27,1000000.00,3.765322,102.171875
08:46:43,91282CLD1,TSRYS5850288,D,S,D,2024-08-27,1000000.00,3.765322,102.171875
08:46:43,91282CLD1,TSRYS5850288,D,B,C,2024-08-27,1000000.00,3.765355,102.171675
08:46:44,91282CLD1,TSRYS5850288,D,S,T,2024-08-27,1000000.00,3.765322,102.171875
08:46:59,91282CLD1,TSRYS5850288,D,S,D,2024-08-27,50000.00,3.765322,102.171875
08:47:01,91282CLD1,TSRYS5850288,D,S,A,2024-08-27,1000000.00,3.76466,102.17593125
08:47:07,91282CLD1,TSRYS5850288,D,S,T,2024-08-27,1000000.00,3.766598,102.1640625
08:47:09,91282CLD1,TSRYS5850288,D,S,D,2024-08-27,1000000.00,3.765322,102.171875
08:47:09,91282CLD1,TSRYS5850288,D,S,D,2024-08-27,1000000.00,3.765281,102.172125
08:47:19,91282CLD1,TSRYS5850288,D,B,C,2024-08-27,1000000.00,3.766598,102.1640625
08:47:19,91282CLD1,TSRYS5850288,D,B,C,2024-08-27,1000000.00,3.766598,102.1640625
08:47:19,91282CLD1,TSRYS5850288,D,B,C,2024-08-27,1000000.00,3.766598,102.1640625
08:47:19,91282CLD1,TSRYS5850288,D,B,C,2024-08-27,1000000.00,3.766598,102.1640625
08:47:20,91282CLD1,TSRYS5850288,D,S,C,2024-08-27,4000000.00,3.766566,102.1642625
08:47:27,91282CLD1,TSRYS5850288,D,B,C,2024-08-27,1000000.00,3.766917,102.162109375
08:47:27,91282CLD1,TSRYS5850288,D,S,D,2024-08-27,1000000.00,3.766917,102.162109375
08:47:47,91282CLD1,TSRYS5850288,D,S,T,2024-08-27,1000000.00,3.766598,102.1640625
08:47:47,91282CLD1,TSRYS5850288,D,S,D,2024-08-27,1000000.00,3.766598,102.1640625
08:47:51,91282CLD1,TSRYS5850288,D,S,A,2024-08-27,1000000.00,3.765281,102.172125
08:47:54,91282CLD1,TSRYS5850288,D,S,D,2024-08-27,1000000.00,3.766598,102.1640625
08:47:57,91282CLD1,TSRYS5850288,D,B,C,2024-08-27,95100000.00,,101.75
08:48:06,91282CLD1,TSRYS5850288,D,S,D,2024-08-27,1000000.00,3.766598,102.1640625
08:48:06,91282CLD1,TSRYS5850288,D,S,T,2024-08-27,1000000.00,3.766598,102.1640625
08:48:06,91282CLD1,TSRYS5850288,D,S,T,2024-08-27,1000000.00,3.766598,102.1640625
08:48:06,91282CLD1,TSRYS5850288,D,S,D,2024-08-27,1000000.00,3.766598,102.1640625
08:48:06,91282CLD1,TSRYS5850288,D,S,C,2024-08-27,1000000.00,3.767237,102.16015625
08:48:06,91282CLD1,TSRYS5850288,D,S,C,2024-08-27,1000000.00,3.767237,102.16015625
08:48:06,91282CLD1,TSRYS5850288,D,B,C,2024-08-27,1000000.00,3.766598,102.1640625
08:48:06,91282CLD1,TSRYS5850288,D,S,D,2024-08-27,1000000.00,3.766598,102.1640625
08:48:06,91282CLD1,TSRYS5850288,D,S,D,2024-08-27,1000000.00,3.766598,102.1640625
08:48:06,91282CLD1,TSRYS5850288,D,B,C,2024-08-27,1000000.00,3.766598,102.1640625
08:48:07,91282CLD1,TSRYS5850288,D,S,D,2024-08-27,1000000.00,3.766598,102.1640625
08:48:07,91282CLD1,TSRYS5850288,D,B,C,2024-08-27,1000000.00,3.766631,102.1638625
08:48:07,91282CLD1,TSRYS5850288,D,S,D,2024-08-27,1000000.00,3.766598,102.1640625
08:48:07,91282CLD1,TSRYS5850288,D,B,C,2024-08-27,1000000.00,3.766598,102.1640625
08:48:12,91282CLD1,TSRYS5850288,D,S,T,2024-08-27,2000000.00,3.766598,102.1640625
08:48:14,91282CLD1,TSRYS5850288,D,S,T,2024-08-27,1000000.00,3.766598,102.1640625
08:48:14,91282CLD1,TSRYS5850288,D,S,T,2024-08-27,1000000.00,3.766598,102.1640625
08:48:29,91282CLD1,TSRYS5850288,D,S,T,2024-08-27,1000000.00,3.766598,102.1640625
08:48:30,91282CLD1,TSRYS5850288,D,S,T,2024-08-27,1000000.00,3.766598,102.1640625
08:48:31,91282CLD1,TSRYS5850288,D,S,C,2024-08-27,1000000.00,3.766598,102.1640625
08:48:35,91282CLD1,TSRYS5850288,D,S,T,2024-08-27,1000000.00,3.766598,102.1640625
08:48:35,91282CLD1,TSRYS5850288,D,S,T,2024-08-27,3000000.00,3.766598,102.1640625
08:48:36,91282CLD1,TSRYS5850288,D,S,T,2024-08-27,1000000.00,3.766598,102.1640625
08:48:36,91282CLD1,TSRYS5850288,D,S,T,2024-08-27,1000000.00,3.766598,102.1640625
08:48:37,91282CLD1,TSRYS5850288,D,S,T,2024-08-27,1000000.00,3.766598,102.1640625
08:48:38,91282CLD1,TSRYS5850288,D,S,D,2024-08-27,1000000.00,3.766598,102.1640625
08:48:38,91282CLD1,TSRYS5850288,D,S,C,2024-08-27,2000000.00,3.766598,102.1640625
08:48:38,91282CLD1,TSRYS5850288,D,S,C,2024-08-27,1000000.00,3.766598,102.1640625
08:48:39,91282CLD1,TSRYS5850288,D,S,D,2024-08-27,1000000.00,3.766598,102.1640625
08:48:39,91282CLD1,TSRYS5850288,D,S,T,2024-08-27,1000000.00,3.766598,102.1640625
08:48:45,91282CLD1,TSRYS5850288,D,S,T,2024-08-27,1000000.00,3.766598,102.1640625
08:48:51,91282CLD1,TSRYS5850288,D,S,D,2024-08-27,1000.00,3.766262,102.16612435719
08:48:53,91282CLD1,TSRYS5850288,D,S,D,2024-08-27,1000000.00,3.766598,102.1640625
08:48:56,91282CLD1,TSRYS5850288,D,S,D,2024-08-27,1000000.00,3.765322,102.171875
08:48:57,91282CLD1,TSRYS5850288,D,S,C,2024-08-27,1000000.00,3.765322,102.171875
08:48:57,91282CLD1,TSRYS5850288,D,S,T,2024-08-27,1000000.00,3.765322,102.171875
08:49:06,91282CLD1,TSRYS5850288,D,S,T,2024-08-27,1000000.00,3.765322,102.171875
08:49:07,91282CLD1,TSRYS5850288,D,S,D,2024-08-27,1000000.00,3.765631,102.1699831015
08:49:11,91282CLD1,TSRYS5850288,D,S,D,2024-08-27,1000000.00,3.766598,102.1640625
08:49:11,91282CLD1,TSRYS5850288,D,S,D,2024-08-27,1000000.00,3.766598,102.1640625
08:49:11,91282CLD1,TSRYS5850288,D,S,D,2024-08-27,1000000.00,3.766598,102.1640625
08:49:11,91282CLD1,TSRYS5850288,D,S,C,2024-08-27,1000000.00,3.766582,102.1641625
08:49:11,91282CLD1,TSRYS5850288,D,S,D,2024-08-27,3000000.00,3.766598,102.1640625
08:49:21,91282CLD1,TSRYS5850288,D,S,T,2024-08-27,1000000.00,3.765322,102.171875
08:49:25,91282CLD1,TSRYS5850288,D,S,D,2024-08-27,1000000.00,3.766598,102.1640625
08:49:28,91282CLD1,TSRYS5850288,D,S,D,2024-08-27,1000000.00,3.765641,102.169921875
08:49:33,91282CLD1,TSRYS5850288,D,S,D,2024-08-27,1000000.00,3.765641,102.16992188
08:49:40,91282CLD1,TSRYS5850288,D,S,D,2024-08-27,1000000.00,3.765322,102.171875
08:49:48,91282CLD1,TSRYS5850288,D,S,T,2024-08-27,1000000.00,3.76596,102.16796875
08:49:48,91282CLD1,TSRYS5850288,D,S,C,2024-08-27,1000000.00,3.766279,102.166015625
08:49:48,91282CLD1,TSRYS5850288,D,S,C,2024-08-27,1000000.00,3.766279,102.166015625
08:49:49,91282CLD1,TSRYS5850288,D,S,D,2024-08-27,1000000.00,3.76596,102.16796875
08:49:49,91282CLD1,TSRYS5850288,D,B,C,2024-08-27,1000000.00,3.766279,102.166015625
08:49:49,91282CLD1,TSRYS5850288,D,B,C,2024-08-27,1000000.00,3.766279,102.166015625
08:49:49,91282CLD1,TSRYS5850288,D,S,D,2024-08-27,1000000.00,3.766279,102.166015625
08:49:50,91282CLD1,TSRYS5850288,D,S,D,2024-08-27,1000000.00,3.766279,102.166015625
08:49:53,91282CLD1,TSRYS5850288,D,S,C,2024-08-27,1000000.00,3.765322,102.171875
08:49:53,91282CLD1,TSRYS5850288,D,S,C,2024-08-27,1000000.00,3.765273,102.172175
08:49:54,91282CLD1,TSRYS5850288,D,S,D,2024-08-27,1000000.00,3.766279,102.166015625
08:49:55,91282CLD1,TSRYS5850288,D,S,T,2024-08-27,1000000.00,3.765322,102.171875
08:49:56,91282CLD1,TSRYS5850288,D,S,T,2024-08-27,1000000.00,3.765322,102.171875
08:49:56,91282CLD1,TSRYS5850288,D,S,T,2024-08-27,1000000.00,3.765322,102.171875
08:49:56,91282CLD1,TSRYS5850288,D,S,T,2024-08-27,1000000.00,3.765322,102.171875
08:49:56,91282CLD1,TSRYS5850288,D,S,T,2024-08-27,1000000.00,3.765322,102.171875
08:50:01,91282CLD1,TSRYS5850288,D,S,T,2024-08-27,1000000.00,3.764684,102.17578125
08:50:01,91282CLD1,TSRYS5850288,D,S,D,2024-08-27,1000000.00,3.765322,102.171875
08:50:06,91282CLD1,TSRYS5850288,D,S,C,2024-08-27,1000000.00,3.764684,102.17578125
08:50:08,91282CLD1,TSRYS5850288,D,S,T,2024-08-27,1000000.00,3.765322,102.171875
08:50:12,91282CLD1,TSRYS5850288,D,S,T,2024-08-27,1000000.00,3.764046,102.1796875
08:50:12,91282CLD1,TSRYS5850288,D,S,T,2024-08-27,1000000.00,3.764046,102.1796875
08:50:12,91282CLD1,TSRYS5850288,D,S,C,2024-08-27,1000000.00,3.764013,102.1798875
08:50:12,91282CLD1,TSRYS5850288,D,S,T,2024-08-27,1000000.00,3.764046,102.1796875
08:50:12,91282CLD1,TSRYS5850288,D,S,T,2024-08-27,1000000.00,3.764046,102.1796875
08:50:12,91282CLD1,TSRYS5850288,D,S,T,2024-08-27,1000000.00,3.764046,102.1796875
08:50:13,91282CLD1,TSRYS5850288,D,S,C,2024-08-27,2000000.00,3.766279,102.16601562
08:50:18,91282CLD1,TSRYS5850288,D,S,D,2024-08-27,1000000.00,3.765631,102.1699831015
08:50:24,91282CLD1,TSRYS5850288,D,S,T,2024-08-27,1000000.00,3.764046,102.1796875
08:50:24,91282CLD1,TSRYS5850288,D,S,T,2024-08-27,1000000.00,3.764046,102.1796875
08:50:26,91282CLD1,TSRYS5850288,D,S,C,2024-08-27,1000000.00,3.765298,102.172025
08:50:29,91282CLD1,TSRYS5850288,D,S,C,2024-08-27,1000000.00,3.764046,102.1796875
08:50:29,91282CLD1,TSRYS5850288,D,S,C,2024-08-27,1000000.00,3.764046,102.1796875
08:50:29,91282CLD1,TSRYS5850288,D,B,C,2024-08-27,2000000.00,3.764079,102.1794875
08:50:36,91282CLD1,TSRYS5850288,D,S,D,2024-08-27,1000000.00,3.764365,102.177734375
08:50:36,91282CLD1,TSRYS5850288,D,S,C,2024-08-27,1000000.00,3.764365,102.177734375
08:50:41,91282CLD1,TSRYS5850288,D,S,C,2024-08-27,1000000.00,3.76529,102.172075
08:50:41,91282CLD1,TSRYS5850288,D,S,D,2024-08-27,1000000.00,3.765322,102.171875
08:50:41,91282CLD1,TSRYS5850288,D,B,C,2024-08-27,1000000.00,3.765347,102.171725
08:50:41,91282CLD1,TSRYS5850288,D,B,C,2024-08-27,1000000.00,3.765347,102.171725
08:50:41,91282CLD1,TSRYS5850288,D,S,C,2024-08-27,1000000.00,3.765322,102.171875
08:50:41,91282CLD1,TSRYS5850288,D,S,D,2024-08-27,1000000.00,3.765281,102.172125
08:50:41,91282CLD1,TSRYS5850288,D,B,C,2024-08-27,1000000.00,3.765347,102.171725
08:50:41,91282CLD1,TSRYS5850288,D,S,D,2024-08-27,1000000.00,3.765322,102.171875
08:50:41,91282CLD1,TSRYS5850288,D,B,C,2024-08-27,1000000.00,3.765347,102.171725
08:50:47,91282CLD1,TSRYS5850288,D,S,T,2024-08-27,1000000.00,3.764684,102.17578125
08:50:47,91282CLD1,TSRYS5850288,D,S,T,2024-08-27,1000000.00,3.764684,102.17578125
08:50:47,91282CLD1,TSRYS5850288,D,S,C,2024-08-27,2000000.00,3.764651,102.17598125
08:50:56,91282CLD1,TSRYS5850288,D,S,C,2024-08-27,1000000.00,3.765322,102.171875
08:50:56,91282CLD1,TSRYS5850288,D,S,C,2024-08-27,1000000.00,3.765298,102.172025
08:50:56,91282CLD1,TSRYS5850288,D,S,D,2024-08-27,1000000.00,3.764046,102.1796875
08:50:56,91282CLD1,TSRYS5850288,D,S,C,2024-08-27,1000000.00,3.76403,102.1797875
08:50:56,91282CLD1,TSRYS5850288,D,S,C,2024-08-27,1000000.00,3.76403,102.1797875
08:50:56,91282CLD1,TSRYS5850288,D,S,C,2024-08-27,1000000.00,3.76403,102.1797875
08:50:57,91282CLD1,TSRYS5850288,D,S,C,2024-08-27,1000000.00,3.76403,102.1797875
08:51:02,91282CLD1,TSRYS5850288,D,S,A,2024-08-27,1000000.00,3.765281,102.172125
08:51:07,91282CLD1,TSRYS5850288,D,S,D,2024-08-27,1000000.00,3.763408,102.18359375
08:51:08,91282CLD1,TSRYS5850288,D,S,D,2024-08-27,1000000.00,3.763408,102.18359375
08:51:08,91282CLD1,TSRYS5850288,D,B,C,2024-08-27,2000000.00,3.763441,102.18339375
08:51:11,91282CLD1,TSRYS5850288,D,S,D,2024-08-27,1000000.00,3.764365,102.17773437
08:51:12,91282CLD1,TSRYS5850288,D,S,C,2024-08-27,1000000.00,3.765298,102.172025
08:51:12,91282CLD1,TSRYS5850288,D,S,C,2024-08-27,1000000.00,3.765322,102.171875
08:51:12,91282CLD1,TSRYS5850288,D,B,C,2024-08-27,1000000.00,3.765322,102.171875
08:51:12,91282CLD1,TSRYS5850288,D,S,C,2024-08-27,1000000.00,3.76403,102.1797875
08:51:12,91282CLD1,TSRYS5850288,D,S,C,2024-08-27,1000000.00,3.764365,102.17773437
08:51:13,91282CLD1,TSRYS5850288,D,S,C,2024-08-27,1000000.00,3.764365,102.17773437
08:51:16,91282CLD1,TSRYS5850288,D,S,C,2024-08-27,1000000.00,3.764046,102.1796875
08:51:16,91282CLD1,TSRYS5850288,D,S,D,2024-08-27,1000000.00,3.764046,102.1796875
08:51:16,91282CLD1,TSRYS5850288,D,S,D,2024-08-27,1000000.00,3.764046,102.1796875
08:51:17,91282CLD1,TSRYS5850288,D,S,T,2024-08-27,1000000.00,3.763727,102.181640625
08:51:17,91282CLD1,TSRYS5850288,D,S,D,2024-08-27,1000000.00,3.763711,102.181740625
08:51:20,91282CLD1,TSRYS5850288,D,S,T,2024-08-27,1000000.00,3.764046,102.1796875
08:51:20,91282CLD1,TSRYS5850288,D,S,T,2024-08-27,1000000.00,3.764046,102.1796875
08:51:28,91282CLD1,TSRYS5850288,D,S,T,2024-08-27,1000000.00,3.76277,102.1875
08:51:31,91282CLD1,TSRYS5850288,D,S,T,2024-08-27,1000000.00,3.764046,102.1796875
08:51:32,91282CLD1,TSRYS5850288,D,S,T,2024-08-27,1000000.00,3.764046,102.1796875
08:51:35,91282CLD1,TSRYS5850288,D,S,T,2024-08-27,2000000.00,3.76277,102.1875
08:51:35,91282CLD1,TSRYS5850288,D,S,T,2024-08-27,3000000.00,3.76277,102.1875
08:51:35,91282CLD1,TSRYS5850288,D,S,T,2024-08-27,1000000.00,3.76277,102.1875
08:51:35,91282CLD1,TSRYS5850288,D,S,T,2024-08-27,1000000.00,3.763089,102.185546875
08:51:35,91282CLD1,TSRYS5850288,D,S,T,2024-08-27,1000000.00,3.76277,102.1875
08:51:35,91282CLD1,TSRYS5850288,D,S,T,2024-08-27,1000000.00,3.76277,102.1875
08:51:37,91282CLD1,TSRYS5850288,D,B,C,2024-08-27,1000000.00,3.762132,102.19140625
08:51:37,91282CLD1,TSRYS5850288,D,S,D,2024-08-27,1000000.00,3.762132,102.19140625
08:51:37,91282CLD1,TSRYS5850288,D,S,D,2024-08-27,1000000.00,3.763065,102.185696875
08:51:38,91282CLD1,TSRYS5850288,D,S,D,2024-08-27,2000000.00,3.766279,102.16601562
08:51:40,91282CLD1,TSRYS5850288,D,S,T,2024-08-27,1000000.00,3.761494,102.1953125
08:51:40,91282CLD1,TSRYS5850288,D,S,D,2024-08-27,2000000.00,3.76277,102.1875
08:51:40,91282CLD1,TSRYS5850288,D,S,D,2024-08-27,1000000.00,3.76277,102.1875
08:51:42,91282CLD1,TSRYS5850288,D,S,D,2024-08-27,1000000.00,3.766279,102.16601562
08:51:42,91282CLD1,TSRYS5850288,D,S,D,2024-08-27,1000000.00,3.764046,102.1796875
08:51:45,91282CLD1,TSRYS5850288,D,S,T,2024-08-27,1000000.00,3.766279,102.16601562
08:51:48,91282CLD1,TSRYS5850288,D,S,D,2024-08-27,1000000.00,3.763199,102.1848733836
08:51:55,91282CLD1,TSRYS5850288,D,S,T,2024-08-27,1000000.00,3.760219,102.203125
08:51:55,91282CLD1,TSRYS5850288,D,S,T,2024-08-27,1000000.00,3.760219,102.203125
08:51:55,91282CLD1,TSRYS5850288,D,S,T,2024-08-27,1000000.00,3.760219,102.203125
08:51:57,91282CLD1,TSRYS5850288,D,S,C,2024-08-27,1000000.00,3.762754,102.1876
08:52:00,91282CLD1,TSRYS5850288,D,S,C,2024-08-27,3000000.00,3.765003,102.17382812
08:52:06,91282CLD1,TSRYS5850288,D,S,T,2024-08-27,1000000.00,3.760219,102.203125
08:52:06,91282CLD1,TSRYS5850288,D,S,T,2024-08-27,1000000.00,3.760219,102.203125
08:52:08,91282CLD1,TSRYS5850288,D,S,T,2024-08-27,2000000.00,3.7603,102.202625
08:52:08,91282CLD1,TSRYS5850288,D,S,T,2024-08-27,1000000.00,3.76277,102.1875
08:52:08,91282CLD1,TSRYS5850288,D,S,T,2024-08-27,2000000.00,3.76277,102.1875
08:52:08,91282CLD1,TSRYS5850288,D,S,T,2024-08-27,1000000.00,3.76277,102.1875
08:52:11,91282CLD1,TSRYS5850288,D,S,D,2024-08-27,1000000.00,3.76277,102.1875
08:52:11,91282CLD1,TSRYS5850288,D,S,T,2024-08-27,2000000.00,3.7603,102.202625
08:52:12,91282CLD1,TSRYS5850288,D,S,T,2024-08-27,2000000.00,3.7603,102.202625
08:52:12,91282CLD1,TSRYS5850288,D,S,D,2024-08-27,1000000.00,3.76277,102.1875
08:52:12,91282CLD1,TSRYS5850288,D,S,C,2024-08-27,1000000.00,3.76277,102.1875
08:52:12,91282CLD1,TSRYS5850288,D,S,C,2024-08-27,1000000.00,3.762742,102.187675
08:52:12,91282CLD1,TSRYS5850288,D,S,C,2024-08-27,1000000.00,3.76277,102.1875
08:52:12,91282CLD1,TSRYS5850288,D,S,T,2024-08-27,2000000.00,3.7603,102.202625
08:52:12,91282CLD1,TSRYS5850288,D,S,C,2024-08-27,1000000.00,3.762746,102.18765
08:52:12,91282CLD1,TSRYS5850288,D,S,D,2024-08-27,1000000.00,3.761494,102.1953125
08:52:14,91282CLD1,TSRYS5850288,D,S,T,2024-08-27,1000000.00,3.760219,102.203125
08:52:16,91282CLD1,TSRYS5850288,D,S,C,2024-08-27,1000000.00,3.76084,102.19931875
08:52:16,91282CLD1,TSRYS5850288,D,S,T,2024-08-27,2000000.00,3.760856,102.19921875
08:52:16,91282CLD1,TSRYS5850288,D,S,C,2024-08-27,1000000.00,3.76084,102.19931875
08:52:19,91282CLD1,TSRYS5850288,D,S,C,2024-08-27,1000000.00,3.760219,102.203125
08:52:20,91282CLD1,TSRYS5850288,D,S,D,2024-08-27,1000000.00,3.760219,102.203125
08:52:20,91282CLD1,TSRYS5850288,D,S,D,2024-08-27,1000000.00,3.760219,102.203125
08:52:27,91282CLD1,TSRYS5850288,D,S,T,2024-08-27,1000000.00,3.760219,102.203125
08:52:27,91282CLD1,TSRYS5850288,D,S,D,2024-08-27,2000000.00,3.760219,102.203125
08:52:27,91282CLD1,TSRYS5850288,D,S,C,2024-08-27,2000000.00,3.760194,102.203275
08:52:27,91282CLD1,TSRYS5850288,D,S,C,2024-08-27,1000000.00,3.760194,102.203275
08:52:35,91282CLD1,TSRYS5850288,D,S,C,2024-08-27,3000000.00,3.765003,102.17382812
08:52:42,91282CLD1,TSRYS5850288,D,S,C,2024-08-27,1000000.00,3.760219,102.203125
08:52:42,91282CLD1,TSRYS5850288,D,S,D,2024-08-27,2000000.00,3.760219,102.203125
08:52:42,91282CLD1,TSRYS5850288,D,S,C,2024-08-27,2000000.00,3.760186,102.203325
08:52:42,91282CLD1,TSRYS5850288,D,S,D,2024-08-27,1000000.00,3.760219,102.203125
08:52:42,91282CLD1,TSRYS5850288,D,S,C,2024-08-27,1000000.00,3.760219,102.203125
08:52:42,91282CLD1,TSRYS5850288,D,S,D,2024-08-27,1000000.00,3.760178,102.203375
08:52:44,91282CLD1,TSRYS5850288,D,S,A,2024-08-27,1000000.00,3.763065,102.18569687
08:52:50,91282CLD1,TSRYS5850288,D,S,T,2024-08-27,1000000.00,3.760219,102.203125
08:52:53,91282CLD1,TSRYS5850288,D,S,T,2024-08-27,1000000.00,3.760219,102.203125
08:52:53,91282CLD1,TSRYS5850288,D,S,T,2024-08-27,1000000.00,3.760219,102.203125
08:52:53,91282CLD1,TSRYS5850288,D,S,T,2024-08-27,1000000.00,3.760219,102.203125
08:52:53,91282CLD1,TSRYS5850288,D,S,T,2024-08-27,1000000.00,3.760235,102.203023
08:52:54,91282CLD1,TSRYS5850288,D,S,T,2024-08-27,1000000.00,3.760219,102.203125
08:52:55,91282CLD1,TSRYS5850288,D,S,C,2024-08-27,1000000.00,3.760219,102.203125
08:52:55,91282CLD1,TSRYS5850288,D,S,D,2024-08-27,1000000.00,3.760219,102.203125
08:52:55,91282CLD1,TSRYS5850288,D,S,C,2024-08-27,1000000.00,3.760186,102.203325
08:52:56,91282CLD1,TSRYS5850288,D,B,C,2024-08-27,1000000.00,3.760219,102.203125
08:52:56,91282CLD1,TSRYS5850288,D,S,C,2024-08-27,2000000.00,3.760186,102.203325
08:52:59,91282CLD1,TSRYS5850288,D,S,D,2024-08-27,1000000.00,3.760219,102.203125
08:53:00,91282CLD1,TSRYS5850288,D,S,C,2024-08-27,1000000.00,3.760219,102.203125
08:53:00,91282CLD1,TSRYS5850288,D,S,T,2024-08-27,1000000.00,3.760537,102.201171875
08:53:00,91282CLD1,TSRYS5850288,D,S,D,2024-08-27,1000000.00,3.76277,102.1875
08:53:00,91282CLD1,TSRYS5850288,D,S,D,2024-08-27,1000000.00,3.76277,102.1875
08:53:00,91282CLD1,TSRYS5850288,D,S,D,2024-08-27,1000000.00,3.76277,102.1875
08:53:01,91282CLD1,TSRYS5850288,D,S,D,2024-08-27,1000000.00,3.760219,102.203125
08:53:01,91282CLD1,TSRYS5850288,D,S,D,2024-08-27,1000000.00,3.760513,102.201321875
08:53:01,91282CLD1,TSRYS5850288,D,S,T,2024-08-27,1000000.00,3.761175,102.197265625
08:53:04,91282CLD1,TSRYS5850288,D,S,T,2024-08-27,1000000.00,3.761494,102.1953125
08:53:04,91282CLD1,TSRYS5850288,D,S,T,2024-08-27,1000000.00,3.761494,102.1953125
08:53:04,91282CLD1,TSRYS5850288,D,S,T,2024-08-27,1000000.00,3.761494,102.1953125
08:53:04,91282CLD1,TSRYS5850288,D,S,T,2024-08-27,4000000.00,3.761494,102.1953125
08:53:04,91282CLD1,TSRYS5850288,D,S,T,2024-08-27,1000000.00,3.761494,102.1953125
08:53:04,91282CLD1,TSRYS5850288,D,S,T,2024-08-27,1000000.00,3.761494,102.1953125
08:53:04,91282CLD1,TSRYS5850288,D,S,T,2024-08-27,1000000.00,3.761494,102.1953125
08:53:04,91282CLD1,TSRYS5850288,D,S,T,2024-08-27,1000000.00,3.761494,102.1953125
08:53:04,91282CLD1,TSRYS5850288,D,S,T,2024-08-27,1000000.00,3.761494,102.1953125
08:53:04,91282CLD1,TSRYS5850288,D,S,T,2024-08-27,1000000.00,3.761494,102.1953125
08:53:06,91282CLD1,TSRYS5850288,D,S,T,2024-08-27,1000000.00,3.761494,102.1953125
08:53:06,91282CLD1,TSRYS5850288,D,S,C,2024-08-27,1000000.00,3.761175,102.197265625
08:53:06,91282CLD1,TSRYS5850288,D,S,C,2024-08-27,1000000.00,3.761175,102.197265625
08:53:07,91282CLD1,TSRYS5850288,D,S,T,2024-08-27,1000000.00,3.761494,102.1953125
08:53:07,91282CLD1,TSRYS5850288,D,S,T,2024-08-27,1000000.00,3.761175,102.197265625
08:53:07,91282CLD1,TSRYS5850288,D,S,T,2024-08-27,1000000.00,3.761494,102.1953125
08:53:13,91282CLD1,TSRYS5850288,D,S,C,2024-08-27,1000000.00,3.760219,102.203125
08:53:14,91282CLD1,TSRYS5850288,D,S,A,2024-08-27,1000000.00,3.760178,102.203375
08:53:27,91282CLD1,TSRYS5850288,D,S,C,2024-08-27,1000000.00,3.760219,102.203125
08:53:42,91282CLD1,TSRYS5850288,D,S,D,2024-08-27,1000000.00,3.761494,102.1953125
08:53:42,91282CLD1,TSRYS5850288,D,S,D,2024-08-27,1000000.00,3.761494,102.1953125
08:53:42,91282CLD1,TSRYS5850288,D,B,C,2024-08-27,1000000.00,3.761494,102.1953125
08:53:42,91282CLD1,TSRYS5850288,D,S,D,2024-08-27,1000000.00,3.761494,102.1953125
08:53:42,91282CLD1,TSRYS5850288,D,S,D,2024-08-27,1000000.00,3.761494,102.1953125
08:53:43,91282CLD1,TSRYS5850288,D,S,D,2024-08-27,1000000.00,3.761494,102.1953125
08:53:43,91282CLD1,TSRYS5850288,D,B,C,2024-08-27,1000000.00,3.761494,102.1953125
08:53:43,91282CLD1,TSRYS5850288,D,S,D,2024-08-27,1000000.00,3.761494,102.1953125
08:53:43,91282CLD1,TSRYS5850288,D,S,D,2024-08-27,1000000.00,3.761494,102.1953125
08:53:43,91282CLD1,TSRYS5850288,D,S,D,2024-08-27,1000000.00,3.761494,102.1953125
08:53:43,91282CLD1,TSRYS5850288,D,S,D,2024-08-27,1000000.00,3.761494,102.1953125
08:53:43,91282CLD1,TSRYS5850288,D,B,C,2024-08-27,1000000.00,3.761494,102.1953125
08:53:43,91282CLD1,TSRYS5850288,D,S,D,2024-08-27,1000000.00,3.761494,102.1953125
08:53:43,91282CLD1,TSRYS5850288,D,S,D,2024-08-27,1000000.00,3.761494,102.1953125
08:53:43,91282CLD1,TSRYS5850288,D,S,D,2024-08-27,1000000.00,3.761494,102.1953125
08:53:43,91282CLD1,TSRYS5850288,D,B,C,2024-08-27,1000000.00,3.761494,102.1953125
08:53:43,91282CLD1,TSRYS5850288,D,S,D,2024-08-27,1000000.00,3.761494,102.1953125
08:53:43,91282CLD1,TSRYS5850288,D,S,D,2024-08-27,4000000.00,3.761494,102.1953125
08:53:43,91282CLD1,TSRYS5850288,D,B,C,2024-08-27,1000000.00,3.761494,102.1953125
08:53:43,91282CLD1,TSRYS5850288,D,S,D,2024-08-27,1000000.00,3.761494,102.1953125
08:53:43,91282CLD1,TSRYS5850288,D,S,D,2024-08-27,1000000.00,3.761494,102.1953125
08:53:43,91282CLD1,TSRYS5850288,D,B,C,2024-08-27,1000000.00,3.761494,102.1953125
08:53:43,91282CLD1,TSRYS5850288,D,S,D,2024-08-27,1000000.00,3.761494,102.1953125
08:53:43,91282CLD1,TSRYS5850288,D,B,C,2024-08-27,1000000.00,3.761494,102.1953125
08:53:43,91282CLD1,TSRYS5850288,D,S,D,2024-08-27,1000000.00,3.761494,102.1953125
08:53:57,91282CLD1,TSRYS5850288,D,S,D,2024-08-27,1000000.00,3.761494,102.1953125
08:53:57,91282CLD1,TSRYS5850288,D,S,D,2024-08-27,1000000.00,3.761494,102.1953125
08:53:57,91282CLD1,TSRYS5850288,D,B,C,2024-08-27,1000000.00,3.761494,102.1953125
08:53:57,91282CLD1,TSRYS5850288,D,S,D,2024-08-27,1000000.00,3.761494,102.1953125
08:54:05,91282CLD1,TSRYS5850288,D,S,A,2024-08-27,1000000.00,3.760513,102.20132187
08:54:29,91282CLD1,TSRYS5850288,D,S,T,2024-08-27,1000000.00,3.761494,102.1953125
08:54:29,91282CLD1,TSRYS5850288,D,S,T,2024-08-27,1000000.00,3.761494,102.1953125
08:54:29,91282CLD1,TSRYS5850288,D,S,T,2024-08-27,1000000.00,3.761494,102.1953125
08:54:29,91282CLD1,TSRYS5850288,D,S,T,2024-08-27,1000000.00,3.761494,102.1953125
08:54:29,91282CLD1,TSRYS5850288,D,S,T,2024-08-27,1000000.00,3.761494,102.1953125
08:54:29,91282CLD1,TSRYS5850288,D,S,T,2024-08-27,1000000.00,3.761494,102.1953125
08:54:29,91282CLD1,TSRYS5850288,D,S,T,2024-08-27,1000000.00,3.761494,102.1953125
08:54:29,91282CLD1,TSRYS5850288,D,S,T,2024-08-27,1000000.00,3.761494,102.1953125
08:54:31,91282CLD1,TSRYS5850288,D,S,D,2024-08-27,1000000.00,3.761494,102.1953125
08:54:31,91282CLD1,TSRYS5850288,D,S,T,2024-08-27,1000000.00,3.761494,102.1953125
08:54:31,91282CLD1,TSRYS5850288,D,S,C,2024-08-27,1000000.00,3.761494,102.1953125
08:54:31,91282CLD1,TSRYS5850288,D,B,C,2024-08-27,2000000.00,3.761527,102.1951125
08:54:43,91282CLD1,TSRYS5850288,D,S,C,2024-08-27,1000000.00,3.761494,102.1953125
08:54:47,91282CLD1,TSRYS5850288,D,B,C,2024-08-27,150MM+,3.766598,102.1640625
08:54:54,91282CLD1,TSRYS5850288,D,S,T,2024-08-27,1000000.00,3.761494,102.1953125
08:54:54,91282CLD1,TSRYS5850288,D,S,T,2024-08-27,2000000.00,3.761494,102.1953125
08:55:02,91282CLD1,TSRYS5850288,D,S,C,2024-08-27,3000000.00,3.761494,102.1953125
08:55:06,91282CLD1,TSRYS5850288,D,S,T,2024-08-27,1000000.00,3.76277,102.1875
08:55:08,91282CLD1,TSRYS5850288,D,S,D,2024-08-27,1000000.00,3.763408,102.18359375
08:55:08,91282CLD1,TSRYS5850288,D,B,C,2024-08-27,1000000.00,3.763408,102.18359375
08:55:12,91282CLD1,TSRYS5850288,D,S,D,2024-08-27,1000000.00,3.761494,102.1953125
08:55:12,91282CLD1,TSRYS5850288,D,S,D,2024-08-27,1000000.00,3.761494,102.1953125
08:55:12,91282CLD1,TSRYS5850288,D,S,D,2024-08-27,1000000.00,3.761494,102.1953125
08:55:12,91282CLD1,TSRYS5850288,D,S,D,2024-08-27,1000000.00,3.761494,102.1953125
08:55:12,91282CLD1,TSRYS5850288,D,S,D,2024-08-27,1000000.00,3.761494,102.1953125
08:55:12,91282CLD1,TSRYS5850288,D,S,D,2024-08-27,1000000.00,3.761494,102.1953125
08:55:12,91282CLD1,TSRYS5850288,D,S,D,2024-08-27,1000000.00,3.761494,102.1953125
08:55:12,91282CLD1,TSRYS5850288,D,S,D,2024-08-27,1000000.00,3.761494,102.1953125
08:55:12,91282CLD1,TSRYS5850288,D,S,D,2024-08-27,1000000.00,3.761494,102.1953125
08:55:12,91282CLD1,TSRYS5850288,D,S,D,2024-08-27,1000000.00,3.761494,102.1953125
08:55:25,91282CLD1,TSRYS5850288,D,S,T,2024-08-27,1000000.00,3.764046,102.1796875
08:55:27,91282CLD1,TSRYS5850288,D,B,C,2024-08-27,1000000.00,3.761494,102.1953125
08:55:33,91282CLD1,TSRYS5850288,D,S,D,2024-08-27,1000000.00,3.763727,102.181640625
08:55:33,91282CLD1,TSRYS5850288,D,S,T,2024-08-27,1000000.00,3.763727,102.181640625
08:55:45,91282CLD1,TSRYS5850288,D,S,D,2024-08-27,2000000.00,3.761494,102.1953125
08:55:45,91282CLD1,TSRYS5850288,D,S,D,2024-08-27,1000000.00,3.761494,102.1953125
08:55:46,91282CLD1,TSRYS5850288,D,B,C,2024-08-27,2300000.00,3.764046,102.1796875
08:56:12,91282CLD1,TSRYS5850288,D,S,A,2024-08-27,4200000.00,3.764046,102.1796875
08:56:13,91282CLD1,TSRYS5850288,D,S,D,2024-08-27,1000000.00,3.763408,102.18359375
08:56:13,91282CLD1,TSRYS5850288,D,S,T,2024-08-27,1000000.00,3.76277,102.1875
08:56:13,91282CLD1,TSRYS5850288,D,S,T,2024-08-27,1000000.00,3.76277,102.1875
08:56:13,91282CLD1,TSRYS5850288,D,S,D,2024-08-27,1000000.00,3.763408,102.18359375
08:56:13,91282CLD1,TSRYS5850288,D,B,C,2024-08-27,2000000.00,3.763441,102.18339375
08:56:13,91282CLD1,TSRYS5850288,D,B,C,2024-08-27,1000000.00,3.762132,102.19140625
08:56:13,91282CLD1,TSRYS5850288,D,S,D,2024-08-27,1000000.00,3.762132,102.19140625
08:56:13,91282CLD1,TSRYS5850288,D,S,C,2024-08-27,1000000.00,3.762451,102.189453125
08:56:13,91282CLD1,TSRYS5850288,D,B,C,2024-08-27,1000000.00,3.762451,102.189453125
08:56:14,91282CLD1,TSRYS5850288,D,S,T,2024-08-27,1000000.00,3.761494,102.1953125
08:56:14,91282CLD1,TSRYS5850288,D,S,C,2024-08-27,1000000.00,3.762721,102.1878
08:56:14,91282CLD1,TSRYS5850288,D,B,C,2024-08-27,1000000.00,3.762795,102.18735
08:56:14,91282CLD1,TSRYS5850288,D,S,C,2024-08-27,1000000.00,3.762746,102.18765
08:56:14,91282CLD1,TSRYS5850288,D,S,D,2024-08-27,1000000.00,3.76277,102.1875
08:56:14,91282CLD1,TSRYS5850288,D,S,D,2024-08-27,1000000.00,3.76277,102.1875
08:56:14,91282CLD1,TSRYS5850288,D,B,C,2024-08-27,3000000.00,3.762795,102.18735
08:56:14,91282CLD1,TSRYS5850288,D,B,C,2024-08-27,1000000.00,3.762795,102.18735
08:56:14,91282CLD1,TSRYS5850288,D,B,C,2024-08-27,1000000.00,3.762795,102.18735
08:56:14,91282CLD1,TSRYS5850288,D,B,C,2024-08-27,1000000.00,3.762795,102.18735
08:56:14,91282CLD1,TSRYS5850288,D,B,C,2024-08-27,1000000.00,3.762795,102.18735
08:56:14,91282CLD1,TSRYS5850288,D,S,C,2024-08-27,1000000.00,3.76277,102.1875
08:56:14,91282CLD1,TSRYS5850288,D,S,C,2024-08-27,1000000.00,3.762742,102.187675
08:56:14,91282CLD1,TSRYS5850288,D,B,C,2024-08-27,1000000.00,3.762795,102.18735
08:56:14,91282CLD1,TSRYS5850288,D,S,C,2024-08-27,3000000.00,3.762742,102.187675
08:56:14,91282CLD1,TSRYS5850288,D,B,C,2024-08-27,1000000.00,3.762795,102.18735
08:56:14,91282CLD1,TSRYS5850288,D,S,D,2024-08-27,1000000.00,3.762729,102.18775
08:56:14,91282CLD1,TSRYS5850288,D,S,C,2024-08-27,1000000.00,3.762737,102.1877
08:56:14,91282CLD1,TSRYS5850288,D,S,D,2024-08-27,1000000.00,3.764046,102.1796875
08:56:15,91282CLD1,TSRYS5850288,D,S,A,2024-08-27,1000000.00,3.762729,102.18775
08:56:16,91282CLD1,TSRYS5850288,D,S,C,2024-08-27,2000000.00,3.762116,102.19150625
08:56:18,91282CLD1,TSRYS5850288,D,S,D,2024-08-27,1000000.00,3.762132,102.19140625
08:56:18,91282CLD1,TSRYS5850288,D,S,T,2024-08-27,1000000.00,3.761494,102.1953125
08:56:18,91282CLD1,TSRYS5850288,D,S,D,2024-08-27,1000000.00,3.762132,102.19140625
08:56:22,91282CLD1,TSRYS5850288,D,S,T,2024-08-27,1000000.00,3.762132,102.19140625
08:56:22,91282CLD1,TSRYS5850288,D,S,T,2024-08-27,1000000.00,3.762132,102.19140625
08:56:25,91282CLD1,TSRYS5850288,D,S,T,2024-08-27,1000000.00,3.762132,102.19140625
08:56:35,91282CLD1,TSRYS5850288,D,S,T,2024-08-27,1000000.00,3.762132,102.19140625
08:56:40,91282CLD1,TSRYS5850288,D,S,D,2024-08-27,1000000.00,3.763199,102.1848733836
08:56:49,91282CLD1,TSRYS5850288,D,S,D,2024-08-27,1000000.00,3.761175,102.197265625
08:56:49,91282CLD1,TSRYS5850288,D,S,C,2024-08-27,1000000.00,3.761175,102.197265625
08:56:55,91282CLD1,TSRYS5850288,D,S,C,2024-08-27,1000000.00,3.762132,102.19140625
08:56:59,91282CLD1,TSRYS5850288,D,S,C,2024-08-27,3000000.00,3.762132,102.19140625
08:57:00,91282CLD1,TSRYS5850288,D,S,T,2024-08-27,1000000.00,3.76277,102.1875
08:57:00,91282CLD1,TSRYS5850288,D,S,T,2024-08-27,1000000.00,3.762132,102.19140625
08:57:02,91282CLD1,TSRYS5850288,D,S,D,2024-08-27,1000000.00,3.76277,102.1875
08:57:02,91282CLD1,TSRYS5850288,D,S,D,2024-08-27,1000000.00,3.76277,102.1875
08:57:02,91282CLD1,TSRYS5850288,D,B,C,2024-08-27,1000000.00,3.76277,102.1875
08:57:02,91282CLD1,TSRYS5850288,D,S,D,2024-08-27,1000000.00,3.761494,102.1953125
08:57:02,91282CLD1,TSRYS5850288,D,S,D,2024-08-27,1000000.00,3.761494,102.1953125
08:57:02,91282CLD1,TSRYS5850288,D,B,C,2024-08-27,1000000.00,3.761511,102.1952125
08:57:15,91282CLD1,TSRYS5850288,D,S,D,2024-08-27,1000000.00,3.761494,102.1953125
08:57:15,91282CLD1,TSRYS5850288,D,S,D,2024-08-27,1000000.00,3.761494,102.1953125
08:57:17,91282CLD1,TSRYS5850288,D,S,D,2024-08-27,1000000.00,3.76277,102.1875
08:57:17,91282CLD1,TSRYS5850288,D,S,C,2024-08-27,1000000.00,3.762729,102.18775
08:57:26,91282CLD1,TSRYS5850288,D,S,D,2024-08-27,1000000.00,3.760856,102.19921875
08:57:26,91282CLD1,TSRYS5850288,D,S,C,2024-08-27,1000000.00,3.760856,102.19921875
08:57:29,91282CLD1,TSRYS5850288,D,S,D,2024-08-27,1000000.00,3.761494,102.1953125
08:57:29,91282CLD1,TSRYS5850288,D,B,C,2024-08-27,1000000.00,3.761535,102.1950625
08:57:29,91282CLD1,TSRYS5850288,D,B,C,2024-08-27,1000000.00,3.761494,102.1953125
08:57:29,91282CLD1,TSRYS5850288,D,S,D,2024-08-27,1000000.00,3.761494,102.1953125
08:57:30,91282CLD1,TSRYS5850288,D,S,T,2024-08-27,1000000.00,3.760219,102.203125
08:57:39,91282CLD1,TSRYS5850288,D,S,T,2024-08-27,1000000.00,3.761494,102.1953125
08:57:39,91282CLD1,TSRYS5850288,D,S,T,2024-08-27,1000000.00,3.761494,102.1953125
08:57:44,91282CLD1,TSRYS5850288,D,B,C,2024-08-27,1000000.00,3.761494,102.1953125
08:57:44,91282CLD1,TSRYS5850288,D,S,D,2024-08-27,1000000.00,3.761494,102.1953125
08:57:44,91282CLD1,TSRYS5850288,D,S,D,2024-08-27,1000000.00,3.761494,102.1953125
08:57:46,91282CLD1,TSRYS5850288,D,B,C,2024-08-27,5000000.00,3.760856,102.19921875
08:57:46,91282CLD1,TSRYS5850288,D,S,D,2024-08-27,5000000.00,3.760856,102.19921875
08:57:47,91282CLD1,TSRYS5850288,D,S,C,2024-08-27,3000000.00,3.760537,102.20117187
08:57:50,91282CLD1,TSRYS5850288,D,S,C,2024-08-27,3000000.00,3.760537,102.20117187
08:57:50,91282CLD1,TSRYS5850288,D,S,C,2024-08-27,3000000.00,3.760537,102.20117187
08:57:51,91282CLD1,TSRYS5850288,D,S,C,2024-08-27,3000000.00,3.760537,102.20117187
08:57:53,91282CLD1,TSRYS5850288,D,S,D,2024-08-27,1000000.00,3.761494,102.1953125
08:57:57,91282CLD1,TSRYS5850288,D,S,D,2024-08-27,9000000.00,3.761494,102.1953125
08:57:58,91282CLD1,TSRYS5850288,D,S,T,2024-08-27,1000000.00,3.761511,102.1952125
08:57:58,91282CLD1,TSRYS5850288,D,S,T,2024-08-27,1000000.00,3.761494,102.1953125
08:57:58,91282CLD1,TSRYS5850288,D,S,T,2024-08-27,1000000.00,3.761494,102.1953125
08:58:11,91282CLD1,TSRYS5850288,D,S,D,2024-08-27,1005000.00,3.76277,102.1875
08:58:13,91282CLD1,TSRYS5850288,D,S,D,2024-08-27,1000000.00,3.760856,102.19921875
08:58:16,91282CLD1,TSRYS5850288,D,S,D,2024-08-27,1000000.00,3.760219,102.203125
08:58:17,91282CLD1,TSRYS5850288,D,S,D,2024-08-27,2000000.00,3.76277,102.1875
08:58:17,91282CLD1,TSRYS5850288,D,S,T,2024-08-27,1000000.00,3.76277,102.1875
08:58:17,91282CLD1,TSRYS5850288,D,S,T,2024-08-27,1000000.00,3.76277,102.1875
08:58:17,91282CLD1,TSRYS5850288,D,S,T,2024-08-27,1000000.00,3.76277,102.1875
08:58:17,91282CLD1,TSRYS5850288,D,S,D,2024-08-27,1005000.00,3.76277,102.1875
08:58:28,91282CLD1,TSRYS5850288,D,S,T,2024-08-27,1000000.00,3.764046,102.1796875
08:58:31,91282CLD1,TSRYS5850288,D,S,D,2024-08-27,1000000.00,3.760856,102.19921875
08:58:31,91282CLD1,TSRYS5850288,D,S,D,2024-08-27,1000000.00,3.761494,102.1953125
08:58:31,91282CLD1,TSRYS5850288,D,S,D,2024-08-27,1000000.00,3.761494,102.1953125
08:58:33,91282CLD1,TSRYS5850288,D,S,D,2024-08-27,1000000.00,3.760856,102.19921875
08:58:35,91282CLD1,TSRYS5850288,D,B,C,2024-08-27,5000000.00,3.760856,102.19921875
08:58:36,91282CLD1,TSRYS5850288,D,S,A,2024-08-27,5000000.00,3.760856,102.19921875
08:58:37,91282CLD1,TSRYS5850288,D,S,T,2024-08-27,2000000.00,3.764046,102.1796875
08:58:37,91282CLD1,TSRYS5850288,D,S,T,2024-08-27,1000000.00,3.764046,102.1796875
08:58:43,91282CLD1,TSRYS5850288,D,S,A,2024-08-27,150MM+,3.8344,101.75
08:58:45,91282CLD1,TSRYS5850288,D,S,A,2024-08-27,150MM+,3.8344,101.75
08:58:49,91282CLD1,TSRYS5850288,D,S,T,2024-08-27,1000000.00,3.764046,102.1796875
08:58:59,91282CLD1,TSRYS5850288,D,S,D,2024-08-27,1000000.00,3.76277,102.1875
08:59:04,91282CLD1,TSRYS5850288,D,S,T,2024-08-27,1000000.00,3.76277,102.1875
08:59:11,91282CLD1,TSRYS5850288,D,S,D,2024-08-27,1000000.00,3.76277,102.1875
08:59:11,91282CLD1,TSRYS5850288,D,S,T,2024-08-27,1000000.00,3.76277,102.1875
08:59:12,91282CLD1,TSRYS5850288,D,S,T,2024-08-27,1000000.00,3.761494,102.1953125
08:59:12,91282CLD1,TSRYS5850288,D,S,C,2024-08-27,1000000.00,3.76277,102.1875
08:59:12,91282CLD1,TSRYS5850288,D,B,C,2024-08-27,1000000.00,3.762451,102.189453125
08:59:12,91282CLD1,TSRYS5850288,D,S,D,2024-08-27,1000000.00,3.762451,102.189453125
08:59:12,91282CLD1,TSRYS5850288,D,S,D,2024-08-27,1000000.00,3.762132,102.19140625
08:59:12,91282CLD1,TSRYS5850288,D,B,C,2024-08-27,1000000.00,3.762132,102.19140625
08:59:12,91282CLD1,TSRYS5850288,D,S,C,2024-08-27,2000000.00,3.762116,102.19150625
08:59:13,91282CLD1,TSRYS5850288,D,B,C,2024-08-27,1000000.00,3.76183,102.193259375
08:59:13,91282CLD1,TSRYS5850288,D,S,D,2024-08-27,1000000.00,3.761813,102.193359375
08:59:13,91282CLD1,TSRYS5850288,D,S,C,2024-08-27,1000000.00,3.762132,102.19140625
08:59:14,91282CLD1,TSRYS5850288,D,S,C,2024-08-27,1000000.00,3.761494,102.1953125
08:59:14,91282CLD1,TSRYS5850288,D,S,D,2024-08-27,5000000.00,3.763408,102.18359375
08:59:14,91282CLD1,TSRYS5850288,D,B,C,2024-08-27,5000000.00,3.763408,102.18359375
08:59:14,91282CLD1,TSRYS5850288,D,S,D,2024-08-27,1000000.00,3.761494,102.1953125
08:59:14,91282CLD1,TSRYS5850288,D,S,D,2024-08-27,1000000.00,3.762132,102.19140625
08:59:16,91282CLD1,TSRYS5850288,D,S,D,2024-08-27,1000000.00,3.764046,102.1796875
08:59:16,91282CLD1,TSRYS5850288,D,S,A,2024-08-27,1000000.00,3.762729,102.18775
08:59:16,91282CLD1,TSRYS5850288,D,S,D,2024-08-27,1000000.00,3.764046,102.1796875
08:59:16,91282CLD1,TSRYS5850288,D,S,D,2024-08-27,1000000.00,3.764046,102.1796875
08:59:16,91282CLD1,TSRYS5850288,D,S,D,2024-08-27,1000000.00,3.764046,102.1796875
08:59:17,91282CLD1,TSRYS5850288,D,S,D,2024-08-27,1000000.00,3.762132,102.19140625
08:59:18,91282CLD1,TSRYS5850288,D,S,C,2024-08-27,1000000.00,3.760856,102.19921875
08:59:18,91282CLD1,TSRYS5850288,D,S,C,2024-08-27,1000000.00,3.760856,102.19921875
08:59:18,91282CLD1,TSRYS5850288,D,S,C,2024-08-27,1000000.00,3.760856,102.19921875
08:59:18,91282CLD1,TSRYS5850288,D,S,C,2024-08-27,1000000.00,3.760856,102.19921875
08:59:19,91282CLD1,TSRYS5850288,D,S,D,2024-08-27,1000000.00,3.761494,102.1953125
08:59:19,91282CLD1,TSRYS5850288,D,S,D,2024-08-27,1000000.00,3.761494,102.1953125
08:59:19,91282CLD1,TSRYS5850288,D,B,C,2024-08-27,2000000.00,3.761527,102.1951125
08:59:19,91282CLD1,TSRYS5850288,D,S,C,2024-08-27,1000000.00,3.760856,102.19921875
08:59:20,91282CLD1,TSRYS5850288,D,S,C,2024-08-27,1000000.00,3.760856,102.19921875
08:59:21,91282CLD1,TSRYS5850288,D,S,D,2024-08-27,2000000.00,3.760856,102.19921875
08:59:21,91282CLD1,TSRYS5850288,D,S,T,2024-08-27,1000000.00,3.761494,102.1953125
08:59:21,91282CLD1,TSRYS5850288,D,S,T,2024-08-27,1000000.00,3.76277,102.1875
08:59:22,91282CLD1,TSRYS5850288,D,S,D,2024-08-27,1000000.00,3.763727,102.18164062
08:59:31,91282CLD1,TSRYS5850288,D,S,T,2024-08-27,1000000.00,3.760856,102.19921875
08:59:31,91282CLD1,TSRYS5850288,D,S,D,2024-08-27,1000000.00,3.760856,102.19921875
08:59:31,91282CLD1,TSRYS5850288,D,S,T,2024-08-27,1000000.00,3.760856,102.19921875
08:59:31,91282CLD1,TSRYS5850288,D,S,T,2024-08-27,1000000.00,3.760856,102.19921875
08:59:32,91282CLD1,TSRYS5850288,D,S,D,2024-08-27,1000000.00,3.760856,102.19921875
08:59:32,91282CLD1,TSRYS5850288,D,S,T,2024-08-27,1000000.00,3.760856,102.19921875
08:59:32,91282CLD1,TSRYS5850288,D,S,T,2024-08-27,1000000.00,3.760856,102.19921875
08:59:32,91282CLD1,TSRYS5850288,D,S,D,2024-08-27,1000000.00,3.760856,102.19921875
08:59:32,91282CLD1,TSRYS5850288,D,S,T,2024-08-27,1000000.00,3.760856,102.19921875
08:59:32,91282CLD1,TSRYS5850288,D,S,D,2024-08-27,1000000.00,3.760856,102.19921875
08:59:32,91282CLD1,TSRYS5850288,D,S,D,2024-08-27,1000000.00,3.760856,102.19921875
08:59:32,91282CLD1,TSRYS5850288,D,S,D,2024-08-27,1000000.00,3.760856,102.19921875
08:59:34,91282CLD1,TSRYS5850288,D,S,D,2024-08-27,1000000.00,3.762729,102.18775
08:59:34,91282CLD1,TSRYS5850288,D,S,C,2024-08-27,1000000.00,3.762746,102.18765
08:59:34,91282CLD1,TSRYS5850288,D,S,C,2024-08-27,1000000.00,3.76277,102.1875
08:59:34,91282CLD1,TSRYS5850288,D,S,D,2024-08-27,1000000.00,3.764046,102.1796875
08:59:35,91282CLD1,TSRYS5850288,D,S,T,2024-08-27,1000000.00,3.762132,102.19140625
08:59:39,91282CLD1,TSRYS5850288,D,S,D,2024-08-27,1000000.00,3.762132,102.19140625
08:59:39,91282CLD1,TSRYS5850288,D,S,D,2024-08-27,1000000.00,3.762132,102.19140625
08:59:39,91282CLD1,TSRYS5850288,D,S,T,2024-08-27,1000000.00,3.762132,102.19140625
08:59:39,91282CLD1,TSRYS5850288,D,S,T,2024-08-27,1000000.00,3.762132,102.19140625
08:59:41,91282CLD1,TSRYS5850288,D,S,T,2024-08-27,1000000.00,3.762132,102.19140625
08:59:41,91282CLD1,TSRYS5850288,D,S,D,2024-08-27,1000000.00,3.762132,102.19140625
08:59:41,91282CLD1,TSRYS5850288,D,S,C,2024-08-27,1000000.00,3.761813,102.19335937
08:59:51,91282CLD1,TSRYS5850288,D,S,T,2024-08-27,2000000.00,3.761494,102.1953125
08:59:51,91282CLD1,TSRYS5850288,D,S,T,2024-08-27,1000000.00,3.761494,102.1953125
08:59:51,91282CLD1,TSRYS5850288,D,S,T,2024-08-27,1000000.00,3.761494,102.1953125
08:59:51,91282CLD1,TSRYS5850288,D,S,T,2024-08-27,1000000.00,3.761494,102.1953125
08:59:52,91282CLD1,TSRYS5850288,D,S,C,2024-08-27,1000000.00,3.761494,102.1953125
09:00:02,91282CLD1,TSRYS5850288,D,S,T,2024-08-27,1000000.00,3.760537,102.201171875
09:00:02,91282CLD1,TSRYS5850288,D,S,C,2024-08-27,1000000.00,3.760537,102.201171875
09:00:07,91282CLD1,TSRYS5850288,D,S,C,2024-08-27,1000000.00,3.761175,102.197265625
09:00:07,91282CLD1,TSRYS5850288,D,S,T,2024-08-27,1000000.00,3.761175,102.197265625
09:00:16,91282CLD1,TSRYS5850288,D,S,C,2024-08-27,1000000.00,3.76277,102.1875
09:00:16,91282CLD1,TSRYS5850288,D,S,C,2024-08-27,1000000.00,3.762746,102.18765
09:00:16,91282CLD1,TSRYS5850288,D,B,C,2024-08-27,1000000.00,3.76277,102.1875
09:00:16,91282CLD1,TSRYS5850288,D,S,C,2024-08-27,1000000.00,3.762746,102.18765
09:00:17,91282CLD1,TSRYS5850288,D,S,C,2024-08-27,1000000.00,3.76277,102.1875
09:00:17,91282CLD1,TSRYS5850288,D,S,C,2024-08-27,1000000.00,3.76277,102.1875
09:00:17,91282CLD1,TSRYS5850288,D,S,D,2024-08-27,1000000.00,3.762451,102.189453125
09:00:17,91282CLD1,TSRYS5850288,D,B,C,2024-08-27,1000000.00,3.762451,102.189453125
09:00:17,91282CLD1,TSRYS5850288,D,S,D,2024-08-27,1000000.00,3.76277,102.1875
09:00:17,91282CLD1,TSRYS5850288,D,S,D,2024-08-27,1000000.00,3.76277,102.1875
09:00:18,91282CLD1,TSRYS5850288,D,S,D,2024-08-27,1000000.00,3.76277,102.1875
09:00:18,91282CLD1,TSRYS5850288,D,S,D,2024-08-27,1000000.00,3.76277,102.1875
09:00:18,91282CLD1,TSRYS5850288,D,S,D,2024-08-27,1000000.00,3.76277,102.1875
09:00:18,91282CLD1,TSRYS5850288,D,S,D,2024-08-27,1000000.00,3.76277,102.1875
09:00:19,91282CLD1,TSRYS5850288,D,S,D,2024-08-27,1000000.00,3.76277,102.1875
09:00:19,91282CLD1,TSRYS5850288,D,S,D,2024-08-27,1000000.00,3.76277,102.1875
09:00:19,91282CLD1,TSRYS5850288,D,S,T,2024-08-27,1000000.00,3.76277,102.1875
09:00:19,91282CLD1,TSRYS5850288,D,S,T,2024-08-27,1000000.00,3.76277,102.1875
09:00:19,91282CLD1,TSRYS5850288,D,S,T,2024-08-27,1000000.00,3.76277,102.1875
09:00:19,91282CLD1,TSRYS5850288,D,S,T,2024-08-27,1000000.00,3.76277,102.1875
09:00:19,91282CLD1,TSRYS5850288,D,S,T,2024-08-27,1000000.00,3.76277,102.1875
09:00:19,91282CLD1,TSRYS5850288,D,S,T,2024-08-27,1000000.00,3.76277,102.1875
09:00:19,91282CLD1,TSRYS5850288,D,S,T,2024-08-27,1000000.00,3.76277,102.1875
09:00:19,91282CLD1,TSRYS5850288,D,S,T,2024-08-27,1000000.00,3.76277,102.1875
09:00:19,91282CLD1,TSRYS5850288,D,S,T,2024-08-27,1000000.00,3.76277,102.1875
09:00:19,91282CLD1,TSRYS5850288,D,S,T,2024-08-27,1000000.00,3.76277,102.1875
09:00:19,91282CLD1,TSRYS5850288,D,S,C,2024-08-27,1000000.00,3.76277,102.1875
09:00:19,91282CLD1,TSRYS5850288,D,S,D,2024-08-27,1000000.00,3.76277,102.1875
09:00:19,91282CLD1,TSRYS5850288,D,S,D,2024-08-27,1000000.00,3.76277,102.1875
09:00:20,91282CLD1,TSRYS5850288,D,S,C,2024-08-27,1000000.00,3.76277,102.1875
09:00:20,91282CLD1,TSRYS5850288,D,S,C,2024-08-27,1000000.00,3.7621,102.19160625
09:00:20,91282CLD1,TSRYS5850288,D,B,C,2024-08-27,1000000.00,3.762132,102.19140625
09:00:21,91282CLD1,TSRYS5850288,D,S,T,2024-08-27,1000000.00,3.76277,102.1875
09:00:25,91282CLD1,TSRYS5850288,D,S,T,2024-08-27,1000000.00,3.76277,102.1875
09:00:25,91282CLD1,TSRYS5850288,D,S,T,2024-08-27,1000000.00,3.76277,102.1875
09:00:25,91282CLD1,TSRYS5850288,D,S,T,2024-08-27,1000000.00,3.76277,102.1875
09:00:25,91282CLD1,TSRYS5850288,D,S,T,2024-08-27,1000000.00,3.76277,102.1875
09:00:25,91282CLD1,TSRYS5850288,D,S,T,2024-08-27,1000000.00,3.76277,102.1875
09:00:30,91282CLD1,TSRYS5850288,D,S,D,2024-08-27,1000000.00,3.761175,102.19726562
09:00:31,91282CLD1,TSRYS5850288,D,S,C,2024-08-27,1000000.00,3.761453,102.1955625
09:00:31,91282CLD1,TSRYS5850288,D,S,D,2024-08-27,1000000.00,3.761494,102.1953125
09:00:31,91282CLD1,TSRYS5850288,D,S,D,2024-08-27,2000000.00,3.761494,102.1953125
09:00:33,91282CLD1,TSRYS5850288,D,S,D,2024-08-27,1000000.00,3.761175,102.19726562
09:00:33,91282CLD1,TSRYS5850288,D,S,D,2024-08-27,1000000.00,3.761175,102.19726562
09:00:34,91282CLD1,TSRYS5850288,D,S,D,2024-08-27,1000000.00,3.761175,102.19726562
09:00:41,91282CLD1,TSRYS5850288,D,S,D,2024-08-27,1000000.00,3.763199,102.1848733836
09:00:42,91282CLD1,TSRYS5850288,D,S,D,2024-08-27,16000000.00,3.761243,102.19685
09:00:58,91282CLD1,TSRYS5850288,D,S,D,2024-08-27,1000000.00,3.7599,102.205078125
09:00:58,91282CLD1,TSRYS5850288,D,S,D,2024-08-27,1000000.00,3.7599,102.205078125
09:00:58,91282CLD1,TSRYS5850288,D,B,C,2024-08-27,1000000.00,3.7599,102.205078125
09:00:58,91282CLD1,TSRYS5850288,D,B,C,2024-08-27,1000000.00,3.7599,102.205078125
09:00:59,91282CLD1,TSRYS5850288,D,S,D,2024-08-27,1000000.00,3.760537,102.201171875
09:01:00,91282CLD1,TSRYS5850288,D,S,D,2024-08-27,1000000.00,3.760537,102.201171875
09:01:00,91282CLD1,TSRYS5850288,D,S,C,2024-08-27,1000000.00,3.760219,102.203125
09:01:00,91282CLD1,TSRYS5850288,D,B,C,2024-08-27,2000000.00,3.76057,102.200971875
09:01:02,91282CLD1,TSRYS5850288,D,S,D,2024-08-27,1000000.00,3.759262,102.208984375
09:01:02,91282CLD1,TSRYS5850288,D,S,D,2024-08-27,1000000.00,3.759262,102.208984375
09:01:03,91282CLD1,TSRYS5850288,D,B,C,2024-08-27,2000000.00,3.759294,102.208784375
09:01:04,91282CLD1,TSRYS5850288,D,S,C,2024-08-27,1000000.00,3.759262,102.208984375
09:01:05,91282CLD1,TSRYS5850288,D,S,D,2024-08-27,1000000.00,3.759262,102.208984375
09:01:05,91282CLD1,TSRYS5850288,D,S,T,2024-08-27,1000000.00,3.760219,102.203125
09:01:05,91282CLD1,TSRYS5850288,D,B,C,2024-08-27,1000000.00,3.759262,102.208984375
09:01:09,91282CLD1,TSRYS5850288,D,S,C,2024-08-27,8000000.00,3.758305,102.21484375
09:01:11,91282CLD1,TSRYS5850288,D,S,D,2024-08-27,1000000.00,3.76277,102.1875
09:01:12,91282CLD1,TSRYS5850288,D,S,D,2024-08-27,1000000.00,3.762451,102.18945312
09:01:12,91282CLD1,TSRYS5850288,D,S,D,2024-08-27,1000000.00,3.762451,102.18945312
09:01:18,91282CLD1,TSRYS5850288,D,S,D,2024-08-27,1000000.00,3.76277,102.1875
09:01:21,91282CLD1,TSRYS5850288,D,S,D,2024-08-27,1000000.00,3.759581,102.20703125
09:01:23,91282CLD1,TSRYS5850288,D,S,D,2024-08-27,2000000.00,3.759581,102.20703125
09:01:23,91282CLD1,TSRYS5850288,D,S,C,2024-08-27,1000000.00,3.759581,102.20703125
09:01:24,91282CLD1,TSRYS5850288,D,S,D,2024-08-27,1000000.00,3.759581,102.20703125
09:01:25,91282CLD1,TSRYS5850288,D,S,C,2024-08-27,1000000.00,3.759262,102.20898437
09:01:26,91282CLD1,TSRYS5850288,D,B,C,2024-08-27,5000000.00,3.762132,102.19140625
09:01:26,91282CLD1,TSRYS5850288,D,S,A,2024-08-27,5000000.00,3.762132,102.19140625
09:01:58,91282CLD1,TSRYS5850288,D,S,A,2024-08-27,10330900.00,3.761496,102.1953
09:02:06,91282CLD1,TSRYS5850288,D,S,C,2024-08-27,1000000.00,3.757986,102.216796875
09:02:12,91282CLD1,TSRYS5850288,D,S,A,2024-08-27,10330900.00,3.761496,102.1953
09:02:13,91282CLD1,TSRYS5850288,D,S,T,2024-08-27,1000000.00,3.757986,102.216796875
09:02:26,91282CLD1,TSRYS5850288,D,S,D,2024-08-27,1000000.00,3.760219,102.203125
09:02:30,91282CLD1,TSRYS5850288,D,S,T,2024-08-27,1000000.00,3.760219,102.203125
09:02:41,91282CLD1,TSRYS5850288,D,S,T,2024-08-27,1000000.00,3.762132,102.19140625
09:03:09,91282CLD1,TSRYS5850288,D,S,D,2024-08-27,2000000.00,3.760219,102.203125
09:03:12,91282CLD1,TSRYS5850288,D,S,T,2024-08-27,1000000.00,3.760219,102.203125
09:03:12,91282CLD1,TSRYS5850288,D,S,T,2024-08-27,1000000.00,3.760219,102.203125
09:03:12,91282CLD1,TSRYS5850288,D,S,T,2024-08-27,1000000.00,3.760219,102.203125
09:03:16,91282CLD1,TSRYS5850288,D,S,C,2024-08-27,1000000.00,3.760219,102.203125
09:03:16,91282CLD1,TSRYS5850288,D,S,C,2024-08-27,1000000.00,3.760219,102.203125
09:03:16,91282CLD1,TSRYS5850288,D,S,C,2024-08-27,1000000.00,3.760219,102.203125
09:03:17,91282CLD1,TSRYS5850288,D,S,T,2024-08-27,1000000.00,3.760219,102.203125
09:03:17,91282CLD1,TSRYS5850288,D,S,T,2024-08-27,1000000.00,3.760219,102.203125
09:03:17,91282CLD1,TSRYS5850288,D,S,T,2024-08-27,1000000.00,3.760219,102.203125
09:03:22,91282CLD1,TSRYS5850288,D,S,C,2024-08-27,1000000.00,3.758943,102.2109375
09:03:22,91282CLD1,TSRYS5850288,D,B,C,2024-08-27,1000000.00,3.758943,102.2109375
09:03:23,91282CLD1,TSRYS5850288,D,S,T,2024-08-27,1000000.00,3.760219,102.203125
09:03:23,91282CLD1,TSRYS5850288,D,S,T,2024-08-27,1000000.00,3.760219,102.203125
09:03:23,91282CLD1,TSRYS5850288,D,S,T,2024-08-27,1000000.00,3.760219,102.203125
09:03:32,91282CLD1,TSRYS5850288,D,S,D,2024-08-27,1000000.00,3.760219,102.203125
09:03:32,91282CLD1,TSRYS5850288,D,S,D,2024-08-27,1000000.00,3.760219,102.203125
09:03:37,91282CLD1,TSRYS5850288,D,S,T,2024-08-27,1000000.00,3.757667,102.21875
09:03:37,91282CLD1,TSRYS5850288,D,S,D,2024-08-27,1000000.00,3.757667,102.21875
09:03:37,91282CLD1,TSRYS5850288,D,S,D,2024-08-27,1000000.00,3.757986,102.216796875
09:03:38,91282CLD1,TSRYS5850288,D,S,C,2024-08-27,2000000.00,3.757667,102.21875
09:03:38,91282CLD1,TSRYS5850288,D,S,C,2024-08-27,2000000.00,3.757667,102.21875
09:03:40,91282CLD1,TSRYS5850288,D,B,C,2024-08-27,1000000.00,3.757667,102.21875
09:03:40,91282CLD1,TSRYS5850288,D,S,C,2024-08-27,1000000.00,3.757667,102.21875
09:03:40,91282CLD1,TSRYS5850288,D,S,D,2024-08-27,1000000.00,3.757986,102.216796875
09:03:41,91282CLD1,TSRYS5850288,D,S,D,2024-08-27,1000000.00,3.757667,102.21875
09:03:41,91282CLD1,TSRYS5850288,D,S,D,2024-08-27,1000000.00,3.757986,102.216796875
09:03:46,91282CLD1,TSRYS5850288,D,S,T,2024-08-27,2000000.00,3.757667,102.21875
09:03:46,91282CLD1,TSRYS5850288,D,S,T,2024-08-27,1000000.00,3.757986,102.216796875
09:03:46,91282CLD1,TSRYS5850288,D,S,D,2024-08-27,1000000.00,3.757349,102.220703125
09:03:47,91282CLD1,TSRYS5850288,D,S,C,2024-08-27,1000000.00,3.757349,102.220703125
09:03:47,91282CLD1,TSRYS5850288,D,S,T,2024-08-27,1000000.00,3.757986,102.216796875
09:03:49,91282CLD1,TSRYS5850288,D,S,D,2024-08-27,1000000.00,3.760219,102.203125
09:03:49,91282CLD1,TSRYS5850288,D,S,C,2024-08-27,1000000.00,3.760202,102.203225
09:03:51,91282CLD1,TSRYS5850288,D,S,D,2024-08-27,1000000.00,3.7599,102.20507812
09:03:51,91282CLD1,TSRYS5850288,D,S,T,2024-08-27,1000000.00,3.757986,102.216796875
09:04:02,91282CLD1,TSRYS5850288,D,S,D,2024-08-27,1000000.00,3.758336,102.2146539479
09:04:03,91282CLD1,TSRYS5850288,D,S,C,2024-08-27,1000000.00,3.76017,102.203425
09:04:03,91282CLD1,TSRYS5850288,D,S,D,2024-08-27,1000000.00,3.760219,102.203125
09:04:11,91282CLD1,TSRYS5850288,D,S,D,2024-08-27,1000000.00,3.757667,102.21875
09:04:13,91282CLD1,TSRYS5850288,D,S,T,2024-08-27,2000000.00,3.757667,102.21875
09:04:13,91282CLD1,TSRYS5850288,D,S,T,2024-08-27,1000000.00,3.757667,102.21875
09:04:13,91282CLD1,TSRYS5850288,D,S,T,2024-08-27,1000000.00,3.757667,102.21875
09:04:14,91282CLD1,TSRYS5850288,D,S,T,2024-08-27,1000000.00,3.757667,102.21875
09:04:33,91282CLD1,TSRYS5850288,D,S,C,2024-08-27,1000000.00,3.757667,102.21875
09:04:33,91282CLD1,TSRYS5850288,D,S,C,2024-08-27,2000000.00,3.757631,102.218975
09:04:33,91282CLD1,TSRYS5850288,D,S,C,2024-08-27,1000000.00,3.757667,102.21875
09:04:33,91282CLD1,TSRYS5850288,D,S,C,2024-08-27,1000000.00,3.757639,102.218925
09:04:33,91282CLD1,TSRYS5850288,D,S,C,2024-08-27,1000000.00,3.757639,102.218925
09:04:33,91282CLD1,TSRYS5850288,D,B,C,2024-08-27,1000000.00,3.757667,102.21875
09:04:35,91282CLD1,TSRYS5850288,D,S,C,2024-08-27,1000000.00,3.757667,102.21875
09:04:36,91282CLD1,TSRYS5850288,D,S,C,2024-08-27,1000000.00,3.757986,102.216796875
09:04:45,91282CLD1,TSRYS5850288,D,S,D,2024-08-27,1000000.00,3.757349,102.220703125
09:04:45,91282CLD1,TSRYS5850288,D,S,T,2024-08-27,1000000.00,3.756392,102.2265625
09:04:47,91282CLD1,TSRYS5850288,D,S,T,2024-08-27,2000000.00,3.755754,102.23046875
09:04:47,91282CLD1,TSRYS5850288,D,S,T,2024-08-27,1000000.00,3.755754,102.23046875
09:04:47,91282CLD1,TSRYS5850288,D,S,T,2024-08-27,1000000.00,3.756073,102.228515625
09:04:50,91282CLD1,TSRYS5850288,D,S,D,2024-08-27,1000000.00,3.756053,102.228640625
09:04:50,91282CLD1,TSRYS5850288,D,S,D,2024-08-27,1000000.00,3.756053,102.228640625
09:04:50,91282CLD1,TSRYS5850288,D,S,D,2024-08-27,1000000.00,3.756053,102.228640625
09:04:50,91282CLD1,TSRYS5850288,D,B,C,2024-08-27,1000000.00,3.756073,102.228515625
09:04:50,91282CLD1,TSRYS5850288,D,S,D,2024-08-27,1000000.00,3.756053,102.228640625
09:04:50,91282CLD1,TSRYS5850288,D,B,C,2024-08-27,1000000.00,3.756073,102.228515625
09:04:50,91282CLD1,TSRYS5850288,D,S,D,2024-08-27,1000000.00,3.756053,102.228640625
09:04:51,91282CLD1,TSRYS5850288,D,S,C,2024-08-27,2000000.00,3.757349,102.22070312
09:04:51,91282CLD1,TSRYS5850288,D,S,T,2024-08-27,1000000.00,3.757667,102.21875
09:04:52,91282CLD1,TSRYS5850288,D,S,T,2024-08-27,1000000.00,3.756073,102.228515625
09:04:52,91282CLD1,TSRYS5850288,D,S,T,2024-08-27,1000000.00,3.756073,102.228515625
09:04:52,91282CLD1,TSRYS5850288,D,S,T,2024-08-27,1000000.00,3.757986,102.216796875
09:04:52,91282CLD1,TSRYS5850288,D,B,C,2024-08-27,1000000.00,3.755754,102.23046875
09:04:52,91282CLD1,TSRYS5850288,D,S,D,2024-08-27,2000000.00,3.755754,102.23046875
09:04:52,91282CLD1,TSRYS5850288,D,B,C,2024-08-27,1000000.00,3.755754,102.23046875
09:04:52,91282CLD1,TSRYS5850288,D,S,D,2024-08-27,2000000.00,3.755754,102.23046875
09:04:52,91282CLD1,TSRYS5850288,D,S,D,2024-08-27,1000000.00,3.755754,102.23046875
09:04:55,91282CLD1,TSRYS5850288,D,S,C,2024-08-27,1000000.00,3.757349,102.22070312
09:04:57,91282CLD1,TSRYS5850288,D,S,C,2024-08-27,1000000.00,3.755436,102.232421875
09:04:57,91282CLD1,TSRYS5850288,D,S,C,2024-08-27,1000000.00,3.757349,102.22070312
09:04:57,91282CLD1,TSRYS5850288,D,S,C,2024-08-27,2000000.00,3.757349,102.22070312
09:04:57,91282CLD1,TSRYS5850288,D,S,C,2024-08-27,1000000.00,3.757349,102.22070312
09:04:57,91282CLD1,TSRYS5850288,D,S,C,2024-08-27,1000000.00,3.755436,102.232421875
09:04:57,91282CLD1,TSRYS5850288,D,S,C,2024-08-27,1000000.00,3.757349,102.22070312
09:04:57,91282CLD1,TSRYS5850288,D,S,D,2024-08-27,1000000.00,3.757349,102.22070312
09:04:59,91282CLD1,TSRYS5850288,D,S,C,2024-08-27,2000000.00,3.757349,102.22070312
09:04:59,91282CLD1,TSRYS5850288,D,S,C,2024-08-27,1000000.00,3.757349,102.22070312
09:05:01,91282CLD1,TSRYS5850288,D,S,D,2024-08-27,1000000.00,3.757667,102.21875
09:05:01,91282CLD1,TSRYS5850288,D,B,C,2024-08-27,1000000.00,3.757667,102.21875
09:05:02,91282CLD1,TSRYS5850288,D,S,T,2024-08-27,1000000.00,3.756392,102.2265625
09:05:02,91282CLD1,TSRYS5850288,D,S,D,2024-08-27,1000000.00,3.757349,102.22070312
09:05:02,91282CLD1,TSRYS5850288,D,S,D,2024-08-27,1000000.00,3.756073,102.228515625
09:05:02,91282CLD1,TSRYS5850288,D,S,D,2024-08-27,1000000.00,3.758336,102.2146539479
09:05:04,91282CLD1,TSRYS5850288,D,S,T,2024-08-27,1000000.00,3.755436,102.232421875
09:05:04,91282CLD1,TSRYS5850288,D,S,T,2024-08-27,1000000.00,3.755436,102.232421875
09:05:07,91282CLD1,TSRYS5850288,D,S,C,2024-08-27,1000000.00,3.757349,102.22070312
09:05:08,91282CLD1,TSRYS5850288,D,S,T,2024-08-27,1000000.00,3.757349,102.22070312
09:05:11,91282CLD1,TSRYS5850288,D,S,C,2024-08-27,1000000.00,3.757667,102.21875
09:05:12,91282CLD1,TSRYS5850288,D,S,C,2024-08-27,1000000.00,3.757667,102.21875
09:05:12,91282CLD1,TSRYS5850288,D,S,C,2024-08-27,1000000.00,3.757667,102.21875
09:05:16,91282CLD1,TSRYS5850288,D,S,D,2024-08-27,1000000.00,3.757667,102.21875
09:05:16,91282CLD1,TSRYS5850288,D,B,C,2024-08-27,1000000.00,3.757667,102.21875
09:05:17,91282CLD1,TSRYS5850288,D,S,A,2024-08-27,180000.00,3.756964,102.22305625
09:05:18,91282CLD1,TSRYS5850288,D,S,T,2024-08-27,1000000.00,3.757667,102.21875
09:05:19,91282CLD1,TSRYS5850288,D,S,T,2024-08-27,1000000.00,3.757667,102.21875
09:05:21,91282CLD1,TSRYS5850288,D,S,T,2024-08-27,1000000.00,3.758305,102.21484375
09:05:21,91282CLD1,TSRYS5850288,D,S,T,2024-08-27,1000000.00,3.758305,102.21484375
09:05:21,91282CLD1,TSRYS5850288,D,S,D,2024-08-27,3000000.00,3.755754,102.23046875
09:05:21,91282CLD1,TSRYS5850288,D,S,D,2024-08-27,1000000.00,3.758281,102.21499375
09:05:21,91282CLD1,TSRYS5850288,D,S,D,2024-08-27,1000000.00,3.758281,102.21499375
09:05:21,91282CLD1,TSRYS5850288,D,S,T,2024-08-27,1000000.00,3.757667,102.21875
09:05:22,91282CLD1,TSRYS5850288,D,S,C,2024-08-27,1000000.00,3.755754,102.23046875
09:05:23,91282CLD1,TSRYS5850288,D,S,T,2024-08-27,1000000.00,3.757667,102.21875
09:05:23,91282CLD1,TSRYS5850288,D,S,T,2024-08-27,1000000.00,3.757667,102.21875
09:05:23,91282CLD1,TSRYS5850288,D,S,T,2024-08-27,1000000.00,3.758943,102.2109375
09:05:23,91282CLD1,TSRYS5850288,D,S,T,2024-08-27,2000000.00,3.758943,102.2109375
09:05:23,91282CLD1,TSRYS5850288,D,S,T,2024-08-27,2000000.00,3.758943,102.2109375
09:05:23,91282CLD1,TSRYS5850288,D,S,T,2024-08-27,1000000.00,3.758943,102.2109375
09:05:23,91282CLD1,TSRYS5850288,D,S,T,2024-08-27,2000000.00,3.758943,102.2109375
09:05:23,91282CLD1,TSRYS5850288,D,S,T,2024-08-27,1000000.00,3.758943,102.2109375
09:05:23,91282CLD1,TSRYS5850288,D,S,T,2024-08-27,3000000.00,3.758943,102.2109375
09:05:23,91282CLD1,TSRYS5850288,D,S,C,2024-08-27,10000000.00,3.75703,102.22265625
09:05:28,91282CLD1,TSRYS5850288,D,S,T,2024-08-27,4000000.00,3.758943,102.2109375
09:05:28,91282CLD1,TSRYS5850288,D,S,T,2024-08-27,1000000.00,3.758943,102.2109375
09:05:28,91282CLD1,TSRYS5850288,D,S,T,2024-08-27,1000000.00,3.758943,102.2109375
09:05:28,91282CLD1,TSRYS5850288,D,S,C,2024-08-27,1000000.00,3.757667,102.21875
09:05:28,91282CLD1,TSRYS5850288,D,S,T,2024-08-27,1000000.00,3.758943,102.2109375
09:05:33,91282CLD1,TSRYS5850288,D,S,T,2024-08-27,1000000.00,3.757667,102.21875
09:05:34,91282CLD1,TSRYS5850288,D,B,C,2024-08-27,2000000.00,3.756073,102.22851562
09:05:34,91282CLD1,TSRYS5850288,D,B,C,2024-08-27,1000000.00,3.756073,102.22851562
09:05:34,91282CLD1,TSRYS5850288,D,S,D,2024-08-27,1000000.00,3.756392,102.2265625
09:05:34,91282CLD1,TSRYS5850288,D,S,D,2024-08-27,1000000.00,3.756392,102.2265625
09:05:34,91282CLD1,TSRYS5850288,D,S,D,2024-08-27,1000000.00,3.757667,102.21875
09:05:34,91282CLD1,TSRYS5850288,D,S,D,2024-08-27,1000000.00,3.757667,102.21875
09:05:34,91282CLD1,TSRYS5850288,D,S,D,2024-08-27,1000000.00,3.757667,102.21875
09:05:34,91282CLD1,TSRYS5850288,D,B,C,2024-08-27,1000000.00,3.757667,102.21875
09:05:34,91282CLD1,TSRYS5850288,D,B,C,2024-08-27,1000000.00,3.757667,102.21875
09:05:34,91282CLD1,TSRYS5850288,D,S,C,2024-08-27,1000000.00,3.757627,102.219
09:05:39,91282CLD1,TSRYS5850288,D,S,C,2024-08-27,1000000.00,3.757667,102.21875
09:05:41,91282CLD1,TSRYS5850288,D,S,D,2024-08-27,9940000.00,3.8344,101.75
09:05:41,91282CLD1,TSRYS5850288,D,S,C,2024-08-27,1000000.00,3.757667,102.21875
09:05:41,91282CLD1,TSRYS5850288,D,S,D,2024-08-27,9940000.00,3.8344,101.75
09:05:42,91282CLD1,TSRYS5850288,D,S,D,2024-08-27,1000000.00,3.758624,102.212890625
09:05:43,91282CLD1,TSRYS5850288,D,S,D,2024-08-27,1000000.00,3.758624,102.212890625
09:05:47,91282CLD1,TSRYS5850288,D,S,D,2024-08-27,2000000.00,3.757667,102.21875
09:05:50,91282CLD1,TSRYS5850288,D,S,D,2024-08-27,2000000.00,3.757667,102.21875
09:05:52,91282CLD1,TSRYS5850288,D,S,D,2024-08-27,1000000.00,3.757986,102.216796875
09:05:53,91282CLD1,TSRYS5850288,D,S,D,2024-08-27,1000000.00,3.758336,102.2146539479
09:05:53,91282CLD1,TSRYS5850288,D,S,D,2024-08-27,1000000.00,3.757836,102.2177152723
09:05:53,91282CLD1,TSRYS5850288,D,S,D,2024-08-27,1000000.00,3.757836,102.2177152723
09:05:53,91282CLD1,TSRYS5850288,D,S,T,2024-08-27,9940000.00,3.8344,101.75
09:05:53,91282CLD1,TSRYS5850288,D,S,T,2024-08-27,9940000.00,3.8344,101.75
09:05:54,91282CLD1,TSRYS5850288,D,S,C,2024-08-27,1000000.00,3.757349,102.22070312
09:05:54,91282CLD1,TSRYS5850288,D,S,C,2024-08-27,1000000.00,3.757349,102.22070312
09:05:54,91282CLD1,TSRYS5850288,D,S,T,2024-08-27,2000000.00,3.757667,102.21875
09:05:54,91282CLD1,TSRYS5850288,D,S,T,2024-08-27,2000000.00,3.757667,102.21875
09:06:03,91282CLD1,TSRYS5850288,D,S,D,2024-08-27,1000000.00,3.757836,102.2177152723
09:06:05,91282CLD1,TSRYS5850288,D,S,D,2024-08-27,1000000.00,3.757667,102.21875
09:06:07,91282CLD1,TSRYS5850288,D,S,T,2024-08-27,1000000.00,3.758943,102.2109375
09:06:07,91282CLD1,TSRYS5850288,D,S,T,2024-08-27,1000000.00,3.758943,102.2109375
09:06:07,91282CLD1,TSRYS5850288,D,S,T,2024-08-27,1000000.00,3.758943,102.2109375
09:06:07,91282CLD1,TSRYS5850288,D,S,T,2024-08-27,1000000.00,3.758943,102.2109375
09:06:07,91282CLD1,TSRYS5850288,D,S,T,2024-08-27,1000000.00,3.758943,102.2109375
09:06:07,91282CLD1,TSRYS5850288,D,S,T,2024-08-27,1000000.00,3.758943,102.2109375
09:06:07,91282CLD1,TSRYS5850288,D,S,T,2024-08-27,1000000.00,3.758943,102.2109375
09:06:19,91282CLD1,TSRYS5850288,D,S,C,2024-08-27,500000.00,3.758943,102.2109375
09:06:20,91282CLD1,TSRYS5850288,D,S,C,2024-08-27,1000000.00,3.758918,102.2110875
09:06:20,91282CLD1,TSRYS5850288,D,S,C,2024-08-27,1000000.00,3.758918,102.2110875
09:06:20,91282CLD1,TSRYS5850288,D,B,C,2024-08-27,1000000.00,3.758943,102.2109375
09:06:20,91282CLD1,TSRYS5850288,D,S,C,2024-08-27,1000000.00,3.758918,102.2110875
09:06:28,91282CLD1,TSRYS5850288,D,S,A,2024-08-27,1000000.00,3.758281,102.21499375
09:06:29,91282CLD1,TSRYS5850288,D,S,A,2024-08-27,1000000.00,3.758281,102.21499375
09:06:32,91282CLD1,TSRYS5850288,D,S,D,2024-08-27,1000000.00,3.757986,102.21679687
09:06:32,91282CLD1,TSRYS5850288,D,S,C,2024-08-27,3000000.00,3.758914,102.2111125
09:06:32,91282CLD1,TSRYS5850288,D,S,C,2024-08-27,2000000.00,3.758918,102.2110875
09:06:32,91282CLD1,TSRYS5850288,D,S,C,2024-08-27,1000000.00,3.758918,102.2110875
09:06:32,91282CLD1,TSRYS5850288,D,S,D,2024-08-27,1000000.00,3.758943,102.2109375
09:06:32,91282CLD1,TSRYS5850288,D,S,C,2024-08-27,2000000.00,3.758914,102.2111125
09:06:32,91282CLD1,TSRYS5850288,D,S,C,2024-08-27,1000000.00,3.758902,102.2111875
09:06:33,91282CLD1,TSRYS5850288,D,S,C,2024-08-27,1000000.00,3.758902,102.2111875
09:06:33,91282CLD1,TSRYS5850288,D,S,C,2024-08-27,1000000.00,3.758918,102.2110875
09:06:34,91282CLD1,TSRYS5850288,D,S,C,2024-08-27,1000000.00,3.757986,102.21679687
09:06:34,91282CLD1,TSRYS5850288,D,S,T,2024-08-27,1000000.00,3.757986,102.21679687
09:06:34,91282CLD1,TSRYS5850288,D,S,D,2024-08-27,1000000.00,3.757349,102.22070312
09:06:36,91282CLD1,TSRYS5850288,D,S,D,2024-08-27,1000000.00,3.75703,102.22265625
09:06:36,91282CLD1,TSRYS5850288,D,S,D,2024-08-27,1000000.00,3.75703,102.22265625
09:06:41,91282CLD1,TSRYS5850288,D,S,C,2024-08-27,1000000.00,3.759581,102.20703125
09:06:41,91282CLD1,TSRYS5850288,D,B,C,2024-08-27,1000000.00,3.759613,102.20683125
09:06:43,91282CLD1,TSRYS5850288,D,S,T,2024-08-27,2000000.00,3.757667,102.21875
09:06:50,91282CLD1,TSRYS5850288,D,S,C,2024-08-27,4000000.00,3.758918,102.2110875
09:06:50,91282CLD1,TSRYS5850288,D,S,C,2024-08-27,2000000.00,3.758914,102.2111125
09:06:50,91282CLD1,TSRYS5850288,D,S,C,2024-08-27,1000000.00,3.758918,102.2110875
09:06:50,91282CLD1,TSRYS5850288,D,S,C,2024-08-27,1000000.00,3.758918,102.2110875
09:06:50,91282CLD1,TSRYS5850288,D,S,C,2024-08-27,1000000.00,3.758918,102.2110875
09:07:00,91282CLD1,TSRYS5850288,D,S,D,2024-08-27,1000000.00,3.759262,102.208984375
09:07:01,91282CLD1,TSRYS5850288,D,S,D,2024-08-27,1000000.00,3.759262,102.208984375
09:07:05,91282CLD1,TSRYS5850288,D,S,C,2024-08-27,1000000.00,3.758943,102.2109375
09:07:05,91282CLD1,TSRYS5850288,D,S,C,2024-08-27,1000000.00,3.758918,102.2110875
09:07:05,91282CLD1,TSRYS5850288,D,S,D,2024-08-27,1000000.00,3.758943,102.2109375
09:07:08,91282CLD1,TSRYS5850288,D,S,T,2024-08-27,1000000.00,3.760219,102.203125
09:07:16,91282CLD1,TSRYS5850288,D,S,T,2024-08-27,1000000.00,3.760219,102.203125
09:07:19,91282CLD1,TSRYS5850288,D,S,T,2024-08-27,1000000.00,3.760219,102.203125
09:07:19,91282CLD1,TSRYS5850288,D,S,T,2024-08-27,2000000.00,3.760219,102.203125
09:07:19,91282CLD1,TSRYS5850288,D,S,T,2024-08-27,1000000.00,3.760219,102.203125
09:07:19,91282CLD1,TSRYS5850288,D,S,T,2024-08-27,1000000.00,3.760219,102.203125
09:07:19,91282CLD1,TSRYS5850288,D,S,T,2024-08-27,1000000.00,3.760219,102.203125
09:07:20,91282CLD1,TSRYS5850288,D,S,C,2024-08-27,1000000.00,3.758902,102.2111875
09:07:20,91282CLD1,TSRYS5850288,D,S,D,2024-08-27,1000000.00,3.760219,102.203125
09:07:21,91282CLD1,TSRYS5850288,D,S,D,2024-08-27,3000000.00,3.760219,102.203125
09:07:23,91282CLD1,TSRYS5850288,D,S,D,2024-08-27,2000000.00,3.760219,102.203125
09:07:23,91282CLD1,TSRYS5850288,D,S,D,2024-08-27,1000000.00,3.760219,102.203125
09:07:23,91282CLD1,TSRYS5850288,D,S,T,2024-08-27,1000000.00,3.760219,102.203125
09:07:25,91282CLD1,TSRYS5850288,D,S,T,2024-08-27,1000000.00,3.760219,102.203125
09:07:25,91282CLD1,TSRYS5850288,D,S,C,2024-08-27,1000000.00,3.760219,102.203125
09:07:25,91282CLD1,TSRYS5850288,D,S,D,2024-08-27,836000.00,3.760004,102.20443855335
09:07:29,91282CLD1,TSRYS5850288,D,S,D,2024-08-27,1000000.00,3.760219,102.203125
09:07:29,91282CLD1,TSRYS5850288,D,S,D,2024-08-27,2000000.00,3.760219,102.203125
09:07:31,91282CLD1,TSRYS5850288,D,S,C,2024-08-27,3000000.00,3.760219,102.203125
09:07:31,91282CLD1,TSRYS5850288,D,S,T,2024-08-27,2000000.00,3.760219,102.203125
09:07:33,91282CLD1,TSRYS5850288,D,S,D,2024-08-27,1000000.00,3.760267,102.2028306515
09:07:36,91282CLD1,TSRYS5850288,D,S,T,2024-08-27,1000000.00,3.760219,102.203125
09:07:36,91282CLD1,TSRYS5850288,D,S,T,2024-08-27,3000000.00,3.760219,102.203125
09:07:36,91282CLD1,TSRYS5850288,D,S,T,2024-08-27,1000000.00,3.760219,102.203125
09:07:37,91282CLD1,TSRYS5850288,D,S,C,2024-08-27,1000000.00,3.760186,102.203325
09:07:37,91282CLD1,TSRYS5850288,D,S,T,2024-08-27,2000000.00,3.760219,102.203125
09:07:37,91282CLD1,TSRYS5850288,D,S,T,2024-08-27,1000000.00,3.760219,102.203125
09:07:38,91282CLD1,TSRYS5850288,D,S,D,2024-08-27,1000000.00,3.760219,102.203125
09:07:43,91282CLD1,TSRYS5850288,D,S,T,2024-08-27,1000000.00,3.760219,102.203125
09:07:43,91282CLD1,TSRYS5850288,D,S,T,2024-08-27,1000000.00,3.760219,102.203125
09:07:43,91282CLD1,TSRYS5850288,D,S,T,2024-08-27,1000000.00,3.760219,102.203125
09:07:44,91282CLD1,TSRYS5850288,D,S,T,2024-08-27,1000000.00,3.760856,102.19921875
09:07:44,91282CLD1,TSRYS5850288,D,S,D,2024-08-27,2000000.00,3.760219,102.203125
09:07:44,91282CLD1,TSRYS5850288,D,S,C,2024-08-27,1000000.00,3.760219,102.203125
09:07:44,91282CLD1,TSRYS5850288,D,S,C,2024-08-27,1000000.00,3.760219,102.203125
09:07:45,91282CLD1,TSRYS5850288,D,S,C,2024-08-27,1000000.00,3.760219,102.203125
09:07:45,91282CLD1,TSRYS5850288,D,S,D,2024-08-27,1000000.00,3.760856,102.19921875
09:07:45,91282CLD1,TSRYS5850288,D,S,T,2024-08-27,1000000.00,3.760219,102.203125
09:07:45,91282CLD1,TSRYS5850288,D,S,T,2024-08-27,1000000.00,3.760219,102.203125
09:07:45,91282CLD1,TSRYS5850288,D,S,T,2024-08-27,2000000.00,3.760219,102.203125
09:07:45,91282CLD1,TSRYS5850288,D,S,T,2024-08-27,1000000.00,3.760219,102.203125
09:07:46,91282CLD1,TSRYS5850288,D,S,T,2024-08-27,1000000.00,3.760219,102.203125
09:07:46,91282CLD1,TSRYS5850288,D,S,T,2024-08-27,1000000.00,3.760219,102.203125
09:07:49,91282CLD1,TSRYS5850288,D,S,T,2024-08-27,1000000.00,3.760219,102.203125
09:07:50,91282CLD1,TSRYS5850288,D,S,D,2024-08-27,1000000.00,3.760219,102.203125
09:07:50,91282CLD1,TSRYS5850288,D,S,D,2024-08-27,1000000.00,3.760219,102.203125
09:07:50,91282CLD1,TSRYS5850288,D,S,D,2024-08-27,1000000.00,3.760219,102.203125
09:07:50,91282CLD1,TSRYS5850288,D,S,D,2024-08-27,1000000.00,3.760219,102.203125
09:07:50,91282CLD1,TSRYS5850288,D,S,D,2024-08-27,1000000.00,3.760219,102.203125
09:07:51,91282CLD1,TSRYS5850288,D,S,T,2024-08-27,1000000.00,3.760219,102.203125
09:07:52,91282CLD1,TSRYS5850288,D,S,T,2024-08-27,1000000.00,3.760537,102.201171875
09:07:52,91282CLD1,TSRYS5850288,D,S,C,2024-08-27,1000000.00,3.760537,102.201171875
09:07:53,91282CLD1,TSRYS5850288,D,S,D,2024-08-27,1000000.00,3.760219,102.203125
09:07:54,91282CLD1,TSRYS5850288,D,S,T,2024-08-27,1000000.00,3.760219,102.203125
09:07:54,91282CLD1,TSRYS5850288,D,S,D,2024-08-27,1000000.00,3.760219,102.203125
09:08:01,91282CLD1,TSRYS5850288,D,S,T,2024-08-27,1000000.00,3.760219,102.203125
09:08:01,91282CLD1,TSRYS5850288,D,S,T,2024-08-27,2000000.00,3.760219,102.203125
09:08:03,91282CLD1,TSRYS5850288,D,S,T,2024-08-27,2000000.00,3.760219,102.203125
09:08:03,91282CLD1,TSRYS5850288,D,S,D,2024-08-27,3000000.00,3.760219,102.203125
09:08:03,91282CLD1,TSRYS5850288,D,S,D,2024-08-27,1000000.00,3.760219,102.203125
09:08:05,91282CLD1,TSRYS5850288,D,B,C,2024-08-27,1000000.00,3.760537,102.20117187
09:08:06,91282CLD1,TSRYS5850288,D,S,D,2024-08-27,1000000.00,3.760219,102.203125
09:08:06,91282CLD1,TSRYS5850288,D,S,T,2024-08-27,2000000.00,3.760219,102.203125
09:08:06,91282CLD1,TSRYS5850288,D,S,T,2024-08-27,1000000.00,3.760219,102.203125
09:08:07,91282CLD1,TSRYS5850288,D,B,C,2024-08-27,1000000.00,3.760219,102.203125
09:08:07,91282CLD1,TSRYS5850288,D,S,C,2024-08-27,1000000.00,3.760219,102.203125
09:08:07,91282CLD1,TSRYS5850288,D,S,D,2024-08-27,1000000.00,3.760219,102.203125
09:08:07,91282CLD1,TSRYS5850288,D,B,C,2024-08-27,1000000.00,3.760219,102.203125
09:08:08,91282CLD1,TSRYS5850288,D,S,D,2024-08-27,1000000.00,3.760219,102.203125
09:08:08,91282CLD1,TSRYS5850288,D,S,D,2024-08-27,1000000.00,3.760219,102.203125
09:08:08,91282CLD1,TSRYS5850288,D,S,C,2024-08-27,1000000.00,3.760219,102.203125
09:08:08,91282CLD1,TSRYS5850288,D,S,D,2024-08-27,1000000.00,3.760219,102.203125
09:08:08,91282CLD1,TSRYS5850288,D,S,T,2024-08-27,1000000.00,3.760219,102.203125
09:08:08,91282CLD1,TSRYS5850288,D,S,D,2024-08-27,1000000.00,3.760219,102.203125
09:08:08,91282CLD1,TSRYS5850288,D,S,D,2024-08-27,1000000.00,3.760219,102.203125
09:08:09,91282CLD1,TSRYS5850288,D,S,T,2024-08-27,1000000.00,3.760219,102.203125
09:08:09,91282CLD1,TSRYS5850288,D,S,D,2024-08-27,1000000.00,3.760219,102.203125
09:08:09,91282CLD1,TSRYS5850288,D,S,T,2024-08-27,1000000.00,3.760219,102.203125
09:08:09,91282CLD1,TSRYS5850288,D,S,T,2024-08-27,1000000.00,3.760219,102.203125
09:08:09,91282CLD1,TSRYS5850288,D,S,T,2024-08-27,1000000.00,3.760219,102.203125
09:08:09,91282CLD1,TSRYS5850288,D,S,T,2024-08-27,1000000.00,3.760219,102.203125
09:08:09,91282CLD1,TSRYS5850288,D,S,T,2024-08-27,1000000.00,3.760219,102.203125
09:08:10,91282CLD1,TSRYS5850288,D,S,T,2024-08-27,1000000.00,3.760219,102.203125
09:08:10,91282CLD1,TSRYS5850288,D,S,T,2024-08-27,1000000.00,3.760219,102.203125
09:08:10,91282CLD1,TSRYS5850288,D,S,T,2024-08-27,1000000.00,3.760219,102.203125
09:08:14,91282CLD1,TSRYS5850288,D,B,C,2024-08-27,6200000.00,3.760219,102.203125
09:08:15,91282CLD1,TSRYS5850288,D,S,T,2024-08-27,1000000.00,3.758943,102.2109375
09:08:15,91282CLD1,TSRYS5850288,D,S,T,2024-08-27,1000000.00,3.758943,102.2109375
09:08:22,91282CLD1,TSRYS5850288,D,S,D,2024-08-27,1000000.00,3.760219,102.203125
09:08:22,91282CLD1,TSRYS5850288,D,S,C,2024-08-27,1000000.00,3.760194,102.203275
09:08:22,91282CLD1,TSRYS5850288,D,S,D,2024-08-27,1000000.00,3.760219,102.203125
09:08:22,91282CLD1,TSRYS5850288,D,S,D,2024-08-27,1000000.00,3.760219,102.203125
09:08:22,91282CLD1,TSRYS5850288,D,S,C,2024-08-27,1000000.00,3.760178,102.203375
09:08:22,91282CLD1,TSRYS5850288,D,S,C,2024-08-27,1000000.00,3.760194,102.203275
09:08:22,91282CLD1,TSRYS5850288,D,S,C,2024-08-27,1000000.00,3.760219,102.203125
09:08:22,91282CLD1,TSRYS5850288,D,S,C,2024-08-27,1000000.00,3.760219,102.203125
09:08:22,91282CLD1,TSRYS5850288,D,S,C,2024-08-27,1000000.00,3.760194,102.203275
09:08:22,91282CLD1,TSRYS5850288,D,S,C,2024-08-27,1000000.00,3.760194,102.203275
09:08:23,91282CLD1,TSRYS5850288,D,B,C,2024-08-27,34000000.00,3.752196,102.25227
09:08:37,91282CLD1,TSRYS5850288,D,B,C,2024-08-27,2000000.00,3.760219,102.203125
09:08:37,91282CLD1,TSRYS5850288,D,S,C,2024-08-27,2000000.00,3.760194,102.203275
09:08:37,91282CLD1,TSRYS5850288,D,S,C,2024-08-27,1000000.00,3.760194,102.203275
09:08:37,91282CLD1,TSRYS5850288,D,S,C,2024-08-27,2000000.00,3.760219,102.203125
09:08:37,91282CLD1,TSRYS5850288,D,S,C,2024-08-27,2000000.00,3.76017,102.203425
09:08:37,91282CLD1,TSRYS5850288,D,S,C,2024-08-27,1000000.00,3.760194,102.203275
09:08:37,91282CLD1,TSRYS5850288,D,S,C,2024-08-27,1000000.00,3.760219,102.203125
09:08:37,91282CLD1,TSRYS5850288,D,S,D,2024-08-27,1000000.00,3.760219,102.203125
09:08:37,91282CLD1,TSRYS5850288,D,S,C,2024-08-27,1000000.00,3.760202,102.203225
09:08:52,91282CLD1,TSRYS5850288,D,S,C,2024-08-27,1000000.00,3.760178,102.203375
09:08:52,91282CLD1,TSRYS5850288,D,S,C,2024-08-27,1000000.00,3.760202,102.203225
09:08:52,91282CLD1,TSRYS5850288,D,B,C,2024-08-27,1000000.00,3.758959,102.2108375
09:08:52,91282CLD1,TSRYS5850288,D,S,C,2024-08-27,1000000.00,3.758918,102.2110875
09:08:52,91282CLD1,TSRYS5850288,D,S,C,2024-08-27,1000000.00,3.758918,102.2110875
09:08:52,91282CLD1,TSRYS5850288,D,S,C,2024-08-27,1000000.00,3.758918,102.2110875
09:08:56,91282CLD1,TSRYS5850288,D,S,D,2024-08-27,1000000.00,3.760219,102.203125
09:09:00,91282CLD1,TSRYS5850288,D,S,C,2024-08-27,1000000.00,3.758624,102.212890625
09:09:01,91282CLD1,TSRYS5850288,D,B,C,2024-08-27,1000000.00,3.758624,102.212890625
09:09:01,91282CLD1,TSRYS5850288,D,S,D,2024-08-27,1000000.00,3.758624,102.212890625
09:09:06,91282CLD1,TSRYS5850288,D,B,C,2024-08-27,1000000.00,3.758943,102.2109375
09:09:06,91282CLD1,TSRYS5850288,D,S,C,2024-08-27,1000000.00,3.758918,102.2110875
09:09:29,91282CLD1,TSRYS5850288,D,B,C,2024-08-27,1000000.00,3.7599,102.205078125
09:09:29,91282CLD1,TSRYS5850288,D,S,D,2024-08-27,1000000.00,3.759875,102.205228125
09:09:30,91282CLD1,TSRYS5850288,D,S,T,2024-08-27,1000000.00,3.760219,102.203125
09:09:30,91282CLD1,TSRYS5850288,D,S,T,2024-08-27,1000000.00,3.760219,102.203125
09:09:30,91282CLD1,TSRYS5850288,D,S,T,2024-08-27,3000000.00,3.760219,102.203125
09:09:30,91282CLD1,TSRYS5850288,D,S,T,2024-08-27,1000000.00,3.760219,102.203125
09:09:30,91282CLD1,TSRYS5850288,D,S,T,2024-08-27,3000000.00,3.760219,102.203125
09:09:31,91282CLD1,TSRYS5850288,D,S,D,2024-08-27,2000000.00,3.760537,102.201171875
09:09:31,91282CLD1,TSRYS5850288,D,S,D,2024-08-27,2000000.00,3.760537,102.201171875
09:09:35,91282CLD1,TSRYS5850288,D,B,C,2024-08-27,1000000.00,3.760219,102.203125
09:09:35,91282CLD1,TSRYS5850288,D,S,D,2024-08-27,1000000.00,3.760219,102.203125
09:09:38,91282CLD1,TSRYS5850288,D,S,T,2024-08-27,2000000.00,3.760537,102.201171875
09:09:38,91282CLD1,TSRYS5850288,D,S,T,2024-08-27,2000000.00,3.760537,102.201171875
09:09:42,91282CLD1,TSRYS5850288,D,S,D,2024-08-27,559000.00,3.760856,102.19921875
09:09:43,91282CLD1,TSRYS5850288,D,S,C,2024-08-27,78000.00,3.761494,102.1953125
09:09:43,91282CLD1,TSRYS5850288,D,S,C,2024-08-27,9839000.00,3.760219,102.203125
09:09:52,91282CLD1,TSRYS5850288,D,S,D,2024-08-27,49687000.00,3.8344,101.75
09:09:54,91282CLD1,TSRYS5850288,D,S,T,2024-08-27,1000000.00,3.760219,102.203125
09:09:54,91282CLD1,TSRYS5850288,D,S,C,2024-08-27,2000000.00,3.760537,102.201171875
09:09:54,91282CLD1,TSRYS5850288,D,B,C,2024-08-27,1000000.00,3.760219,102.203125
09:09:55,91282CLD1,TSRYS5850288,D,S,D,2024-08-27,4000000.00,3.760219,102.203125
09:09:55,91282CLD1,TSRYS5850288,D,S,T,2024-08-27,1000000.00,3.760219,102.203125
09:09:55,91282CLD1,TSRYS5850288,D,B,C,2024-08-27,1000000.00,3.760537,102.201171875
09:09:56,91282CLD1,TSRYS5850288,D,S,D,2024-08-27,1000000.00,3.760513,102.201321875
09:09:57,91282CLD1,TSRYS5850288,D,S,T,2024-08-27,1000000.00,3.760219,102.203125
09:09:57,91282CLD1,TSRYS5850288,D,S,D,2024-08-27,1000000.00,3.760219,102.203125
09:09:57,91282CLD1,TSRYS5850288,D,S,C,2024-08-27,4000000.00,3.760537,102.201171875
09:09:58,91282CLD1,TSRYS5850288,D,S,D,2024-08-27,1000000.00,3.760219,102.203125
09:09:58,91282CLD1,TSRYS5850288,D,S,T,2024-08-27,1000000.00,3.760219,102.203125
09:09:58,91282CLD1,TSRYS5850288,D,S,T,2024-08-27,1000000.00,3.760219,102.203125
09:09:58,91282CLD1,TSRYS5850288,D,S,D,2024-08-27,2000000.00,3.760219,102.203125
09:09:58,91282CLD1,TSRYS5850288,D,S,T,2024-08-27,1000000.00,3.760219,102.203125
09:09:59,91282CLD1,TSRYS5850288,D,S,D,2024-08-27,1000000.00,3.7599,102.205078125
09:09:59,91282CLD1,TSRYS5850288,D,S,T,2024-08-27,2000000.00,3.760537,102.201171875
09:09:59,91282CLD1,TSRYS5850288,D,S,T,2024-08-27,2000000.00,3.760219,102.203125
09:10:03,91282CLD1,TSRYS5850288,D,S,T,2024-08-27,1000000.00,3.760219,102.203125
09:10:04,91282CLD1,TSRYS5850288,D,S,D,2024-08-27,1000000.00,3.760219,102.203125
09:10:05,91282CLD1,TSRYS5850288,D,S,T,2024-08-27,1000000.00,3.760219,102.203125
09:10:05,91282CLD1,TSRYS5850288,D,S,T,2024-08-27,1000000.00,3.760537,102.201171875
09:10:05,91282CLD1,TSRYS5850288,D,S,T,2024-08-27,1000000.00,3.760219,102.203125
09:10:05,91282CLD1,TSRYS5850288,D,S,T,2024-08-27,1000000.00,3.760219,102.203125
09:10:05,91282CLD1,TSRYS5850288,D,S,T,2024-08-27,1000000.00,3.760219,102.203125
09:10:05,91282CLD1,TSRYS5850288,D,S,D,2024-08-27,1000000.00,3.760513,102.201321875
09:10:07,91282CLD1,TSRYS5850288,D,S,C,2024-08-27,3000000.00,3.76019,102.2033
09:10:07,91282CLD1,TSRYS5850288,D,S,C,2024-08-27,3000000.00,3.76019,102.2033
09:10:07,91282CLD1,TSRYS5850288,D,S,C,2024-08-27,1000000.00,3.76019,102.2033
09:10:07,91282CLD1,TSRYS5850288,D,S,C,2024-08-27,1000000.00,3.76019,102.2033
09:10:07,91282CLD1,TSRYS5850288,D,S,C,2024-08-27,1000000.00,3.76019,102.2033
09:10:07,91282CLD1,TSRYS5850288,D,S,T,2024-08-27,1000000.00,3.7599,102.205078125
09:10:07,91282CLD1,TSRYS5850288,D,S,T,2024-08-27,2000000.00,3.760537,102.201171875
09:10:07,91282CLD1,TSRYS5850288,D,S,T,2024-08-27,1000000.00,3.760219,102.203125
09:10:12,91282CLD1,TSRYS5850288,D,S,D,2024-08-27,1000000.00,3.760513,102.201321875
09:10:12,91282CLD1,TSRYS5850288,D,S,D,2024-08-27,1000000.00,3.760513,102.201321875
09:10:13,91282CLD1,TSRYS5850288,D,S,T,2024-08-27,2000000.00,3.760537,102.201171875
09:10:16,91282CLD1,TSRYS5850288,D,S,C,2024-08-27,1000000.00,3.760219,102.203125
09:10:16,91282CLD1,TSRYS5850288,D,S,C,2024-08-27,2000000.00,3.760537,102.201171875
09:10:18,91282CLD1,TSRYS5850288,D,S,T,2024-08-27,1000000.00,3.760219,102.203125
09:10:18,91282CLD1,TSRYS5850288,D,S,T,2024-08-27,1000000.00,3.760219,102.203125
09:10:19,91282CLD1,TSRYS5850288,D,S,T,2024-08-27,1000000.00,3.760537,102.201171875
09:10:19,91282CLD1,TSRYS5850288,D,S,T,2024-08-27,1000000.00,3.760537,102.201171875
09:10:22,91282CLD1,TSRYS5850288,D,S,D,2024-08-27,2000000.00,3.760219,102.203125
09:10:22,91282CLD1,TSRYS5850288,D,S,D,2024-08-27,1000000.00,3.760219,102.203125
09:10:22,91282CLD1,TSRYS5850288,D,S,T,2024-08-27,1000000.00,3.760219,102.203125
09:10:22,91282CLD1,TSRYS5850288,D,S,D,2024-08-27,2000000.00,3.760219,102.203125
09:10:22,91282CLD1,TSRYS5850288,D,S,D,2024-08-27,1000000.00,3.760194,102.203275
09:10:24,91282CLD1,TSRYS5850288,D,S,T,2024-08-27,1000000.00,3.760219,102.203125
09:10:24,91282CLD1,TSRYS5850288,D,S,T,2024-08-27,1000000.00,3.760219,102.203125
09:10:24,91282CLD1,TSRYS5850288,D,S,T,2024-08-27,1000000.00,3.760219,102.203125
09:10:24,91282CLD1,TSRYS5850288,D,S,T,2024-08-27,1000000.00,3.760219,102.203125
09:10:25,91282CLD1,TSRYS5850288,D,S,T,2024-08-27,1000000.00,3.760219,102.203125
09:10:25,91282CLD1,TSRYS5850288,D,S,T,2024-08-27,2000000.00,3.760537,102.201171875
09:10:25,91282CLD1,TSRYS5850288,D,S,T,2024-08-27,1000000.00,3.760219,102.203125
09:10:25,91282CLD1,TSRYS5850288,D,S,T,2024-08-27,1000000.00,3.760219,102.203125
09:10:25,91282CLD1,TSRYS5850288,D,S,T,2024-08-27,1000000.00,3.760219,102.203125
09:10:26,91282CLD1,TSRYS5850288,D,S,T,2024-08-27,1000000.00,3.760219,102.203125
09:10:26,91282CLD1,TSRYS5850288,D,S,T,2024-08-27,1000000.00,3.760219,102.203125
09:10:26,91282CLD1,TSRYS5850288,D,S,T,2024-08-27,1000000.00,3.760219,102.203125
09:10:26,91282CLD1,TSRYS5850288,D,S,D,2024-08-27,1000000.00,3.760219,102.203125
09:10:26,91282CLD1,TSRYS5850288,D,S,T,2024-08-27,1000000.00,3.760219,102.203125
09:10:26,91282CLD1,TSRYS5850288,D,S,T,2024-08-27,1000000.00,3.760219,102.203125
09:10:27,91282CLD1,TSRYS5850288,D,S,T,2024-08-27,1000000.00,3.760219,102.203125
09:10:27,91282CLD1,TSRYS5850288,D,S,T,2024-08-27,1000000.00,3.760219,102.203125
09:10:27,91282CLD1,TSRYS5850288,D,S,T,2024-08-27,1000000.00,3.760219,102.203125
09:10:27,91282CLD1,TSRYS5850288,D,S,T,2024-08-27,1000000.00,3.760219,102.203125
09:10:27,91282CLD1,TSRYS5850288,D,S,T,2024-08-27,1000000.00,3.760219,102.203125
09:10:27,91282CLD1,TSRYS5850288,D,S,T,2024-08-27,1000000.00,3.760219,102.203125
09:10:27,91282CLD1,TSRYS5850288,D,S,T,2024-08-27,1000000.00,3.760219,102.203125
09:10:34,91282CLD1,TSRYS5850288,D,S,T,2024-08-27,1000000.00,3.760537,102.201171875
09:10:34,91282CLD1,TSRYS5850288,D,S,D,2024-08-27,1000000.00,3.760513,102.201321875
09:10:35,91282CLD1,TSRYS5850288,D,S,D,2024-08-27,1000000.00,3.760219,102.203125
09:10:36,91282CLD1,TSRYS5850288,D,S,D,2024-08-27,1000000.00,3.760219,102.203125
09:10:36,91282CLD1,TSRYS5850288,D,S,D,2024-08-27,1000000.00,3.760219,102.203125
09:10:36,91282CLD1,TSRYS5850288,D,S,D,2024-08-27,1000000.00,3.760219,102.203125
09:10:36,91282CLD1,TSRYS5850288,D,S,D,2024-08-27,1000000.00,3.760219,102.203125
09:10:36,91282CLD1,TSRYS5850288,D,S,C,2024-08-27,1000000.00,3.760194,102.203275
09:10:36,91282CLD1,TSRYS5850288,D,S,C,2024-08-27,1000000.00,3.760194,102.203275
09:10:36,91282CLD1,TSRYS5850288,D,S,C,2024-08-27,1000000.00,3.76017,102.203425
09:10:39,91282CLD1,TSRYS5850288,D,S,C,2024-08-27,500000.00,3.760219,102.203125
09:10:40,91282CLD1,TSRYS5850288,D,S,A,2024-08-27,1000000.00,3.759875,102.20522812
09:10:42,91282CLD1,TSRYS5850288,D,S,C,2024-08-27,1000000.00,3.760537,102.201171875
09:10:45,91282CLD1,TSRYS5850288,D,S,D,2024-08-27,1000000.00,3.760219,102.203125
09:10:46,91282CLD1,TSRYS5850288,D,S,T,2024-08-27,1000000.00,3.760537,102.201171875
09:10:47,91282CLD1,TSRYS5850288,D,S,T,2024-08-27,1000000.00,3.760219,102.203125
09:10:47,91282CLD1,TSRYS5850288,D,S,T,2024-08-27,1000000.00,3.760219,102.203125
09:10:48,91282CLD1,TSRYS5850288,D,S,T,2024-08-27,1000000.00,3.760219,102.203125
09:10:50,91282CLD1,TSRYS5850288,D,S,D,2024-08-27,1000000.00,3.760219,102.203125
09:10:51,91282CLD1,TSRYS5850288,D,S,D,2024-08-27,1000000.00,3.760219,102.203125
09:10:51,91282CLD1,TSRYS5850288,D,S,D,2024-08-27,1000000.00,3.760219,102.203125
09:10:51,91282CLD1,TSRYS5850288,D,S,C,2024-08-27,1000000.00,3.760194,102.203275
09:10:51,91282CLD1,TSRYS5850288,D,S,C,2024-08-27,1000000.00,3.760194,102.203275
09:10:57,91282CLD1,TSRYS5850288,D,S,D,2024-08-27,1000000.00,3.7599,102.205078125
09:11:00,91282CLD1,TSRYS5850288,D,S,A,2024-08-27,1000000.00,3.760513,102.20132187
09:11:06,91282CLD1,TSRYS5850288,D,S,D,2024-08-27,1000000.00,3.760219,102.203125
09:11:06,91282CLD1,TSRYS5850288,D,S,D,2024-08-27,1000000.00,3.760219,102.203125
09:11:06,91282CLD1,TSRYS5850288,D,S,C,2024-08-27,1000000.00,3.760202,102.203225
09:11:06,91282CLD1,TSRYS5850288,D,S,C,2024-08-27,1000000.00,3.760202,102.203225
09:11:06,91282CLD1,TSRYS5850288,D,S,C,2024-08-27,1000000.00,3.760186,102.203325
09:11:06,91282CLD1,TSRYS5850288,D,S,D,2024-08-27,1000000.00,3.760219,102.203125
09:11:06,91282CLD1,TSRYS5850288,D,S,D,2024-08-27,1000000.00,3.760219,102.203125
09:11:06,91282CLD1,TSRYS5850288,D,S,D,2024-08-27,1000000.00,3.760219,102.203125
09:11:06,91282CLD1,TSRYS5850288,D,S,D,2024-08-27,1000000.00,3.760219,102.203125
09:11:06,91282CLD1,TSRYS5850288,D,S,D,2024-08-27,1000000.00,3.760219,102.203125
09:11:06,91282CLD1,TSRYS5850288,D,S,D,2024-08-27,1000000.00,3.760219,102.203125
09:11:06,91282CLD1,TSRYS5850288,D,S,C,2024-08-27,1000000.00,3.760219,102.203125
09:11:06,91282CLD1,TSRYS5850288,D,S,C,2024-08-27,1000000.00,3.760194,102.203275
09:11:06,91282CLD1,TSRYS5850288,D,S,C,2024-08-27,1000000.00,3.760194,102.203275
09:11:08,91282CLD1,TSRYS5850288,D,S,D,2024-08-27,1000000.00,3.760537,102.201171875
09:11:08,91282CLD1,TSRYS5850288,D,S,D,2024-08-27,1000000.00,3.760537,102.201171875
09:11:08,91282CLD1,TSRYS5850288,D,S,D,2024-08-27,1000000.00,3.760537,102.201171875
09:11:10,91282CLD1,TSRYS5850288,D,S,A,2024-08-27,1000000.00,3.760513,102.20132187
09:11:10,91282CLD1,TSRYS5850288,D,S,D,2024-08-27,1000000.00,3.760537,102.201171875
09:11:12,91282CLD1,TSRYS5850288,D,B,C,2024-08-27,1000000.00,3.7599,102.20507812
09:11:13,91282CLD1,TSRYS5850288,D,B,C,2024-08-27,1000000.00,3.760219,102.203125
09:11:19,91282CLD1,TSRYS5850288,D,S,T,2024-08-27,1000000.00,3.760537,102.201171875
09:11:19,91282CLD1,TSRYS5850288,D,S,D,2024-08-27,1000000.00,3.760513,102.201321875
09:11:20,91282CLD1,TSRYS5850288,D,S,A,2024-08-27,1000000.00,3.760513,102.20132187
09:11:20,91282CLD1,TSRYS5850288,D,S,A,2024-08-27,1000000.00,3.760513,102.20132187
09:11:20,91282CLD1,TSRYS5850288,D,S,D,2024-08-27,1000000.00,3.760219,102.203125
09:11:29,91282CLD1,TSRYS5850288,D,B,C,2024-08-27,1000000.00,3.760537,102.201171875
09:11:30,91282CLD1,TSRYS5850288,D,S,D,2024-08-27,1000000.00,3.760513,102.201321875
09:11:30,91282CLD1,TSRYS5850288,D,S,A,2024-08-27,1000000.00,3.760194,102.203275
09:11:31,91282CLD1,TSRYS5850288,D,S,D,2024-08-27,1000000.00,3.760537,102.20117187
09:11:31,91282CLD1,TSRYS5850288,D,S,D,2024-08-27,1000000.00,3.760537,102.20117187
09:11:31,91282CLD1,TSRYS5850288,D,S,T,2024-08-27,1000000.00,3.760537,102.20117187
09:11:31,91282CLD1,TSRYS5850288,D,S,T,2024-08-27,1000000.00,3.760856,102.19921875
09:11:31,91282CLD1,TSRYS5850288,D,S,D,2024-08-27,1000000.00,3.760856,102.19921875
09:11:31,91282CLD1,TSRYS5850288,D,S,T,2024-08-27,1000000.00,3.760856,102.19921875
09:11:31,91282CLD1,TSRYS5850288,D,S,D,2024-08-27,1000000.00,3.760856,102.19921875
09:11:33,91282CLD1,TSRYS5850288,D,S,T,2024-08-27,1000000.00,3.760537,102.201171875
09:11:33,91282CLD1,TSRYS5850288,D,S,T,2024-08-27,1000000.00,3.760537,102.20117187
09:11:33,91282CLD1,TSRYS5850288,D,S,T,2024-08-27,1000000.00,3.760537,102.20117187
09:11:33,91282CLD1,TSRYS5850288,D,S,D,2024-08-27,1000000.00,3.760537,102.20117187
09:11:33,91282CLD1,TSRYS5850288,D,S,T,2024-08-27,1000000.00,3.760537,102.20117187
09:11:33,91282CLD1,TSRYS5850288,D,S,D,2024-08-27,1000000.00,3.760513,102.201321875
09:11:33,91282CLD1,TSRYS5850288,D,S,D,2024-08-27,1000000.00,3.760537,102.201171875
09:11:35,91282CLD1,TSRYS5850288,D,S,D,2024-08-27,1000000.00,3.760537,102.20117187
09:11:36,91282CLD1,TSRYS5850288,D,S,D,2024-08-27,1000000.00,3.760856,102.19921875
09:11:36,91282CLD1,TSRYS5850288,D,S,D,2024-08-27,1000000.00,3.760856,102.19921875
09:11:36,91282CLD1,TSRYS5850288,D,B,C,2024-08-27,1000000.00,3.760537,102.201171875
09:11:36,91282CLD1,TSRYS5850288,D,S,D,2024-08-27,1000000.00,3.760513,102.201321875
09:11:40,91282CLD1,TSRYS5850288,D,S,A,2024-08-27,1000000.00,3.760513,102.20132187
09:11:42,91282CLD1,TSRYS5850288,D,S,D,2024-08-27,1000000.00,3.760856,102.19921875
09:11:44,91282CLD1,TSRYS5850288,D,S,D,2024-08-27,1000000.00,3.761494,102.1953125
09:11:44,91282CLD1,TSRYS5850288,D,S,D,2024-08-27,1000000.00,3.761494,102.1953125
09:11:45,91282CLD1,TSRYS5850288,D,S,T,2024-08-27,1000000.00,3.761494,102.1953125
09:11:45,91282CLD1,TSRYS5850288,D,S,T,2024-08-27,1000000.00,3.761494,102.1953125
09:11:45,91282CLD1,TSRYS5850288,D,S,T,2024-08-27,1000000.00,3.761494,102.1953125
09:11:45,91282CLD1,TSRYS5850288,D,S,T,2024-08-27,1000000.00,3.761494,102.1953125
09:11:46,91282CLD1,TSRYS5850288,D,S,T,2024-08-27,1000000.00,3.761494,102.1953125
09:11:47,91282CLD1,TSRYS5850288,D,S,D,2024-08-27,1000000.00,3.761494,102.1953125
09:11:47,91282CLD1,TSRYS5850288,D,S,D,2024-08-27,1000000.00,3.761494,102.1953125
09:11:47,91282CLD1,TSRYS5850288,D,S,D,2024-08-27,1000000.00,3.761494,102.1953125
09:11:47,91282CLD1,TSRYS5850288,D,S,D,2024-08-27,1000000.00,3.761494,102.1953125
09:11:47,91282CLD1,TSRYS5850288,D,S,D,2024-08-27,1000000.00,3.761494,102.1953125
09:11:47,91282CLD1,TSRYS5850288,D,S,D,2024-08-27,1000000.00,3.761494,102.1953125
09:11:47,91282CLD1,TSRYS5850288,D,S,D,2024-08-27,1000000.00,3.761494,102.1953125
09:11:47,91282CLD1,TSRYS5850288,D,S,D,2024-08-27,1000000.00,3.761494,102.1953125
09:11:47,91282CLD1,TSRYS5850288,D,S,D,2024-08-27,1000000.00,3.761494,102.1953125
09:11:47,91282CLD1,TSRYS5850288,D,S,D,2024-08-27,1000000.00,3.761494,102.1953125
09:11:47,91282CLD1,TSRYS5850288,D,S,D,2024-08-27,1000000.00,3.761494,102.1953125
09:11:47,91282CLD1,TSRYS5850288,D,S,D,2024-08-27,1000000.00,3.761494,102.1953125
09:11:47,91282CLD1,TSRYS5850288,D,S,D,2024-08-27,1000000.00,3.761494,102.1953125
09:11:47,91282CLD1,TSRYS5850288,D,S,T,2024-08-27,1000000.00,3.760856,102.19921875
09:11:47,91282CLD1,TSRYS5850288,D,S,D,2024-08-27,1000000.00,3.761494,102.1953125
09:11:48,91282CLD1,TSRYS5850288,D,S,C,2024-08-27,1000000.00,3.761494,102.1953125
09:11:48,91282CLD1,TSRYS5850288,D,S,D,2024-08-27,1000000.00,3.761494,102.1953125
09:11:48,91282CLD1,TSRYS5850288,D,S,T,2024-08-27,1000000.00,3.761494,102.1953125
09:11:48,91282CLD1,TSRYS5850288,D,S,T,2024-08-27,1000000.00,3.761494,102.1953125
09:11:48,91282CLD1,TSRYS5850288,D,S,D,2024-08-27,1000000.00,3.760832,102.19936875
09:11:48,91282CLD1,TSRYS5850288,D,S,T,2024-08-27,1000000.00,3.761494,102.1953125
09:11:48,91282CLD1,TSRYS5850288,D,S,T,2024-08-27,1000000.00,3.761494,102.1953125
09:11:49,91282CLD1,TSRYS5850288,D,S,T,2024-08-27,1000000.00,3.761494,102.1953125
09:11:50,91282CLD1,TSRYS5850288,D,S,D,2024-08-27,1000000.00,3.761494,102.1953125
09:11:50,91282CLD1,TSRYS5850288,D,S,D,2024-08-27,1000000.00,3.761494,102.1953125
09:11:50,91282CLD1,TSRYS5850288,D,S,D,2024-08-27,2000000.00,3.761494,102.1953125
09:11:52,91282CLD1,TSRYS5850288,D,S,D,2024-08-27,1000000.00,3.761494,102.1953125
09:11:52,91282CLD1,TSRYS5850288,D,S,D,2024-08-27,1000000.00,3.761494,102.1953125
09:11:54,91282CLD1,TSRYS5850288,D,S,T,2024-08-27,1000000.00,3.760856,102.19921875
09:11:54,91282CLD1,TSRYS5850288,D,S,C,2024-08-27,1000000.00,3.760856,102.19921875
09:11:54,91282CLD1,TSRYS5850288,D,S,T,2024-08-27,40800000.00,3.761429,102.1957125
09:12:03,91282CLD1,TSRYS5850288,D,S,T,2024-08-27,1000000.00,3.760537,102.20117187
09:12:03,91282CLD1,TSRYS5850288,D,S,C,2024-08-27,1000000.00,3.760537,102.20117187
09:12:04,91282CLD1,TSRYS5850288,D,S,T,2024-08-27,1000000.00,3.761494,102.1953125
09:12:04,91282CLD1,TSRYS5850288,D,S,T,2024-08-27,1000000.00,3.761494,102.1953125
09:12:04,91282CLD1,TSRYS5850288,D,S,T,2024-08-27,1000000.00,3.761494,102.1953125
09:12:04,91282CLD1,TSRYS5850288,D,S,T,2024-08-27,2000000.00,3.761494,102.1953125
09:12:04,91282CLD1,TSRYS5850288,D,S,T,2024-08-27,3000000.00,3.761494,102.1953125
09:12:04,91282CLD1,TSRYS5850288,D,S,T,2024-08-27,3000000.00,3.761494,102.1953125
09:12:06,91282CLD1,TSRYS5850288,D,S,D,2024-08-27,2000000.00,3.762132,102.19140625
09:12:06,91282CLD1,TSRYS5850288,D,S,T,2024-08-27,1000000.00,3.762451,102.189453125
09:12:08,91282CLD1,TSRYS5850288,D,S,T,2024-08-27,1000000.00,3.762132,102.19140625
09:12:09,91282CLD1,TSRYS5850288,D,S,D,2024-08-27,1000000.00,3.762451,102.189453125
09:12:10,91282CLD1,TSRYS5850288,D,S,C,2024-08-27,1000000.00,3.762132,102.19140625
09:12:11,91282CLD1,TSRYS5850288,D,S,D,2024-08-27,1000000.00,3.76277,102.1875
09:12:11,91282CLD1,TSRYS5850288,D,S,D,2024-08-27,1000000.00,3.76277,102.1875
09:12:12,91282CLD1,TSRYS5850288,D,S,C,2024-08-27,1000000.00,3.761175,102.19726562
09:12:12,91282CLD1,TSRYS5850288,D,S,D,2024-08-27,2000000.00,3.76277,102.1875
09:12:12,91282CLD1,TSRYS5850288,D,S,D,2024-08-27,1000000.00,3.76277,102.1875
09:12:12,91282CLD1,TSRYS5850288,D,S,D,2024-08-27,1000000.00,3.76277,102.1875
09:12:13,91282CLD1,TSRYS5850288,D,S,T,2024-08-27,1000000.00,3.76277,102.1875
09:12:14,91282CLD1,TSRYS5850288,D,S,C,2024-08-27,3000000.00,3.76277,102.1875
09:12:14,91282CLD1,TSRYS5850288,D,S,T,2024-08-27,1000000.00,3.76277,102.1875
09:12:14,91282CLD1,TSRYS5850288,D,S,T,2024-08-27,2000000.00,3.76277,102.1875
09:12:14,91282CLD1,TSRYS5850288,D,S,T,2024-08-27,2000000.00,3.76277,102.1875
09:12:14,91282CLD1,TSRYS5850288,D,S,T,2024-08-27,1000000.00,3.76277,102.1875
09:12:14,91282CLD1,TSRYS5850288,D,S,T,2024-08-27,1000000.00,3.76277,102.1875
09:12:14,91282CLD1,TSRYS5850288,D,S,T,2024-08-27,1000000.00,3.76277,102.1875
09:12:16,91282CLD1,TSRYS5850288,D,S,D,2024-08-27,1000000.00,3.76277,102.1875
09:12:16,91282CLD1,TSRYS5850288,D,S,D,2024-08-27,1000000.00,3.76277,102.1875
09:12:17,91282CLD1,TSRYS5850288,D,S,D,2024-08-27,2000000.00,3.763089,102.185546875
09:12:18,91282CLD1,TSRYS5850288,D,S,D,2024-08-27,1000000.00,3.763408,102.18359375
09:12:19,91282CLD1,TSRYS5850288,D,S,D,2024-08-27,1000000.00,3.763408,102.18359375
09:12:20,91282CLD1,TSRYS5850288,D,S,T,2024-08-27,2000000.00,3.76277,102.1875
09:12:20,91282CLD1,TSRYS5850288,D,S,T,2024-08-27,1000000.00,3.76277,102.1875
09:12:20,91282CLD1,TSRYS5850288,D,S,T,2024-08-27,1000000.00,3.76277,102.1875
09:12:20,91282CLD1,TSRYS5850288,D,S,T,2024-08-27,1000000.00,3.76277,102.1875
09:12:20,91282CLD1,TSRYS5850288,D,S,T,2024-08-27,1000000.00,3.763424,102.18349375
09:12:20,91282CLD1,TSRYS5850288,D,S,A,2024-08-27,1000000.00,3.760513,102.20132187
09:12:21,91282CLD1,TSRYS5850288,D,S,C,2024-08-27,1000000.00,3.761175,102.19726562
09:12:21,91282CLD1,TSRYS5850288,D,S,C,2024-08-27,1000000.00,3.761494,102.1953125
09:12:21,91282CLD1,TSRYS5850288,D,S,C,2024-08-27,1000000.00,3.761175,102.19726562
09:12:22,91282CLD1,TSRYS5850288,D,S,C,2024-08-27,1000000.00,3.761453,102.1955625
09:12:22,91282CLD1,TSRYS5850288,D,S,C,2024-08-27,1000000.00,3.761453,102.1955625
09:12:22,91282CLD1,TSRYS5850288,D,S,C,2024-08-27,1000000.00,3.761445,102.1956125
09:12:22,91282CLD1,TSRYS5850288,D,S,C,2024-08-27,1000000.00,3.761445,102.1956125
09:12:22,91282CLD1,TSRYS5850288,D,S,C,2024-08-27,1000000.00,3.761445,102.1956125
09:12:22,91282CLD1,TSRYS5850288,D,S,D,2024-08-27,1000000.00,3.761494,102.1953125
09:12:22,91282CLD1,TSRYS5850288,D,S,D,2024-08-27,1000000.00,3.761494,102.1953125
09:12:22,91282CLD1,TSRYS5850288,D,S,D,2024-08-27,1000000.00,3.761494,102.1953125
09:12:22,91282CLD1,TSRYS5850288,D,S,C,2024-08-27,1000000.00,3.761494,102.1953125
09:12:24,91282CLD1,TSRYS5850288,D,S,C,2024-08-27,1000000.00,3.761494,102.1953125
09:12:25,91282CLD1,TSRYS5850288,D,S,D,2024-08-27,1000000.00,3.763408,102.18359375
09:12:27,91282CLD1,TSRYS5850288,D,B,A,2024-08-27,3000000.00,3.763408,102.18359375
09:12:27,91282CLD1,TSRYS5850288,D,S,T,2024-08-27,1000000.00,3.763424,102.18349375
09:12:28,91282CLD1,TSRYS5850288,D,S,D,2024-08-27,1000000.00,3.763408,102.18359375
09:12:29,91282CLD1,TSRYS5850288,D,S,T,2024-08-27,1000000.00,3.763424,102.18349375
09:12:30,91282CLD1,TSRYS5850288,D,S,A,2024-08-27,1000000.00,3.760513,102.20132187
09:12:31,91282CLD1,TSRYS5850288,D,S,D,2024-08-27,1000000.00,3.763408,102.18359375
09:12:31,91282CLD1,TSRYS5850288,D,S,T,2024-08-27,1000000.00,3.763727,102.181640625
09:12:31,91282CLD1,TSRYS5850288,D,S,D,2024-08-27,1000000.00,3.763727,102.181640625
09:12:31,91282CLD1,TSRYS5850288,D,S,T,2024-08-27,1000000.00,3.763727,102.181640625
09:12:32,91282CLD1,TSRYS5850288,D,S,D,2024-08-27,1000000.00,3.763727,102.181640625
09:12:32,91282CLD1,TSRYS5850288,D,S,D,2024-08-27,1000000.00,3.761494,102.1953125
09:12:32,91282CLD1,TSRYS5850288,D,S,D,2024-08-27,1000000.00,3.761494,102.1953125
09:12:33,91282CLD1,TSRYS5850288,D,S,D,2024-08-27,1000000.00,3.763727,102.181640625
09:12:33,91282CLD1,TSRYS5850288,D,S,D,2024-08-27,1000000.00,3.763727,102.181640625
09:12:33,91282CLD1,TSRYS5850288,D,B,C,2024-08-27,1000000.00,3.763727,102.181640625
09:12:34,91282CLD1,TSRYS5850288,D,S,T,2024-08-27,1000000.00,3.764046,102.1796875
09:12:34,91282CLD1,TSRYS5850288,D,S,T,2024-08-27,1000000.00,3.764046,102.1796875
09:12:34,91282CLD1,TSRYS5850288,D,S,T,2024-08-27,1000000.00,3.763727,102.181640625
09:12:35,91282CLD1,TSRYS5850288,D,S,D,2024-08-27,1000000.00,3.761494,102.1953125
09:12:35,91282CLD1,TSRYS5850288,D,S,C,2024-08-27,1000000.00,3.761494,102.1953125
09:12:35,91282CLD1,TSRYS5850288,D,S,T,2024-08-27,1000000.00,3.761494,102.1953125
09:12:36,91282CLD1,TSRYS5850288,D,S,T,2024-08-27,1000000.00,3.761494,102.1953125
09:12:37,91282CLD1,TSRYS5850288,D,S,D,2024-08-27,1000000.00,3.761494,102.1953125
09:12:37,91282CLD1,TSRYS5850288,D,S,C,2024-08-27,1000000.00,3.761494,102.1953125
09:12:37,91282CLD1,TSRYS5850288,D,S,T,2024-08-27,1000000.00,3.761494,102.1953125
09:12:37,91282CLD1,TSRYS5850288,D,S,T,2024-08-27,1000000.00,3.761494,102.1953125
09:12:37,91282CLD1,TSRYS5850288,D,S,C,2024-08-27,1000000.00,3.76147,102.1954625
09:12:37,91282CLD1,TSRYS5850288,D,S,C,2024-08-27,1000000.00,3.761466,102.1954875
09:12:37,91282CLD1,TSRYS5850288,D,S,C,2024-08-27,3000000.00,3.761466,102.1954875
09:12:37,91282CLD1,TSRYS5850288,D,S,C,2024-08-27,3000000.00,3.761466,102.1954875
09:12:37,91282CLD1,TSRYS5850288,D,S,C,2024-08-27,2000000.00,3.761466,102.1954875
09:12:39,91282CLD1,TSRYS5850288,D,S,T,2024-08-27,1000000.00,3.761494,102.1953125
09:12:39,91282CLD1,TSRYS5850288,D,S,T,2024-08-27,1000000.00,3.761494,102.1953125
09:12:39,91282CLD1,TSRYS5850288,D,S,T,2024-08-27,1000000.00,3.761494,102.1953125
09:12:39,91282CLD1,TSRYS5850288,D,S,D,2024-08-27,1000000.00,3.764046,102.1796875
09:12:40,91282CLD1,TSRYS5850288,D,S,A,2024-08-27,1000000.00,3.760513,102.20132187
09:12:41,91282CLD1,TSRYS5850288,D,S,A,2024-08-27,1000000.00,3.760513,102.20132187
09:12:41,91282CLD1,TSRYS5850288,D,S,T,2024-08-27,1000000.00,3.764062,102.1795875
09:12:41,91282CLD1,TSRYS5850288,D,S,T,2024-08-27,1000000.00,3.761494,102.1953125
09:12:41,91282CLD1,TSRYS5850288,D,S,T,2024-08-27,1000000.00,3.761494,102.1953125
09:12:41,91282CLD1,TSRYS5850288,D,S,T,2024-08-27,1000000.00,3.761494,102.1953125
09:12:41,91282CLD1,TSRYS5850288,D,S,T,2024-08-27,1000000.00,3.761494,102.1953125
09:12:41,91282CLD1,TSRYS5850288,D,S,T,2024-08-27,1000000.00,3.764083,102.1794605
09:12:41,91282CLD1,TSRYS5850288,D,S,T,2024-08-27,1000000.00,3.764083,102.1794605
09:12:42,91282CLD1,TSRYS5850288,D,S,T,2024-08-27,1000000.00,3.764083,102.1794605
09:12:42,91282CLD1,TSRYS5850288,D,S,T,2024-08-27,1000000.00,3.764083,102.1794605
09:12:42,91282CLD1,TSRYS5850288,D,S,T,2024-08-27,1000000.00,3.764046,102.1796875
09:12:43,91282CLD1,TSRYS5850288,D,S,T,2024-08-27,1000000.00,3.761494,102.1953125
09:12:43,91282CLD1,TSRYS5850288,D,B,C,2024-08-27,1800000.00,3.765322,102.171875
09:12:43,91282CLD1,TSRYS5850288,D,S,T,2024-08-27,1000000.00,3.761494,102.1953125
09:12:43,91282CLD1,TSRYS5850288,D,S,D,2024-08-27,1000000.00,3.761494,102.1953125
09:12:44,91282CLD1,TSRYS5850288,D,S,T,2024-08-27,1000000.00,3.764083,102.1794605
09:12:44,91282CLD1,TSRYS5850288,D,S,T,2024-08-27,1000000.00,3.764083,102.1794605
09:12:45,91282CLD1,TSRYS5850288,D,S,T,2024-08-27,1000000.00,3.761494,102.1953125
09:12:45,91282CLD1,TSRYS5850288,D,S,D,2024-08-27,1000000.00,3.763727,102.181640625
09:12:45,91282CLD1,TSRYS5850288,D,S,C,2024-08-27,1000000.00,3.763727,102.181640625
09:12:48,91282CLD1,TSRYS5850288,D,S,D,2024-08-27,1000000.00,3.763727,102.181640625
09:12:50,91282CLD1,TSRYS5850288,D,B,C,2024-08-27,1000000.00,3.763408,102.18359375
09:12:50,91282CLD1,TSRYS5850288,D,B,C,2024-08-27,1000000.00,3.763408,102.18359375
09:12:51,91282CLD1,TSRYS5850288,D,S,A,2024-08-27,1000000.00,3.760832,102.19936875
09:12:51,91282CLD1,TSRYS5850288,D,S,T,2024-08-27,1000000.00,3.763727,102.181640625
09:12:55,91282CLD1,TSRYS5850288,D,S,C,2024-08-27,1000000.00,3.762721,102.1878
09:12:55,91282CLD1,TSRYS5850288,D,S,C,2024-08-27,2000000.00,3.76277,102.1875
09:12:55,91282CLD1,TSRYS5850288,D,S,C,2024-08-27,1000000.00,3.76277,102.1875
09:12:55,91282CLD1,TSRYS5850288,D,S,C,2024-08-27,2000000.00,3.762721,102.1878
09:12:55,91282CLD1,TSRYS5850288,D,S,C,2024-08-27,1000000.00,3.762721,102.1878
09:12:55,91282CLD1,TSRYS5850288,D,S,D,2024-08-27,1000000.00,3.76277,102.1875
09:12:55,91282CLD1,TSRYS5850288,D,S,D,2024-08-27,1000000.00,3.76277,102.1875
09:13:01,91282CLD1,TSRYS5850288,D,S,D,2024-08-27,1000000.00,3.763089,102.185546875
09:13:01,91282CLD1,TSRYS5850288,D,S,D,2024-08-27,1000000.00,3.763089,102.185546875
09:13:01,91282CLD1,TSRYS5850288,D,S,D,2024-08-27,1000000.00,3.763089,102.185546875
09:13:01,91282CLD1,TSRYS5850288,D,S,D,2024-08-27,1000000.00,3.76277,102.1875
09:13:01,91282CLD1,TSRYS5850288,D,S,D,2024-08-27,2000000.00,3.76277,102.1875
09:13:02,91282CLD1,TSRYS5850288,D,S,D,2024-08-27,4000000.00,3.76277,102.1875
09:13:02,91282CLD1,TSRYS5850288,D,S,T,2024-08-27,1000000.00,3.76277,102.1875
09:13:03,91282CLD1,TSRYS5850288,D,S,T,2024-08-27,1000000.00,3.76277,102.1875
09:13:03,91282CLD1,TSRYS5850288,D,S,T,2024-08-27,2000000.00,3.76277,102.1875
09:13:03,91282CLD1,TSRYS5850288,D,S,T,2024-08-27,1000000.00,3.76277,102.1875
09:13:03,91282CLD1,TSRYS5850288,D,S,T,2024-08-27,1000000.00,3.76277,102.1875
09:13:03,91282CLD1,TSRYS5850288,D,S,T,2024-08-27,1000000.00,3.76277,102.1875
09:13:03,91282CLD1,TSRYS5850288,D,S,T,2024-08-27,2000000.00,3.76277,102.1875
09:13:04,91282CLD1,TSRYS5850288,D,S,C,2024-08-27,1000000.00,3.76277,102.1875
09:13:04,91282CLD1,TSRYS5850288,D,S,T,2024-08-27,1000000.00,3.76277,102.1875
09:13:04,91282CLD1,TSRYS5850288,D,S,C,2024-08-27,1000000.00,3.76277,102.1875
09:13:04,91282CLD1,TSRYS5850288,D,S,D,2024-08-27,1000000.00,3.763408,102.18359375
09:13:04,91282CLD1,TSRYS5850288,D,B,C,2024-08-27,1000000.00,3.763408,102.18359375
09:13:04,91282CLD1,TSRYS5850288,D,S,C,2024-08-27,1000000.00,3.76277,102.1875
09:13:04,91282CLD1,TSRYS5850288,D,S,T,2024-08-27,1000000.00,3.76277,102.1875
09:13:05,91282CLD1,TSRYS5850288,D,B,C,2024-08-27,1000000.00,3.762451,102.189453125
09:13:05,91282CLD1,TSRYS5850288,D,S,C,2024-08-27,1000000.00,3.762451,102.189453125
09:13:06,91282CLD1,TSRYS5850288,D,S,D,2024-08-27,1000000.00,3.76277,102.1875
09:13:06,91282CLD1,TSRYS5850288,D,S,T,2024-08-27,1000000.00,3.76277,102.1875
09:13:06,91282CLD1,TSRYS5850288,D,S,D,2024-08-27,1000000.00,3.76277,102.1875
09:13:07,91282CLD1,TSRYS5850288,D,S,T,2024-08-27,2000000.00,3.76277,102.1875
09:13:07,91282CLD1,TSRYS5850288,D,S,T,2024-08-27,1000000.00,3.76277,102.1875
09:13:07,91282CLD1,TSRYS5850288,D,S,T,2024-08-27,1000000.00,3.76277,102.1875
09:13:07,91282CLD1,TSRYS5850288,D,S,T,2024-08-27,1000000.00,3.76277,102.1875
09:13:07,91282CLD1,TSRYS5850288,D,S,T,2024-08-27,1000000.00,3.76277,102.1875
09:13:07,91282CLD1,TSRYS5850288,D,B,C,2024-08-27,1000000.00,3.764046,102.1796875
09:13:11,91282CLD1,TSRYS5850288,D,S,D,2024-08-27,1000000.00,3.76277,102.1875
09:13:11,91282CLD1,TSRYS5850288,D,S,D,2024-08-27,1000000.00,3.76277,102.1875
09:13:12,91282CLD1,TSRYS5850288,D,S,T,2024-08-27,1000000.00,3.76277,102.1875
09:13:12,91282CLD1,TSRYS5850288,D,S,T,2024-08-27,1000000.00,3.76277,102.1875
09:13:12,91282CLD1,TSRYS5850288,D,S,T,2024-08-27,1000000.00,3.76277,102.1875
09:13:13,91282CLD1,TSRYS5850288,D,S,T,2024-08-27,1000000.00,3.76277,102.1875
09:13:13,91282CLD1,TSRYS5850288,D,S,D,2024-08-27,20000000.00,3.757282,102.22111
09:13:14,91282CLD1,TSRYS5850288,D,S,D,2024-08-27,1000000.00,3.763727,102.181640625
09:13:14,91282CLD1,TSRYS5850288,D,S,T,2024-08-27,1000000.00,3.763727,102.181640625
09:13:22,91282CLD1,TSRYS5850288,D,S,C,2024-08-27,1000000.00,3.764046,102.1796875
09:13:22,91282CLD1,TSRYS5850288,D,S,C,2024-08-27,1000000.00,3.763997,102.1799875
09:13:22,91282CLD1,TSRYS5850288,D,B,C,2024-08-27,1000000.00,3.764046,102.1796875
09:13:22,91282CLD1,TSRYS5850288,D,S,C,2024-08-27,1000000.00,3.763997,102.1799875
09:13:22,91282CLD1,TSRYS5850288,D,B,C,2024-08-27,1000000.00,3.764079,102.1794875
09:13:22,91282CLD1,TSRYS5850288,D,S,C,2024-08-27,1000000.00,3.764022,102.1798375
09:13:22,91282CLD1,TSRYS5850288,D,S,C,2024-08-27,1000000.00,3.763997,102.1799875
09:13:22,91282CLD1,TSRYS5850288,D,S,C,2024-08-27,1000000.00,3.764046,102.1796875
09:13:22,91282CLD1,TSRYS5850288,D,S,C,2024-08-27,1000000.00,3.764022,102.1798375
09:13:22,91282CLD1,TSRYS5850288,D,S,C,2024-08-27,1000000.00,3.764018,102.1798625
09:13:22,91282CLD1,TSRYS5850288,D,S,C,2024-08-27,1000000.00,3.764018,102.1798625
09:13:22,91282CLD1,TSRYS5850288,D,S,C,2024-08-27,1000000.00,3.764018,102.1798625
09:13:22,91282CLD1,TSRYS5850288,D,S,C,2024-08-27,1000000.00,3.764018,102.1798625
09:13:22,91282CLD1,TSRYS5850288,D,S,C,2024-08-27,1000000.00,3.764018,102.1798625
09:13:25,91282CLD1,TSRYS5850288,D,B,C,2024-08-27,1000000.00,3.763408,102.18359375
09:13:25,91282CLD1,TSRYS5850288,D,S,C,2024-08-27,1000000.00,3.763408,102.18359375
09:13:26,91282CLD1,TSRYS5850288,D,S,D,2024-08-27,1000000.00,3.763408,102.18359375
09:13:26,91282CLD1,TSRYS5850288,D,S,D,2024-08-27,2000000.00,3.763408,102.18359375
09:13:26,91282CLD1,TSRYS5850288,D,S,D,2024-08-27,1000000.00,3.763408,102.18359375
09:13:26,91282CLD1,TSRYS5850288,D,S,D,2024-08-27,1000000.00,3.763408,102.18359375
09:13:27,91282CLD1,TSRYS5850288,D,S,D,2024-08-27,1000000.00,3.763408,102.18359375
09:13:27,91282CLD1,TSRYS5850288,D,S,D,2024-08-27,1000000.00,3.763408,102.18359375
09:13:27,91282CLD1,TSRYS5850288,D,S,D,2024-08-27,1000000.00,3.763408,102.18359375
09:13:27,91282CLD1,TSRYS5850288,D,B,C,2024-08-27,1000000.00,3.763408,102.18359375
09:13:28,91282CLD1,TSRYS5850288,D,S,D,2024-08-27,2000000.00,3.763408,102.18359375
09:13:28,91282CLD1,TSRYS5850288,D,S,D,2024-08-27,1000000.00,3.763408,102.18359375
09:13:32,91282CLD1,TSRYS5850288,D,S,T,2024-08-27,2000000.00,3.764046,102.1796875
09:13:34,91282CLD1,TSRYS5850288,D,B,C,2024-08-27,6100000.00,3.763408,102.18359375
09:13:35,91282CLD1,TSRYS5850288,D,S,T,2024-08-27,1000000.00,3.764083,102.1794605
09:13:35,91282CLD1,TSRYS5850288,D,S,T,2024-08-27,1000000.00,3.764083,102.1794605
09:13:37,91282CLD1,TSRYS5850288,D,S,D,2024-08-27,2000000.00,3.76277,102.1875
09:13:37,91282CLD1,TSRYS5850288,D,B,C,2024-08-27,2000000.00,3.762795,102.18735
09:13:37,91282CLD1,TSRYS5850288,D,S,D,2024-08-27,2000000.00,3.76277,102.1875
09:13:37,91282CLD1,TSRYS5850288,D,S,D,2024-08-27,1000000.00,3.76277,102.1875
09:13:43,91282CLD1,TSRYS5850288,D,B,C,2024-08-27,2000000.00,3.763408,102.18359375
09:13:43,91282CLD1,TSRYS5850288,D,B,C,2024-08-27,1000000.00,3.763408,102.18359375
09:13:45,91282CLD1,TSRYS5850288,D,B,C,2024-08-27,2000000.00,3.763408,102.18359375
09:13:45,91282CLD1,TSRYS5850288,D,B,C,2024-08-27,1000000.00,3.763408,102.18359375
09:13:46,91282CLD1,TSRYS5850288,D,B,C,2024-08-27,1000000.00,3.763408,102.18359375
09:13:47,91282CLD1,TSRYS5850288,D,S,T,2024-08-27,1000000.00,3.764365,102.177734375
09:13:51,91282CLD1,TSRYS5850288,D,S,D,2024-08-27,1000000.00,3.764046,102.1796875
09:13:51,91282CLD1,TSRYS5850288,D,S,C,2024-08-27,1000000.00,3.764046,102.1796875
09:13:52,91282CLD1,TSRYS5850288,D,S,C,2024-08-27,1000000.00,3.764365,102.177734375
09:13:52,91282CLD1,TSRYS5850288,D,S,C,2024-08-27,1000000.00,3.76277,102.1875
09:13:52,91282CLD1,TSRYS5850288,D,S,D,2024-08-27,1000000.00,3.76277,102.1875
09:13:52,91282CLD1,TSRYS5850288,D,S,C,2024-08-27,1000000.00,3.76277,102.1875
09:13:52,91282CLD1,TSRYS5850288,D,S,D,2024-08-27,1000000.00,3.76277,102.1875
09:13:52,91282CLD1,TSRYS5850288,D,S,C,2024-08-27,1000000.00,3.762733,102.187725
09:13:52,91282CLD1,TSRYS5850288,D,S,C,2024-08-27,1000000.00,3.762733,102.187725
09:13:52,91282CLD1,TSRYS5850288,D,S,C,2024-08-27,1000000.00,3.762733,102.187725
09:13:52,91282CLD1,TSRYS5850288,D,B,C,2024-08-27,1000000.00,3.764079,102.1794875
09:13:52,91282CLD1,TSRYS5850288,D,S,D,2024-08-27,1000000.00,3.764046,102.1796875
09:13:52,91282CLD1,TSRYS5850288,D,S,C,2024-08-27,1000000.00,3.764022,102.1798375
09:13:52,91282CLD1,TSRYS5850288,D,B,C,2024-08-27,1000000.00,3.764079,102.1794875
09:13:52,91282CLD1,TSRYS5850288,D,S,C,2024-08-27,1000000.00,3.764018,102.1798625
09:13:53,91282CLD1,TSRYS5850288,D,S,D,2024-08-27,1000000.00,3.76277,102.1875
09:13:53,91282CLD1,TSRYS5850288,D,S,C,2024-08-27,1000000.00,3.76277,102.1875
09:13:58,91282CLD1,TSRYS5850288,D,B,C,2024-08-27,1000000.00,3.763408,102.18359375
09:14:00,91282CLD1,TSRYS5850288,D,B,C,2024-08-27,1000000.00,3.76277,102.1875
09:14:06,91282CLD1,TSRYS5850288,D,S,D,2024-08-27,1000000.00,3.76277,102.1875
09:14:06,91282CLD1,TSRYS5850288,D,S,D,2024-08-27,1000000.00,3.76277,102.1875
09:14:16,91282CLD1,TSRYS5850288,D,S,C,2024-08-27,1000000.00,3.764684,102.17578125
09:14:16,91282CLD1,TSRYS5850288,D,S,C,2024-08-27,1000000.00,3.764684,102.17578125
09:14:17,91282CLD1,TSRYS5850288,D,S,D,2024-08-27,1000000.00,3.764684,102.17578125
09:14:17,91282CLD1,TSRYS5850288,D,S,D,2024-08-27,1000000.00,3.764684,102.17578125
09:14:17,91282CLD1,TSRYS5850288,D,S,D,2024-08-27,161000.00,3.764684,102.17578125
09:14:17,91282CLD1,TSRYS5850288,D,S,C,2024-08-27,161000.00,3.764684,102.17578125
09:14:18,91282CLD1,TSRYS5850288,D,S,C,2024-08-27,1000000.00,3.764684,102.17578125
09:14:18,91282CLD1,TSRYS5850288,D,S,D,2024-08-27,1000000.00,3.764684,102.17578125
09:14:22,91282CLD1,TSRYS5850288,D,S,T,2024-08-27,2000000.00,3.763089,102.185546875
09:14:22,91282CLD1,TSRYS5850288,D,S,T,2024-08-27,1000000.00,3.763089,102.185546875
09:14:22,91282CLD1,TSRYS5850288,D,S,T,2024-08-27,1000000.00,3.763089,102.185546875
09:14:23,91282CLD1,TSRYS5850288,D,S,T,2024-08-27,1000000.00,3.764083,102.1794605
09:14:24,91282CLD1,TSRYS5850288,D,S,T,2024-08-27,1000000.00,3.764083,102.1794605
09:14:24,91282CLD1,TSRYS5850288,D,S,T,2024-08-27,1000000.00,3.764083,102.1794605
09:14:24,91282CLD1,TSRYS5850288,D,S,T,2024-08-27,1000000.00,3.764083,102.1794605
09:14:24,91282CLD1,TSRYS5850288,D,S,C,2024-08-27,1000000.00,3.764046,102.1796875
09:14:24,91282CLD1,TSRYS5850288,D,S,D,2024-08-27,1000000.00,3.764046,102.1796875
09:14:24,91282CLD1,TSRYS5850288,D,S,C,2024-08-27,1000000.00,3.764046,102.1796875
09:14:24,91282CLD1,TSRYS5850288,D,S,C,2024-08-27,1000000.00,3.763089,102.185546875
09:14:25,91282CLD1,TSRYS5850288,D,S,C,2024-08-27,2000000.00,3.763089,102.185546875
09:14:25,91282CLD1,TSRYS5850288,D,S,C,2024-08-27,1000000.00,3.763089,102.185546875
09:14:34,91282CLD1,TSRYS5850288,D,B,C,2024-08-27,1000000.00,3.763408,102.18359375
09:14:34,91282CLD1,TSRYS5850288,D,B,C,2024-08-27,1000000.00,3.763408,102.18359375
09:14:40,91282CLD1,TSRYS5850288,D,S,C,2024-08-27,1000000.00,3.763408,102.18359375
09:14:40,91282CLD1,TSRYS5850288,D,S,D,2024-08-27,1000000.00,3.763408,102.18359375
09:14:41,91282CLD1,TSRYS5850288,D,B,C,2024-08-27,47000000.00,3.753016,102.247246
09:14:42,91282CLD1,TSRYS5850288,D,S,D,2024-08-27,1000000.00,3.763408,102.18359375
09:14:42,91282CLD1,TSRYS5850288,D,S,C,2024-08-27,1000000.00,3.763408,102.18359375
09:14:42,91282CLD1,TSRYS5850288,D,S,C,2024-08-27,1000000.00,3.763408,102.18359375
09:14:42,91282CLD1,TSRYS5850288,D,S,D,2024-08-27,1000000.00,3.763408,102.18359375
09:14:43,91282CLD1,TSRYS5850288,D,B,C,2024-08-27,1000000.00,3.763408,102.18359375
09:14:45,91282CLD1,TSRYS5850288,D,S,T,2024-08-27,1000000.00,3.76277,102.1875
09:14:45,91282CLD1,TSRYS5850288,D,S,D,2024-08-27,3000000.00,3.76277,102.1875
09:14:46,91282CLD1,TSRYS5850288,D,S,D,2024-08-27,7000000.00,3.76277,102.1875
09:14:46,91282CLD1,TSRYS5850288,D,S,D,2024-08-27,1000000.00,3.76277,102.1875
09:14:46,91282CLD1,TSRYS5850288,D,S,T,2024-08-27,2000000.00,3.763089,102.185546875
09:14:46,91282CLD1,TSRYS5850288,D,S,T,2024-08-27,2000000.00,3.763408,102.18359375
09:14:47,91282CLD1,TSRYS5850288,D,S,T,2024-08-27,4000000.00,3.76277,102.1875
09:14:47,91282CLD1,TSRYS5850288,D,S,D,2024-08-27,1000000.00,3.762451,102.189453125
09:14:47,91282CLD1,TSRYS5850288,D,S,T,2024-08-27,1000000.00,3.76277,102.1875
09:14:47,91282CLD1,TSRYS5850288,D,S,T,2024-08-27,1000000.00,3.76277,102.1875
09:14:47,91282CLD1,TSRYS5850288,D,S,C,2024-08-27,2000000.00,3.763073,102.185646875
09:14:47,91282CLD1,TSRYS5850288,D,S,T,2024-08-27,1000000.00,3.76277,102.1875
09:14:47,91282CLD1,TSRYS5850288,D,S,T,2024-08-27,1000000.00,3.76277,102.1875
09:14:47,91282CLD1,TSRYS5850288,D,S,T,2024-08-27,1000000.00,3.76277,102.1875
09:14:47,91282CLD1,TSRYS5850288,D,S,T,2024-08-27,1000000.00,3.76277,102.1875
09:14:48,91282CLD1,TSRYS5850288,D,S,T,2024-08-27,2000000.00,3.76277,102.1875
09:14:48,91282CLD1,TSRYS5850288,D,S,D,2024-08-27,2000000.00,3.763408,102.18359375
09:14:48,91282CLD1,TSRYS5850288,D,S,T,2024-08-27,1000000.00,3.76277,102.1875
09:14:48,91282CLD1,TSRYS5850288,D,S,T,2024-08-27,1000000.00,3.76277,102.1875
09:14:48,91282CLD1,TSRYS5850288,D,S,T,2024-08-27,1000000.00,3.76277,102.1875
09:14:48,91282CLD1,TSRYS5850288,D,S,T,2024-08-27,1000000.00,3.76277,102.1875
09:14:48,91282CLD1,TSRYS5850288,D,S,T,2024-08-27,2000000.00,3.76277,102.1875
09:14:48,91282CLD1,TSRYS5850288,D,S,T,2024-08-27,7000000.00,3.76277,102.1875
09:14:48,91282CLD1,TSRYS5850288,D,S,T,2024-08-27,1000000.00,3.76277,102.1875
09:14:49,91282CLD1,TSRYS5850288,D,S,T,2024-08-27,2000000.00,3.76277,102.1875
09:14:49,91282CLD1,TSRYS5850288,D,S,T,2024-08-27,1000000.00,3.762451,102.189453125
09:14:49,91282CLD1,TSRYS5850288,D,S,T,2024-08-27,1000000.00,3.76277,102.1875
09:14:50,91282CLD1,TSRYS5850288,D,S,C,2024-08-27,1000000.00,3.76277,102.1875
09:14:50,91282CLD1,TSRYS5850288,D,S,C,2024-08-27,1000000.00,3.76277,102.1875
09:14:54,91282CLD1,TSRYS5850288,D,S,D,2024-08-27,1000000.00,3.764046,102.1796875
09:14:54,91282CLD1,TSRYS5850288,D,S,D,2024-08-27,1000000.00,3.764046,102.1796875
09:14:54,91282CLD1,TSRYS5850288,D,S,T,2024-08-27,1000000.00,3.763089,102.185546875
09:14:54,91282CLD1,TSRYS5850288,D,S,D,2024-08-27,1000000.00,3.764046,102.1796875
09:14:54,91282CLD1,TSRYS5850288,D,B,C,2024-08-27,1000000.00,3.764062,102.1795875
09:14:54,91282CLD1,TSRYS5850288,D,S,C,2024-08-27,1000000.00,3.763073,102.185646875
09:15:01,91282CLD1,TSRYS5850288,D,S,C,2024-08-27,500000.00,3.76277,102.1875
09:15:03,91282CLD1,TSRYS5850288,D,S,T,2024-08-27,1000000.00,3.760856,102.19921875
09:15:03,91282CLD1,TSRYS5850288,D,S,T,2024-08-27,1000000.00,3.761494,102.1953125
09:15:03,91282CLD1,TSRYS5850288,D,S,T,2024-08-27,1000000.00,3.761494,102.1953125
09:15:03,91282CLD1,TSRYS5850288,D,S,T,2024-08-27,1000000.00,3.761175,102.197265625
09:15:03,91282CLD1,TSRYS5850288,D,S,T,2024-08-27,1000000.00,3.761175,102.197265625
09:15:03,91282CLD1,TSRYS5850288,D,S,T,2024-08-27,1000000.00,3.761175,102.197265625
09:15:03,91282CLD1,TSRYS5850288,D,S,T,2024-08-27,1000000.00,3.761813,102.193359375
09:15:03,91282CLD1,TSRYS5850288,D,S,T,2024-08-27,1000000.00,3.761494,102.1953125
09:15:03,91282CLD1,TSRYS5850288,D,S,T,2024-08-27,1000000.00,3.761175,102.197265625
09:15:03,91282CLD1,TSRYS5850288,D,S,T,2024-08-27,1000000.00,3.760856,102.19921875
09:15:03,91282CLD1,TSRYS5850288,D,S,T,2024-08-27,1000000.00,3.761175,102.197265625
09:15:03,91282CLD1,TSRYS5850288,D,S,T,2024-08-27,1000000.00,3.761494,102.1953125
09:15:03,91282CLD1,TSRYS5850288,D,S,T,2024-08-27,1000000.00,3.761494,102.1953125
09:15:03,91282CLD1,TSRYS5850288,D,S,D,2024-08-27,1000000.00,3.761494,102.1953125
09:15:03,91282CLD1,TSRYS5850288,D,S,C,2024-08-27,1000000.00,3.761813,102.193359375
09:15:03,91282CLD1,TSRYS5850288,D,S,C,2024-08-27,1000000.00,3.761813,102.193359375
09:15:03,91282CLD1,TSRYS5850288,D,B,C,2024-08-27,1000000.00,3.761494,102.1953125
09:15:04,91282CLD1,TSRYS5850288,D,S,D,2024-08-27,1000000.00,3.761813,102.193359375
09:15:04,91282CLD1,TSRYS5850288,D,S,D,2024-08-27,1000000.00,3.762132,102.19140625
09:15:04,91282CLD1,TSRYS5850288,D,S,C,2024-08-27,6000000.00,3.762754,102.1876
09:15:04,91282CLD1,TSRYS5850288,D,S,D,2024-08-27,1000000.00,3.761494,102.1953125
09:15:04,91282CLD1,TSRYS5850288,D,B,C,2024-08-27,1000000.00,3.761813,102.193359375
09:15:04,91282CLD1,TSRYS5850288,D,S,T,2024-08-27,1000000.00,3.76277,102.1875
09:15:04,91282CLD1,TSRYS5850288,D,S,T,2024-08-27,1000000.00,3.76277,102.1875
09:15:05,91282CLD1,TSRYS5850288,D,S,D,2024-08-27,1000000.00,3.761813,102.193359375
09:15:05,91282CLD1,TSRYS5850288,D,S,T,2024-08-27,1000000.00,3.76277,102.1875
09:15:05,91282CLD1,TSRYS5850288,D,S,T,2024-08-27,1000000.00,3.76277,102.1875
09:15:05,91282CLD1,TSRYS5850288,D,S,D,2024-08-27,4000000.00,3.76277,102.1875
09:15:05,91282CLD1,TSRYS5850288,D,S,T,2024-08-27,1000000.00,3.76277,102.1875
09:15:05,91282CLD1,TSRYS5850288,D,B,C,2024-08-27,1000000.00,3.761813,102.193359375
09:15:05,91282CLD1,TSRYS5850288,D,S,T,2024-08-27,1000000.00,3.76277,102.1875
09:15:05,91282CLD1,TSRYS5850288,D,S,T,2024-08-27,1000000.00,3.76277,102.1875
09:15:05,91282CLD1,TSRYS5850288,D,S,D,2024-08-27,2000000.00,3.76277,102.1875
09:15:05,91282CLD1,TSRYS5850288,D,S,T,2024-08-27,1000000.00,3.76277,102.1875
09:15:05,91282CLD1,TSRYS5850288,D,S,T,2024-08-27,1000000.00,3.76277,102.1875
09:15:05,91282CLD1,TSRYS5850288,D,S,T,2024-08-27,1000000.00,3.76277,102.1875
09:15:06,91282CLD1,TSRYS5850288,D,S,D,2024-08-27,2000000.00,3.76277,102.1875
09:15:06,91282CLD1,TSRYS5850288,D,S,T,2024-08-27,1000000.00,3.76277,102.1875
09:15:06,91282CLD1,TSRYS5850288,D,S,T,2024-08-27,1000000.00,3.76277,102.1875
09:15:06,91282CLD1,TSRYS5850288,D,S,T,2024-08-27,1000000.00,3.76277,102.1875
09:15:06,91282CLD1,TSRYS5850288,D,S,T,2024-08-27,1000000.00,3.761494,102.1953125
09:15:06,91282CLD1,TSRYS5850288,D,S,T,2024-08-27,1000000.00,3.76277,102.1875
09:15:06,91282CLD1,TSRYS5850288,D,S,T,2024-08-27,5000000.00,3.76277,102.1875
09:15:06,91282CLD1,TSRYS5850288,D,S,T,2024-08-27,1000000.00,3.76277,102.1875
09:15:06,91282CLD1,TSRYS5850288,D,S,C,2024-08-27,1000000.00,3.76277,102.1875
09:15:07,91282CLD1,TSRYS5850288,D,S,T,2024-08-27,1000000.00,3.76277,102.1875
09:15:07,91282CLD1,TSRYS5850288,D,S,T,2024-08-27,7000000.00,3.76277,102.1875
09:15:07,91282CLD1,TSRYS5850288,D,S,T,2024-08-27,3000000.00,3.76277,102.1875
09:15:07,91282CLD1,TSRYS5850288,D,S,T,2024-08-27,1000000.00,3.76277,102.1875
09:15:07,91282CLD1,TSRYS5850288,D,S,T,2024-08-27,2000000.00,3.76277,102.1875
09:15:07,91282CLD1,TSRYS5850288,D,S,T,2024-08-27,1000000.00,3.76277,102.1875
09:15:07,91282CLD1,TSRYS5850288,D,S,T,2024-08-27,1000000.00,3.76277,102.1875
09:15:07,91282CLD1,TSRYS5850288,D,S,T,2024-08-27,3000000.00,3.76277,102.1875
09:15:07,91282CLD1,TSRYS5850288,D,S,T,2024-08-27,1000000.00,3.762132,102.19140625
09:15:07,91282CLD1,TSRYS5850288,D,S,T,2024-08-27,2000000.00,3.76277,102.1875
09:15:07,91282CLD1,TSRYS5850288,D,S,T,2024-08-27,1000000.00,3.76277,102.1875
09:15:07,91282CLD1,TSRYS5850288,D,S,T,2024-08-27,1000000.00,3.762451,102.189453125
09:15:07,91282CLD1,TSRYS5850288,D,S,T,2024-08-27,1000000.00,3.76277,102.1875
09:15:07,91282CLD1,TSRYS5850288,D,S,D,2024-08-27,1000000.00,3.762132,102.19140625
09:15:08,91282CLD1,TSRYS5850288,D,S,C,2024-08-27,1000000.00,3.76277,102.1875
09:15:08,91282CLD1,TSRYS5850288,D,S,C,2024-08-27,1000000.00,3.76277,102.1875
09:15:08,91282CLD1,TSRYS5850288,D,S,C,2024-08-27,1000000.00,3.76277,102.1877
09:15:08,91282CLD1,TSRYS5850288,D,S,C,2024-08-27,1000000.00,3.76277,102.1877
09:15:08,91282CLD1,TSRYS5850288,D,S,D,2024-08-27,1000000.00,3.762451,102.189453125
09:15:08,91282CLD1,TSRYS5850288,D,S,C,2024-08-27,1000000.00,3.762132,102.19140625
09:15:08,91282CLD1,TSRYS5850288,D,S,C,2024-08-27,1000000.00,3.761175,102.197265625
09:15:08,91282CLD1,TSRYS5850288,D,S,D,2024-08-27,1000000.00,3.764046,102.1796875
09:15:08,91282CLD1,TSRYS5850288,D,S,D,2024-08-27,1000000.00,3.764046,102.1796875
09:15:08,91282CLD1,TSRYS5850288,D,B,C,2024-08-27,2000000.00,3.761175,102.197265625
09:15:08,91282CLD1,TSRYS5850288,D,S,C,2024-08-27,2000000.00,3.761175,102.197265625
09:15:09,91282CLD1,TSRYS5850288,D,S,C,2024-08-27,1000000.00,3.760856,102.19921875
09:15:09,91282CLD1,TSRYS5850288,D,S,C,2024-08-27,1000000.00,3.761175,102.197265625
09:15:09,91282CLD1,TSRYS5850288,D,S,C,2024-08-27,1000000.00,3.761175,102.197265625
09:15:09,91282CLD1,TSRYS5850288,D,S,C,2024-08-27,1000000.00,3.760856,102.19921875
09:15:09,91282CLD1,TSRYS5850288,D,S,C,2024-08-27,1000000.00,3.761494,102.1953125
09:15:09,91282CLD1,TSRYS5850288,D,B,C,2024-08-27,1000000.00,3.761494,102.1953125
09:15:09,91282CLD1,TSRYS5850288,D,S,T,2024-08-27,1000000.00,3.76277,102.1875
09:15:09,91282CLD1,TSRYS5850288,D,S,C,2024-08-27,1000000.00,3.761175,102.197265625
09:15:09,91282CLD1,TSRYS5850288,D,S,C,2024-08-27,1000000.00,3.761813,102.193359375
09:15:09,91282CLD1,TSRYS5850288,D,S,C,2024-08-27,1000000.00,3.761175,102.197265625
09:15:09,91282CLD1,TSRYS5850288,D,B,C,2024-08-27,1000000.00,3.760873,102.19911875
09:15:09,91282CLD1,TSRYS5850288,D,S,D,2024-08-27,1000000.00,3.761494,102.1953125
09:15:09,91282CLD1,TSRYS5850288,D,S,C,2024-08-27,1000000.00,3.760856,102.19921875
09:15:10,91282CLD1,TSRYS5850288,D,B,C,2024-08-27,1000000.00,3.763089,102.18554687
09:15:10,91282CLD1,TSRYS5850288,D,B,C,2024-08-27,1000000.00,3.763089,102.18554687
09:15:14,91282CLD1,TSRYS5850288,D,B,C,2024-08-27,2000000.00,3.763408,102.18359375
09:15:14,91282CLD1,TSRYS5850288,D,B,C,2024-08-27,27000000.00,3.761614,102.19458
09:15:16,91282CLD1,TSRYS5850288,D,B,C,2024-08-27,1000000.00,3.763408,102.18359375
09:15:16,91282CLD1,TSRYS5850288,D,B,C,2024-08-27,1000000.00,3.763408,102.18359375
09:15:16,91282CLD1,TSRYS5850288,D,B,C,2024-08-27,2000000.00,3.763408,102.18359375
09:15:18,91282CLD1,TSRYS5850288,D,S,T,2024-08-27,1000000.00,3.761527,102.1951125
09:15:19,91282CLD1,TSRYS5850288,D,B,C,2024-08-27,1000000.00,3.763408,102.18359375
09:15:23,91282CLD1,TSRYS5850288,D,S,D,2024-08-27,1000000.00,3.76277,102.1875
09:15:23,91282CLD1,TSRYS5850288,D,S,D,2024-08-27,4000000.00,3.76277,102.1875
09:15:23,91282CLD1,TSRYS5850288,D,S,D,2024-08-27,7000000.00,3.76277,102.1875
09:15:23,91282CLD1,TSRYS5850288,D,S,D,2024-08-27,1000000.00,3.76277,102.1875
09:15:30,91282CLD1,TSRYS5850288,D,S,T,2024-08-27,1000000.00,3.76277,102.1875
09:15:31,91282CLD1,TSRYS5850288,D,S,C,2024-08-27,1000000.00,3.763073,102.185646875
09:15:31,91282CLD1,TSRYS5850288,D,B,C,2024-08-27,1000000.00,3.763122,102.185346875
09:15:37,91282CLD1,TSRYS5850288,D,S,T,2024-08-27,1000000.00,3.76277,102.1875
09:15:40,91282CLD1,TSRYS5850288,D,S,D,2024-08-27,1000000.00,3.762132,102.19140625
09:15:41,91282CLD1,TSRYS5850288,D,B,C,2024-08-27,1000000.00,3.762795,102.18735
09:15:41,91282CLD1,TSRYS5850288,D,S,D,2024-08-27,1000000.00,3.76277,102.1875
09:15:41,91282CLD1,TSRYS5850288,D,S,D,2024-08-27,2000000.00,3.76277,102.1875
09:15:41,91282CLD1,TSRYS5850288,D,S,D,2024-08-27,1000000.00,3.76277,102.1875
09:15:41,91282CLD1,TSRYS5850288,D,S,C,2024-08-27,1000000.00,3.762721,102.1878
09:15:41,91282CLD1,TSRYS5850288,D,S,D,2024-08-27,1000000.00,3.761494,102.1953125
09:15:41,91282CLD1,TSRYS5850288,D,S,C,2024-08-27,7000000.00,3.762746,102.18765
09:15:41,91282CLD1,TSRYS5850288,D,S,C,2024-08-27,1000000.00,3.762746,102.18765
09:15:41,91282CLD1,TSRYS5850288,D,S,D,2024-08-27,1000000.00,3.761494,102.1953125
09:15:41,91282CLD1,TSRYS5850288,D,S,D,2024-08-27,3000000.00,3.761494,102.1953125
09:15:41,91282CLD1,TSRYS5850288,D,S,C,2024-08-27,1000000.00,3.762737,102.1877
09:15:41,91282CLD1,TSRYS5850288,D,B,C,2024-08-27,3000000.00,3.761531,102.1950875
09:15:41,91282CLD1,TSRYS5850288,D,S,C,2024-08-27,1000000.00,3.761494,102.1953125
09:15:41,91282CLD1,TSRYS5850288,D,B,C,2024-08-27,1000000.00,3.761519,102.1951625
09:15:49,91282CLD1,TSRYS5850288,D,B,C,2024-08-27,1000000.00,3.763408,102.18359375
09:15:50,91282CLD1,TSRYS5850288,D,S,D,2024-08-27,1000000.00,3.762132,102.19140625
09:15:53,91282CLD1,TSRYS5850288,D,S,C,2024-08-27,1000000.00,3.76277,102.1875
09:15:54,91282CLD1,TSRYS5850288,D,S,C,2024-08-27,5000000.00,3.762746,102.18765
09:15:54,91282CLD1,TSRYS5850288,D,B,C,2024-08-27,1000000.00,3.761535,102.1950625
09:15:54,91282CLD1,TSRYS5850288,D,B,C,2024-08-27,1000000.00,3.761494,102.1953125
09:15:54,91282CLD1,TSRYS5850288,D,S,C,2024-08-27,1000000.00,3.76147,102.1954625
09:15:54,91282CLD1,TSRYS5850288,D,S,C,2024-08-27,1000000.00,3.76147,102.1954625
09:15:54,91282CLD1,TSRYS5850288,D,S,C,2024-08-27,1000000.00,3.76147,102.1954625
09:15:59,91282CLD1,TSRYS5850288,D,S,T,2024-08-27,1000000.00,3.760219,102.203125
09:15:59,91282CLD1,TSRYS5850288,D,S,D,2024-08-27,2000000.00,3.760537,102.201171875
09:15:59,91282CLD1,TSRYS5850288,D,B,C,2024-08-27,1000000.00,3.763408,102.18359375
09:15:59,91282CLD1,TSRYS5850288,D,S,C,2024-08-27,1000000.00,3.760219,102.203125
09:15:59,91282CLD1,TSRYS5850288,D,B,C,2024-08-27,1000000.00,3.760219,102.203125
09:15:59,91282CLD1,TSRYS5850288,D,S,C,2024-08-27,1000000.00,3.760219,102.203125
09:15:59,91282CLD1,TSRYS5850288,D,S,T,2024-08-27,1000000.00,3.760219,102.203125
09:16:00,91282CLD1,TSRYS5850288,D,S,T,2024-08-27,1000000.00,3.760537,102.201171875
09:16:00,91282CLD1,TSRYS5850288,D,S,T,2024-08-27,1000000.00,3.760219,102.203125
09:16:00,91282CLD1,TSRYS5850288,D,S,D,2024-08-27,1000000.00,3.760513,102.201321875
09:16:00,91282CLD1,TSRYS5850288,D,B,C,2024-08-27,1000000.00,3.760537,102.201171875
09:16:00,91282CLD1,TSRYS5850288,D,S,D,2024-08-27,1000000.00,3.760513,102.201321875
09:16:01,91282CLD1,TSRYS5850288,D,S,T,2024-08-27,1000000.00,3.760219,102.203125
09:16:01,91282CLD1,TSRYS5850288,D,S,T,2024-08-27,1000000.00,3.760219,102.203125
09:16:01,91282CLD1,TSRYS5850288,D,S,T,2024-08-27,1000000.00,3.760219,102.203125
09:16:02,91282CLD1,TSRYS5850288,D,S,T,2024-08-27,1000000.00,3.760219,102.203125
09:16:02,91282CLD1,TSRYS5850288,D,S,T,2024-08-27,2000000.00,3.760219,102.203125
09:16:04,91282CLD1,TSRYS5850288,D,S,C,2024-08-27,1000000.00,3.762132,102.19140625
09:16:04,91282CLD1,TSRYS5850288,D,B,C,2024-08-27,1000000.00,3.762451,102.18945312
09:16:04,91282CLD1,TSRYS5850288,D,S,C,2024-08-27,1000000.00,3.760219,102.203125
09:16:04,91282CLD1,TSRYS5850288,D,S,C,2024-08-27,1000000.00,3.760219,102.203125
09:16:05,91282CLD1,TSRYS5850288,D,S,C,2024-08-27,1000000.00,3.760505,102.201371875
09:16:05,91282CLD1,TSRYS5850288,D,S,C,2024-08-27,1000000.00,3.760537,102.201171875
09:16:05,91282CLD1,TSRYS5850288,D,B,C,2024-08-27,1000000.00,3.762247,102.1907063
09:16:05,91282CLD1,TSRYS5850288,D,S,C,2024-08-27,1000000.00,3.760537,102.201171875
09:16:05,91282CLD1,TSRYS5850288,D,S,T,2024-08-27,2000000.00,3.760537,102.201171875
09:16:05,91282CLD1,TSRYS5850288,D,S,C,2024-08-27,1000000.00,3.762132,102.19140625
09:16:05,91282CLD1,TSRYS5850288,D,S,C,2024-08-27,1000000.00,3.760537,102.201171875
09:16:06,91282CLD1,TSRYS5850288,D,S,D,2024-08-27,2000000.00,3.760513,102.201321875
09:16:07,91282CLD1,TSRYS5850288,D,S,T,2024-08-27,1000000.00,3.760219,102.203125
09:16:07,91282CLD1,TSRYS5850288,D,S,T,2024-08-27,1000000.00,3.760219,102.203125
09:16:07,91282CLD1,TSRYS5850288,D,S,T,2024-08-27,1000000.00,3.760219,102.203125
09:16:07,91282CLD1,TSRYS5850288,D,S,C,2024-08-27,1000000.00,3.760537,102.201171875
09:16:07,91282CLD1,TSRYS5850288,D,S,T,2024-08-27,2000000.00,3.760537,102.201171875
09:16:07,91282CLD1,TSRYS5850288,D,S,C,2024-08-27,1000000.00,3.760537,102.201171875
09:16:08,91282CLD1,TSRYS5850288,D,S,C,2024-08-27,2000000.00,3.760537,102.201171875
09:16:09,91282CLD1,TSRYS5850288,D,S,C,2024-08-27,3000000.00,3.762746,102.18765
09:16:09,91282CLD1,TSRYS5850288,D,S,C,2024-08-27,2000000.00,3.762746,102.18765
09:16:09,91282CLD1,TSRYS5850288,D,S,D,2024-08-27,1000000.00,3.760537,102.201171875
09:16:09,91282CLD1,TSRYS5850288,D,B,C,2024-08-27,1000000.00,3.761494,102.1953125
09:16:09,91282CLD1,TSRYS5850288,D,B,C,2024-08-27,1000000.00,3.760537,102.201171875
09:16:09,91282CLD1,TSRYS5850288,D,S,D,2024-08-27,1000000.00,3.760513,102.201321875
09:16:09,91282CLD1,TSRYS5850288,D,B,C,2024-08-27,1000000.00,3.76277,102.1875
09:16:09,91282CLD1,TSRYS5850288,D,S,D,2024-08-27,1000000.00,3.76277,102.1875
09:16:09,91282CLD1,TSRYS5850288,D,S,D,2024-08-27,1000000.00,3.76277,102.1875
09:16:09,91282CLD1,TSRYS5850288,D,S,D,2024-08-27,1000000.00,3.76277,102.1875
09:16:09,91282CLD1,TSRYS5850288,D,B,C,2024-08-27,1000000.00,3.76277,102.1875
09:16:09,91282CLD1,TSRYS5850288,D,S,D,2024-08-27,1000000.00,3.76277,102.1875
09:16:09,91282CLD1,TSRYS5850288,D,B,C,2024-08-27,1000000.00,3.760537,102.201171875
09:16:09,91282CLD1,TSRYS5850288,D,B,C,2024-08-27,1000000.00,3.76277,102.1875
09:16:09,91282CLD1,TSRYS5850288,D,S,D,2024-08-27,1000000.00,3.76277,102.1875
09:16:10,91282CLD1,TSRYS5850288,D,S,D,2024-08-27,1000000.00,3.760537,102.201171875
09:16:10,91282CLD1,TSRYS5850288,D,S,T,2024-08-27,1000000.00,3.761527,102.1951125
09:16:11,91282CLD1,TSRYS5850288,D,S,T,2024-08-27,1000000.00,3.759581,102.20703125
09:16:11,91282CLD1,TSRYS5850288,D,B,C,2024-08-27,1000000.00,3.7599,102.205078125
09:16:11,91282CLD1,TSRYS5850288,D,S,C,2024-08-27,1000000.00,3.7599,102.205078125
09:16:12,91282CLD1,TSRYS5850288,D,S,T,2024-08-27,1000000.00,3.760537,102.201171875
09:16:12,91282CLD1,TSRYS5850288,D,S,T,2024-08-27,1000000.00,3.760537,102.201171875
09:16:12,91282CLD1,TSRYS5850288,D,S,C,2024-08-27,1000000.00,3.759581,102.20703125
09:16:12,91282CLD1,TSRYS5850288,D,B,C,2024-08-27,1000000.00,3.759581,102.20703125
09:16:12,91282CLD1,TSRYS5850288,D,S,C,2024-08-27,1000000.00,3.759581,102.20703125
09:16:12,91282CLD1,TSRYS5850288,D,B,C,2024-08-27,1000000.00,3.759581,102.20703125
09:16:12,91282CLD1,TSRYS5850288,D,S,C,2024-08-27,1000000.00,3.759581,102.20703125
09:16:12,91282CLD1,TSRYS5850288,D,S,T,2024-08-27,1000000.00,3.7599,102.205078125
09:16:13,91282CLD1,TSRYS5850288,D,S,T,2024-08-27,1000000.00,3.760537,102.201171875
09:16:13,91282CLD1,TSRYS5850288,D,S,T,2024-08-27,1000000.00,3.760537,102.201171875
09:16:13,91282CLD1,TSRYS5850288,D,S,T,2024-08-27,1000000.00,3.760537,102.201171875
09:16:13,91282CLD1,TSRYS5850288,D,S,T,2024-08-27,1000000.00,3.760219,102.203125
09:16:14,91282CLD1,TSRYS5850288,D,S,D,2024-08-27,1000000.00,3.759875,102.205228125
09:16:16,91282CLD1,TSRYS5850288,D,S,D,2024-08-27,2000000.00,3.759581,102.20703125
09:16:19,91282CLD1,TSRYS5850288,D,S,T,2024-08-27,2000000.00,3.760537,102.201171875
09:16:19,91282CLD1,TSRYS5850288,D,S,T,2024-08-27,1000000.00,3.760537,102.201171875
09:16:21,91282CLD1,TSRYS5850288,D,S,D,2024-08-27,1000000.00,3.76277,102.1875
09:16:24,91282CLD1,TSRYS5850288,D,B,C,2024-08-27,2000000.00,3.761175,102.19726562
09:16:24,91282CLD1,TSRYS5850288,D,B,C,2024-08-27,1000000.00,3.761527,102.1951125
09:16:24,91282CLD1,TSRYS5850288,D,S,D,2024-08-27,1000000.00,3.761494,102.1953125
09:16:24,91282CLD1,TSRYS5850288,D,S,C,2024-08-27,1000000.00,3.762746,102.18765
09:16:24,91282CLD1,TSRYS5850288,D,S,C,2024-08-27,1000000.00,3.762746,102.18765
09:16:29,91282CLD1,TSRYS5850288,D,S,D,2024-08-27,1000000.00,3.760219,102.203125
09:16:29,91282CLD1,TSRYS5850288,D,S,C,2024-08-27,1000000.00,3.759581,102.20703125
09:16:29,91282CLD1,TSRYS5850288,D,B,C,2024-08-27,1000000.00,3.759581,102.20703125
09:16:30,91282CLD1,TSRYS5850288,D,S,D,2024-08-27,1000000.00,3.759581,102.20703125
09:16:39,91282CLD1,TSRYS5850288,D,B,C,2024-08-27,1000000.00,3.761519,102.1951625
09:16:39,91282CLD1,TSRYS5850288,D,S,D,2024-08-27,1000000.00,3.761494,102.1953125
09:16:39,91282CLD1,TSRYS5850288,D,B,C,2024-08-27,1000000.00,3.761535,102.1950625
09:16:39,91282CLD1,TSRYS5850288,D,S,D,2024-08-27,1000000.00,3.761494,102.1953125
09:16:39,91282CLD1,TSRYS5850288,D,S,D,2024-08-27,1000000.00,3.760219,102.203125
09:16:39,91282CLD1,TSRYS5850288,D,S,D,2024-08-27,1000000.00,3.760219,102.203125
09:16:39,91282CLD1,TSRYS5850288,D,S,D,2024-08-27,1000000.00,3.760219,102.203125
09:16:39,91282CLD1,TSRYS5850288,D,B,C,2024-08-27,1000000.00,3.760243,102.202975
09:16:39,91282CLD1,TSRYS5850288,D,B,C,2024-08-27,1000000.00,3.760243,102.202975
09:16:39,91282CLD1,TSRYS5850288,D,B,C,2024-08-27,1000000.00,3.760243,102.202975
09:16:39,91282CLD1,TSRYS5850288,D,S,D,2024-08-27,1000000.00,3.760219,102.203125
09:16:39,91282CLD1,TSRYS5850288,D,S,C,2024-08-27,1000000.00,3.76017,102.203425
09:16:39,91282CLD1,TSRYS5850288,D,S,C,2024-08-27,2000000.00,3.760219,102.203125
09:16:39,91282CLD1,TSRYS5850288,D,S,C,2024-08-27,1000000.00,3.760202,102.203225
09:16:39,91282CLD1,TSRYS5850288,D,S,D,2024-08-27,1000000.00,3.760219,102.203125
09:16:40,91282CLD1,TSRYS5850288,D,S,D,2024-08-27,1000000.00,3.760219,102.203125
09:16:40,91282CLD1,TSRYS5850288,D,S,C,2024-08-27,1000000.00,3.760202,102.203225
09:16:40,91282CLD1,TSRYS5850288,D,S,D,2024-08-27,1000000.00,3.760219,102.203125
09:16:40,91282CLD1,TSRYS5850288,D,S,C,2024-08-27,1000000.00,3.76017,102.203425
09:16:40,91282CLD1,TSRYS5850288,D,S,T,2024-08-27,1000000.00,3.760219,102.203125
09:16:41,91282CLD1,TSRYS5850288,D,S,T,2024-08-27,2000000.00,3.760856,102.19921875
09:16:42,91282CLD1,TSRYS5850288,D,S,D,2024-08-27,2000000.00,3.760856,102.19921875
09:16:48,91282CLD1,TSRYS5850288,D,S,D,2024-08-27,1000000.00,3.760537,102.201171875
09:16:48,91282CLD1,TSRYS5850288,D,S,D,2024-08-27,1000000.00,3.760856,102.19921875
09:16:49,91282CLD1,TSRYS5850288,D,B,C,2024-08-27,1000000.00,3.760856,102.19921875
09:16:49,91282CLD1,TSRYS5850288,D,S,T,2024-08-27,4000000.00,3.761494,102.1953125
09:16:49,91282CLD1,TSRYS5850288,D,S,C,2024-08-27,1000000.00,3.760856,102.19921875
09:16:49,91282CLD1,TSRYS5850288,D,B,C,2024-08-27,2000000.00,3.76073,102.199995312
09:16:50,91282CLD1,TSRYS5850288,D,S,D,2024-08-27,1000000.00,3.761494,102.1953125
09:16:50,91282CLD1,TSRYS5850288,D,B,C,2024-08-27,1000000.00,3.761494,102.1953125
09:16:51,91282CLD1,TSRYS5850288,D,S,C,2024-08-27,1000000.00,3.760219,102.203125
09:16:51,91282CLD1,TSRYS5850288,D,S,T,2024-08-27,1000000.00,3.760537,102.201171875
09:16:51,91282CLD1,TSRYS5850288,D,S,D,2024-08-27,2000000.00,3.760537,102.201171875
09:16:52,91282CLD1,TSRYS5850288,D,S,C,2024-08-27,1000000.00,3.760219,102.203125
09:16:52,91282CLD1,TSRYS5850288,D,B,C,2024-08-27,1000000.00,3.760219,102.203125
09:16:52,91282CLD1,TSRYS5850288,D,S,C,2024-08-27,1000000.00,3.760219,102.203125
09:16:52,91282CLD1,TSRYS5850288,D,S,D,2024-08-27,1000000.00,3.760219,102.203125
09:16:52,91282CLD1,TSRYS5850288,D,S,C,2024-08-27,1000000.00,3.760219,102.203125
09:16:52,91282CLD1,TSRYS5850288,D,S,C,2024-08-27,1000000.00,3.760219,102.203125
09:16:52,91282CLD1,TSRYS5850288,D,S,C,2024-08-27,1000000.00,3.760219,102.203125
09:16:53,91282CLD1,TSRYS5850288,D,S,T,2024-08-27,1000000.00,3.760219,102.203125
09:16:53,91282CLD1,TSRYS5850288,D,S,T,2024-08-27,1000000.00,3.760219,102.203125
09:16:53,91282CLD1,TSRYS5850288,D,S,C,2024-08-27,1000000.00,3.760219,102.203125
09:16:53,91282CLD1,TSRYS5850288,D,S,T,2024-08-27,1000000.00,3.760219,102.203125
09:16:53,91282CLD1,TSRYS5850288,D,S,C,2024-08-27,1000000.00,3.760521,102.201271875
09:16:53,91282CLD1,TSRYS5850288,D,S,T,2024-08-27,1000000.00,3.760219,102.203125
09:16:53,91282CLD1,TSRYS5850288,D,S,T,2024-08-27,1000000.00,3.760219,102.203125
09:16:53,91282CLD1,TSRYS5850288,D,S,T,2024-08-27,1000000.00,3.760219,102.203125
09:16:53,91282CLD1,TSRYS5850288,D,S,T,2024-08-27,1000000.00,3.760219,102.203125
09:16:53,91282CLD1,TSRYS5850288,D,S,T,2024-08-27,1000000.00,3.760219,102.203125
09:16:53,91282CLD1,TSRYS5850288,D,S,T,2024-08-27,1000000.00,3.760219,102.203125
09:16:54,91282CLD1,TSRYS5850288,D,S,T,2024-08-27,1000000.00,3.760219,102.203125
09:16:54,91282CLD1,TSRYS5850288,D,B,C,2024-08-27,1000000.00,3.761175,102.197265625
09:16:54,91282CLD1,TSRYS5850288,D,S,C,2024-08-27,1000000.00,3.761175,102.197265625
09:16:54,91282CLD1,TSRYS5850288,D,B,C,2024-08-27,1000000.00,3.761494,102.1953125
09:16:54,91282CLD1,TSRYS5850288,D,S,D,2024-08-27,1000000.00,3.761494,102.1953125
09:16:54,91282CLD1,TSRYS5850288,D,S,C,2024-08-27,485000.00,3.761494,102.1953125
09:16:54,91282CLD1,TSRYS5850288,D,S,T,2024-08-27,1000000.00,3.760219,102.203125
09:16:54,91282CLD1,TSRYS5850288,D,S,D,2024-08-27,1000000.00,3.760219,102.203125
09:16:54,91282CLD1,TSRYS5850288,D,S,C,2024-08-27,1000000.00,3.760202,102.203225
09:16:55,91282CLD1,TSRYS5850288,D,S,T,2024-08-27,1000000.00,3.760219,102.203125
09:16:56,91282CLD1,TSRYS5850288,D,S,T,2024-08-27,1000000.00,3.760219,102.203125
09:16:56,91282CLD1,TSRYS5850288,D,S,T,2024-08-27,1000000.00,3.760219,102.203125
09:16:56,91282CLD1,TSRYS5850288,D,S,T,2024-08-27,1000000.00,3.760219,102.203125
09:16:56,91282CLD1,TSRYS5850288,D,S,T,2024-08-27,1000000.00,3.760219,102.203125
09:16:56,91282CLD1,TSRYS5850288,D,S,D,2024-08-27,1000000.00,3.760219,102.203125
09:16:56,91282CLD1,TSRYS5850288,D,S,T,2024-08-27,1000000.00,3.760219,102.203125
09:16:56,91282CLD1,TSRYS5850288,D,S,T,2024-08-27,1000000.00,3.760219,102.203125
09:16:56,91282CLD1,TSRYS5850288,D,S,T,2024-08-27,1000000.00,3.760219,102.203125
09:16:56,91282CLD1,TSRYS5850288,D,S,T,2024-08-27,1000000.00,3.760219,102.203125
09:16:57,91282CLD1,TSRYS5850288,D,S,T,2024-08-27,1000000.00,3.760856,102.19921875
09:16:57,91282CLD1,TSRYS5850288,D,S,T,2024-08-27,2000000.00,3.760537,102.201171875
09:16:58,91282CLD1,TSRYS5850288,D,S,T,2024-08-27,1000000.00,3.760856,102.19921875
09:16:58,91282CLD1,TSRYS5850288,D,S,T,2024-08-27,1000000.00,3.760219,102.203125
09:16:58,91282CLD1,TSRYS5850288,D,S,D,2024-08-27,1000000.00,3.760856,102.19921875
09:16:58,91282CLD1,TSRYS5850288,D,S,T,2024-08-27,1000000.00,3.760219,102.203125
09:16:58,91282CLD1,TSRYS5850288,D,S,C,2024-08-27,1000000.00,3.760537,102.201171875
09:16:58,91282CLD1,TSRYS5850288,D,S,C,2024-08-27,1000000.00,3.760537,102.201171875
09:16:59,91282CLD1,TSRYS5850288,D,S,C,2024-08-27,1000000.00,3.760537,102.201171875
09:16:59,91282CLD1,TSRYS5850288,D,S,C,2024-08-27,1000000.00,3.760537,102.201171875
09:16:59,91282CLD1,TSRYS5850288,D,S,D,2024-08-27,1000000.00,3.760219,102.203125
09:16:59,91282CLD1,TSRYS5850288,D,S,D,2024-08-27,1000000.00,3.760219,102.203125
09:16:59,91282CLD1,TSRYS5850288,D,S,D,2024-08-27,1000000.00,3.760856,102.19921875
09:16:59,91282CLD1,TSRYS5850288,D,S,D,2024-08-27,1000000.00,3.760219,102.203125
09:16:59,91282CLD1,TSRYS5850288,D,S,D,2024-08-27,1000000.00,3.760219,102.203125
09:17:00,91282CLD1,TSRYS5850288,D,B,C,2024-08-27,1000000.00,3.761494,102.1953125
09:17:01,91282CLD1,TSRYS5850288,D,S,C,2024-08-27,1000000.00,3.761478,102.1954125
09:17:02,91282CLD1,TSRYS5850288,D,S,A,2024-08-27,1000000.00,3.760513,102.20132187
09:17:02,91282CLD1,TSRYS5850288,D,S,A,2024-08-27,1000000.00,3.760513,102.20132187
09:17:02,91282CLD1,TSRYS5850288,D,S,T,2024-08-27,1000000.00,3.761494,102.1953125
09:17:02,91282CLD1,TSRYS5850288,D,S,T,2024-08-27,1000000.00,3.761494,102.1953125
09:17:03,91282CLD1,TSRYS5850288,D,B,C,2024-08-27,1000000.00,3.761494,102.1953125
09:17:03,91282CLD1,TSRYS5850288,D,B,C,2024-08-27,1000000.00,3.761494,102.1953125
09:17:03,91282CLD1,TSRYS5850288,D,S,T,2024-08-27,1000000.00,3.760537,102.201171875
09:17:03,91282CLD1,TSRYS5850288,D,S,T,2024-08-27,1000000.00,3.760537,102.201171875
09:17:03,91282CLD1,TSRYS5850288,D,S,T,2024-08-27,1000000.00,3.760537,102.201171875
09:17:03,91282CLD1,TSRYS5850288,D,S,T,2024-08-27,1000000.00,3.760537,102.201171875
09:17:03,91282CLD1,TSRYS5850288,D,S,C,2024-08-27,2000000.00,3.761462,102.1955125
09:17:07,91282CLD1,TSRYS5850288,D,S,C,2024-08-27,1000000.00,3.761494,102.1953125
09:17:07,91282CLD1,TSRYS5850288,D,S,C,2024-08-27,1000000.00,3.761494,102.1953125
09:17:08,91282CLD1,TSRYS5850288,D,S,D,2024-08-27,1000000.00,3.761494,102.1953125
09:17:08,91282CLD1,TSRYS5850288,D,S,D,2024-08-27,1000000.00,3.761494,102.1953125
09:17:08,91282CLD1,TSRYS5850288,D,S,C,2024-08-27,3000000.00,3.762733,102.187725
09:17:12,91282CLD1,TSRYS5850288,D,S,A,2024-08-27,2000000.00,3.760513,102.20132187
09:17:12,91282CLD1,TSRYS5850288,D,S,A,2024-08-27,1000000.00,3.760513,102.20132187
09:17:14,91282CLD1,TSRYS5850288,D,S,C,2024-08-27,1000000.00,3.760856,102.19921875
09:17:21,91282CLD1,TSRYS5850288,D,S,C,2024-08-27,1000000.00,3.760856,102.19921875
09:17:22,91282CLD1,TSRYS5850288,D,S,A,2024-08-27,1000000.00,3.759875,102.20522812
09:17:25,91282CLD1,TSRYS5850288,D,B,C,2024-08-27,1000000.00,3.760219,102.203125
09:17:25,91282CLD1,TSRYS5850288,D,S,D,2024-08-27,1000000.00,3.760219,102.203125
09:17:26,91282CLD1,TSRYS5850288,D,S,D,2024-08-27,1000000.00,3.761494,102.1953125
09:17:33,91282CLD1,TSRYS5850288,D,S,D,2024-08-27,1000000.00,3.760856,102.19921875
09:17:37,91282CLD1,TSRYS5850288,D,S,T,2024-08-27,1000000.00,3.76277,102.1875
09:17:37,91282CLD1,TSRYS5850288,D,S,T,2024-08-27,1000000.00,3.76277,102.1875
09:17:41,91282CLD1,TSRYS5850288,D,S,T,2024-08-27,1000000.00,3.763089,102.185546875
09:17:41,91282CLD1,TSRYS5850288,D,S,C,2024-08-27,1000000.00,3.763073,102.185646875
09:17:41,91282CLD1,TSRYS5850288,D,S,C,2024-08-27,1000000.00,3.763073,102.185646875
09:17:41,91282CLD1,TSRYS5850288,D,S,C,2024-08-27,1000000.00,3.76017,102.203425
09:17:41,91282CLD1,TSRYS5850288,D,S,D,2024-08-27,1000000.00,3.761494,102.1953125
09:17:41,91282CLD1,TSRYS5850288,D,B,C,2024-08-27,1000000.00,3.761527,102.1951125
09:17:41,91282CLD1,TSRYS5850288,D,B,C,2024-08-27,1000000.00,3.761494,102.1953125
09:17:41,91282CLD1,TSRYS5850288,D,S,C,2024-08-27,1000000.00,3.761453,102.1955625
09:17:41,91282CLD1,TSRYS5850288,D,B,C,2024-08-27,1000000.00,3.761494,102.1953125
09:17:41,91282CLD1,TSRYS5850288,D,S,D,2024-08-27,1000000.00,3.761494,102.1953125
09:17:41,91282CLD1,TSRYS5850288,D,S,D,2024-08-27,1000000.00,3.761494,102.1953125
09:17:41,91282CLD1,TSRYS5850288,D,S,C,2024-08-27,1000000.00,3.761453,102.1955625
09:17:41,91282CLD1,TSRYS5850288,D,S,D,2024-08-27,1000000.00,3.761494,102.1953125
09:17:41,91282CLD1,TSRYS5850288,D,S,C,2024-08-27,1000000.00,3.761445,102.1956125
09:17:41,91282CLD1,TSRYS5850288,D,S,D,2024-08-27,1000000.00,3.760219,102.203125
09:17:41,91282CLD1,TSRYS5850288,D,S,D,2024-08-27,1000000.00,3.760219,102.203125
09:17:41,91282CLD1,TSRYS5850288,D,S,C,2024-08-27,1000000.00,3.760186,102.203325
09:17:41,91282CLD1,TSRYS5850288,D,S,C,2024-08-27,1000000.00,3.760219,102.203125
09:17:41,91282CLD1,TSRYS5850288,D,S,D,2024-08-27,1000000.00,3.760219,102.203125
09:17:41,91282CLD1,TSRYS5850288,D,S,C,2024-08-27,1000000.00,3.760178,102.203375
09:17:41,91282CLD1,TSRYS5850288,D,S,D,2024-08-27,1000000.00,3.760219,102.203125
09:17:41,91282CLD1,TSRYS5850288,D,S,C,2024-08-27,1000000.00,3.760178,102.203375
09:17:44,91282CLD1,TSRYS5850288,D,B,C,2024-08-27,1000000.00,3.760856,102.19921875
09:17:44,91282CLD1,TSRYS5850288,D,B,C,2024-08-27,1000000.00,3.760856,102.19921875
09:17:44,91282CLD1,TSRYS5850288,D,B,C,2024-08-27,1000000.00,3.760856,102.19921875
09:17:46,91282CLD1,TSRYS5850288,D,S,D,2024-08-27,1000000.00,3.760856,102.19921875
09:17:47,91282CLD1,TSRYS5850288,D,S,T,2024-08-27,1000000.00,3.763089,102.185546875
09:17:48,91282CLD1,TSRYS5850288,D,S,T,2024-08-27,1000000.00,3.76277,102.1875
09:17:48,91282CLD1,TSRYS5850288,D,S,T,2024-08-27,1000000.00,3.76277,102.1875
09:17:48,91282CLD1,TSRYS5850288,D,B,C,2024-08-27,1000000.00,3.76277,102.1875
09:17:48,91282CLD1,TSRYS5850288,D,S,C,2024-08-27,4000000.00,3.762754,102.1876
09:17:52,91282CLD1,TSRYS5850288,D,S,T,2024-08-27,1000000.00,3.76277,102.1875
09:17:52,91282CLD1,TSRYS5850288,D,S,T,2024-08-27,2000000.00,3.76277,102.1875
09:17:54,91282CLD1,TSRYS5850288,D,S,D,2024-08-27,1000000.00,3.760219,102.203125
09:17:55,91282CLD1,TSRYS5850288,D,S,C,2024-08-27,1000000.00,3.760219,102.203125
09:17:56,91282CLD1,TSRYS5850288,D,S,C,2024-08-27,1000000.00,3.760202,102.203225
09:18:19,91282CLD1,TSRYS5850288,D,B,C,2024-08-27,1000000.00,3.763727,102.18164062
09:18:25,91282CLD1,TSRYS5850288,D,S,D,2024-08-27,1000000.00,3.76277,102.1875
09:18:26,91282CLD1,TSRYS5850288,D,S,C,2024-08-27,1000000.00,3.762729,102.18775
09:18:28,91282CLD1,TSRYS5850288,D,S,T,2024-08-27,1000000.00,3.761813,102.193359375
09:18:30,91282CLD1,TSRYS5850288,D,B,C,2024-08-27,1000000.00,3.761813,102.193359375
09:18:30,91282CLD1,TSRYS5850288,D,S,C,2024-08-27,1000000.00,3.761813,102.193359375
09:18:30,91282CLD1,TSRYS5850288,D,B,C,2024-08-27,1000000.00,3.761813,102.193359375
09:18:31,91282CLD1,TSRYS5850288,D,S,C,2024-08-27,1000000.00,3.761813,102.193359375
09:18:31,91282CLD1,TSRYS5850288,D,S,C,2024-08-27,1000000.00,3.761813,102.193359375
09:18:39,91282CLD1,TSRYS5850288,D,B,C,2024-08-27,10000000.00,3.762922,102.18657
09:18:43,91282CLD1,TSRYS5850288,D,B,C,2024-08-27,1000000.00,3.76277,102.1875
09:18:43,91282CLD1,TSRYS5850288,D,S,C,2024-08-27,1000000.00,3.762746,102.18765
09:18:44,91282CLD1,TSRYS5850288,D,S,C,2024-08-27,1000000.00,3.762746,102.18765
09:18:56,91282CLD1,TSRYS5850288,D,S,C,2024-08-27,1000000.00,3.762746,102.18765
09:18:56,91282CLD1,TSRYS5850288,D,S,C,2024-08-27,1000000.00,3.762746,102.18765
09:18:56,91282CLD1,TSRYS5850288,D,B,C,2024-08-27,1000000.00,3.76277,102.1875
09:18:58,91282CLD1,TSRYS5850288,D,S,C,2024-08-27,347000.00,3.762132,102.19140625
09:19:02,91282CLD1,TSRYS5850288,D,S,D,2024-08-27,1000000.00,3.762451,102.189453125
09:19:03,91282CLD1,TSRYS5850288,D,S,T,2024-08-27,2000000.00,3.76277,102.1875
09:19:03,91282CLD1,TSRYS5850288,D,S,T,2024-08-27,1000000.00,3.76277,102.1875
09:19:08,91282CLD1,TSRYS5850288,D,S,D,2024-08-27,2000000.00,3.76277,102.1875
09:19:13,91282CLD1,TSRYS5850288,D,S,D,2024-08-27,1000000.00,3.761494,102.1953125
09:19:14,91282CLD1,TSRYS5850288,D,S,D,2024-08-27,1415000.00,3.761429,102.1957125
09:19:20,91282CLD1,TSRYS5850288,D,S,D,2024-08-27,415000.00,3.761494,102.1953125
09:19:33,91282CLD1,TSRYS5850288,D,S,T,2024-08-27,1000000.00,3.76277,102.1875
09:19:38,91282CLD1,TSRYS5850288,D,S,T,2024-08-27,1000000.00,3.76277,102.1875
09:19:38,91282CLD1,TSRYS5850288,D,S,C,2024-08-27,1000000.00,3.76277,102.1875
09:19:40,91282CLD1,TSRYS5850288,D,B,C,2024-08-27,1000000.00,3.763727,102.181640625
09:19:41,91282CLD1,TSRYS5850288,D,S,C,2024-08-27,1000000.00,3.763727,102.181640625
09:19:41,91282CLD1,TSRYS5850288,D,B,C,2024-08-27,1000000.00,3.763727,102.181640625
09:19:41,91282CLD1,TSRYS5850288,D,S,C,2024-08-27,1000000.00,3.763727,102.181640625
09:19:41,91282CLD1,TSRYS5850288,D,B,C,2024-08-27,1000000.00,3.763727,102.181640625
09:19:41,91282CLD1,TSRYS5850288,D,S,C,2024-08-27,1000000.00,3.763727,102.181640625
09:19:41,91282CLD1,TSRYS5850288,D,S,C,2024-08-27,1000000.00,3.763727,102.181640625
09:19:41,91282CLD1,TSRYS5850288,D,B,C,2024-08-27,1000000.00,3.763727,102.181640625
09:19:42,91282CLD1,TSRYS5850288,D,S,D,2024-08-27,1000000.00,3.763727,102.181640625
09:19:42,91282CLD1,TSRYS5850288,D,S,D,2024-08-27,1000000.00,3.763727,102.181640625
09:19:42,91282CLD1,TSRYS5850288,D,S,T,2024-08-27,1000000.00,3.764046,102.1796875
09:19:42,91282CLD1,TSRYS5850288,D,B,C,2024-08-27,1000000.00,3.763727,102.181640625
09:19:43,91282CLD1,TSRYS5850288,D,S,D,2024-08-27,1000000.00,3.763727,102.181640625
09:19:51,91282CLD1,TSRYS5850288,D,S,D,2024-08-27,1000000.00,3.763727,102.181640625
09:19:51,91282CLD1,TSRYS5850288,D,B,C,2024-08-27,1000000.00,3.763727,102.181640625
09:19:52,91282CLD1,TSRYS5850288,D,S,D,2024-08-27,1000000.00,3.763727,102.181640625
09:19:53,91282CLD1,TSRYS5850288,D,S,D,2024-08-27,1000000.00,3.763727,102.181640625
09:19:53,91282CLD1,TSRYS5850288,D,S,T,2024-08-27,1000000.00,3.764046,102.1796875
09:19:54,91282CLD1,TSRYS5850288,D,S,D,2024-08-27,1000000.00,3.76277,102.1875
09:19:59,91282CLD1,TSRYS5850288,D,S,D,2024-08-27,1000000.00,3.760267,102.2028306515
09:20:06,91282CLD1,TSRYS5850288,D,S,C,2024-08-27,9200000.00,3.76277,102.1875
09:20:08,91282CLD1,TSRYS5850288,D,S,T,2024-08-27,1000000.00,3.76277,102.1875
09:20:08,91282CLD1,TSRYS5850288,D,S,T,2024-08-27,1000000.00,3.76277,102.1875
09:20:08,91282CLD1,TSRYS5850288,D,S,T,2024-08-27,1000000.00,3.76277,102.1875
09:20:08,91282CLD1,TSRYS5850288,D,B,C,2024-08-27,1000000.00,3.763727,102.18164062
09:20:08,91282CLD1,TSRYS5850288,D,S,T,2024-08-27,1000000.00,3.763089,102.185546875
09:20:08,91282CLD1,TSRYS5850288,D,S,T,2024-08-27,1000000.00,3.76277,102.1875
09:20:08,91282CLD1,TSRYS5850288,D,S,T,2024-08-27,1000000.00,3.76277,102.1875
09:20:08,91282CLD1,TSRYS5850288,D,S,T,2024-08-27,1000000.00,3.76277,102.1875
09:20:09,91282CLD1,TSRYS5850288,D,S,T,2024-08-27,1000000.00,3.76277,102.1875
09:20:09,91282CLD1,TSRYS5850288,D,S,T,2024-08-27,1000000.00,3.76277,102.1875
09:20:09,91282CLD1,TSRYS5850288,D,S,T,2024-08-27,1000000.00,3.76277,102.1875
09:20:09,91282CLD1,TSRYS5850288,D,S,T,2024-08-27,1000000.00,3.758943,102.2109375
09:20:09,91282CLD1,TSRYS5850288,D,B,C,2024-08-27,1000000.00,3.763727,102.18164062
09:20:09,91282CLD1,TSRYS5850288,D,B,C,2024-08-27,1000000.00,3.763727,102.18164062
09:20:11,91282CLD1,TSRYS5850288,D,B,C,2024-08-27,1000000.00,3.763727,102.18164062
09:20:11,91282CLD1,TSRYS5850288,D,B,C,2024-08-27,1000000.00,3.763727,102.18164062
09:20:11,91282CLD1,TSRYS5850288,D,S,D,2024-08-27,1000000.00,3.76277,102.1875
09:20:11,91282CLD1,TSRYS5850288,D,S,D,2024-08-27,1000000.00,3.76277,102.1875
09:20:11,91282CLD1,TSRYS5850288,D,S,C,2024-08-27,1000000.00,3.76277,102.1875
09:20:13,91282CLD1,TSRYS5850288,D,B,C,2024-08-27,1000000.00,3.763727,102.18164062
09:20:13,91282CLD1,TSRYS5850288,D,B,C,2024-08-27,1000000.00,3.763727,102.18164062
09:20:13,91282CLD1,TSRYS5850288,D,B,C,2024-08-27,1000000.00,3.763089,102.18554687
09:20:17,91282CLD1,TSRYS5850288,D,S,D,2024-08-27,1000000.00,3.763408,102.18359375
09:20:18,91282CLD1,TSRYS5850288,D,S,T,2024-08-27,1000000.00,3.76277,102.1875
09:20:18,91282CLD1,TSRYS5850288,D,S,T,2024-08-27,1000000.00,3.76277,102.1875
09:20:18,91282CLD1,TSRYS5850288,D,S,T,2024-08-27,1000000.00,3.763089,102.185546875
09:20:18,91282CLD1,TSRYS5850288,D,S,T,2024-08-27,1000000.00,3.763089,102.185546875
09:20:19,91282CLD1,TSRYS5850288,D,S,T,2024-08-27,1000000.00,3.763089,102.185546875
09:20:20,91282CLD1,TSRYS5850288,D,S,T,2024-08-27,1000000.00,3.763089,102.185546875
09:20:24,91282CLD1,TSRYS5850288,D,S,D,2024-08-27,1000000.00,3.76277,102.1875
09:20:24,91282CLD1,TSRYS5850288,D,S,C,2024-08-27,1000000.00,3.76277,102.1875
09:20:24,91282CLD1,TSRYS5850288,D,S,C,2024-08-27,1000000.00,3.763073,102.185646875
09:20:25,91282CLD1,TSRYS5850288,D,S,D,2024-08-27,1000000.00,3.76277,102.1875
09:20:25,91282CLD1,TSRYS5850288,D,S,D,2024-08-27,1000000.00,3.76277,102.1875
09:20:25,91282CLD1,TSRYS5850288,D,S,C,2024-08-27,1000000.00,3.763073,102.185646875
09:20:26,91282CLD1,TSRYS5850288,D,S,C,2024-08-27,1000000.00,3.763073,102.185646875
09:20:26,91282CLD1,TSRYS5850288,D,S,C,2024-08-27,1000000.00,3.763073,102.185646875
09:20:26,91282CLD1,TSRYS5850288,D,S,D,2024-08-27,1000000.00,3.76277,102.1875
09:20:26,91282CLD1,TSRYS5850288,D,S,D,2024-08-27,1000000.00,3.76277,102.1875
09:20:26,91282CLD1,TSRYS5850288,D,S,D,2024-08-27,1000000.00,3.76277,102.1875
09:20:26,91282CLD1,TSRYS5850288,D,S,D,2024-08-27,1000000.00,3.764046,102.1796875
09:20:26,91282CLD1,TSRYS5850288,D,S,C,2024-08-27,1000000.00,3.763073,102.185646875
09:20:27,91282CLD1,TSRYS5850288,D,S,T,2024-08-27,2000000.00,3.763089,102.185546875
09:20:27,91282CLD1,TSRYS5850288,D,S,C,2024-08-27,1000000.00,3.763073,102.185646875
09:20:28,91282CLD1,TSRYS5850288,D,S,C,2024-08-27,1000000.00,3.763073,102.185646875
09:20:32,91282CLD1,TSRYS5850288,D,S,T,2024-08-27,1000000.00,3.76277,102.1875
09:20:35,91282CLD1,TSRYS5850288,D,S,C,2024-08-27,1000000.00,3.76277,102.1875
09:20:41,91282CLD1,TSRYS5850288,D,S,D,2024-08-27,1000000.00,3.764046,102.1796875
09:20:45,91282CLD1,TSRYS5850288,D,S,C,2024-08-27,1000000.00,3.76277,102.1875
09:20:49,91282CLD1,TSRYS5850288,D,S,D,2024-08-27,1000000.00,3.762451,102.189453125
09:20:49,91282CLD1,TSRYS5850288,D,S,C,2024-08-27,1000000.00,3.762451,102.189453125
09:20:52,91282CLD1,TSRYS5850288,D,S,T,2024-08-27,1000000.00,3.762803,102.1873
09:20:52,91282CLD1,TSRYS5850288,D,S,T,2024-08-27,1000000.00,3.762803,102.1873
09:20:52,91282CLD1,TSRYS5850288,D,S,T,2024-08-27,1000000.00,3.762803,102.1873
09:20:53,91282CLD1,TSRYS5850288,D,S,T,2024-08-27,1000000.00,3.762803,102.1873
09:20:56,91282CLD1,TSRYS5850288,D,S,C,2024-08-27,1000000.00,3.76277,102.1875
09:20:56,91282CLD1,TSRYS5850288,D,S,C,2024-08-27,1000000.00,3.76277,102.1875
09:20:56,91282CLD1,TSRYS5850288,D,S,C,2024-08-27,1000000.00,3.76277,102.1875
09:20:56,91282CLD1,TSRYS5850288,D,S,C,2024-08-27,1000000.00,3.762729,102.18775
09:20:56,91282CLD1,TSRYS5850288,D,S,D,2024-08-27,1000000.00,3.76277,102.1875
09:20:56,91282CLD1,TSRYS5850288,D,S,C,2024-08-27,1000000.00,3.76277,102.1875
09:21:05,91282CLD1,TSRYS5850288,D,S,D,2024-08-27,1000000.00,3.762451,102.189453125
09:21:05,91282CLD1,TSRYS5850288,D,S,C,2024-08-27,1000000.00,3.762451,102.189453125
09:21:05,91282CLD1,TSRYS5850288,D,S,D,2024-08-27,1000000.00,3.76277,102.1875
09:21:06,91282CLD1,TSRYS5850288,D,S,C,2024-08-27,1000000.00,3.76277,102.1875
09:21:06,91282CLD1,TSRYS5850288,D,S,C,2024-08-27,1000000.00,3.76277,102.1875
09:21:06,91282CLD1,TSRYS5850288,D,S,C,2024-08-27,1000000.00,3.76277,102.1875
09:21:06,91282CLD1,TSRYS5850288,D,S,T,2024-08-27,1000000.00,3.762451,102.189453125
09:21:06,91282CLD1,TSRYS5850288,D,S,D,2024-08-27,1000000.00,3.76277,102.1875
09:21:06,91282CLD1,TSRYS5850288,D,S,D,2024-08-27,1000000.00,3.76277,102.1875
09:21:06,91282CLD1,TSRYS5850288,D,S,T,2024-08-27,1000000.00,3.76277,102.1875
09:21:07,91282CLD1,TSRYS5850288,D,S,T,2024-08-27,1000000.00,3.76277,102.1875
09:21:07,91282CLD1,TSRYS5850288,D,S,T,2024-08-27,1000000.00,3.76277,102.1875
09:21:07,91282CLD1,TSRYS5850288,D,S,T,2024-08-27,1000000.00,3.762451,102.189453125
09:21:07,91282CLD1,TSRYS5850288,D,S,T,2024-08-27,1000000.00,3.76277,102.1875
09:21:07,91282CLD1,TSRYS5850288,D,S,T,2024-08-27,1000000.00,3.76277,102.1875
09:21:07,91282CLD1,TSRYS5850288,D,S,T,2024-08-27,1000000.00,3.762451,102.189453125
09:21:08,91282CLD1,TSRYS5850288,D,S,T,2024-08-27,1000000.00,3.76277,102.1875
09:21:08,91282CLD1,TSRYS5850288,D,S,T,2024-08-27,1000000.00,3.76277,102.1875
09:21:10,91282CLD1,TSRYS5850288,D,S,D,2024-08-27,1000000.00,3.762451,102.189453125
09:21:10,91282CLD1,TSRYS5850288,D,S,D,2024-08-27,1000000.00,3.76277,102.1875
09:21:10,91282CLD1,TSRYS5850288,D,S,D,2024-08-27,1000000.00,3.76277,102.1875
09:21:17,91282CLD1,TSRYS5850288,D,S,D,2024-08-27,1000000.00,3.763408,102.18359375
09:21:25,91282CLD1,TSRYS5850288,D,S,C,2024-08-27,1000000.00,3.76277,102.1875
09:21:26,91282CLD1,TSRYS5850288,D,S,C,2024-08-27,1000000.00,3.76277,102.1875
09:21:29,91282CLD1,TSRYS5850288,D,S,D,2024-08-27,1000000.00,3.76277,102.1875
09:22:23,91282CLD1,TSRYS5850288,D,S,T,2024-08-27,1000000.00,3.76277,102.1875
09:22:23,91282CLD1,TSRYS5850288,D,S,T,2024-08-27,1000000.00,3.76277,102.1875
09:22:23,91282CLD1,TSRYS5850288,D,S,T,2024-08-27,2000000.00,3.76277,102.1875
09:22:23,91282CLD1,TSRYS5850288,D,S,T,2024-08-27,1000000.00,3.76277,102.1875
09:22:23,91282CLD1,TSRYS5850288,D,S,T,2024-08-27,1000000.00,3.76277,102.1875
09:22:23,91282CLD1,TSRYS5850288,D,S,T,2024-08-27,3000000.00,3.76277,102.1875
09:22:23,91282CLD1,TSRYS5850288,D,S,T,2024-08-27,2000000.00,3.76277,102.1875
09:22:23,91282CLD1,TSRYS5850288,D,S,T,2024-08-27,1000000.00,3.76277,102.1875
09:22:23,91282CLD1,TSRYS5850288,D,S,T,2024-08-27,1000000.00,3.76277,102.1875
09:22:23,91282CLD1,TSRYS5850288,D,S,T,2024-08-27,2000000.00,3.76277,102.1875
09:22:23,91282CLD1,TSRYS5850288,D,S,T,2024-08-27,2000000.00,3.76277,102.1875
09:22:23,91282CLD1,TSRYS5850288,D,S,T,2024-08-27,2000000.00,3.76277,102.1875
09:22:23,91282CLD1,TSRYS5850288,D,S,T,2024-08-27,1000000.00,3.76277,102.1875
09:22:23,91282CLD1,TSRYS5850288,D,S,T,2024-08-27,3000000.00,3.76277,102.1875
09:22:23,91282CLD1,TSRYS5850288,D,S,T,2024-08-27,1000000.00,3.76277,102.1875
09:22:23,91282CLD1,TSRYS5850288,D,S,T,2024-08-27,1000000.00,3.76277,102.1875
09:22:23,91282CLD1,TSRYS5850288,D,S,T,2024-08-27,4000000.00,3.76277,102.1875
09:22:23,91282CLD1,TSRYS5850288,D,S,T,2024-08-27,1000000.00,3.76277,102.1875
09:22:23,91282CLD1,TSRYS5850288,D,S,T,2024-08-27,1000000.00,3.76277,102.1875
09:22:23,91282CLD1,TSRYS5850288,D,S,T,2024-08-27,3000000.00,3.76277,102.1875
09:22:23,91282CLD1,TSRYS5850288,D,S,T,2024-08-27,1000000.00,3.76277,102.1875
09:22:23,91282CLD1,TSRYS5850288,D,S,T,2024-08-27,1000000.00,3.76277,102.1875
09:22:23,91282CLD1,TSRYS5850288,D,S,D,2024-08-27,1000000.00,3.762451,102.189453125
09:22:23,91282CLD1,TSRYS5850288,D,B,C,2024-08-27,1000000.00,3.762451,102.189453125
09:22:25,91282CLD1,TSRYS5850288,D,S,T,2024-08-27,1000000.00,3.764046,102.1796875
09:22:25,91282CLD1,TSRYS5850288,D,S,T,2024-08-27,1000000.00,3.764046,102.1796875
09:22:27,91282CLD1,TSRYS5850288,D,S,D,2024-08-27,1000000.00,3.76277,102.1875
09:22:27,91282CLD1,TSRYS5850288,D,S,D,2024-08-27,2000000.00,3.76277,102.1875
09:22:27,91282CLD1,TSRYS5850288,D,S,D,2024-08-27,2000000.00,3.763408,102.18359375
09:22:27,91282CLD1,TSRYS5850288,D,B,C,2024-08-27,2000000.00,3.762786,102.1874
09:22:27,91282CLD1,TSRYS5850288,D,S,D,2024-08-27,2000000.00,3.76277,102.1875
09:22:28,91282CLD1,TSRYS5850288,D,S,D,2024-08-27,1000000.00,3.76277,102.1875
09:22:28,91282CLD1,TSRYS5850288,D,S,T,2024-08-27,1000000.00,3.764046,102.1796875
09:22:28,91282CLD1,TSRYS5850288,D,S,D,2024-08-27,1000000.00,3.76277,102.1875
09:22:28,91282CLD1,TSRYS5850288,D,S,D,2024-08-27,2000000.00,3.76277,102.1875
09:22:28,91282CLD1,TSRYS5850288,D,S,D,2024-08-27,1000000.00,3.76277,102.1875
09:22:28,91282CLD1,TSRYS5850288,D,B,C,2024-08-27,1000000.00,3.76277,102.1873
09:22:28,91282CLD1,TSRYS5850288,D,B,C,2024-08-27,1000000.00,3.76277,102.1875
09:22:28,91282CLD1,TSRYS5850288,D,S,D,2024-08-27,1000000.00,3.76277,102.1875
09:22:28,91282CLD1,TSRYS5850288,D,S,T,2024-08-27,1000000.00,3.764046,102.1796875
09:22:28,91282CLD1,TSRYS5850288,D,S,T,2024-08-27,1000000.00,3.76277,102.1875
09:22:28,91282CLD1,TSRYS5850288,D,S,D,2024-08-27,1000000.00,3.76277,102.1875
09:22:28,91282CLD1,TSRYS5850288,D,S,D,2024-08-27,1000000.00,3.76277,102.1875
09:22:28,91282CLD1,TSRYS5850288,D,S,D,2024-08-27,2000000.00,3.76277,102.1875
09:22:29,91282CLD1,TSRYS5850288,D,S,D,2024-08-27,3000000.00,3.76277,102.1875
09:22:29,91282CLD1,TSRYS5850288,D,S,D,2024-08-27,1000000.00,3.76277,102.1875
09:22:29,91282CLD1,TSRYS5850288,D,B,C,2024-08-27,1000000.00,3.76277,102.1875
09:22:29,91282CLD1,TSRYS5850288,D,S,D,2024-08-27,1000000.00,3.76277,102.1875
09:22:29,91282CLD1,TSRYS5850288,D,S,D,2024-08-27,1000000.00,3.76277,102.1875
09:22:29,91282CLD1,TSRYS5850288,D,B,C,2024-08-27,1000000.00,3.762803,102.1873
09:22:29,91282CLD1,TSRYS5850288,D,S,D,2024-08-27,1000000.00,3.76277,102.1875
09:22:30,91282CLD1,TSRYS5850288,D,B,C,2024-08-27,1000000.00,3.76277,102.1875
09:22:30,91282CLD1,TSRYS5850288,D,S,T,2024-08-27,4000000.00,3.76277,102.1875
09:22:30,91282CLD1,TSRYS5850288,D,S,T,2024-08-27,5000000.00,3.76277,102.1875
09:22:30,91282CLD1,TSRYS5850288,D,S,D,2024-08-27,1000000.00,3.76277,102.1875
09:22:30,91282CLD1,TSRYS5850288,D,B,C,2024-08-27,1000000.00,3.76277,102.1875
09:22:30,91282CLD1,TSRYS5850288,D,S,D,2024-08-27,1000000.00,3.76277,102.1875
09:22:30,91282CLD1,TSRYS5850288,D,B,C,2024-08-27,1000000.00,3.76277,102.1875
09:22:30,91282CLD1,TSRYS5850288,D,S,D,2024-08-27,1000000.00,3.76277,102.1875
09:22:30,91282CLD1,TSRYS5850288,D,B,C,2024-08-27,1000000.00,3.76277,102.1875
09:22:30,91282CLD1,TSRYS5850288,D,S,D,2024-08-27,1000000.00,3.76277,102.1875
09:22:30,91282CLD1,TSRYS5850288,D,B,C,2024-08-27,1000000.00,3.762803,102.1873
09:22:31,91282CLD1,TSRYS5850288,D,S,D,2024-08-27,1000000.00,3.76277,102.1875
09:22:31,91282CLD1,TSRYS5850288,D,S,T,2024-08-27,1000000.00,3.76277,102.1875
09:22:31,91282CLD1,TSRYS5850288,D,S,T,2024-08-27,2000000.00,3.76277,102.1875
09:22:31,91282CLD1,TSRYS5850288,D,S,T,2024-08-27,1000000.00,3.762451,102.189453125
09:22:31,91282CLD1,TSRYS5850288,D,S,T,2024-08-27,1000000.00,3.76277,102.1875
09:22:31,91282CLD1,TSRYS5850288,D,S,D,2024-08-27,1000000.00,3.76277,102.1875
09:22:31,91282CLD1,TSRYS5850288,D,B,C,2024-08-27,1000000.00,3.76277,102.1875
09:22:32,91282CLD1,TSRYS5850288,D,S,D,2024-08-27,2000000.00,3.76277,102.1875
09:22:32,91282CLD1,TSRYS5850288,D,S,D,2024-08-27,2000000.00,3.76277,102.1875
09:22:32,91282CLD1,TSRYS5850288,D,S,D,2024-08-27,1000000.00,3.762451,102.189453125
09:22:34,91282CLD1,TSRYS5850288,D,S,T,2024-08-27,2000000.00,3.765322,102.171875
09:22:40,91282CLD1,TSRYS5850288,D,S,D,2024-08-27,1000000.00,3.764046,102.1796875
09:22:41,91282CLD1,TSRYS5850288,D,S,D,2024-08-27,1000000.00,3.764046,102.1796875
09:22:42,91282CLD1,TSRYS5850288,D,S,T,2024-08-27,2000000.00,3.765322,102.171875
09:22:47,91282CLD1,TSRYS5850288,D,S,C,2024-08-27,1000000.00,3.765322,102.171875
09:22:48,91282CLD1,TSRYS5850288,D,S,T,2024-08-27,2000000.00,3.765322,102.171875
09:22:48,91282CLD1,TSRYS5850288,D,S,T,2024-08-27,2000000.00,3.765322,102.171875
09:22:49,91282CLD1,TSRYS5850288,D,S,D,2024-08-27,2000000.00,3.765322,102.171875
09:22:52,91282CLD1,TSRYS5850288,D,S,D,2024-08-27,2000000.00,3.765322,102.171875
09:22:52,91282CLD1,TSRYS5850288,D,S,D,2024-08-27,2000000.00,3.765322,102.171875
09:22:53,91282CLD1,TSRYS5850288,D,S,D,2024-08-27,2000000.00,3.765322,102.171875
09:22:56,91282CLD1,TSRYS5850288,D,B,C,2024-08-27,1000000.00,3.76277,102.1875
09:22:56,91282CLD1,TSRYS5850288,D,S,D,2024-08-27,1000000.00,3.76277,102.1875
09:22:56,91282CLD1,TSRYS5850288,D,S,D,2024-08-27,1000000.00,3.765322,102.171875
09:22:57,91282CLD1,TSRYS5850288,D,B,C,2024-08-27,1000000.00,3.76277,102.1875
09:22:57,91282CLD1,TSRYS5850288,D,S,D,2024-08-27,7000000.00,3.76277,102.1875
09:22:57,91282CLD1,TSRYS5850288,D,S,D,2024-08-27,1000000.00,3.76277,102.1875
09:22:57,91282CLD1,TSRYS5850288,D,S,D,2024-08-27,4000000.00,3.76277,102.1875
09:22:57,91282CLD1,TSRYS5850288,D,S,D,2024-08-27,4000000.00,3.76277,102.1875
09:22:57,91282CLD1,TSRYS5850288,D,B,C,2024-08-27,7000000.00,3.762795,102.18735
09:22:57,91282CLD1,TSRYS5850288,D,S,D,2024-08-27,1000000.00,3.76277,102.1875
09:22:57,91282CLD1,TSRYS5850288,D,S,D,2024-08-27,5000000.00,3.76277,102.1875
09:22:57,91282CLD1,TSRYS5850288,D,S,D,2024-08-27,1000000.00,3.76277,102.1875
09:22:57,91282CLD1,TSRYS5850288,D,S,D,2024-08-27,1000000.00,3.76277,102.1875
09:22:57,91282CLD1,TSRYS5850288,D,S,D,2024-08-27,1000000.00,3.76277,102.1875
09:22:57,91282CLD1,TSRYS5850288,D,B,C,2024-08-27,1000000.00,3.76277,102.1875
09:22:57,91282CLD1,TSRYS5850288,D,B,C,2024-08-27,5000000.00,3.762803,102.1873
09:22:57,91282CLD1,TSRYS5850288,D,S,D,2024-08-27,5000000.00,3.76277,102.1875
09:22:58,91282CLD1,TSRYS5850288,D,S,C,2024-08-27,2000000.00,3.765273,102.172175
09:22:58,91282CLD1,TSRYS5850288,D,S,T,2024-08-27,2000000.00,3.765322,102.171875
09:22:59,91282CLD1,TSRYS5850288,D,S,T,2024-08-27,1000000.00,3.765641,102.169921875
09:22:59,91282CLD1,TSRYS5850288,D,S,D,2024-08-27,1000000.00,3.765641,102.169921875
09:22:59,91282CLD1,TSRYS5850288,D,S,D,2024-08-27,1000000.00,3.765641,102.169921875
09:22:59,91282CLD1,TSRYS5850288,D,S,D,2024-08-27,1000000.00,3.765641,102.169921875
09:22:59,91282CLD1,TSRYS5850288,D,S,D,2024-08-27,1000000.00,3.765641,102.169921875
09:22:59,91282CLD1,TSRYS5850288,D,S,D,2024-08-27,1000000.00,3.765641,102.169921875
09:22:59,91282CLD1,TSRYS5850288,D,S,D,2024-08-27,1000000.00,3.765641,102.169921875
09:22:59,91282CLD1,TSRYS5850288,D,S,D,2024-08-27,1000000.00,3.765641,102.169921875
09:22:59,91282CLD1,TSRYS5850288,D,S,D,2024-08-27,1000000.00,3.765641,102.169921875
09:22:59,91282CLD1,TSRYS5850288,D,S,D,2024-08-27,1000000.00,3.765641,102.169921875
09:22:59,91282CLD1,TSRYS5850288,D,S,D,2024-08-27,1000000.00,3.765641,102.169921875
09:22:59,91282CLD1,TSRYS5850288,D,S,D,2024-08-27,1000000.00,3.765641,102.169921875
09:22:59,91282CLD1,TSRYS5850288,D,S,D,2024-08-27,1000000.00,3.765641,102.169921875
09:23:01,91282CLD1,TSRYS5850288,D,S,D,2024-08-27,2000000.00,3.765322,102.171875
09:23:04,91282CLD1,TSRYS5850288,D,S,D,2024-08-27,1000000.00,3.765641,102.169921875
09:23:04,91282CLD1,TSRYS5850288,D,S,D,2024-08-27,1000000.00,3.766279,102.166015625
09:23:05,91282CLD1,TSRYS5850288,D,S,C,2024-08-27,1000000.00,3.766279,102.166015625
09:23:05,91282CLD1,TSRYS5850288,D,S,D,2024-08-27,1000000.00,3.766279,102.166015625
09:23:05,91282CLD1,TSRYS5850288,D,S,C,2024-08-27,1000000.00,3.766279,102.166015625
09:23:05,91282CLD1,TSRYS5850288,D,S,D,2024-08-27,1000000.00,3.766279,102.166015625
09:23:06,91282CLD1,TSRYS5850288,D,B,C,2024-08-27,1000000.00,3.766279,102.166015625
09:23:06,91282CLD1,TSRYS5850288,D,S,D,2024-08-27,1000000.00,3.766279,102.166015625
09:23:06,91282CLD1,TSRYS5850288,D,B,C,2024-08-27,1000000.00,3.766279,102.166015625
09:23:06,91282CLD1,TSRYS5850288,D,B,C,2024-08-27,1000000.00,3.766279,102.166015625
09:23:07,91282CLD1,TSRYS5850288,D,S,D,2024-08-27,1000000.00,3.766279,102.166015625
09:23:07,91282CLD1,TSRYS5850288,D,S,D,2024-08-27,1000000.00,3.766279,102.166015625
09:23:07,91282CLD1,TSRYS5850288,D,B,C,2024-08-27,1000000.00,3.766279,102.166015625
09:23:08,91282CLD1,TSRYS5850288,D,B,C,2024-08-27,1000000.00,3.766279,102.166015625
09:23:09,91282CLD1,TSRYS5850288,D,S,D,2024-08-27,1000000.00,3.765322,102.171875
09:23:09,91282CLD1,TSRYS5850288,D,S,T,2024-08-27,1000000.00,3.765322,102.171875
09:23:09,91282CLD1,TSRYS5850288,D,S,C,2024-08-27,2000000.00,3.765322,102.171875
09:23:10,91282CLD1,TSRYS5850288,D,S,C,2024-08-27,1000000.00,3.76497,102.174028125
09:23:12,91282CLD1,TSRYS5850288,D,S,D,2024-08-27,2000000.00,3.765322,102.171875
09:23:12,91282CLD1,TSRYS5850288,D,S,D,2024-08-27,1000000.00,3.76277,102.1875
09:23:12,91282CLD1,TSRYS5850288,D,S,D,2024-08-27,3000000.00,3.76277,102.1875
09:23:12,91282CLD1,TSRYS5850288,D,B,C,2024-08-27,4000000.00,3.76277,102.1875
09:23:12,91282CLD1,TSRYS5850288,D,S,D,2024-08-27,4000000.00,3.76277,102.1875
09:23:12,91282CLD1,TSRYS5850288,D,S,D,2024-08-27,2000000.00,3.76277,102.1875
09:23:13,91282CLD1,TSRYS5850288,D,S,D,2024-08-27,1000000.00,3.76277,102.1875
09:23:13,91282CLD1,TSRYS5850288,D,B,C,2024-08-27,1000000.00,3.76277,102.1875
09:23:13,91282CLD1,TSRYS5850288,D,S,D,2024-08-27,1000000.00,3.76277,102.1875
09:23:13,91282CLD1,TSRYS5850288,D,S,D,2024-08-27,1000000.00,3.76277,102.1875
09:23:13,91282CLD1,TSRYS5850288,D,S,D,2024-08-27,3000000.00,3.76277,102.1875
09:23:13,91282CLD1,TSRYS5850288,D,S,D,2024-08-27,1000000.00,3.76277,102.1875
09:23:13,91282CLD1,TSRYS5850288,D,S,D,2024-08-27,1000000.00,3.76277,102.1875
09:23:13,91282CLD1,TSRYS5850288,D,S,D,2024-08-27,1000000.00,3.76277,102.1875
09:23:13,91282CLD1,TSRYS5850288,D,B,C,2024-08-27,1000000.00,3.762795,102.18735
09:23:13,91282CLD1,TSRYS5850288,D,S,D,2024-08-27,1000000.00,3.76277,102.1875
09:23:13,91282CLD1,TSRYS5850288,D,S,D,2024-08-27,1000000.00,3.76277,102.1875
09:23:13,91282CLD1,TSRYS5850288,D,B,C,2024-08-27,1000000.00,3.762795,102.18735
09:23:13,91282CLD1,TSRYS5850288,D,S,C,2024-08-27,1000000.00,3.762451,102.18945312
09:23:15,91282CLD1,TSRYS5850288,D,S,T,2024-08-27,1000000.00,3.765003,102.173828125
09:23:15,91282CLD1,TSRYS5850288,D,S,T,2024-08-27,2000000.00,3.765322,102.171875
09:23:19,91282CLD1,TSRYS5850288,D,B,C,2024-08-27,1000000.00,3.765641,102.16992187
09:23:20,91282CLD1,TSRYS5850288,D,S,D,2024-08-27,1000000.00,3.765322,102.171875
09:23:21,91282CLD1,TSRYS5850288,D,S,T,2024-08-27,1000000.00,3.765322,102.171875
09:23:22,91282CLD1,TSRYS5850288,D,S,D,2024-08-27,1000000.00,3.765322,102.171875
09:23:22,91282CLD1,TSRYS5850288,D,S,D,2024-08-27,1000000.00,3.764684,102.17578125
09:23:22,91282CLD1,TSRYS5850288,D,S,T,2024-08-27,1000000.00,3.764684,102.17578125
09:23:22,91282CLD1,TSRYS5850288,D,S,D,2024-08-27,1000000.00,3.764684,102.17578125
09:23:22,91282CLD1,TSRYS5850288,D,S,D,2024-08-27,1000000.00,3.764684,102.17578125
09:23:28,91282CLD1,TSRYS5850288,D,S,D,2024-08-27,1000000.00,3.764046,102.1796875
09:23:28,91282CLD1,TSRYS5850288,D,B,C,2024-08-27,1000000.00,3.764046,102.1796875
09:23:28,91282CLD1,TSRYS5850288,D,S,D,2024-08-27,1000000.00,3.764046,102.1796875
09:23:28,91282CLD1,TSRYS5850288,D,S,C,2024-08-27,1000000.00,3.763997,102.1799875
09:23:31,91282CLD1,TSRYS5850288,D,S,D,2024-08-27,1000000.00,3.762451,102.18945312
09:23:43,91282CLD1,TSRYS5850288,D,S,D,2024-08-27,1000000.00,3.765322,102.171875
09:23:43,91282CLD1,TSRYS5850288,D,B,C,2024-08-27,1000000.00,3.765322,102.171875
09:23:43,91282CLD1,TSRYS5850288,D,S,D,2024-08-27,1000000.00,3.765322,102.171875
09:23:47,91282CLD1,TSRYS5850288,D,S,C,2024-08-27,1000000.00,3.765322,102.171875
09:23:47,91282CLD1,TSRYS5850288,D,S,D,2024-08-27,1000000.00,3.765322,102.171875
09:23:49,91282CLD1,TSRYS5850288,D,S,T,2024-08-27,1000000.00,3.765322,102.171875
09:23:49,91282CLD1,TSRYS5850288,D,S,T,2024-08-27,1000000.00,3.765322,102.171875
09:23:49,91282CLD1,TSRYS5850288,D,S,T,2024-08-27,1000000.00,3.765322,102.171875
09:23:49,91282CLD1,TSRYS5850288,D,S,T,2024-08-27,1000000.00,3.765322,102.171875
09:23:53,91282CLD1,TSRYS5850288,D,S,T,2024-08-27,1000000.00,3.764046,102.1796875
09:23:54,91282CLD1,TSRYS5850288,D,B,C,2024-08-27,1000000.00,3.764046,102.1796875
09:23:54,91282CLD1,TSRYS5850288,D,S,C,2024-08-27,1000000.00,3.764046,102.1796875
09:23:58,91282CLD1,TSRYS5850288,D,S,C,2024-08-27,1000000.00,3.764046,102.1796875
09:23:58,91282CLD1,TSRYS5850288,D,S,C,2024-08-27,1000000.00,3.764046,102.1796875
09:24:00,91282CLD1,TSRYS5850288,D,S,T,2024-08-27,1000000.00,3.764046,102.1796875
09:24:15,91282CLD1,TSRYS5850288,D,S,D,2024-08-27,1000000.00,3.765322,102.171875
09:24:15,91282CLD1,TSRYS5850288,D,S,D,2024-08-27,1000000.00,3.765322,102.171875
09:24:15,91282CLD1,TSRYS5850288,D,B,C,2024-08-27,1000000.00,3.765339,102.171775
09:24:15,91282CLD1,TSRYS5850288,D,B,C,2024-08-27,1000000.00,3.765322,102.171875
09:24:15,91282CLD1,TSRYS5850288,D,S,D,2024-08-27,1000000.00,3.765322,102.171875
09:24:15,91282CLD1,TSRYS5850288,D,S,D,2024-08-27,1000000.00,3.764046,102.1796875
09:24:15,91282CLD1,TSRYS5850288,D,B,C,2024-08-27,1000000.00,3.764062,102.1795875
09:24:20,91282CLD1,TSRYS5850288,D,S,D,2024-08-27,1000000.00,3.764046,102.1796875
09:24:20,91282CLD1,TSRYS5850288,D,S,T,2024-08-27,1000000.00,3.764046,102.1796875
09:24:20,91282CLD1,TSRYS5850288,D,S,T,2024-08-27,1000000.00,3.764046,102.1796875
09:24:20,91282CLD1,TSRYS5850288,D,S,T,2024-08-27,1000000.00,3.764046,102.1796875
09:24:20,91282CLD1,TSRYS5850288,D,S,T,2024-08-27,1000000.00,3.764046,102.1796875
09:24:20,91282CLD1,TSRYS5850288,D,S,T,2024-08-27,1000000.00,3.764046,102.1796875
09:24:20,91282CLD1,TSRYS5850288,D,B,C,2024-08-27,1000000.00,3.764079,102.1794875
09:24:20,91282CLD1,TSRYS5850288,D,S,D,2024-08-27,1000000.00,3.764046,102.1796875
09:24:20,91282CLD1,TSRYS5850288,D,S,D,2024-08-27,1000000.00,3.764046,102.1796875
09:24:20,91282CLD1,TSRYS5850288,D,S,D,2024-08-27,1000000.00,3.764046,102.1796875
09:24:20,91282CLD1,TSRYS5850288,D,S,D,2024-08-27,1000000.00,3.764046,102.1796875
09:24:21,91282CLD1,TSRYS5850288,D,S,D,2024-08-27,1000000.00,3.764046,102.1796875
09:24:21,91282CLD1,TSRYS5850288,D,S,T,2024-08-27,1000000.00,3.764046,102.1796875
09:24:21,91282CLD1,TSRYS5850288,D,S,T,2024-08-27,1000000.00,3.764046,102.1796875
09:24:21,91282CLD1,TSRYS5850288,D,S,T,2024-08-27,1000000.00,3.764046,102.1796875
09:24:21,91282CLD1,TSRYS5850288,D,S,T,2024-08-27,1000000.00,3.764046,102.1796875
09:24:21,91282CLD1,TSRYS5850288,D,S,T,2024-08-27,1000000.00,3.764046,102.1796875
09:24:21,91282CLD1,TSRYS5850288,D,S,D,2024-08-27,1000000.00,3.764046,102.1796875
09:24:22,91282CLD1,TSRYS5850288,D,B,C,2024-08-27,1000000.00,3.764046,102.1796875
09:24:22,91282CLD1,TSRYS5850288,D,S,D,2024-08-27,1000000.00,3.764046,102.1796875
09:24:22,91282CLD1,TSRYS5850288,D,S,D,2024-08-27,1000000.00,3.764046,102.1796875
09:24:22,91282CLD1,TSRYS5850288,D,S,D,2024-08-27,1000000.00,3.764046,102.1796875
09:24:25,91282CLD1,TSRYS5850288,D,S,D,2024-08-27,1000000.00,3.763408,102.18359375
09:24:25,91282CLD1,TSRYS5850288,D,S,C,2024-08-27,1000000.00,3.763408,102.18359375
09:24:28,91282CLD1,TSRYS5850288,D,S,C,2024-08-27,580000.00,3.764046,102.1796875
09:24:30,91282CLD1,TSRYS5850288,D,S,D,2024-08-27,1000000.00,3.765322,102.171875
09:24:34,91282CLD1,TSRYS5850288,D,S,C,2024-08-27,1000000.00,3.76277,102.1875
09:24:34,91282CLD1,TSRYS5850288,D,S,D,2024-08-27,1000000.00,3.76277,102.1875
09:24:36,91282CLD1,TSRYS5850288,D,S,T,2024-08-27,1000000.00,3.763424,102.18349375
09:24:36,91282CLD1,TSRYS5850288,D,S,T,2024-08-27,1000000.00,3.763424,102.18349375
09:24:36,91282CLD1,TSRYS5850288,D,S,D,2024-08-27,1000000.00,3.763408,102.18359375
09:24:37,91282CLD1,TSRYS5850288,D,S,D,2024-08-27,1000000.00,3.763408,102.18359375
09:24:39,91282CLD1,TSRYS5850288,D,S,D,2024-08-27,1000000.00,3.763408,102.18359375
09:24:41,91282CLD1,TSRYS5850288,D,S,T,2024-08-27,1000000.00,3.763089,102.185546875
09:24:41,91282CLD1,TSRYS5850288,D,S,T,2024-08-27,1000000.00,3.76277,102.1875
09:24:41,91282CLD1,TSRYS5850288,D,S,T,2024-08-27,1000000.00,3.76277,102.1875
09:24:41,91282CLD1,TSRYS5850288,D,S,T,2024-08-27,1000000.00,3.76277,102.1875
09:24:41,91282CLD1,TSRYS5850288,D,S,D,2024-08-27,1000000.00,3.763408,102.18359375
09:24:41,91282CLD1,TSRYS5850288,D,S,C,2024-08-27,1000000.00,3.762737,102.1877
09:24:41,91282CLD1,TSRYS5850288,D,S,D,2024-08-27,1000000.00,3.763408,102.18359375
09:24:41,91282CLD1,TSRYS5850288,D,S,T,2024-08-27,1000000.00,3.76277,102.1875
09:24:42,91282CLD1,TSRYS5850288,D,S,C,2024-08-27,1000000.00,3.763089,102.185546875
09:24:42,91282CLD1,TSRYS5850288,D,S,T,2024-08-27,1000000.00,3.76277,102.1875
09:24:42,91282CLD1,TSRYS5850288,D,S,D,2024-08-27,1000000.00,3.764029,102.1797895
09:24:42,91282CLD1,TSRYS5850288,D,S,D,2024-08-27,1000000.00,3.764029,102.1797895
09:24:42,91282CLD1,TSRYS5850288,D,S,D,2024-08-27,4000000.00,3.76277,102.1875
09:24:42,91282CLD1,TSRYS5850288,D,B,C,2024-08-27,1000000.00,3.764046,102.1796875
09:24:42,91282CLD1,TSRYS5850288,D,S,D,2024-08-27,1000000.00,3.764046,102.1796875
09:24:43,91282CLD1,TSRYS5850288,D,B,C,2024-08-27,1000000.00,3.76277,102.1875
09:24:43,91282CLD1,TSRYS5850288,D,S,D,2024-08-27,1000000.00,3.76277,102.1875
09:24:43,91282CLD1,TSRYS5850288,D,S,D,2024-08-27,1000000.00,3.76277,102.1875
09:24:43,91282CLD1,TSRYS5850288,D,B,C,2024-08-27,1000000.00,3.76277,102.1875
09:24:43,91282CLD1,TSRYS5850288,D,S,D,2024-08-27,2000000.00,3.76277,102.1875
09:24:43,91282CLD1,TSRYS5850288,D,S,D,2024-08-27,1000000.00,3.76277,102.1875
09:24:44,91282CLD1,TSRYS5850288,D,S,D,2024-08-27,1000000.00,3.76277,102.1875
09:24:44,91282CLD1,TSRYS5850288,D,B,C,2024-08-27,1000000.00,3.76277,102.1875
09:24:44,91282CLD1,TSRYS5850288,D,S,D,2024-08-27,1000000.00,3.76277,102.1875
09:24:44,91282CLD1,TSRYS5850288,D,S,D,2024-08-27,1000000.00,3.76277,102.1875
09:24:44,91282CLD1,TSRYS5850288,D,B,C,2024-08-27,1000000.00,3.76277,102.1875
09:24:44,91282CLD1,TSRYS5850288,D,S,D,2024-08-27,1000000.00,3.76277,102.1875
09:24:44,91282CLD1,TSRYS5850288,D,B,C,2024-08-27,1000000.00,3.76277,102.1875
09:24:44,91282CLD1,TSRYS5850288,D,S,D,2024-08-27,1000000.00,3.76277,102.1875
09:24:45,91282CLD1,TSRYS5850288,D,B,C,2024-08-27,1000000.00,3.76277,102.1875
09:24:45,91282CLD1,TSRYS5850288,D,S,D,2024-08-27,1000000.00,3.76277,102.1875
09:24:45,91282CLD1,TSRYS5850288,D,B,C,2024-08-27,1000000.00,3.76277,102.1875
09:24:45,91282CLD1,TSRYS5850288,D,S,D,2024-08-27,1000000.00,3.76277,102.1875
09:24:45,91282CLD1,TSRYS5850288,D,B,C,2024-08-27,1000000.00,3.76277,102.1875
09:24:45,91282CLD1,TSRYS5850288,D,S,D,2024-08-27,1000000.00,3.76277,102.1875
09:24:45,91282CLD1,TSRYS5850288,D,S,D,2024-08-27,1000000.00,3.76277,102.1875
09:24:45,91282CLD1,TSRYS5850288,D,S,D,2024-08-27,1000000.00,3.76277,102.1875
09:24:46,91282CLD1,TSRYS5850288,D,S,D,2024-08-27,1000000.00,3.76277,102.1875
09:24:46,91282CLD1,TSRYS5850288,D,S,D,2024-08-27,1000000.00,3.76277,102.1875
09:24:46,91282CLD1,TSRYS5850288,D,S,D,2024-08-27,1000000.00,3.76277,102.1875
09:24:46,91282CLD1,TSRYS5850288,D,S,D,2024-08-27,1000000.00,3.76277,102.1875
09:24:46,91282CLD1,TSRYS5850288,D,S,D,2024-08-27,1000000.00,3.76277,102.1875
09:24:46,91282CLD1,TSRYS5850288,D,S,C,2024-08-27,1000000.00,3.76277,102.1875
09:24:46,91282CLD1,TSRYS5850288,D,B,C,2024-08-27,2000000.00,3.763408,102.18359375
09:24:46,91282CLD1,TSRYS5850288,D,S,D,2024-08-27,2000000.00,3.763408,102.18359375
09:24:46,91282CLD1,TSRYS5850288,D,S,D,2024-08-27,1000000.00,3.76277,102.1875
09:24:46,91282CLD1,TSRYS5850288,D,S,D,2024-08-27,1000000.00,3.76277,102.1875
09:24:47,91282CLD1,TSRYS5850288,D,S,T,2024-08-27,2000000.00,3.76277,102.1875
09:24:47,91282CLD1,TSRYS5850288,D,S,T,2024-08-27,1000000.00,3.76277,102.1875
09:24:47,91282CLD1,TSRYS5850288,D,S,T,2024-08-27,2000000.00,3.76277,102.1875
09:24:47,91282CLD1,TSRYS5850288,D,S,T,2024-08-27,1000000.00,3.76277,102.1875
09:24:47,91282CLD1,TSRYS5850288,D,S,T,2024-08-27,2000000.00,3.76277,102.1875
09:24:47,91282CLD1,TSRYS5850288,D,S,T,2024-08-27,2000000.00,3.76277,102.1875
09:24:47,91282CLD1,TSRYS5850288,D,S,T,2024-08-27,2000000.00,3.76277,102.1875
09:24:47,91282CLD1,TSRYS5850288,D,S,T,2024-08-27,1000000.00,3.76277,102.1875
09:24:47,91282CLD1,TSRYS5850288,D,S,T,2024-08-27,1000000.00,3.76277,102.1875
09:24:47,91282CLD1,TSRYS5850288,D,S,T,2024-08-27,2000000.00,3.76277,102.1875
09:24:47,91282CLD1,TSRYS5850288,D,S,D,2024-08-27,1000000.00,3.76277,102.1875
09:24:47,91282CLD1,TSRYS5850288,D,S,D,2024-08-27,1000000.00,3.76277,102.1875
09:24:47,91282CLD1,TSRYS5850288,D,S,T,2024-08-27,1000000.00,3.76277,102.1875
09:24:47,91282CLD1,TSRYS5850288,D,S,D,2024-08-27,1000000.00,3.76277,102.1875
09:24:47,91282CLD1,TSRYS5850288,D,S,D,2024-08-27,1000000.00,3.76277,102.1875
09:24:48,91282CLD1,TSRYS5850288,D,S,D,2024-08-27,1000000.00,3.76277,102.1875
09:24:48,91282CLD1,TSRYS5850288,D,S,D,2024-08-27,1000000.00,3.76277,102.1875
09:24:48,91282CLD1,TSRYS5850288,D,S,D,2024-08-27,1000000.00,3.76277,102.1875
09:24:48,91282CLD1,TSRYS5850288,D,S,D,2024-08-27,1000000.00,3.76277,102.1875
09:24:48,91282CLD1,TSRYS5850288,D,S,D,2024-08-27,1000000.00,3.76277,102.1875
09:24:48,91282CLD1,TSRYS5850288,D,S,D,2024-08-27,1000000.00,3.76277,102.1875
09:24:49,91282CLD1,TSRYS5850288,D,S,D,2024-08-27,1000000.00,3.76277,102.1875
09:24:49,91282CLD1,TSRYS5850288,D,S,D,2024-08-27,1000000.00,3.76277,102.1875
09:24:49,91282CLD1,TSRYS5850288,D,S,D,2024-08-27,1000000.00,3.76277,102.1875
09:24:49,91282CLD1,TSRYS5850288,D,S,C,2024-08-27,1000000.00,3.76277,102.1875
09:24:49,91282CLD1,TSRYS5850288,D,S,C,2024-08-27,1000000.00,3.76277,102.1875
09:24:49,91282CLD1,TSRYS5850288,D,S,T,2024-08-27,2000000.00,3.763408,102.18359375
09:24:53,91282CLD1,TSRYS5850288,D,S,T,2024-08-27,1000000.00,3.763408,102.18359375
09:24:54,91282CLD1,TSRYS5850288,D,S,D,2024-08-27,2000000.00,3.763408,102.18359375
09:24:56,91282CLD1,TSRYS5850288,D,S,C,2024-08-27,1000000.00,3.763408,102.18359375
09:24:56,91282CLD1,TSRYS5850288,D,B,C,2024-08-27,1000000.00,3.763408,102.18359375
09:24:56,91282CLD1,TSRYS5850288,D,S,C,2024-08-27,1000000.00,3.763408,102.18359375
09:24:57,91282CLD1,TSRYS5850288,D,B,C,2024-08-27,1000000.00,3.763408,102.18359375
09:24:57,91282CLD1,TSRYS5850288,D,B,C,2024-08-27,1000000.00,3.763408,102.18359375
09:24:57,91282CLD1,TSRYS5850288,D,B,C,2024-08-27,1000000.00,3.763408,102.18359375
09:24:58,91282CLD1,TSRYS5850288,D,B,C,2024-08-27,1000000.00,3.765322,102.171875
09:24:58,91282CLD1,TSRYS5850288,D,S,C,2024-08-27,1000000.00,3.763408,102.18359375
09:24:59,91282CLD1,TSRYS5850288,D,S,D,2024-08-27,1000000.00,3.763408,102.18359375
09:24:59,91282CLD1,TSRYS5850288,D,S,C,2024-08-27,1000000.00,3.763408,102.18359375
09:25:00,91282CLD1,TSRYS5850288,D,S,T,2024-08-27,2000000.00,3.76277,102.1875
09:25:00,91282CLD1,TSRYS5850288,D,S,T,2024-08-27,1000000.00,3.76277,102.1875
09:25:00,91282CLD1,TSRYS5850288,D,S,T,2024-08-27,2000000.00,3.76277,102.1875
09:25:00,91282CLD1,TSRYS5850288,D,S,T,2024-08-27,1000000.00,3.76277,102.1875
09:25:00,91282CLD1,TSRYS5850288,D,S,T,2024-08-27,1000000.00,3.76277,102.1875
09:25:00,91282CLD1,TSRYS5850288,D,S,T,2024-08-27,1000000.00,3.76277,102.1875
09:25:00,91282CLD1,TSRYS5850288,D,S,T,2024-08-27,2000000.00,3.76277,102.1875
09:25:03,91282CLD1,TSRYS5850288,D,S,T,2024-08-27,1000000.00,3.76277,102.1875
09:25:03,91282CLD1,TSRYS5850288,D,S,T,2024-08-27,1000000.00,3.76277,102.1875
09:25:03,91282CLD1,TSRYS5850288,D,S,T,2024-08-27,1000000.00,3.76277,102.1875
09:25:03,91282CLD1,TSRYS5850288,D,S,T,2024-08-27,1000000.00,3.76277,102.1875
09:25:04,91282CLD1,TSRYS5850288,D,B,C,2024-08-27,1000000.00,3.76277,102.1875
09:25:04,91282CLD1,TSRYS5850288,D,S,D,2024-08-27,1000000.00,3.76277,102.1875
09:25:04,91282CLD1,TSRYS5850288,D,S,D,2024-08-27,3000000.00,3.76277,102.1875
09:25:05,91282CLD1,TSRYS5850288,D,S,D,2024-08-27,1000000.00,3.76277,102.1875
09:25:07,91282CLD1,TSRYS5850288,D,S,T,2024-08-27,1000000.00,3.76277,102.1875
09:25:07,91282CLD1,TSRYS5850288,D,S,T,2024-08-27,1000000.00,3.76277,102.1875
09:25:08,91282CLD1,TSRYS5850288,D,B,C,2024-08-27,1000000.00,3.76277,102.1875
09:25:08,91282CLD1,TSRYS5850288,D,S,D,2024-08-27,1000000.00,3.76277,102.1875
09:25:08,91282CLD1,TSRYS5850288,D,S,D,2024-08-27,1000000.00,3.76277,102.1875
09:25:08,91282CLD1,TSRYS5850288,D,S,D,2024-08-27,1000000.00,3.76277,102.1875
09:25:08,91282CLD1,TSRYS5850288,D,S,T,2024-08-27,1000000.00,3.76277,102.1875
09:25:08,91282CLD1,TSRYS5850288,D,S,T,2024-08-27,1000000.00,3.76277,102.1875
09:25:12,91282CLD1,TSRYS5850288,D,S,T,2024-08-27,1000000.00,3.76277,102.1875
09:25:12,91282CLD1,TSRYS5850288,D,S,T,2024-08-27,2000000.00,3.76277,102.1875
09:25:12,91282CLD1,TSRYS5850288,D,S,T,2024-08-27,1000000.00,3.76277,102.1875
09:25:12,91282CLD1,TSRYS5850288,D,S,D,2024-08-27,1000000.00,3.76277,102.1875
09:25:12,91282CLD1,TSRYS5850288,D,S,D,2024-08-27,1000000.00,3.76277,102.1875
09:25:12,91282CLD1,TSRYS5850288,D,S,D,2024-08-27,1000000.00,3.76277,102.1875
09:25:12,91282CLD1,TSRYS5850288,D,B,C,2024-08-27,1000000.00,3.76277,102.1875
09:25:12,91282CLD1,TSRYS5850288,D,B,C,2024-08-27,1000000.00,3.762786,102.1874
09:25:12,91282CLD1,TSRYS5850288,D,S,D,2024-08-27,1000000.00,3.762749,102.18763
09:25:13,91282CLD1,TSRYS5850288,D,S,D,2024-08-27,2000000.00,3.76277,102.1875
09:25:13,91282CLD1,TSRYS5850288,D,S,D,2024-08-27,1000000.00,3.763408,102.18359375
09:25:16,91282CLD1,TSRYS5850288,D,S,D,2024-08-27,1000000.00,3.763408,102.18359375
09:25:16,91282CLD1,TSRYS5850288,D,S,D,2024-08-27,1000000.00,3.763408,102.18359375
09:25:16,91282CLD1,TSRYS5850288,D,S,D,2024-08-27,1000000.00,3.763408,102.18359375
09:25:16,91282CLD1,TSRYS5850288,D,S,D,2024-08-27,1000000.00,3.763408,102.18359375
09:25:16,91282CLD1,TSRYS5850288,D,S,D,2024-08-27,1000000.00,3.763408,102.18359375
09:25:17,91282CLD1,TSRYS5850288,D,S,T,2024-08-27,2000000.00,3.76277,102.1875
09:25:17,91282CLD1,TSRYS5850288,D,B,C,2024-08-27,3300000.00,3.763543,102.18359375
09:25:18,91282CLD1,TSRYS5850288,D,S,T,2024-08-27,1000000.00,3.76277,102.1875
09:25:20,91282CLD1,TSRYS5850288,D,S,D,2024-08-27,1000000.00,3.763408,102.18359375
09:25:20,91282CLD1,TSRYS5850288,D,S,T,2024-08-27,1000000.00,3.764046,102.1796875
09:25:25,91282CLD1,TSRYS5850288,D,S,D,2024-08-27,1000000.00,3.764046,102.1796875
09:25:25,91282CLD1,TSRYS5850288,D,S,C,2024-08-27,1000000.00,3.764046,102.1796875
09:25:25,91282CLD1,TSRYS5850288,D,B,C,2024-08-27,2000000.00,3.764079,102.1794875
09:25:29,91282CLD1,TSRYS5850288,D,S,C,2024-08-27,14320000.00,3.764046,102.1796875
09:25:31,91282CLD1,TSRYS5850288,D,B,C,2024-08-27,1000000.00,3.763089,102.18554687
09:25:31,91282CLD1,TSRYS5850288,D,B,C,2024-08-27,1000000.00,3.763089,102.18554687
09:25:36,91282CLD1,TSRYS5850288,D,S,D,2024-08-27,1000000.00,3.763727,102.181640625
09:25:36,91282CLD1,TSRYS5850288,D,B,C,2024-08-27,1000000.00,3.763727,102.181640625
09:25:40,91282CLD1,TSRYS5850288,D,S,T,2024-08-27,1000000.00,3.763089,102.185546875
09:25:40,91282CLD1,TSRYS5850288,D,S,T,2024-08-27,1000000.00,3.76277,102.1875
09:25:40,91282CLD1,TSRYS5850288,D,S,T,2024-08-27,1000000.00,3.76277,102.1875
09:25:40,91282CLD1,TSRYS5850288,D,S,T,2024-08-27,1000000.00,3.76277,102.1875
09:25:40,91282CLD1,TSRYS5850288,D,S,T,2024-08-27,1000000.00,3.76277,102.1875
09:25:40,91282CLD1,TSRYS5850288,D,S,T,2024-08-27,1000000.00,3.76277,102.1875
09:25:40,91282CLD1,TSRYS5850288,D,S,T,2024-08-27,1000000.00,3.76277,102.1875
09:25:41,91282CLD1,TSRYS5850288,D,S,C,2024-08-27,1000000.00,3.76277,102.1875
09:25:41,91282CLD1,TSRYS5850288,D,S,C,2024-08-27,1000000.00,3.763089,102.185546875
09:25:42,91282CLD1,TSRYS5850288,D,S,D,2024-08-27,3000000.00,3.76277,102.1875
09:25:42,91282CLD1,TSRYS5850288,D,S,D,2024-08-27,1000000.00,3.76277,102.1875
09:25:42,91282CLD1,TSRYS5850288,D,S,D,2024-08-27,1000000.00,3.76277,102.1875
09:25:45,91282CLD1,TSRYS5850288,D,S,C,2024-08-27,1000000.00,3.76277,102.1875
09:25:45,91282CLD1,TSRYS5850288,D,S,C,2024-08-27,1000000.00,3.76277,102.1875
09:25:45,91282CLD1,TSRYS5850288,D,S,C,2024-08-27,1000000.00,3.76277,102.1875
09:25:45,91282CLD1,TSRYS5850288,D,S,C,2024-08-27,1000000.00,3.76277,102.1875
09:25:45,91282CLD1,TSRYS5850288,D,S,D,2024-08-27,1000000.00,3.76277,102.1875
09:25:45,91282CLD1,TSRYS5850288,D,S,D,2024-08-27,1000000.00,3.76277,102.1875
09:25:45,91282CLD1,TSRYS5850288,D,S,D,2024-08-27,1000000.00,3.76277,102.1875
09:25:45,91282CLD1,TSRYS5850288,D,B,C,2024-08-27,1000000.00,3.76277,102.1875
09:25:45,91282CLD1,TSRYS5850288,D,S,D,2024-08-27,1000000.00,3.76277,102.1875
09:25:45,91282CLD1,TSRYS5850288,D,S,D,2024-08-27,1000000.00,3.76277,102.1875
09:25:47,91282CLD1,TSRYS5850288,D,S,T,2024-08-27,1000000.00,3.76277,102.1875
09:25:47,91282CLD1,TSRYS5850288,D,S,T,2024-08-27,2000000.00,3.76277,102.1875
09:25:47,91282CLD1,TSRYS5850288,D,S,T,2024-08-27,1000000.00,3.762451,102.189453125
09:25:47,91282CLD1,TSRYS5850288,D,S,T,2024-08-27,1000000.00,3.76277,102.1875
09:25:47,91282CLD1,TSRYS5850288,D,B,C,2024-08-27,1000000.00,3.763089,102.18554687
09:25:48,91282CLD1,TSRYS5850288,D,S,C,2024-08-27,1000000.00,3.763408,102.18359375
09:25:49,91282CLD1,TSRYS5850288,D,S,T,2024-08-27,1000000.00,3.763408,102.18359375
09:25:49,91282CLD1,TSRYS5850288,D,S,D,2024-08-27,1000000.00,3.762451,102.189453125
09:25:49,91282CLD1,TSRYS5850288,D,S,D,2024-08-27,1000000.00,3.762451,102.189453125
09:25:49,91282CLD1,TSRYS5850288,D,B,C,2024-08-27,1000000.00,3.762451,102.189453125
09:25:51,91282CLD1,TSRYS5850288,D,S,T,2024-08-27,1000000.00,3.76277,102.1875
09:25:53,91282CLD1,TSRYS5850288,D,S,T,2024-08-27,1000000.00,3.76277,102.1875
09:25:53,91282CLD1,TSRYS5850288,D,S,T,2024-08-27,1000000.00,3.76277,102.1875
09:25:53,91282CLD1,TSRYS5850288,D,S,T,2024-08-27,1000000.00,3.76277,102.1875
09:25:53,91282CLD1,TSRYS5850288,D,S,T,2024-08-27,2000000.00,3.76277,102.1875
09:25:54,91282CLD1,TSRYS5850288,D,S,T,2024-08-27,1000000.00,3.76277,102.1875
09:25:54,91282CLD1,TSRYS5850288,D,S,D,2024-08-27,1000000.00,3.76277,102.1875
09:25:54,91282CLD1,TSRYS5850288,D,S,D,2024-08-27,1000000.00,3.76277,102.1875
09:25:54,91282CLD1,TSRYS5850288,D,S,D,2024-08-27,1000000.00,3.76277,102.1875
09:25:54,91282CLD1,TSRYS5850288,D,S,D,2024-08-27,1000000.00,3.76277,102.1875
09:25:55,91282CLD1,TSRYS5850288,D,S,D,2024-08-27,1000000.00,3.76277,102.1875
09:25:55,91282CLD1,TSRYS5850288,D,B,C,2024-08-27,1000000.00,3.76277,102.1875
09:25:55,91282CLD1,TSRYS5850288,D,B,C,2024-08-27,1000000.00,3.76277,102.1875
09:25:56,91282CLD1,TSRYS5850288,D,S,D,2024-08-27,1000000.00,3.76277,102.1875
09:26:00,91282CLD1,TSRYS5850288,D,S,D,2024-08-27,1000000.00,3.76277,102.1875
09:26:00,91282CLD1,TSRYS5850288,D,S,D,2024-08-27,1000000.00,3.764046,102.1796875
09:26:00,91282CLD1,TSRYS5850288,D,B,C,2024-08-27,1000000.00,3.764071,102.1795375
09:26:00,91282CLD1,TSRYS5850288,D,S,D,2024-08-27,1000000.00,3.764046,102.1796875
09:26:03,91282CLD1,TSRYS5850288,D,B,C,2024-08-27,27000000.00,3.763335,102.18404
09:26:06,91282CLD1,TSRYS5850288,D,S,T,2024-08-27,1000000.00,3.763408,102.18359375
09:26:06,91282CLD1,TSRYS5850288,D,S,C,2024-08-27,1000000.00,3.763408,102.18359375
09:26:10,91282CLD1,TSRYS5850288,D,S,T,2024-08-27,1000000.00,3.763408,102.18359375
09:26:10,91282CLD1,TSRYS5850288,D,S,T,2024-08-27,1000000.00,3.763408,102.18359375
09:26:12,91282CLD1,TSRYS5850288,D,S,C,2024-08-27,1000000.00,3.762742,102.187675
09:26:12,91282CLD1,TSRYS5850288,D,S,C,2024-08-27,1000000.00,3.76277,102.1875
09:26:12,91282CLD1,TSRYS5850288,D,B,C,2024-08-27,1000000.00,3.763089,102.18554687
09:26:12,91282CLD1,TSRYS5850288,D,B,C,2024-08-27,1000000.00,3.763089,102.18554687
09:26:22,91282CLD1,TSRYS5850288,D,S,D,2024-08-27,1000000.00,3.76277,102.1875
09:26:23,91282CLD1,TSRYS5850288,D,S,T,2024-08-27,1000000.00,3.76277,102.1875
09:26:23,91282CLD1,TSRYS5850288,D,S,D,2024-08-27,1000000.00,3.76277,102.1875
09:26:25,91282CLD1,TSRYS5850288,D,S,T,2024-08-27,1000000.00,3.76277,102.1875
09:26:25,91282CLD1,TSRYS5850288,D,S,T,2024-08-27,1000000.00,3.76277,102.1875
09:26:27,91282CLD1,TSRYS5850288,D,S,D,2024-08-27,1000000.00,3.76277,102.1875
09:26:33,91282CLD1,TSRYS5850288,D,S,T,2024-08-27,1000000.00,3.764046,102.1796875
09:26:33,91282CLD1,TSRYS5850288,D,S,T,2024-08-27,1000000.00,3.764046,102.1796875
09:26:39,91282CLD1,TSRYS5850288,D,B,C,2024-08-27,30000000.00,3.761588,102.19474
09:26:42,91282CLD1,TSRYS5850288,D,S,C,2024-08-27,1000000.00,3.763408,102.18359375
09:26:47,91282CLD1,TSRYS5850288,D,S,D,2024-08-27,1000000.00,3.763727,102.181640625
09:26:47,91282CLD1,TSRYS5850288,D,B,C,2024-08-27,1000000.00,3.763727,102.181640625
09:26:59,91282CLD1,TSRYS5850288,D,S,C,2024-08-27,1000000.00,3.764046,102.1796875
09:26:59,91282CLD1,TSRYS5850288,D,S,D,2024-08-27,1000000.00,3.764046,102.1796875
09:27:02,91282CLD1,TSRYS5850288,D,B,C,2024-08-27,74700000.00,3.764046,102.1796875
09:27:02,91282CLD1,TSRYS5850288,D,S,D,2024-08-27,200000.00,3.76277,102.1875
09:27:10,91282CLD1,TSRYS5850288,D,S,D,2024-08-27,3000000.00,3.76277,102.1875
09:27:11,91282CLD1,TSRYS5850288,D,S,D,2024-08-27,2000000.00,3.76277,102.1875
09:27:11,91282CLD1,TSRYS5850288,D,B,C,2024-08-27,1000000.00,3.76277,102.1875
09:27:11,91282CLD1,TSRYS5850288,D,S,D,2024-08-27,1000000.00,3.76277,102.1875
09:27:13,91282CLD1,TSRYS5850288,D,S,T,2024-08-27,1000000.00,3.76277,102.1875
09:27:15,91282CLD1,TSRYS5850288,D,S,D,2024-08-27,1000000.00,3.763089,102.185546875
09:27:15,91282CLD1,TSRYS5850288,D,S,D,2024-08-27,1000000.00,3.763089,102.185546875
09:27:17,91282CLD1,TSRYS5850288,D,S,T,2024-08-27,2000000.00,3.76277,102.1875
09:27:22,91282CLD1,TSRYS5850288,D,S,T,2024-08-27,1000000.00,3.76277,102.1875
09:27:22,91282CLD1,TSRYS5850288,D,S,T,2024-08-27,1000000.00,3.76277,102.1875
09:27:22,91282CLD1,TSRYS5850288,D,S,T,2024-08-27,1000000.00,3.765322,102.171875
09:27:23,91282CLD1,TSRYS5850288,D,S,T,2024-08-27,1000000.00,3.76277,102.1875
09:27:29,91282CLD1,TSRYS5850288,D,B,C,2024-08-27,1000000.00,3.764365,102.177734375
09:27:29,91282CLD1,TSRYS5850288,D,S,D,2024-08-27,1000000.00,3.764365,102.177734375
09:27:30,91282CLD1,TSRYS5850288,D,S,C,2024-08-27,1000000.00,3.764365,102.177734375
09:27:30,91282CLD1,TSRYS5850288,D,S,C,2024-08-27,1000000.00,3.763408,102.18359375
09:27:36,91282CLD1,TSRYS5850288,D,B,C,2024-08-27,1000000.00,3.763408,102.18359375
09:27:44,91282CLD1,TSRYS5850288,D,S,D,2024-08-27,1000000.00,3.76277,102.1875
09:27:44,91282CLD1,TSRYS5850288,D,S,D,2024-08-27,1000000.00,3.76277,102.1875
09:27:44,91282CLD1,TSRYS5850288,D,B,C,2024-08-27,1000000.00,3.76277,102.1875
09:27:44,91282CLD1,TSRYS5850288,D,S,D,2024-08-27,1000000.00,3.763408,102.18359375
09:27:47,91282CLD1,TSRYS5850288,D,S,T,2024-08-27,1000000.00,3.764365,102.177734375
09:27:47,91282CLD1,TSRYS5850288,D,S,C,2024-08-27,1000000.00,3.764365,102.177734375
09:27:47,91282CLD1,TSRYS5850288,D,S,D,2024-08-27,1000000.00,3.764365,102.177734375
09:27:47,91282CLD1,TSRYS5850288,D,S,D,2024-08-27,1000000.00,3.764365,102.177734375
09:27:48,91282CLD1,TSRYS5850288,D,S,D,2024-08-27,1000000.00,3.764365,102.177734375
09:27:48,91282CLD1,TSRYS5850288,D,S,T,2024-08-27,1000000.00,3.764365,102.177734375
09:27:48,91282CLD1,TSRYS5850288,D,S,D,2024-08-27,1000000.00,3.764365,102.177734375
09:27:48,91282CLD1,TSRYS5850288,D,S,T,2024-08-27,1000000.00,3.764365,102.177734375
09:27:48,91282CLD1,TSRYS5850288,D,S,T,2024-08-27,1000000.00,3.764365,102.177734375
09:27:48,91282CLD1,TSRYS5850288,D,S,T,2024-08-27,1000000.00,3.764365,102.177734375
09:27:49,91282CLD1,TSRYS5850288,D,S,D,2024-08-27,1000000.00,3.764349,102.177834375
09:27:53,91282CLD1,TSRYS5850288,D,S,D,2024-08-27,1000000.00,3.764365,102.177734375
09:27:53,91282CLD1,TSRYS5850288,D,S,D,2024-08-27,1000000.00,3.764365,102.177734375
09:27:53,91282CLD1,TSRYS5850288,D,S,D,2024-08-27,1000000.00,3.764365,102.177734375
09:27:59,91282CLD1,TSRYS5850288,D,S,T,2024-08-27,1000000.00,3.764046,102.1796875
09:28:10,91282CLD1,TSRYS5850288,D,S,D,2024-08-27,1000000.00,3.763408,102.18359375
09:28:10,91282CLD1,TSRYS5850288,D,S,D,2024-08-27,1000000.00,3.763408,102.18359375
09:28:11,91282CLD1,TSRYS5850288,D,S,D,2024-08-27,1000000.00,3.763408,102.18359375
09:28:11,91282CLD1,TSRYS5850288,D,S,D,2024-08-27,1000000.00,3.763408,102.18359375
09:28:12,91282CLD1,TSRYS5850288,D,S,D,2024-08-27,1000000.00,3.763408,102.18359375
09:28:13,91282CLD1,TSRYS5850288,D,S,D,2024-08-27,1000000.00,3.763408,102.18359375
09:28:13,91282CLD1,TSRYS5850288,D,S,D,2024-08-27,1000000.00,3.763408,102.18359375
09:28:14,91282CLD1,TSRYS5850288,D,S,D,2024-08-27,1000000.00,3.763727,102.181640625
09:28:16,91282CLD1,TSRYS5850288,D,B,C,2024-08-27,1000000.00,3.764046,102.1796875
09:28:16,91282CLD1,TSRYS5850288,D,B,C,2024-08-27,1000000.00,3.764046,102.1796875
09:28:16,91282CLD1,TSRYS5850288,D,S,C,2024-08-27,1000000.00,3.763997,102.1799875
09:28:16,91282CLD1,TSRYS5850288,D,S,C,2024-08-27,1000000.00,3.763997,102.1799875
09:28:16,91282CLD1,TSRYS5850288,D,B,C,2024-08-27,1000000.00,3.764046,102.1796875
09:28:16,91282CLD1,TSRYS5850288,D,S,C,2024-08-27,1000000.00,3.763997,102.1799875
09:28:16,91282CLD1,TSRYS5850288,D,B,C,2024-08-27,1000000.00,3.764046,102.1796875
09:28:16,91282CLD1,TSRYS5850288,D,S,C,2024-08-27,1000000.00,3.763997,102.1799875
09:28:16,91282CLD1,TSRYS5850288,D,S,D,2024-08-27,1000000.00,3.763408,102.18359375
09:28:16,91282CLD1,TSRYS5850288,D,S,D,2024-08-27,1000000.00,3.763408,102.18359375
09:28:16,91282CLD1,TSRYS5850288,D,S,D,2024-08-27,1000000.00,3.764017,102.1798645
09:28:20,91282CLD1,TSRYS5850288,D,S,D,2024-08-27,1000000.00,3.763727,102.181640625
09:28:20,91282CLD1,TSRYS5850288,D,B,C,2024-08-27,1000000.00,3.763727,102.181640625
09:28:20,91282CLD1,TSRYS5850288,D,S,D,2024-08-27,1000000.00,3.763727,102.181640625
09:28:29,91282CLD1,TSRYS5850288,D,S,C,2024-08-27,1000000.00,3.763694,102.181840625
09:28:29,91282CLD1,TSRYS5850288,D,B,C,2024-08-27,1000000.00,3.763727,102.181640625
09:28:33,91282CLD1,TSRYS5850288,D,S,T,2024-08-27,1000000.00,3.763089,102.18554687
09:28:35,91282CLD1,TSRYS5850288,D,B,C,2024-08-27,1000000.00,3.763841,102.1809406
09:28:35,91282CLD1,TSRYS5850288,D,S,T,2024-08-27,1000000.00,3.763089,102.18554687
09:28:35,91282CLD1,TSRYS5850288,D,S,D,2024-08-27,1000000.00,3.763089,102.18554687
09:28:37,91282CLD1,TSRYS5850288,D,S,D,2024-08-27,1000000.00,3.763089,102.18554687
09:28:39,91282CLD1,TSRYS5850288,D,S,C,2024-08-27,1000000.00,3.763089,102.18554687
09:28:41,91282CLD1,TSRYS5850288,D,S,C,2024-08-27,1000000.00,3.763089,102.18554687
09:28:51,91282CLD1,TSRYS5850288,D,B,C,2024-08-27,1000000.00,3.763727,102.181640625
09:28:51,91282CLD1,TSRYS5850288,D,S,D,2024-08-27,1000000.00,3.763727,102.181640625
09:28:52,91282CLD1,TSRYS5850288,D,S,C,2024-08-27,1000000.00,3.763727,102.181640625
09:28:57,91282CLD1,TSRYS5850288,D,S,D,2024-08-27,13000000.00,3.762597,102.18856
09:29:08,91282CLD1,TSRYS5850288,D,S,T,2024-08-27,1000000.00,3.764046,102.1796875
09:29:46,91282CLD1,TSRYS5850288,D,S,D,2024-08-27,1000000.00,3.764017,102.1798645
09:29:46,91282CLD1,TSRYS5850288,D,S,D,2024-08-27,1000000.00,3.764046,102.1796875
09:29:46,91282CLD1,TSRYS5850288,D,B,C,2024-08-27,1000000.00,3.764062,102.1795875
09:29:47,91282CLD1,TSRYS5850288,D,B,C,2024-08-27,1000000.00,3.76277,102.1875
09:29:48,91282CLD1,TSRYS5850288,D,S,D,2024-08-27,1000000.00,3.76277,102.1875
09:29:48,91282CLD1,TSRYS5850288,D,S,D,2024-08-27,1000000.00,3.763089,102.185546875
09:29:48,91282CLD1,TSRYS5850288,D,S,D,2024-08-27,1000000.00,3.763089,102.185546875
09:29:48,91282CLD1,TSRYS5850288,D,B,C,2024-08-27,1000000.00,3.763089,102.185546875
09:29:48,91282CLD1,TSRYS5850288,D,S,D,2024-08-27,1000000.00,3.763089,102.185546875
09:29:48,91282CLD1,TSRYS5850288,D,S,D,2024-08-27,2000000.00,3.76277,102.1875
09:29:48,91282CLD1,TSRYS5850288,D,S,D,2024-08-27,1000000.00,3.763089,102.185546875
09:29:48,91282CLD1,TSRYS5850288,D,S,T,2024-08-27,1000000.00,3.76277,102.1875
09:29:49,91282CLD1,TSRYS5850288,D,S,D,2024-08-27,1000000.00,3.763089,102.185546875
09:29:49,91282CLD1,TSRYS5850288,D,S,T,2024-08-27,1000000.00,3.76277,102.1875
09:29:49,91282CLD1,TSRYS5850288,D,S,D,2024-08-27,1000000.00,3.763089,102.185546875
09:29:52,91282CLD1,TSRYS5850288,D,S,T,2024-08-27,1000000.00,3.76277,102.1875
09:29:55,91282CLD1,TSRYS5850288,D,S,C,2024-08-27,1000000.00,3.762451,102.189453125
09:29:55,91282CLD1,TSRYS5850288,D,B,C,2024-08-27,1000000.00,3.762451,102.189453125
09:29:56,91282CLD1,TSRYS5850288,D,B,C,2024-08-27,1000000.00,3.76277,102.1875
09:29:56,91282CLD1,TSRYS5850288,D,S,C,2024-08-27,6000000.00,3.762754,102.1876
09:29:56,91282CLD1,TSRYS5850288,D,S,C,2024-08-27,4000000.00,3.76277,102.1875
09:29:56,91282CLD1,TSRYS5850288,D,S,T,2024-08-27,1000000.00,3.76277,102.1875
09:29:57,91282CLD1,TSRYS5850288,D,S,T,2024-08-27,1000000.00,3.76277,102.1875
09:29:57,91282CLD1,TSRYS5850288,D,S,T,2024-08-27,1000000.00,3.76277,102.1875
09:29:57,91282CLD1,TSRYS5850288,D,S,T,2024-08-27,3000000.00,3.76277,102.1875
09:29:57,91282CLD1,TSRYS5850288,D,S,D,2024-08-27,1000000.00,3.762132,102.19140625
09:29:57,91282CLD1,TSRYS5850288,D,S,T,2024-08-27,3000000.00,3.76277,102.1875
09:29:57,91282CLD1,TSRYS5850288,D,S,T,2024-08-27,1000000.00,3.76277,102.1875
09:29:57,91282CLD1,TSRYS5850288,D,S,T,2024-08-27,2000000.00,3.76277,102.1875
09:29:57,91282CLD1,TSRYS5850288,D,S,T,2024-08-27,1000000.00,3.76277,102.1875
09:29:57,91282CLD1,TSRYS5850288,D,S,T,2024-08-27,5000000.00,3.76277,102.1875
09:29:58,91282CLD1,TSRYS5850288,D,S,T,2024-08-27,1000000.00,3.76277,102.1875
09:29:58,91282CLD1,TSRYS5850288,D,S,C,2024-08-27,1000000.00,3.76277,102.1875
09:29:59,91282CLD1,TSRYS5850288,D,S,D,2024-08-27,1000000.00,3.76277,102.1875
09:29:59,91282CLD1,TSRYS5850288,D,S,D,2024-08-27,1000000.00,3.76277,102.1875
09:29:59,91282CLD1,TSRYS5850288,D,S,D,2024-08-27,1000000.00,3.762132,102.19140625
09:30:00,91282CLD1,TSRYS5850288,D,S,C,2024-08-27,1000000.00,3.76277,102.1875
09:30:00,91282CLD1,TSRYS5850288,D,S,C,2024-08-27,1000000.00,3.76277,102.1875
09:30:00,91282CLD1,TSRYS5850288,D,S,T,2024-08-27,2000000.00,3.76277,102.1875
09:30:00,91282CLD1,TSRYS5850288,D,S,T,2024-08-27,1000000.00,3.76277,102.1875
09:30:02,91282CLD1,TSRYS5850288,D,S,T,2024-08-27,1000000.00,3.76277,102.1875
09:30:03,91282CLD1,TSRYS5850288,D,S,T,2024-08-27,1000000.00,3.76277,102.1875
09:30:03,91282CLD1,TSRYS5850288,D,S,T,2024-08-27,1000000.00,3.76277,102.1875
09:30:03,91282CLD1,TSRYS5850288,D,S,T,2024-08-27,1000000.00,3.76277,102.1875
09:30:03,91282CLD1,TSRYS5850288,D,S,T,2024-08-27,1000000.00,3.76277,102.1875
09:30:03,91282CLD1,TSRYS5850288,D,S,T,2024-08-27,1000000.00,3.76277,102.1875
09:30:03,91282CLD1,TSRYS5850288,D,S,T,2024-08-27,1000000.00,3.76277,102.1875
09:30:03,91282CLD1,TSRYS5850288,D,S,T,2024-08-27,1000000.00,3.76277,102.1875
09:30:03,91282CLD1,TSRYS5850288,D,S,T,2024-08-27,1000000.00,3.76277,102.1875
09:30:03,91282CLD1,TSRYS5850288,D,S,T,2024-08-27,1000000.00,3.762132,102.19140625
09:30:03,91282CLD1,TSRYS5850288,D,S,T,2024-08-27,1000000.00,3.76277,102.1875
09:30:03,91282CLD1,TSRYS5850288,D,S,T,2024-08-27,2000000.00,3.76277,102.1875
09:30:03,91282CLD1,TSRYS5850288,D,S,T,2024-08-27,1000000.00,3.762132,102.19140625
09:30:03,91282CLD1,TSRYS5850288,D,S,D,2024-08-27,1000000.00,3.76277,102.1875
09:30:03,91282CLD1,TSRYS5850288,D,S,T,2024-08-27,1000000.00,3.76277,102.1875
09:30:03,91282CLD1,TSRYS5850288,D,S,T,2024-08-27,1000000.00,3.76277,102.1875
09:30:09,91282CLD1,TSRYS5850288,D,B,C,2024-08-27,150MM+,3.8344,101.75
09:30:11,91282CLD1,TSRYS5850288,D,S,T,2024-08-27,1000000.00,3.761494,102.1953125
09:30:13,91282CLD1,TSRYS5850288,D,S,C,2024-08-27,150MM+,3.758305,102.21484375
09:30:15,91282CLD1,TSRYS5850288,D,S,D,2024-08-27,1000000.00,3.764017,102.1798645
09:30:15,91282CLD1,TSRYS5850288,D,B,C,2024-08-27,1000000.00,3.764071,102.1795375
09:30:30,91282CLD1,TSRYS5850288,D,S,D,2024-08-27,3000000.00,3.76277,102.1875
09:30:37,91282CLD1,TSRYS5850288,D,S,D,2024-08-27,1000000.00,3.761175,102.197265625
09:30:38,91282CLD1,TSRYS5850288,D,S,T,2024-08-27,1000000.00,3.760219,102.203125
09:30:38,91282CLD1,TSRYS5850288,D,S,D,2024-08-27,1000000.00,3.760537,102.201171875
09:30:38,91282CLD1,TSRYS5850288,D,S,T,2024-08-27,1000000.00,3.760219,102.203125
09:30:38,91282CLD1,TSRYS5850288,D,S,D,2024-08-27,1000000.00,3.760537,102.201171875
09:30:39,91282CLD1,TSRYS5850288,D,B,C,2024-08-27,1000000.00,3.760219,102.203125
09:30:39,91282CLD1,TSRYS5850288,D,S,D,2024-08-27,1000000.00,3.760219,102.203125
09:30:39,91282CLD1,TSRYS5850288,D,S,T,2024-08-27,1000000.00,3.761175,102.19726563
09:30:39,91282CLD1,TSRYS5850288,D,S,D,2024-08-27,2000000.00,3.760219,102.203125
09:30:42,91282CLD1,TSRYS5850288,D,S,T,2024-08-27,9250000.00,3.762132,102.19140625
09:30:42,91282CLD1,TSRYS5850288,D,S,T,2024-08-27,965000.00,3.762132,102.19140625
09:30:42,91282CLD1,TSRYS5850288,D,S,T,2024-08-27,8610000.00,3.762132,102.19140625
09:30:42,91282CLD1,TSRYS5850288,D,S,T,2024-08-27,1000000.00,3.760219,102.203125
09:30:42,91282CLD1,TSRYS5850288,D,S,T,2024-08-27,1000000.00,3.760537,102.201171875
09:30:43,91282CLD1,TSRYS5850288,D,S,T,2024-08-27,1000000.00,3.760219,102.203125
09:30:43,91282CLD1,TSRYS5850288,D,B,C,2024-08-27,40800000.00,3.761429,102.1957125
09:30:43,91282CLD1,TSRYS5850288,D,S,C,2024-08-27,40800000.00,3.760876,102.1991
09:30:43,91282CLD1,TSRYS5850288,D,S,T,2024-08-27,1000000.00,3.760219,102.203125
09:30:43,91282CLD1,TSRYS5850288,D,S,T,2024-08-27,1000000.00,3.760219,102.203125
09:30:43,91282CLD1,TSRYS5850288,D,S,T,2024-08-27,1000000.00,3.760219,102.203125
09:30:45,91282CLD1,TSRYS5850288,D,S,D,2024-08-27,1000000.00,3.763089,102.18554687
09:30:45,91282CLD1,TSRYS5850288,D,S,A,2024-08-27,1230000.00,3.762132,102.19140625
09:30:45,91282CLD1,TSRYS5850288,D,S,C,2024-08-27,1000000.00,3.760219,102.203125
09:30:45,91282CLD1,TSRYS5850288,D,S,D,2024-08-27,1000000.00,3.76277,102.1875
09:30:45,91282CLD1,TSRYS5850288,D,S,C,2024-08-27,2000000.00,3.76277,102.1875
09:30:45,91282CLD1,TSRYS5850288,D,S,C,2024-08-27,1000000.00,3.76277,102.1875
09:30:45,91282CLD1,TSRYS5850288,D,S,C,2024-08-27,1000000.00,3.76277,102.1875
09:30:45,91282CLD1,TSRYS5850288,D,S,C,2024-08-27,1000000.00,3.76277,102.1875
09:30:45,91282CLD1,TSRYS5850288,D,S,C,2024-08-27,1000000.00,3.76277,102.1875
09:30:45,91282CLD1,TSRYS5850288,D,B,C,2024-08-27,1000000.00,3.76277,102.1875
09:30:46,91282CLD1,TSRYS5850288,D,S,D,2024-08-27,1000000.00,3.762451,102.18945312
09:30:48,91282CLD1,TSRYS5850288,D,S,C,2024-08-27,1000000.00,3.762451,102.18945312
09:30:48,91282CLD1,TSRYS5850288,D,S,T,2024-08-27,10110000.00,3.762132,102.19140625
09:30:48,91282CLD1,TSRYS5850288,D,S,T,2024-08-27,116425000.00,3.762132,102.19140625
09:30:49,91282CLD1,TSRYS5850288,D,S,C,2024-08-27,50000000.00,3.762953,102.18638
09:30:52,91282CLD1,TSRYS5850288,D,S,T,2024-08-27,8625000.00,3.762132,102.19140625
09:30:52,91282CLD1,TSRYS5850288,D,S,T,2024-08-27,7540000.00,3.762132,102.19140625
09:30:55,91282CLD1,TSRYS5850288,D,S,T,2024-08-27,18790000.00,3.762132,102.19140625
09:30:55,91282CLD1,TSRYS5850288,D,S,T,2024-08-27,1000000.00,3.760537,102.201171875
09:30:55,91282CLD1,TSRYS5850288,D,S,T,2024-08-27,6930000.00,3.762132,102.19140625
09:30:56,91282CLD1,TSRYS5850288,D,S,D,2024-08-27,2000000.00,3.758943,102.2109375
09:30:56,91282CLD1,TSRYS5850288,D,S,D,2024-08-27,2000000.00,3.758943,102.2109375
09:31:01,91282CLD1,TSRYS5850288,D,S,D,2024-08-27,2000000.00,3.758943,102.2109375
09:31:02,91282CLD1,TSRYS5850288,D,S,D,2024-08-27,4000000.00,3.757986,102.216796875
09:31:02,91282CLD1,TSRYS5850288,D,S,D,2024-08-27,2000000.00,3.757986,102.216796875
09:31:02,91282CLD1,TSRYS5850288,D,S,T,2024-08-27,2000000.00,3.757986,102.216796875
09:31:02,91282CLD1,TSRYS5850288,D,S,T,2024-08-27,1000000.00,3.757986,102.216796875
09:31:02,91282CLD1,TSRYS5850288,D,S,D,2024-08-27,1000000.00,3.757986,102.216796875
09:31:02,91282CLD1,TSRYS5850288,D,S,D,2024-08-27,4000000.00,3.757986,102.216796875
09:31:02,91282CLD1,TSRYS5850288,D,S,D,2024-08-27,1000000.00,3.757986,102.216796875
09:31:02,91282CLD1,TSRYS5850288,D,S,T,2024-08-27,1000000.00,3.758305,102.21484375
09:31:02,91282CLD1,TSRYS5850288,D,S,T,2024-08-27,1000000.00,3.757986,102.216796875
09:31:02,91282CLD1,TSRYS5850288,D,S,D,2024-08-27,1000000.00,3.757986,102.216796875
09:31:02,91282CLD1,TSRYS5850288,D,S,D,2024-08-27,2000000.00,3.757986,102.216796875
09:31:02,91282CLD1,TSRYS5850288,D,B,C,2024-08-27,1000000.00,3.757667,102.21875
09:31:02,91282CLD1,TSRYS5850288,D,S,D,2024-08-27,1000000.00,3.757667,102.21875
09:31:02,91282CLD1,TSRYS5850288,D,B,C,2024-08-27,1000000.00,3.757349,102.220703125
09:31:02,91282CLD1,TSRYS5850288,D,S,D,2024-08-27,1000000.00,3.757349,102.220703125
09:31:02,91282CLD1,TSRYS5850288,D,S,T,2024-08-27,2005000.00,3.762132,102.191407
09:31:03,91282CLD1,TSRYS5850288,D,S,C,2024-08-27,5000000.00,3.762746,102.18765
09:31:03,91282CLD1,TSRYS5850288,D,S,C,2024-08-27,1000000.00,3.761494,102.1953125
09:31:03,91282CLD1,TSRYS5850288,D,S,D,2024-08-27,1000000.00,3.757986,102.216796875
09:31:03,91282CLD1,TSRYS5850288,D,S,D,2024-08-27,1000000.00,3.758305,102.21484375
09:31:04,91282CLD1,TSRYS5850288,D,B,C,2024-08-27,1000000.00,3.757986,102.216796875
09:31:04,91282CLD1,TSRYS5850288,D,S,D,2024-08-27,1000000.00,3.757986,102.216796875
09:31:04,91282CLD1,TSRYS5850288,D,S,D,2024-08-27,1000000.00,3.757986,102.216796875
09:31:04,91282CLD1,TSRYS5850288,D,S,D,2024-08-27,1000000.00,3.757986,102.216796875
09:31:04,91282CLD1,TSRYS5850288,D,B,C,2024-08-27,1000000.00,3.757986,102.216796875
09:31:04,91282CLD1,TSRYS5850288,D,S,D,2024-08-27,1000000.00,3.757986,102.216796875
09:31:04,91282CLD1,TSRYS5850288,D,S,D,2024-08-27,1000000.00,3.757986,102.216796875
09:31:05,91282CLD1,TSRYS5850288,D,S,D,2024-08-27,1000000.00,3.757667,102.21875
09:31:05,91282CLD1,TSRYS5850288,D,S,C,2024-08-27,1000000.00,3.757349,102.220703125
09:31:07,91282CLD1,TSRYS5850288,D,S,D,2024-08-27,1000000.00,3.757986,102.216796875
09:31:08,91282CLD1,TSRYS5850288,D,B,C,2024-08-27,1000000.00,3.757986,102.216796875
09:31:08,91282CLD1,TSRYS5850288,D,S,T,2024-08-27,74860000.00,3.762132,102.19140625
09:31:08,91282CLD1,TSRYS5850288,D,S,D,2024-08-27,2000000.00,3.757986,102.216796875
09:31:08,91282CLD1,TSRYS5850288,D,S,T,2024-08-27,1000000.00,3.757349,102.220703125
09:31:09,91282CLD1,TSRYS5850288,D,S,D,2024-08-27,4000000.00,3.757986,102.216796875
09:31:09,91282CLD1,TSRYS5850288,D,S,C,2024-08-27,1000000.00,3.757349,102.220703125
09:31:10,91282CLD1,TSRYS5850288,D,S,C,2024-08-27,1000000.00,3.757667,102.21875
09:31:10,91282CLD1,TSRYS5850288,D,S,D,2024-08-27,1000000.00,3.7599,102.20507812
09:31:10,91282CLD1,TSRYS5850288,D,S,C,2024-08-27,1000000.00,3.7599,102.20507812
09:31:10,91282CLD1,TSRYS5850288,D,B,C,2024-08-27,1000000.00,3.75703,102.22265625
09:31:10,91282CLD1,TSRYS5850288,D,S,C,2024-08-27,1000000.00,3.75703,102.22265625
09:31:11,91282CLD1,TSRYS5850288,D,S,D,2024-08-27,1000000.00,3.756073,102.228515625
09:31:11,91282CLD1,TSRYS5850288,D,B,C,2024-08-27,23665000.00,3.762132,102.19140625
09:31:11,91282CLD1,TSRYS5850288,D,S,T,2024-08-27,1000000.00,3.756392,102.2265625
09:31:11,91282CLD1,TSRYS5850288,D,S,D,2024-08-27,1000000.00,3.756073,102.228515625
09:31:12,91282CLD1,TSRYS5850288,D,S,D,2024-08-27,2000000.00,3.759581,102.20703125
09:31:14,91282CLD1,TSRYS5850288,D,S,C,2024-08-27,1000000.00,3.759581,102.20703125
09:31:14,91282CLD1,TSRYS5850288,D,S,D,2024-08-27,100000.00,3.762132,102.19140625
09:31:15,91282CLD1,TSRYS5850288,D,S,C,2024-08-27,31915000.00,3.762132,102.19140625
09:31:15,91282CLD1,TSRYS5850288,D,S,D,2024-08-27,1230000.00,3.762132,102.19140625
09:31:16,91282CLD1,TSRYS5850288,D,S,D,2024-08-27,12705000.00,3.762132,102.19140625
09:31:16,91282CLD1,TSRYS5850288,D,S,D,2024-08-27,54795000.00,3.762132,102.19140625
09:31:16,91282CLD1,TSRYS5850288,D,S,C,2024-08-27,60000.00,3.762132,102.19140625
09:31:16,91282CLD1,TSRYS5850288,D,S,C,2024-08-27,130655000.00,3.762132,102.19140625
09:31:16,91282CLD1,TSRYS5850288,D,S,D,2024-08-27,970000.00,3.762132,102.19140625
09:31:16,91282CLD1,TSRYS5850288,D,S,D,2024-08-27,30545000.00,3.762132,102.19140625
09:31:17,91282CLD1,TSRYS5850288,D,S,D,2024-08-27,82805000.00,3.762132,102.19140625
09:31:18,91282CLD1,TSRYS5850288,D,S,C,2024-08-27,2895000.00,3.762132,102.19140625
09:31:18,91282CLD1,TSRYS5850288,D,S,D,2024-08-27,4570000.00,3.762132,102.19140625
09:31:18,91282CLD1,TSRYS5850288,D,S,D,2024-08-27,190000.00,3.762132,102.19140625
09:31:19,91282CLD1,TSRYS5850288,D,S,D,2024-08-27,23000000.00,3.762132,102.19140625
09:31:19,91282CLD1,TSRYS5850288,D,S,D,2024-08-27,11980000.00,3.762132,102.19140625
09:31:23,91282CLD1,TSRYS5850288,D,S,D,2024-08-27,1000000.00,3.75703,102.22265625
09:31:24,91282CLD1,TSRYS5850288,D,S,T,2024-08-27,2695000.00,3.762132,102.19140625
09:31:24,91282CLD1,TSRYS5850288,D,S,D,2024-08-27,1000000.00,3.75703,102.22265625
09:31:24,91282CLD1,TSRYS5850288,D,S,T,2024-08-27,1000000.00,3.75703,102.22265625
09:31:25,91282CLD1,TSRYS5850288,D,S,T,2024-08-27,1370000.00,3.762132,102.19140625
09:31:25,91282CLD1,TSRYS5850288,D,S,D,2024-08-27,1000000.00,3.757349,102.220703125
09:31:25,91282CLD1,TSRYS5850288,D,S,D,2024-08-27,1000000.00,3.757349,102.220703125
09:31:25,91282CLD1,TSRYS5850288,D,S,D,2024-08-27,1000000.00,3.757349,102.220703125
09:31:25,91282CLD1,TSRYS5850288,D,S,T,2024-08-27,1000000.00,3.757349,102.220703125
09:31:26,91282CLD1,TSRYS5850288,D,S,T,2024-08-27,1000000.00,3.757667,102.21875
09:31:26,91282CLD1,TSRYS5850288,D,S,T,2024-08-27,1000000.00,3.757667,102.21875
09:31:26,91282CLD1,TSRYS5850288,D,S,D,2024-08-27,1000000.00,3.757349,102.220703125
09:31:27,91282CLD1,TSRYS5850288,D,S,T,2024-08-27,1000000.00,3.757349,102.220703125
09:31:27,91282CLD1,TSRYS5850288,D,S,T,2024-08-27,1000000.00,3.757349,102.220703125
09:31:27,91282CLD1,TSRYS5850288,D,S,D,2024-08-27,1000000.00,3.757349,102.220703125
09:31:29,91282CLD1,TSRYS5850288,D,S,D,2024-08-27,1000000.00,3.757349,102.220703125
09:31:29,91282CLD1,TSRYS5850288,D,S,D,2024-08-27,1000000.00,3.757349,102.220703125
09:31:32,91282CLD1,TSRYS5850288,D,S,D,2024-08-27,1000000.00,3.76277,102.1875
09:31:32,91282CLD1,TSRYS5850288,D,B,C,2024-08-27,1000000.00,3.76277,102.1875
09:31:32,91282CLD1,TSRYS5850288,D,S,D,2024-08-27,1000000.00,3.76277,102.1875
09:31:32,91282CLD1,TSRYS5850288,D,B,C,2024-08-27,1000000.00,3.76277,102.1875
09:31:32,91282CLD1,TSRYS5850288,D,S,D,2024-08-27,1000000.00,3.76277,102.1875
09:31:32,91282CLD1,TSRYS5850288,D,S,D,2024-08-27,1000000.00,3.76277,102.1875
09:31:32,91282CLD1,TSRYS5850288,D,B,C,2024-08-27,1000000.00,3.762795,102.18735
09:31:32,91282CLD1,TSRYS5850288,D,S,C,2024-08-27,1000000.00,3.762733,102.187725
09:31:33,91282CLD1,TSRYS5850288,D,S,D,2024-08-27,1000000.00,3.76277,102.1875
09:31:33,91282CLD1,TSRYS5850288,D,S,D,2024-08-27,1000000.00,3.76277,102.1875
09:31:33,91282CLD1,TSRYS5850288,D,S,C,2024-08-27,1000000.00,3.76277,102.1875
09:31:33,91282CLD1,TSRYS5850288,D,S,D,2024-08-27,1000000.00,3.76277,102.1875
09:31:33,91282CLD1,TSRYS5850288,D,S,C,2024-08-27,2000000.00,3.762733,102.187725
09:31:33,91282CLD1,TSRYS5850288,D,S,D,2024-08-27,1000000.00,3.760219,102.203125
09:31:33,91282CLD1,TSRYS5850288,D,S,D,2024-08-27,1000000.00,3.760219,102.203125
09:31:33,91282CLD1,TSRYS5850288,D,S,D,2024-08-27,1000000.00,3.760219,102.203125
09:31:36,91282CLD1,TSRYS5850288,D,S,T,2024-08-27,23990000.00,3.762132,102.19140625
09:31:37,91282CLD1,TSRYS5850288,D,S,D,2024-08-27,1000000.00,3.757667,102.21875
09:31:37,91282CLD1,TSRYS5850288,D,S,D,2024-08-27,1000000.00,3.757986,102.216796875
09:31:37,91282CLD1,TSRYS5850288,D,B,C,2024-08-27,1000000.00,3.757986,102.216796875
09:31:38,91282CLD1,TSRYS5850288,D,S,D,2024-08-27,1000000.00,3.757667,102.21875
09:31:38,91282CLD1,TSRYS5850288,D,B,C,2024-08-27,1000000.00,3.757667,102.21875
09:31:38,91282CLD1,TSRYS5850288,D,S,D,2024-08-27,1000000.00,3.757667,102.21875
09:31:39,91282CLD1,TSRYS5850288,D,S,D,2024-08-27,1000000.00,3.757667,102.21875
09:31:39,91282CLD1,TSRYS5850288,D,S,D,2024-08-27,1000000.00,3.757667,102.21875
09:31:40,91282CLD1,TSRYS5850288,D,S,T,2024-08-27,1000000.00,3.757667,102.21875
09:31:40,91282CLD1,TSRYS5850288,D,S,D,2024-08-27,1000000.00,3.757667,102.21875
09:31:41,91282CLD1,TSRYS5850288,D,S,T,2024-08-27,4000000.00,3.757667,102.21875
09:31:42,91282CLD1,TSRYS5850288,D,B,C,2024-08-27,1000000.00,3.757986,102.216796875
09:31:42,91282CLD1,TSRYS5850288,D,S,D,2024-08-27,1000000.00,3.757986,102.216796875
09:31:42,91282CLD1,TSRYS5850288,D,S,D,2024-08-27,2000000.00,3.757667,102.21875
09:31:42,91282CLD1,TSRYS5850288,D,S,D,2024-08-27,1000000.00,3.757667,102.21875
09:31:43,91282CLD1,TSRYS5850288,D,S,D,2024-08-27,1000000.00,3.757667,102.21875
09:31:44,91282CLD1,TSRYS5850288,D,B,C,2024-08-27,11669000.00,3.75703,102.22265625
09:31:45,91282CLD1,TSRYS5850288,D,B,C,2024-08-27,1000000.00,3.760243,102.202975
09:31:45,91282CLD1,TSRYS5850288,D,S,D,2024-08-27,1000000.00,3.760219,102.203125
09:31:45,91282CLD1,TSRYS5850288,D,S,D,2024-08-27,2000000.00,3.757667,102.21875
09:31:45,91282CLD1,TSRYS5850288,D,S,C,2024-08-27,1000000.00,3.760186,102.203325
09:31:45,91282CLD1,TSRYS5850288,D,B,C,2024-08-27,1000000.00,3.757986,102.216796875
09:31:45,91282CLD1,TSRYS5850288,D,S,D,2024-08-27,1000000.00,3.756392,102.2265625
09:31:45,91282CLD1,TSRYS5850288,D,S,C,2024-08-27,1000000.00,3.757986,102.216796875
09:31:45,91282CLD1,TSRYS5850288,D,S,D,2024-08-27,1000000.00,3.757667,102.21875
09:31:46,91282CLD1,TSRYS5850288,D,S,D,2024-08-27,1000000.00,3.757667,102.21875
09:31:46,91282CLD1,TSRYS5850288,D,S,D,2024-08-27,1000000.00,3.757667,102.21875
09:31:46,91282CLD1,TSRYS5850288,D,S,D,2024-08-27,1000000.00,3.757667,102.21875
09:31:46,91282CLD1,TSRYS5850288,D,S,D,2024-08-27,1000000.00,3.757667,102.21875
09:31:46,91282CLD1,TSRYS5850288,D,S,D,2024-08-27,1000000.00,3.757667,102.21875
09:31:46,91282CLD1,TSRYS5850288,D,S,T,2024-08-27,1000000.00,3.757667,102.21875
09:31:46,91282CLD1,TSRYS5850288,D,S,T,2024-08-27,1000000.00,3.757667,102.21875
09:31:46,91282CLD1,TSRYS5850288,D,S,T,2024-08-27,1000000.00,3.757667,102.21875
09:31:46,91282CLD1,TSRYS5850288,D,S,T,2024-08-27,1000000.00,3.757667,102.21875
09:31:46,91282CLD1,TSRYS5850288,D,S,T,2024-08-27,1000000.00,3.757667,102.21875
09:31:46,91282CLD1,TSRYS5850288,D,B,C,2024-08-27,1000000.00,3.757667,102.21875
09:31:46,91282CLD1,TSRYS5850288,D,S,D,2024-08-27,1000000.00,3.757667,102.21875
09:31:47,91282CLD1,TSRYS5850288,D,S,D,2024-08-27,1000000.00,3.757667,102.21875
09:31:47,91282CLD1,TSRYS5850288,D,S,D,2024-08-27,1000000.00,3.757667,102.21875
09:31:47,91282CLD1,TSRYS5850288,D,S,D,2024-08-27,1000000.00,3.757986,102.216796875
09:31:47,91282CLD1,TSRYS5850288,D,S,D,2024-08-27,1000000.00,3.757667,102.21875
09:31:47,91282CLD1,TSRYS5850288,D,S,D,2024-08-27,1000000.00,3.757667,102.21875
09:31:47,91282CLD1,TSRYS5850288,D,S,D,2024-08-27,1000000.00,3.757667,102.21875
09:31:48,91282CLD1,TSRYS5850288,D,S,C,2024-08-27,1000000.00,3.757986,102.216796875
09:31:50,91282CLD1,TSRYS5850288,D,S,D,2024-08-27,1000000.00,3.758305,102.21484375
09:31:51,91282CLD1,TSRYS5850288,D,B,C,2024-08-27,1000000.00,3.75703,102.22265625
09:31:51,91282CLD1,TSRYS5850288,D,S,D,2024-08-27,2000000.00,3.757986,102.216796875
09:31:51,91282CLD1,TSRYS5850288,D,S,D,2024-08-27,1000000.00,3.75703,102.22265625
09:31:51,91282CLD1,TSRYS5850288,D,S,D,2024-08-27,1000000.00,3.757349,102.220703125
09:31:51,91282CLD1,TSRYS5850288,D,S,D,2024-08-27,1000000.00,3.757349,102.220703125
09:31:51,91282CLD1,TSRYS5850288,D,S,D,2024-08-27,1000000.00,3.757349,102.220703125
09:31:51,91282CLD1,TSRYS5850288,D,S,D,2024-08-27,1000000.00,3.758305,102.21484375
09:31:51,91282CLD1,TSRYS5850288,D,S,D,2024-08-27,1000000.00,3.758624,102.212890625
09:31:51,91282CLD1,TSRYS5850288,D,S,D,2024-08-27,1000000.00,3.758305,102.21484375
09:31:52,91282CLD1,TSRYS5850288,D,B,C,2024-08-27,1000000.00,3.757667,102.21875
09:31:52,91282CLD1,TSRYS5850288,D,S,D,2024-08-27,1000000.00,3.757667,102.21875
09:31:52,91282CLD1,TSRYS5850288,D,S,T,2024-08-27,2000000.00,3.758943,102.2109375
09:31:53,91282CLD1,TSRYS5850288,D,S,D,2024-08-27,2000000.00,3.757986,102.216796875
09:31:53,91282CLD1,TSRYS5850288,D,S,C,2024-08-27,1000000.00,3.757986,102.216796875
09:31:53,91282CLD1,TSRYS5850288,D,S,C,2024-08-27,1000000.00,3.757986,102.216796875
09:31:54,91282CLD1,TSRYS5850288,D,S,T,2024-08-27,2000000.00,3.757667,102.21875
09:31:54,91282CLD1,TSRYS5850288,D,S,D,2024-08-27,1000000.00,3.757986,102.216796875
09:31:54,91282CLD1,TSRYS5850288,D,S,D,2024-08-27,1000000.00,3.757986,102.216796875
09:31:54,91282CLD1,TSRYS5850288,D,S,D,2024-08-27,1000000.00,3.757667,102.21875
09:31:54,91282CLD1,TSRYS5850288,D,S,D,2024-08-27,1000000.00,3.757667,102.21875
09:31:54,91282CLD1,TSRYS5850288,D,S,D,2024-08-27,1000000.00,3.757667,102.21875
09:31:55,91282CLD1,TSRYS5850288,D,S,D,2024-08-27,1000000.00,3.757667,102.21875
09:31:55,91282CLD1,TSRYS5850288,D,S,D,2024-08-27,1000000.00,3.757667,102.21875
09:31:55,91282CLD1,TSRYS5850288,D,S,D,2024-08-27,1000000.00,3.757667,102.21875
09:31:55,91282CLD1,TSRYS5850288,D,S,D,2024-08-27,1000000.00,3.757667,102.21875
09:31:55,91282CLD1,TSRYS5850288,D,B,C,2024-08-27,1000000.00,3.757667,102.21875
09:31:55,91282CLD1,TSRYS5850288,D,S,D,2024-08-27,1000000.00,3.757667,102.21875
09:31:55,91282CLD1,TSRYS5850288,D,S,D,2024-08-27,1000000.00,3.757986,102.216796875
09:31:58,91282CLD1,TSRYS5850288,D,S,D,2024-08-27,1000000.00,3.759262,102.208984375
09:32:00,91282CLD1,TSRYS5850288,D,S,D,2024-08-27,1000000.00,3.757667,102.21875
09:32:02,91282CLD1,TSRYS5850288,D,S,D,2024-08-27,1000000.00,3.758943,102.2109375
09:32:03,91282CLD1,TSRYS5850288,D,S,T,2024-08-27,1000000.00,3.758943,102.2109375
09:32:03,91282CLD1,TSRYS5850288,D,S,D,2024-08-27,1000000.00,3.758943,102.2109375
09:32:04,91282CLD1,TSRYS5850288,D,S,D,2024-08-27,1000000.00,3.758943,102.2109375
09:32:10,91282CLD1,TSRYS5850288,D,S,T,2024-08-27,3540000.00,3.762132,102.19140625
09:32:14,91282CLD1,TSRYS5850288,D,S,T,2024-08-27,1000000.00,3.758943,102.2109375
09:32:14,91282CLD1,TSRYS5850288,D,S,T,2024-08-27,1000000.00,3.758943,102.2109375
09:32:14,91282CLD1,TSRYS5850288,D,S,T,2024-08-27,1000000.00,3.758943,102.2109375
09:32:15,91282CLD1,TSRYS5850288,D,B,C,2024-08-27,1000000.00,3.758943,102.2109375
09:32:15,91282CLD1,TSRYS5850288,D,S,D,2024-08-27,1000000.00,3.758943,102.2109375
09:32:15,91282CLD1,TSRYS5850288,D,S,D,2024-08-27,1000000.00,3.758943,102.2109375
09:32:28,91282CLD1,TSRYS5850288,D,S,D,2024-08-27,1000000.00,3.758624,102.212890625
09:32:28,91282CLD1,TSRYS5850288,D,S,C,2024-08-27,1000000.00,3.758624,102.212890625
09:32:33,91282CLD1,TSRYS5850288,D,S,D,2024-08-27,1000000.00,3.757667,102.21875
09:32:33,91282CLD1,TSRYS5850288,D,B,C,2024-08-27,1000000.00,3.757692,102.2186
09:32:33,91282CLD1,TSRYS5850288,D,B,C,2024-08-27,1000000.00,3.757667,102.21875
09:32:33,91282CLD1,TSRYS5850288,D,S,C,2024-08-27,1000000.00,3.757667,102.21875
09:32:33,91282CLD1,TSRYS5850288,D,S,D,2024-08-27,2000000.00,3.758943,102.2109375
09:32:37,91282CLD1,TSRYS5850288,D,S,D,2024-08-27,1000000.00,3.757349,102.220703125
09:32:39,91282CLD1,TSRYS5850288,D,S,D,2024-08-27,2550000.00,3.759581,102.20703125
09:32:40,91282CLD1,TSRYS5850288,D,S,C,2024-08-27,1000000.00,3.760219,102.203125
09:32:41,91282CLD1,TSRYS5850288,D,S,C,2024-08-27,3000000.00,3.760219,102.203125
09:32:42,91282CLD1,TSRYS5850288,D,S,C,2024-08-27,1000000.00,3.760219,102.203125
09:32:42,91282CLD1,TSRYS5850288,D,S,T,2024-08-27,22565000.00,3.762132,102.19140625
09:32:43,91282CLD1,TSRYS5850288,D,S,D,2024-08-27,1000000.00,3.757667,102.21875
09:32:43,91282CLD1,TSRYS5850288,D,S,D,2024-08-27,1000000.00,3.757667,102.21875
09:32:43,91282CLD1,TSRYS5850288,D,S,T,2024-08-27,1000000.00,3.757692,102.2186
09:32:43,91282CLD1,TSRYS5850288,D,B,A,2024-08-27,1000000.00,3.757692,102.2186
09:32:43,91282CLD1,TSRYS5850288,D,S,T,2024-08-27,1000000.00,3.757667,102.21875
09:32:43,91282CLD1,TSRYS5850288,D,B,A,2024-08-27,1000000.00,3.757667,102.21875
09:32:43,91282CLD1,TSRYS5850288,D,S,T,2024-08-27,1000000.00,3.757692,102.2186
09:32:44,91282CLD1,TSRYS5850288,D,B,A,2024-08-27,1000000.00,3.757692,102.2186
09:32:44,91282CLD1,TSRYS5850288,D,S,T,2024-08-27,1000000.00,3.760219,102.203125
09:32:44,91282CLD1,TSRYS5850288,D,S,T,2024-08-27,1000000.00,3.757692,102.218598
09:32:44,91282CLD1,TSRYS5850288,D,B,A,2024-08-27,1000000.00,3.757692,102.218598
09:32:44,91282CLD1,TSRYS5850288,D,S,T,2024-08-27,2000000.00,3.757692,102.218598
09:32:44,91282CLD1,TSRYS5850288,D,B,A,2024-08-27,2000000.00,3.757692,102.218598
09:32:44,91282CLD1,TSRYS5850288,D,S,T,2024-08-27,1000000.00,3.757692,102.218598
09:32:44,91282CLD1,TSRYS5850288,D,B,A,2024-08-27,1000000.00,3.757692,102.218598
09:32:44,91282CLD1,TSRYS5850288,D,S,T,2024-08-27,1000000.00,3.757692,102.218598
09:32:44,91282CLD1,TSRYS5850288,D,B,A,2024-08-27,1000000.00,3.757692,102.218598
09:32:46,91282CLD1,TSRYS5850288,D,B,C,2024-08-27,1000000.00,3.760856,102.19921875
09:32:46,91282CLD1,TSRYS5850288,D,S,T,2024-08-27,1000000.00,3.760219,102.203125
09:32:46,91282CLD1,TSRYS5850288,D,S,T,2024-08-27,1000000.00,3.760219,102.203125
09:32:46,91282CLD1,TSRYS5850288,D,S,C,2024-08-27,1000000.00,3.760856,102.19921875
09:32:47,91282CLD1,TSRYS5850288,D,S,C,2024-08-27,2000000.00,3.760202,102.203225
09:32:47,91282CLD1,TSRYS5850288,D,S,T,2024-08-27,3000000.00,3.760247,102.202948
09:32:47,91282CLD1,TSRYS5850288,D,S,D,2024-08-27,1000000.00,3.7599,102.205078125
09:32:47,91282CLD1,TSRYS5850288,D,B,C,2024-08-27,1000000.00,3.7599,102.205078125
09:32:48,91282CLD1,TSRYS5850288,D,S,T,2024-08-27,4000000.00,3.760247,102.202948
09:32:48,91282CLD1,TSRYS5850288,D,S,C,2024-08-27,2000000.00,3.757667,102.21875
09:32:48,91282CLD1,TSRYS5850288,D,S,C,2024-08-27,1000000.00,3.757627,102.219
09:32:48,91282CLD1,TSRYS5850288,D,B,C,2024-08-27,1000000.00,3.757667,102.21875
09:32:48,91282CLD1,TSRYS5850288,D,S,C,2024-08-27,3000000.00,3.757667,102.21875
09:32:48,91282CLD1,TSRYS5850288,D,S,C,2024-08-27,1000000.00,3.757667,102.21875
09:32:48,91282CLD1,TSRYS5850288,D,S,D,2024-08-27,1000000.00,3.757667,102.21875
09:32:48,91282CLD1,TSRYS5850288,D,B,C,2024-08-27,1000000.00,3.757667,102.21875
09:32:48,91282CLD1,TSRYS5850288,D,S,C,2024-08-27,4000000.00,3.757667,102.21875
09:32:48,91282CLD1,TSRYS5850288,D,B,C,2024-08-27,3000000.00,3.757692,102.2186
09:32:48,91282CLD1,TSRYS5850288,D,B,C,2024-08-27,1000000.00,3.757667,102.21875
09:32:48,91282CLD1,TSRYS5850288,D,B,C,2024-08-27,2000000.00,3.757692,102.2186
09:32:48,91282CLD1,TSRYS5850288,D,S,C,2024-08-27,3000000.00,3.757667,102.21875
09:32:48,91282CLD1,TSRYS5850288,D,B,C,2024-08-27,3000000.00,3.757692,102.2186
09:32:48,91282CLD1,TSRYS5850288,D,B,C,2024-08-27,1000000.00,3.757667,102.21875
09:32:48,91282CLD1,TSRYS5850288,D,S,C,2024-08-27,1000000.00,3.757667,102.21875
09:32:48,91282CLD1,TSRYS5850288,D,B,C,2024-08-27,1000000.00,3.757667,102.21875
09:32:48,91282CLD1,TSRYS5850288,D,S,D,2024-08-27,1000000.00,3.757667,102.21875
09:32:48,91282CLD1,TSRYS5850288,D,S,D,2024-08-27,1000000.00,3.758943,102.2109375
09:32:48,91282CLD1,TSRYS5850288,D,B,C,2024-08-27,1000000.00,3.758943,102.2109375
09:32:48,91282CLD1,TSRYS5850288,D,S,D,2024-08-27,1000000.00,3.758943,102.2109375
09:32:48,91282CLD1,TSRYS5850288,D,S,T,2024-08-27,1000000.00,3.760219,102.203125
09:32:49,91282CLD1,TSRYS5850288,D,S,D,2024-08-27,1900000.00,3.7599,102.20507813
09:32:50,91282CLD1,TSRYS5850288,D,B,C,2024-08-27,1000000.00,3.757349,102.22070312
09:32:50,91282CLD1,TSRYS5850288,D,S,T,2024-08-27,2000000.00,3.760219,102.203125
09:32:50,91282CLD1,TSRYS5850288,D,S,T,2024-08-27,1000000.00,3.760219,102.203125
09:32:51,91282CLD1,TSRYS5850288,D,S,T,2024-08-27,1000000.00,3.760219,102.203125
09:32:51,91282CLD1,TSRYS5850288,D,S,T,2024-08-27,1000000.00,3.760219,102.203125
09:32:51,91282CLD1,TSRYS5850288,D,S,T,2024-08-27,1000000.00,3.760219,102.203125
09:32:51,91282CLD1,TSRYS5850288,D,B,C,2024-08-27,1000000.00,3.759581,102.20703125
09:32:51,91282CLD1,TSRYS5850288,D,S,C,2024-08-27,1000000.00,3.760219,102.203125
09:32:51,91282CLD1,TSRYS5850288,D,S,C,2024-08-27,1000000.00,3.759581,102.20703125
09:32:52,91282CLD1,TSRYS5850288,D,B,C,2024-08-27,1000000.00,3.7599,102.205078125
09:32:52,91282CLD1,TSRYS5850288,D,S,C,2024-08-27,1000000.00,3.7599,102.205078125
09:32:53,91282CLD1,TSRYS5850288,D,S,D,2024-08-27,1000000.00,3.760219,102.203125
09:32:53,91282CLD1,TSRYS5850288,D,S,D,2024-08-27,1000000.00,3.760219,102.203125
09:32:54,91282CLD1,TSRYS5850288,D,S,T,2024-08-27,1000000.00,3.760219,102.203125
09:32:54,91282CLD1,TSRYS5850288,D,B,C,2024-08-27,1000000.00,3.7599,102.20507812
09:32:54,91282CLD1,TSRYS5850288,D,S,T,2024-08-27,2000000.00,3.760219,102.203125
09:32:54,91282CLD1,TSRYS5850288,D,S,T,2024-08-27,1000000.00,3.760219,102.203125
09:32:54,91282CLD1,TSRYS5850288,D,S,T,2024-08-27,1000000.00,3.760219,102.203125
09:32:55,91282CLD1,TSRYS5850288,D,S,T,2024-08-27,1000000.00,3.760219,102.203125
09:32:56,91282CLD1,TSRYS5850288,D,S,T,2024-08-27,25550000.00,3.762132,102.19140625
09:32:56,91282CLD1,TSRYS5850288,D,S,T,2024-08-27,1000000.00,3.760219,102.203125
09:32:59,91282CLD1,TSRYS5850288,D,S,T,2024-08-27,1000000.00,3.757986,102.21679687
09:32:59,91282CLD1,TSRYS5850288,D,S,T,2024-08-27,1000000.00,3.760219,102.203125
09:33:01,91282CLD1,TSRYS5850288,D,S,C,2024-08-27,1000000.00,3.757667,102.21875
09:33:01,91282CLD1,TSRYS5850288,D,S,D,2024-08-27,1000000.00,3.757667,102.21875
09:33:01,91282CLD1,TSRYS5850288,D,S,D,2024-08-27,2000000.00,3.757667,102.21875
09:33:01,91282CLD1,TSRYS5850288,D,S,D,2024-08-27,1000000.00,3.757667,102.21875
09:33:01,91282CLD1,TSRYS5850288,D,S,C,2024-08-27,1000000.00,3.758943,102.2109375
09:33:01,91282CLD1,TSRYS5850288,D,B,C,2024-08-27,1000000.00,3.758943,102.2109375
09:33:01,91282CLD1,TSRYS5850288,D,B,C,2024-08-27,2000000.00,3.7599,102.20507812
09:33:04,91282CLD1,TSRYS5850288,D,S,T,2024-08-27,1000000.00,3.760219,102.203125
09:33:08,91282CLD1,TSRYS5850288,D,S,T,2024-08-27,1000000.00,3.757986,102.21679687
09:33:08,91282CLD1,TSRYS5850288,D,S,T,2024-08-27,1000000.00,3.757986,102.21679687
09:33:11,91282CLD1,TSRYS5850288,D,S,T,2024-08-27,1000000.00,3.757986,102.21679687
09:33:11,91282CLD1,TSRYS5850288,D,S,D,2024-08-27,1000000.00,3.757986,102.21679687
09:33:11,91282CLD1,TSRYS5850288,D,S,D,2024-08-27,1000000.00,3.757986,102.21679687
09:33:13,91282CLD1,TSRYS5850288,D,B,C,2024-08-27,1000000.00,3.757986,102.21679687
09:33:13,91282CLD1,TSRYS5850288,D,S,D,2024-08-27,1000000.00,3.757986,102.21679687
09:33:15,91282CLD1,TSRYS5850288,D,S,T,2024-08-27,40000.00,3.762132,102.19140625
09:33:16,91282CLD1,TSRYS5850288,D,S,T,2024-08-27,11690000.00,3.762132,102.19140625
09:33:16,91282CLD1,TSRYS5850288,D,S,D,2024-08-27,1000000.00,3.763089,102.18554687
09:33:16,91282CLD1,TSRYS5850288,D,S,C,2024-08-27,1000000.00,3.757986,102.21679687
09:33:16,91282CLD1,TSRYS5850288,D,S,D,2024-08-27,1000000.00,3.760537,102.20117187
09:33:16,91282CLD1,TSRYS5850288,D,B,C,2024-08-27,3000000.00,3.760537,102.20117187
09:33:23,91282CLD1,TSRYS5850288,D,B,C,2024-08-27,1250000.00,3.758943,102.2109375
09:33:25,91282CLD1,TSRYS5850288,D,B,C,2024-08-27,1000000.00,3.759581,102.20703125
09:33:25,91282CLD1,TSRYS5850288,D,S,C,2024-08-27,1000000.00,3.759581,102.20703125
09:33:27,91282CLD1,TSRYS5850288,D,S,D,2024-08-27,74700000.00,3.763505,102.183
09:33:30,91282CLD1,TSRYS5850288,D,S,D,2024-08-27,1000000.00,3.757986,102.21679687
09:33:33,91282CLD1,TSRYS5850288,D,S,D,2024-08-27,1000000.00,3.760219,102.203125
09:33:33,91282CLD1,TSRYS5850288,D,B,C,2024-08-27,1000000.00,3.760243,102.202975
09:33:33,91282CLD1,TSRYS5850288,D,B,C,2024-08-27,1000000.00,3.760243,102.202975
09:33:33,91282CLD1,TSRYS5850288,D,B,C,2024-08-27,1000000.00,3.760243,102.202975
09:33:33,91282CLD1,TSRYS5850288,D,S,C,2024-08-27,1000000.00,3.760219,102.203125
09:33:33,91282CLD1,TSRYS5850288,D,S,D,2024-08-27,1000000.00,3.760219,102.203125
09:33:33,91282CLD1,TSRYS5850288,D,S,D,2024-08-27,1000000.00,3.760219,102.203125
09:33:33,91282CLD1,TSRYS5850288,D,B,C,2024-08-27,1000000.00,3.760243,102.202975
09:33:33,91282CLD1,TSRYS5850288,D,S,D,2024-08-27,1000000.00,3.760219,102.203125
09:33:33,91282CLD1,TSRYS5850288,D,S,D,2024-08-27,150MM+,3.76277,102.1875
09:33:33,91282CLD1,TSRYS5850288,D,S,C,2024-08-27,3000000.00,3.760194,102.203275
09:33:33,91282CLD1,TSRYS5850288,D,S,D,2024-08-27,4000000.00,3.760219,102.203125
09:33:34,91282CLD1,TSRYS5850288,D,S,D,2024-08-27,1000000.00,3.760219,102.203125
09:33:34,91282CLD1,TSRYS5850288,D,B,C,2024-08-27,150MM+,3.76277,102.1875
09:33:34,91282CLD1,TSRYS5850288,D,S,D,2024-08-27,2000000.00,3.760219,102.203125
09:33:34,91282CLD1,TSRYS5850288,D,S,D,2024-08-27,8165000.00,3.759581,102.20703125
09:33:39,91282CLD1,TSRYS5850288,D,S,D,2024-08-27,1000000.00,3.757986,102.21679687
09:33:39,91282CLD1,TSRYS5850288,D,B,C,2024-08-27,2000000.00,3.757986,102.21679687
09:33:41,91282CLD1,TSRYS5850288,D,B,C,2024-08-27,3000000.00,3.757986,102.21679687
09:33:41,91282CLD1,TSRYS5850288,D,B,C,2024-08-27,2000000.00,3.757667,102.21875
09:33:41,91282CLD1,TSRYS5850288,D,S,D,2024-08-27,1000000.00,3.757986,102.21679687
09:33:41,91282CLD1,TSRYS5850288,D,S,D,2024-08-27,1000000.00,3.757986,102.21679687
09:33:44,91282CLD1,TSRYS5850288,D,B,C,2024-08-27,2000000.00,3.757667,102.21875
09:33:44,91282CLD1,TSRYS5850288,D,S,D,2024-08-27,1000000.00,3.757986,102.21679687
09:33:44,91282CLD1,TSRYS5850288,D,B,C,2024-08-27,1000000.00,3.757667,102.21875
09:33:45,91282CLD1,TSRYS5850288,D,S,T,2024-08-27,1000000.00,3.760219,102.203125
09:33:46,91282CLD1,TSRYS5850288,D,S,T,2024-08-27,1000000.00,3.761494,102.1953125
09:33:46,91282CLD1,TSRYS5850288,D,S,T,2024-08-27,1000000.00,3.760856,102.19921875
09:33:47,91282CLD1,TSRYS5850288,D,S,C,2024-08-27,1000000.00,3.760856,102.19921875
09:33:47,91282CLD1,TSRYS5850288,D,S,D,2024-08-27,1000000.00,3.757986,102.21679687
09:33:47,91282CLD1,TSRYS5850288,D,B,C,2024-08-27,1000000.00,3.757667,102.21875
09:33:47,91282CLD1,TSRYS5850288,D,B,C,2024-08-27,1000000.00,3.757667,102.21875
09:33:47,91282CLD1,TSRYS5850288,D,B,C,2024-08-27,1000000.00,3.760856,102.19921875
09:33:47,91282CLD1,TSRYS5850288,D,B,C,2024-08-27,1000000.00,3.757667,102.21875
09:33:47,91282CLD1,TSRYS5850288,D,B,C,2024-08-27,1000000.00,3.757667,102.21875
09:33:47,91282CLD1,TSRYS5850288,D,S,C,2024-08-27,1000000.00,3.760856,102.19921875
09:33:48,91282CLD1,TSRYS5850288,D,B,C,2024-08-27,2000000.00,3.760243,102.202975
09:33:48,91282CLD1,TSRYS5850288,D,B,C,2024-08-27,1000000.00,3.760243,102.202975
09:33:48,91282CLD1,TSRYS5850288,D,S,D,2024-08-27,1000000.00,3.760219,102.203125
09:33:48,91282CLD1,TSRYS5850288,D,S,D,2024-08-27,2000000.00,3.760219,102.203125
09:33:48,91282CLD1,TSRYS5850288,D,S,D,2024-08-27,1000000.00,3.760219,102.203125
09:33:49,91282CLD1,TSRYS5850288,D,S,C,2024-08-27,1000000.00,3.760194,102.203275
09:33:49,91282CLD1,TSRYS5850288,D,S,C,2024-08-27,1000000.00,3.760194,102.203275
09:33:49,91282CLD1,TSRYS5850288,D,S,C,2024-08-27,1000000.00,3.760194,102.203275
09:33:49,91282CLD1,TSRYS5850288,D,S,C,2024-08-27,1000000.00,3.760194,102.203275
09:33:49,91282CLD1,TSRYS5850288,D,S,T,2024-08-27,1000000.00,3.757986,102.21679687
09:33:49,91282CLD1,TSRYS5850288,D,S,D,2024-08-27,1000000.00,3.763089,102.18554687
09:33:51,91282CLD1,TSRYS5850288,D,B,C,2024-08-27,1000000.00,3.761175,102.197265625
09:33:51,91282CLD1,TSRYS5850288,D,S,C,2024-08-27,1000000.00,3.761175,102.197265625
09:33:52,91282CLD1,TSRYS5850288,D,S,D,2024-08-27,1250000.00,3.758943,102.2109375
09:33:56,91282CLD1,TSRYS5850288,D,S,T,2024-08-27,1000000.00,3.757986,102.21679687
09:33:58,91282CLD1,TSRYS5850288,D,S,T,2024-08-27,1000000.00,3.757986,102.21679687
09:33:58,91282CLD1,TSRYS5850288,D,S,C,2024-08-27,1000000.00,3.757667,102.21875
09:34:02,91282CLD1,TSRYS5850288,D,S,D,2024-08-27,49000000.00,3.757938,102.21709
09:34:04,91282CLD1,TSRYS5850288,D,B,C,2024-08-27,1000000.00,3.758967,102.2107875
09:34:04,91282CLD1,TSRYS5850288,D,S,D,2024-08-27,1000000.00,3.758943,102.2109375
09:34:04,91282CLD1,TSRYS5850288,D,B,C,2024-08-27,1000000.00,3.758967,102.2107875
09:34:04,91282CLD1,TSRYS5850288,D,S,D,2024-08-27,1000000.00,3.758943,102.2109375
09:34:04,91282CLD1,TSRYS5850288,D,B,C,2024-08-27,1000000.00,3.758967,102.2107875
09:34:04,91282CLD1,TSRYS5850288,D,S,C,2024-08-27,1000000.00,3.758943,102.2109375
09:34:05,91282CLD1,TSRYS5850288,D,S,D,2024-08-27,1000000.00,3.757986,102.21679687
09:34:06,91282CLD1,TSRYS5850288,D,S,D,2024-08-27,1000000.00,3.763089,102.18554687
09:34:08,91282CLD1,TSRYS5850288,D,S,D,2024-08-27,1000000.00,3.7599,102.20507812
09:34:08,91282CLD1,TSRYS5850288,D,S,C,2024-08-27,1000000.00,3.7599,102.20507812
09:34:09,91282CLD1,TSRYS5850288,D,S,C,2024-08-27,16000000.00,3.761083,102.19783
09:34:09,91282CLD1,TSRYS5850288,D,S,D,2024-08-27,1000000.00,3.761813,102.193359375
09:34:09,91282CLD1,TSRYS5850288,D,S,D,2024-08-27,1000000.00,3.761813,102.193359375
09:34:10,91282CLD1,TSRYS5850288,D,S,D,2024-08-27,1000000.00,3.7599,102.20507812
09:34:17,91282CLD1,TSRYS5850288,D,S,D,2024-08-27,1000000.00,3.761813,102.193359375
09:34:17,91282CLD1,TSRYS5850288,D,S,D,2024-08-27,1000000.00,3.761813,102.193359375
09:34:20,91282CLD1,TSRYS5850288,D,S,D,2024-08-27,1000000.00,3.757986,102.21679687
09:34:20,91282CLD1,TSRYS5850288,D,S,D,2024-08-27,1000000.00,3.757986,102.21679687
09:34:21,91282CLD1,TSRYS5850288,D,S,C,2024-08-27,1000000.00,3.760219,102.203125
09:34:22,91282CLD1,TSRYS5850288,D,B,C,2024-08-27,1000000.00,3.761494,102.1953125
09:34:22,91282CLD1,TSRYS5850288,D,S,C,2024-08-27,1000000.00,3.761494,102.1953125
09:34:33,91282CLD1,TSRYS5850288,D,S,C,2024-08-27,1000000.00,3.760219,102.203125
09:34:33,91282CLD1,TSRYS5850288,D,S,C,2024-08-27,1000000.00,3.761494,102.1953125
09:34:35,91282CLD1,TSRYS5850288,D,S,D,2024-08-27,39000000.00,3.760032,102.20427
09:34:37,91282CLD1,TSRYS5850288,D,S,T,2024-08-27,1000000.00,3.761813,102.19335937
09:34:37,91282CLD1,TSRYS5850288,D,S,A,2024-08-27,47500000.00,3.8344,101.75
09:34:37,91282CLD1,TSRYS5850288,D,S,D,2024-08-27,1000000.00,3.761813,102.19335937
09:34:38,91282CLD1,TSRYS5850288,D,S,C,2024-08-27,1000000.00,3.761813,102.19335937
09:34:38,91282CLD1,TSRYS5850288,D,S,T,2024-08-27,1000000.00,3.758943,102.2109375
09:34:38,91282CLD1,TSRYS5850288,D,S,C,2024-08-27,1000000.00,3.761813,102.19335937
09:34:42,91282CLD1,TSRYS5850288,D,S,D,2024-08-27,1000000.00,3.761813,102.19335937
09:34:42,91282CLD1,TSRYS5850288,D,S,D,2024-08-27,2000000.00,3.761813,102.19335937
09:34:43,91282CLD1,TSRYS5850288,D,S,D,2024-08-27,1000000.00,3.761813,102.19335937
09:34:45,91282CLD1,TSRYS5850288,D,S,T,2024-08-27,1000000.00,3.761813,102.19335937
09:34:45,91282CLD1,TSRYS5850288,D,S,C,2024-08-27,1000000.00,3.761813,102.19335937
09:34:45,91282CLD1,TSRYS5850288,D,S,D,2024-08-27,1000000.00,3.761813,102.19335937
09:34:47,91282CLD1,TSRYS5850288,D,S,D,2024-08-27,1000000.00,3.760537,102.201171875
09:34:47,91282CLD1,TSRYS5850288,D,S,D,2024-08-27,1000000.00,3.760537,102.201171875
09:34:48,91282CLD1,TSRYS5850288,D,B,C,2024-08-27,3000000.00,3.761519,102.1951625
09:34:48,91282CLD1,TSRYS5850288,D,S,D,2024-08-27,1000000.00,3.760219,102.203125
09:34:49,91282CLD1,TSRYS5850288,D,S,C,2024-08-27,1000000.00,3.761813,102.19335937
09:34:49,91282CLD1,TSRYS5850288,D,B,C,2024-08-27,1000000.00,3.757667,102.21875
09:34:52,91282CLD1,TSRYS5850288,D,S,T,2024-08-27,1000000.00,3.760219,102.203125
09:34:52,91282CLD1,TSRYS5850288,D,S,C,2024-08-27,2000000.00,3.760219,102.203125
09:34:58,91282CLD1,TSRYS5850288,D,B,C,2024-08-27,6500000.00,3.759581,102.20703125
09:34:59,91282CLD1,TSRYS5850288,D,S,C,2024-08-27,1000000.00,3.761813,102.19335937
09:35:02,91282CLD1,TSRYS5850288,D,B,C,2024-08-27,1000000.00,3.759262,102.208984375
09:35:02,91282CLD1,TSRYS5850288,D,S,C,2024-08-27,1000000.00,3.759262,102.208984375
09:35:06,91282CLD1,TSRYS5850288,D,S,D,2024-08-27,3000000.00,3.761494,102.1953125
09:35:06,91282CLD1,TSRYS5850288,D,B,C,2024-08-27,1000000.00,3.758943,102.2109375
09:35:07,91282CLD1,TSRYS5850288,D,S,C,2024-08-27,1000000.00,3.758943,102.2109375
09:35:07,91282CLD1,TSRYS5850288,D,S,C,2024-08-27,1000000.00,3.758943,102.2109375
09:35:07,91282CLD1,TSRYS5850288,D,S,D,2024-08-27,1000000.00,3.757667,102.21875
09:35:09,91282CLD1,TSRYS5850288,D,S,D,2024-08-27,1000000.00,3.758305,102.21484375
09:35:10,91282CLD1,TSRYS5850288,D,B,C,2024-08-27,1000000.00,3.758305,102.21484375
09:35:11,91282CLD1,TSRYS5850288,D,S,D,2024-08-27,1000000.00,3.758305,102.21484375
09:35:14,91282CLD1,TSRYS5850288,D,S,D,2024-08-27,1000000.00,3.757667,102.21875
09:35:14,91282CLD1,TSRYS5850288,D,S,D,2024-08-27,1000000.00,3.758305,102.21484375
09:35:14,91282CLD1,TSRYS5850288,D,B,C,2024-08-27,1000000.00,3.758305,102.21484375
09:35:14,91282CLD1,TSRYS5850288,D,S,D,2024-08-27,1000000.00,3.757667,102.21875
09:35:14,91282CLD1,TSRYS5850288,D,S,D,2024-08-27,1000000.00,3.757667,102.21875
09:35:14,91282CLD1,TSRYS5850288,D,S,D,2024-08-27,1000000.00,3.757667,102.21875
09:35:14,91282CLD1,TSRYS5850288,D,S,D,2024-08-27,1000000.00,3.757667,102.21875
09:35:15,91282CLD1,TSRYS5850288,D,S,T,2024-08-27,1000000.00,3.758943,102.2109375
09:35:15,91282CLD1,TSRYS5850288,D,S,D,2024-08-27,1000000.00,3.758305,102.21484375
09:35:20,91282CLD1,TSRYS5850288,D,S,D,2024-08-27,1000000.00,3.758305,102.21484375
09:35:20,91282CLD1,TSRYS5850288,D,S,D,2024-08-27,2000000.00,3.758305,102.21484375
09:35:22,91282CLD1,TSRYS5850288,D,S,D,2024-08-27,1000000.00,3.758305,102.21484375
09:35:22,91282CLD1,TSRYS5850288,D,S,D,2024-08-27,1000000.00,3.758305,102.21484375
09:35:23,91282CLD1,TSRYS5850288,D,B,C,2024-08-27,1000000.00,3.758305,102.21484375
09:35:23,91282CLD1,TSRYS5850288,D,S,D,2024-08-27,1000000.00,3.758305,102.21484375
09:35:23,91282CLD1,TSRYS5850288,D,S,T,2024-08-27,1000000.00,3.758943,102.2109375
09:35:23,91282CLD1,TSRYS5850288,D,S,T,2024-08-27,1000000.00,3.758943,102.2109375
09:35:25,91282CLD1,TSRYS5850288,D,S,D,2024-08-27,1000000.00,3.760267,102.2028306515
09:35:28,91282CLD1,TSRYS5850288,D,S,T,2024-08-27,1000000.00,3.758943,102.2109375
09:35:30,91282CLD1,TSRYS5850288,D,S,C,2024-08-27,1000000.00,3.758305,102.21484375
09:35:31,91282CLD1,TSRYS5850288,D,S,C,2024-08-27,1000000.00,3.758305,102.21484375
09:35:35,91282CLD1,TSRYS5850288,D,S,T,2024-08-27,9200000.00,3.762132,102.19140625
09:35:36,91282CLD1,TSRYS5850288,D,B,C,2024-08-27,1000000.00,3.758305,102.21484375
09:35:38,91282CLD1,TSRYS5850288,D,B,C,2024-08-27,1000000.00,3.758305,102.21484375
09:35:40,91282CLD1,TSRYS5850288,D,B,C,2024-08-27,1000000.00,3.758305,102.21484375
09:35:40,91282CLD1,TSRYS5850288,D,B,C,2024-08-27,1000000.00,3.758305,102.21484375
09:35:40,91282CLD1,TSRYS5850288,D,S,C,2024-08-27,1000000.00,3.761813,102.19335937
09:35:42,91282CLD1,TSRYS5850288,D,S,T,2024-08-27,1000000.00,3.761813,102.19335937
09:35:42,91282CLD1,TSRYS5850288,D,S,T,2024-08-27,1000000.00,3.761813,102.19335937
09:35:43,91282CLD1,TSRYS5850288,D,S,D,2024-08-27,1000000.00,3.761813,102.19335937
09:35:44,91282CLD1,TSRYS5850288,D,S,D,2024-08-27,1000000.00,3.760267,102.2028306515
09:35:45,91282CLD1,TSRYS5850288,D,S,D,2024-08-27,1000000.00,3.761813,102.19335937
09:35:45,91282CLD1,TSRYS5850288,D,S,C,2024-08-27,2000000.00,3.761813,102.19335937
09:35:47,91282CLD1,TSRYS5850288,D,S,D,2024-08-27,1000000.00,3.761813,102.19335937
09:35:54,91282CLD1,TSRYS5850288,D,S,D,2024-08-27,1000000.00,3.760267,102.2028306515
09:35:56,91282CLD1,TSRYS5850288,D,S,T,2024-08-27,1000000.00,3.757667,102.21875
09:35:56,91282CLD1,TSRYS5850288,D,S,C,2024-08-27,1000000.00,3.757667,102.21875
09:35:56,91282CLD1,TSRYS5850288,D,S,D,2024-08-27,1000000.00,3.757986,102.216796875
09:35:56,91282CLD1,TSRYS5850288,D,S,C,2024-08-27,1000000.00,3.757986,102.216796875
09:36:00,91282CLD1,TSRYS5850288,D,B,C,2024-08-27,1000000.00,3.75703,102.22265625
09:36:00,91282CLD1,TSRYS5850288,D,S,C,2024-08-27,1000000.00,3.75703,102.22265625
09:36:01,91282CLD1,TSRYS5850288,D,S,C,2024-08-27,1000000.00,3.75703,102.22265625
09:36:02,91282CLD1,TSRYS5850288,D,S,T,2024-08-27,1000000.00,3.75703,102.22265625
09:36:02,91282CLD1,TSRYS5850288,D,B,C,2024-08-27,1000000.00,3.758943,102.2109375
09:36:02,91282CLD1,TSRYS5850288,D,S,C,2024-08-27,1000000.00,3.758943,102.2109375
09:36:02,91282CLD1,TSRYS5850288,D,S,D,2024-08-27,1000000.00,3.758943,102.2109375
09:36:02,91282CLD1,TSRYS5850288,D,S,D,2024-08-27,25000000.00,3.761519,102.19516
09:36:03,91282CLD1,TSRYS5850288,D,S,T,2024-08-27,1000000.00,3.756392,102.2265625
09:36:04,91282CLD1,TSRYS5850288,D,S,C,2024-08-27,1000000.00,3.756392,102.2265625
09:36:04,91282CLD1,TSRYS5850288,D,S,T,2024-08-27,1000000.00,3.756392,102.2265625
09:36:04,91282CLD1,TSRYS5850288,D,S,T,2024-08-27,1000000.00,3.756392,102.2265625
09:36:04,91282CLD1,TSRYS5850288,D,B,C,2024-08-27,1000000.00,3.756392,102.2265625
09:36:04,91282CLD1,TSRYS5850288,D,S,C,2024-08-27,1000000.00,3.756392,102.2265625
09:36:04,91282CLD1,TSRYS5850288,D,S,C,2024-08-27,1000000.00,3.756392,102.2265625
09:36:05,91282CLD1,TSRYS5850288,D,S,T,2024-08-27,1000000.00,3.756711,102.224609375
09:36:05,91282CLD1,TSRYS5850288,D,S,T,2024-08-27,1000000.00,3.756711,102.224609375
09:36:05,91282CLD1,TSRYS5850288,D,S,C,2024-08-27,1000000.00,3.756711,102.224609375
09:36:05,91282CLD1,TSRYS5850288,D,S,C,2024-08-27,1000000.00,3.756711,102.224609375
09:36:06,91282CLD1,TSRYS5850288,D,S,T,2024-08-27,1000000.00,3.756711,102.224609375
09:36:06,91282CLD1,TSRYS5850288,D,S,T,2024-08-27,1000000.00,3.756711,102.224609375
09:36:06,91282CLD1,TSRYS5850288,D,S,C,2024-08-27,76000000.00,3.758943,102.2109375
09:36:06,91282CLD1,TSRYS5850288,D,S,D,2024-08-27,74700000.00,3.76375,102.1815
09:36:09,91282CLD1,TSRYS5850288,D,S,D,2024-08-27,1000000.00,3.757986,102.21679687
09:36:09,91282CLD1,TSRYS5850288,D,S,D,2024-08-27,1000000.00,3.757986,102.21679687
09:36:10,91282CLD1,TSRYS5850288,D,S,T,2024-08-27,1000000.00,3.756392,102.2265625
09:36:11,91282CLD1,TSRYS5850288,D,S,T,2024-08-27,1000000.00,3.756392,102.2265625
09:36:11,91282CLD1,TSRYS5850288,D,S,C,2024-08-27,1000000.00,3.756711,102.224609375
09:36:11,91282CLD1,TSRYS5850288,D,S,C,2024-08-27,1000000.00,3.756711,102.224609375
09:36:11,91282CLD1,TSRYS5850288,D,S,D,2024-08-27,1000000.00,3.757986,102.21679687
09:36:11,91282CLD1,TSRYS5850288,D,S,D,2024-08-27,1000000.00,3.757986,102.21679687
09:36:13,91282CLD1,TSRYS5850288,D,S,C,2024-08-27,1000000.00,3.756392,102.2265625
09:36:15,91282CLD1,TSRYS5850288,D,S,C,2024-08-27,1000000.00,3.756392,102.2265625
09:36:20,91282CLD1,TSRYS5850288,D,S,D,2024-08-27,1000000.00,3.758943,102.2109375
09:36:20,91282CLD1,TSRYS5850288,D,S,D,2024-08-27,1000000.00,3.758943,102.2109375
09:36:25,91282CLD1,TSRYS5850288,D,S,T,2024-08-27,1000000.00,3.756392,102.2265625
09:36:33,91282CLD1,TSRYS5850288,D,B,C,2024-08-27,5000000.00,3.756711,102.224609375
09:36:33,91282CLD1,TSRYS5850288,D,S,D,2024-08-27,5000000.00,3.756711,102.224609375
09:36:33,91282CLD1,TSRYS5850288,D,B,C,2024-08-27,3000000.00,3.756392,102.2265625
09:36:33,91282CLD1,TSRYS5850288,D,B,C,2024-08-27,2000000.00,3.756392,102.2265625
09:36:33,91282CLD1,TSRYS5850288,D,S,D,2024-08-27,5000000.00,3.756392,102.2265625
09:36:34,91282CLD1,TSRYS5850288,D,S,D,2024-08-27,1000000.00,3.756711,102.224609375
09:36:34,91282CLD1,TSRYS5850288,D,B,C,2024-08-27,1000000.00,3.758943,102.2109375
09:36:34,91282CLD1,TSRYS5850288,D,S,D,2024-08-27,1000000.00,3.758943,102.2109375
09:36:34,91282CLD1,TSRYS5850288,D,S,C,2024-08-27,1000000.00,3.758943,102.2109375
09:36:34,91282CLD1,TSRYS5850288,D,B,C,2024-08-27,1000000.00,3.758967,102.2107875
09:36:36,91282CLD1,TSRYS5850288,D,S,C,2024-08-27,2000000.00,3.757349,102.220703125
09:36:36,91282CLD1,TSRYS5850288,D,S,T,2024-08-27,1000000.00,3.757684,102.21865
09:36:36,91282CLD1,TSRYS5850288,D,S,T,2024-08-27,1000000.00,3.758003,102.216696875
09:36:36,91282CLD1,TSRYS5850288,D,S,C,2024-08-27,1000000.00,3.756711,102.224609375
09:36:36,91282CLD1,TSRYS5850288,D,S,D,2024-08-27,1000000.00,3.757667,102.21875
09:36:36,91282CLD1,TSRYS5850288,D,S,T,2024-08-27,1000000.00,3.757667,102.21875
09:36:36,91282CLD1,TSRYS5850288,D,S,D,2024-08-27,1000000.00,3.757986,102.216796875
09:36:36,91282CLD1,TSRYS5850288,D,S,D,2024-08-27,1000000.00,3.757643,102.2189
09:36:37,91282CLD1,TSRYS5850288,D,S,D,2024-08-27,1000000.00,3.757643,102.2189
09:36:37,91282CLD1,TSRYS5850288,D,S,D,2024-08-27,1000000.00,3.757986,102.21679687
09:36:39,91282CLD1,TSRYS5850288,D,S,T,2024-08-27,1000000.00,3.757667,102.21875
09:36:39,91282CLD1,TSRYS5850288,D,S,T,2024-08-27,1000000.00,3.757667,102.21875
09:36:39,91282CLD1,TSRYS5850288,D,S,T,2024-08-27,1000000.00,3.757667,102.21875
09:36:39,91282CLD1,TSRYS5850288,D,S,T,2024-08-27,1000000.00,3.757667,102.21875
09:36:39,91282CLD1,TSRYS5850288,D,S,T,2024-08-27,1000000.00,3.757667,102.21875
09:36:39,91282CLD1,TSRYS5850288,D,S,T,2024-08-27,1000000.00,3.757667,102.21875
09:36:39,91282CLD1,TSRYS5850288,D,S,T,2024-08-27,1000000.00,3.757667,102.21875
09:36:39,91282CLD1,TSRYS5850288,D,S,C,2024-08-27,1000000.00,3.756711,102.224609375
09:36:39,91282CLD1,TSRYS5850288,D,B,C,2024-08-27,1000000.00,3.757667,102.21875
09:36:39,91282CLD1,TSRYS5850288,D,S,T,2024-08-27,1000000.00,3.757667,102.21875
09:36:39,91282CLD1,TSRYS5850288,D,S,D,2024-08-27,1000000.00,3.757643,102.2189
09:36:39,91282CLD1,TSRYS5850288,D,S,T,2024-08-27,3000000.00,3.757667,102.21875
09:36:39,91282CLD1,TSRYS5850288,D,S,T,2024-08-27,1000000.00,3.757667,102.21875
09:36:39,91282CLD1,TSRYS5850288,D,S,D,2024-08-27,1000000.00,3.757643,102.2189
09:36:40,91282CLD1,TSRYS5850288,D,S,D,2024-08-27,1000000.00,3.757643,102.2189
09:36:40,91282CLD1,TSRYS5850288,D,S,D,2024-08-27,3000000.00,3.757643,102.2189
09:36:40,91282CLD1,TSRYS5850288,D,S,D,2024-08-27,1000000.00,3.757643,102.2189
09:36:40,91282CLD1,TSRYS5850288,D,S,D,2024-08-27,2000000.00,3.757643,102.2189
09:36:40,91282CLD1,TSRYS5850288,D,B,C,2024-08-27,1000000.00,3.757667,102.21875
09:36:41,91282CLD1,TSRYS5850288,D,S,D,2024-08-27,1000000.00,3.757667,102.21875
09:36:41,91282CLD1,TSRYS5850288,D,S,D,2024-08-27,1000000.00,3.757643,102.2189
09:36:41,91282CLD1,TSRYS5850288,D,S,D,2024-08-27,1000000.00,3.757667,102.21875
09:36:41,91282CLD1,TSRYS5850288,D,B,C,2024-08-27,1000000.00,3.757667,102.21875
09:36:41,91282CLD1,TSRYS5850288,D,S,D,2024-08-27,1000000.00,3.757667,102.21875
09:36:41,91282CLD1,TSRYS5850288,D,S,D,2024-08-27,1000000.00,3.757667,102.21875
09:36:41,91282CLD1,TSRYS5850288,D,B,C,2024-08-27,1000000.00,3.757667,102.21875
09:36:41,91282CLD1,TSRYS5850288,D,S,D,2024-08-27,1000000.00,3.757643,102.2189
09:36:42,91282CLD1,TSRYS5850288,D,S,D,2024-08-27,2000000.00,3.758305,102.21484375
09:36:43,91282CLD1,TSRYS5850288,D,S,C,2024-08-27,1000000.00,3.757349,102.220703125
09:36:43,91282CLD1,TSRYS5850288,D,S,D,2024-08-27,1000000.00,3.757349,102.220703125
09:36:43,91282CLD1,TSRYS5850288,D,S,T,2024-08-27,1000000.00,3.757667,102.21875
09:36:44,91282CLD1,TSRYS5850288,D,S,T,2024-08-27,1000000.00,3.757684,102.21865
09:36:44,91282CLD1,TSRYS5850288,D,S,T,2024-08-27,1000000.00,3.758003,102.216696875
09:36:44,91282CLD1,TSRYS5850288,D,S,T,2024-08-27,1000000.00,3.757667,102.21875
09:36:44,91282CLD1,TSRYS5850288,D,S,D,2024-08-27,1000000.00,3.757667,102.21875
09:36:44,91282CLD1,TSRYS5850288,D,S,D,2024-08-27,2000000.00,3.757667,102.21875
09:36:44,91282CLD1,TSRYS5850288,D,S,D,2024-08-27,1000000.00,3.757986,102.216796875
09:36:44,91282CLD1,TSRYS5850288,D,S,T,2024-08-27,1000000.00,3.757667,102.21875
09:36:44,91282CLD1,TSRYS5850288,D,S,T,2024-08-27,1000000.00,3.757667,102.21875
09:36:44,91282CLD1,TSRYS5850288,D,S,T,2024-08-27,1000000.00,3.757667,102.21875
09:36:44,91282CLD1,TSRYS5850288,D,S,T,2024-08-27,1000000.00,3.757667,102.21875
09:36:44,91282CLD1,TSRYS5850288,D,S,T,2024-08-27,1000000.00,3.757667,102.21875
09:36:44,91282CLD1,TSRYS5850288,D,S,T,2024-08-27,1000000.00,3.757667,102.21875
09:36:44,91282CLD1,TSRYS5850288,D,S,T,2024-08-27,1000000.00,3.757667,102.21875
09:36:45,91282CLD1,TSRYS5850288,D,S,D,2024-08-27,9888000.00,3.757667,102.21875
09:36:45,91282CLD1,TSRYS5850288,D,S,T,2024-08-27,1000000.00,3.757667,102.21875
09:36:45,91282CLD1,TSRYS5850288,D,S,T,2024-08-27,2000000.00,3.757667,102.21875
09:36:46,91282CLD1,TSRYS5850288,D,S,T,2024-08-27,6000000.00,3.757667,102.21875
09:36:46,91282CLD1,TSRYS5850288,D,S,T,2024-08-27,1000000.00,3.757667,102.21875
09:36:46,91282CLD1,TSRYS5850288,D,B,C,2024-08-27,78000000.00,3.751072,102.25916
09:36:46,91282CLD1,TSRYS5850288,D,S,T,2024-08-27,1000000.00,3.758943,102.2109375
09:36:46,91282CLD1,TSRYS5850288,D,S,T,2024-08-27,1000000.00,3.760219,102.203125
09:36:46,91282CLD1,TSRYS5850288,D,S,T,2024-08-27,1000000.00,3.760219,102.203125
09:36:48,91282CLD1,TSRYS5850288,D,S,D,2024-08-27,1000000.00,3.757667,102.21875
09:36:48,91282CLD1,TSRYS5850288,D,S,D,2024-08-27,1000000.00,3.757667,102.21875
09:36:48,91282CLD1,TSRYS5850288,D,B,C,2024-08-27,1000000.00,3.757667,102.21875
09:36:48,91282CLD1,TSRYS5850288,D,S,D,2024-08-27,1000000.00,3.757667,102.21875
09:36:49,91282CLD1,TSRYS5850288,D,S,D,2024-08-27,1000000.00,3.757667,102.21875
09:36:49,91282CLD1,TSRYS5850288,D,S,C,2024-08-27,1000000.00,3.757986,102.216796875
09:36:49,91282CLD1,TSRYS5850288,D,B,C,2024-08-27,1000000.00,3.757986,102.216796875
09:36:49,91282CLD1,TSRYS5850288,D,S,C,2024-08-27,1000000.00,3.756392,102.2265625
09:36:49,91282CLD1,TSRYS5850288,D,S,C,2024-08-27,1000000.00,3.756392,102.2265625
09:36:50,91282CLD1,TSRYS5850288,D,S,T,2024-08-27,1000000.00,3.757667,102.21875
09:36:50,91282CLD1,TSRYS5850288,D,B,C,2024-08-27,35000.00,3.75703,102.22265625
09:36:51,91282CLD1,TSRYS5850288,D,S,C,2024-08-27,1000000.00,3.758943,102.2109375
09:36:51,91282CLD1,TSRYS5850288,D,B,C,2024-08-27,1000000.00,3.758943,102.2109375
09:36:52,91282CLD1,TSRYS5850288,D,S,T,2024-08-27,1000000.00,3.760856,102.19921875
09:36:52,91282CLD1,TSRYS5850288,D,S,D,2024-08-27,1000000.00,3.760856,102.19921875
09:36:53,91282CLD1,TSRYS5850288,D,S,D,2024-08-27,1000000.00,3.760219,102.203125
09:36:53,91282CLD1,TSRYS5850288,D,B,C,2024-08-27,1000000.00,3.760219,102.203125
09:36:55,91282CLD1,TSRYS5850288,D,S,D,2024-08-27,1000000.00,3.760856,102.19921875
09:36:55,91282CLD1,TSRYS5850288,D,S,T,2024-08-27,1000000.00,3.760219,102.203125
09:36:55,91282CLD1,TSRYS5850288,D,S,T,2024-08-27,1000000.00,3.757667,102.21875
09:36:56,91282CLD1,TSRYS5850288,D,S,T,2024-08-27,1000000.00,3.757667,102.21875
09:36:57,91282CLD1,TSRYS5850288,D,B,C,2024-08-27,1000000.00,3.760537,102.201171875
09:36:57,91282CLD1,TSRYS5850288,D,S,C,2024-08-27,1000000.00,3.760537,102.201171875
09:36:57,91282CLD1,TSRYS5850288,D,S,D,2024-08-27,1000000.00,3.760856,102.19921875
09:36:57,91282CLD1,TSRYS5850288,D,S,C,2024-08-27,1000000.00,3.761494,102.1953125
09:36:57,91282CLD1,TSRYS5850288,D,S,C,2024-08-27,1000000.00,3.761494,102.1953125
09:36:57,91282CLD1,TSRYS5850288,D,S,D,2024-08-27,1000000.00,3.761494,102.1953125
09:36:59,91282CLD1,TSRYS5850288,D,S,C,2024-08-27,1000000.00,3.761494,102.1953125
09:37:00,91282CLD1,TSRYS5850288,D,S,T,2024-08-27,1000000.00,3.761494,102.1953125
09:37:00,91282CLD1,TSRYS5850288,D,S,T,2024-08-27,1000000.00,3.761494,102.1953125
09:37:01,91282CLD1,TSRYS5850288,D,S,T,2024-08-27,1000000.00,3.761494,102.1953125
09:37:01,91282CLD1,TSRYS5850288,D,S,C,2024-08-27,1000000.00,3.761494,102.1953125
09:37:03,91282CLD1,TSRYS5850288,D,S,D,2024-08-27,65000.00,3.761243,102.1968534425
09:37:04,91282CLD1,TSRYS5850288,D,S,D,2024-08-27,1000000.00,3.761494,102.1953125
09:37:06,91282CLD1,TSRYS5850288,D,S,D,2024-08-27,1000000.00,3.762132,102.19140625
09:37:06,91282CLD1,TSRYS5850288,D,S,D,2024-08-27,1000000.00,3.762132,102.19140625
09:37:06,91282CLD1,TSRYS5850288,D,S,C,2024-08-27,1000000.00,3.762132,102.19140625
09:37:06,91282CLD1,TSRYS5850288,D,S,D,2024-08-27,1000000.00,3.761494,102.1953125
09:37:06,91282CLD1,TSRYS5850288,D,S,D,2024-08-27,1000000.00,3.761494,102.1953125
09:37:06,91282CLD1,TSRYS5850288,D,S,T,2024-08-27,1000000.00,3.761494,102.1953125
09:37:06,91282CLD1,TSRYS5850288,D,S,T,2024-08-27,1000000.00,3.761494,102.1953125
09:37:06,91282CLD1,TSRYS5850288,D,S,T,2024-08-27,1000000.00,3.761494,102.1953125
09:37:06,91282CLD1,TSRYS5850288,D,S,D,2024-08-27,1000000.00,3.761494,102.1953125
09:37:06,91282CLD1,TSRYS5850288,D,S,T,2024-08-27,1000000.00,3.761494,102.1953125
09:37:07,91282CLD1,TSRYS5850288,D,B,C,2024-08-27,1000000.00,3.761494,102.1953125
09:37:08,91282CLD1,TSRYS5850288,D,S,D,2024-08-27,1000000.00,3.761494,102.1953125
09:37:09,91282CLD1,TSRYS5850288,D,S,D,2024-08-27,1000000.00,3.761494,102.1953125
09:37:09,91282CLD1,TSRYS5850288,D,B,C,2024-08-27,1000000.00,3.761527,102.1951125
09:37:09,91282CLD1,TSRYS5850288,D,S,D,2024-08-27,1000000.00,3.761494,102.1953125
09:37:09,91282CLD1,TSRYS5850288,D,S,D,2024-08-27,1000000.00,3.761494,102.1953125
09:37:12,91282CLD1,TSRYS5850288,D,S,D,2024-08-27,1000000.00,3.756711,102.22460937
09:37:14,91282CLD1,TSRYS5850288,D,S,T,2024-08-27,1000000.00,3.756711,102.22460937
09:37:15,91282CLD1,TSRYS5850288,D,S,D,2024-08-27,1000000.00,3.761494,102.1953125
09:37:16,91282CLD1,TSRYS5850288,D,S,C,2024-08-27,1000000.00,3.756711,102.22460937
09:37:16,91282CLD1,TSRYS5850288,D,S,C,2024-08-27,1000000.00,3.756711,102.22460937
09:37:16,91282CLD1,TSRYS5850288,D,S,T,2024-08-27,1000000.00,3.757667,102.21875
09:37:16,91282CLD1,TSRYS5850288,D,S,D,2024-08-27,1000000.00,3.761494,102.1953125
09:37:16,91282CLD1,TSRYS5850288,D,S,C,2024-08-27,1000000.00,3.756711,102.22460937
09:37:17,91282CLD1,TSRYS5850288,D,S,T,2024-08-27,2000000.00,3.761494,102.1953125
09:37:17,91282CLD1,TSRYS5850288,D,S,D,2024-08-27,1000000.00,3.761494,102.1953125
09:37:17,91282CLD1,TSRYS5850288,D,S,T,2024-08-27,3000000.00,3.761494,102.1953125
09:37:17,91282CLD1,TSRYS5850288,D,B,C,2024-08-27,1000000.00,3.757667,102.21875
09:37:17,91282CLD1,TSRYS5850288,D,S,D,2024-08-27,1000000.00,3.757667,102.21875
09:37:17,91282CLD1,TSRYS5850288,D,B,C,2024-08-27,1000000.00,3.758943,102.2109375
09:37:17,91282CLD1,TSRYS5850288,D,S,D,2024-08-27,1000000.00,3.758943,102.2109375
09:37:18,91282CLD1,TSRYS5850288,D,S,C,2024-08-27,1000000.00,3.757667,102.21875
09:37:18,91282CLD1,TSRYS5850288,D,S,T,2024-08-27,1000000.00,3.757667,102.21875
09:37:18,91282CLD1,TSRYS5850288,D,S,D,2024-08-27,1000000.00,3.757667,102.21875
09:37:18,91282CLD1,TSRYS5850288,D,S,D,2024-08-27,1000000.00,3.757667,102.21875
09:37:19,91282CLD1,TSRYS5850288,D,B,C,2024-08-27,2000000.00,3.757692,102.2186
09:37:19,91282CLD1,TSRYS5850288,D,S,D,2024-08-27,2000000.00,3.757643,102.218902
09:37:19,91282CLD1,TSRYS5850288,D,B,C,2024-08-27,1000000.00,3.7577,102.21855
09:37:19,91282CLD1,TSRYS5850288,D,B,C,2024-08-27,1000000.00,3.757667,102.21875
09:37:19,91282CLD1,TSRYS5850288,D,S,D,2024-08-27,1000000.00,3.757643,102.218902
09:37:19,91282CLD1,TSRYS5850288,D,S,D,2024-08-27,1000000.00,3.757667,102.21875
09:37:19,91282CLD1,TSRYS5850288,D,S,D,2024-08-27,2000000.00,3.757643,102.218902
09:37:19,91282CLD1,TSRYS5850288,D,B,C,2024-08-27,1000000.00,3.757708,102.2185
09:37:19,91282CLD1,TSRYS5850288,D,S,D,2024-08-27,1000000.00,3.757643,102.218902
09:37:19,91282CLD1,TSRYS5850288,D,S,D,2024-08-27,3000000.00,3.757643,102.218902
09:37:19,91282CLD1,TSRYS5850288,D,S,D,2024-08-27,1000000.00,3.757643,102.218902
09:37:19,91282CLD1,TSRYS5850288,D,B,C,2024-08-27,2000000.00,3.757692,102.2186
09:37:19,91282CLD1,TSRYS5850288,D,B,C,2024-08-27,1000000.00,3.757667,102.21875
09:37:19,91282CLD1,TSRYS5850288,D,B,C,2024-08-27,1000000.00,3.757667,102.21875
09:37:19,91282CLD1,TSRYS5850288,D,B,C,2024-08-27,2000000.00,3.757692,102.2186
09:37:19,91282CLD1,TSRYS5850288,D,B,C,2024-08-27,1000000.00,3.757692,102.2186
09:37:19,91282CLD1,TSRYS5850288,D,S,D,2024-08-27,2000000.00,3.757643,102.218902
09:37:19,91282CLD1,TSRYS5850288,D,S,C,2024-08-27,1000000.00,3.757667,102.21875
09:37:19,91282CLD1,TSRYS5850288,D,B,C,2024-08-27,2000000.00,3.757692,102.2186
09:37:19,91282CLD1,TSRYS5850288,D,S,D,2024-08-27,1000000.00,3.757643,102.218902
09:37:19,91282CLD1,TSRYS5850288,D,S,D,2024-08-27,1000000.00,3.757643,102.218902
09:37:19,91282CLD1,TSRYS5850288,D,B,C,2024-08-27,2000000.00,3.757692,102.2186
09:37:19,91282CLD1,TSRYS5850288,D,B,C,2024-08-27,1000000.00,3.757692,102.2186
09:37:19,91282CLD1,TSRYS5850288,D,S,D,2024-08-27,2000000.00,3.757643,102.218902
09:37:19,91282CLD1,TSRYS5850288,D,S,D,2024-08-27,1000000.00,3.757667,102.21875
09:37:19,91282CLD1,TSRYS5850288,D,S,D,2024-08-27,2000000.00,3.757643,102.218902
09:37:19,91282CLD1,TSRYS5850288,D,S,D,2024-08-27,1000000.00,3.757643,102.218902
09:37:19,91282CLD1,TSRYS5850288,D,S,D,2024-08-27,1000000.00,3.757643,102.218902
09:37:19,91282CLD1,TSRYS5850288,D,S,D,2024-08-27,1000000.00,3.757643,102.218902
09:37:19,91282CLD1,TSRYS5850288,D,S,C,2024-08-27,1000000.00,3.757667,102.21875
09:37:19,91282CLD1,TSRYS5850288,D,S,D,2024-08-27,1000000.00,3.757643,102.218902
09:37:19,91282CLD1,TSRYS5850288,D,B,C,2024-08-27,1000000.00,3.7577,102.21855
09:37:19,91282CLD1,TSRYS5850288,D,S,D,2024-08-27,1000000.00,3.757667,102.21875
09:37:19,91282CLD1,TSRYS5850288,D,S,D,2024-08-27,1000000.00,3.757643,102.218902
09:37:19,91282CLD1,TSRYS5850288,D,B,C,2024-08-27,1000000.00,3.757692,102.2186
09:37:19,91282CLD1,TSRYS5850288,D,S,D,2024-08-27,1000000.00,3.757643,102.218902
09:37:19,91282CLD1,TSRYS5850288,D,S,D,2024-08-27,1000000.00,3.757643,102.218902
09:37:19,91282CLD1,TSRYS5850288,D,B,C,2024-08-27,1000000.00,3.757692,102.2186
09:37:19,91282CLD1,TSRYS5850288,D,S,D,2024-08-27,1000000.00,3.757667,102.21875
09:37:19,91282CLD1,TSRYS5850288,D,S,D,2024-08-27,1000000.00,3.757643,102.218902
09:37:19,91282CLD1,TSRYS5850288,D,S,C,2024-08-27,1000000.00,3.757667,102.21875
09:37:19,91282CLD1,TSRYS5850288,D,B,C,2024-08-27,1000000.00,3.757667,102.21875
09:37:19,91282CLD1,TSRYS5850288,D,S,D,2024-08-27,1000000.00,3.757643,102.218902
09:37:19,91282CLD1,TSRYS5850288,D,B,C,2024-08-27,1000000.00,3.757692,102.2186
09:37:19,91282CLD1,TSRYS5850288,D,S,D,2024-08-27,1000000.00,3.757667,102.21875
09:37:19,91282CLD1,TSRYS5850288,D,S,C,2024-08-27,2000000.00,3.758918,102.2110875
09:37:19,91282CLD1,TSRYS5850288,D,B,C,2024-08-27,2000000.00,3.758943,102.2109375
09:37:20,91282CLD1,TSRYS5850288,D,S,D,2024-08-27,1000000.00,3.757667,102.21875
09:37:20,91282CLD1,TSRYS5850288,D,S,D,2024-08-27,14110000.00,3.761628,102.19449648958
09:37:20,91282CLD1,TSRYS5850288,D,S,C,2024-08-27,1000000.00,3.757667,102.21875
09:37:21,91282CLD1,TSRYS5850288,D,S,T,2024-08-27,1000000.00,3.761813,102.193359375
09:37:21,91282CLD1,TSRYS5850288,D,B,C,2024-08-27,1000000.00,3.761494,102.1953125
09:37:21,91282CLD1,TSRYS5850288,D,S,C,2024-08-27,1000000.00,3.761494,102.1953125
09:37:22,91282CLD1,TSRYS5850288,D,S,C,2024-08-27,1000000.00,3.757667,102.21875
09:37:24,91282CLD1,TSRYS5850288,D,S,D,2024-08-27,2000000.00,3.757667,102.21875
09:37:24,91282CLD1,TSRYS5850288,D,S,T,2024-08-27,1000000.00,3.757667,102.21875
09:37:25,91282CLD1,TSRYS5850288,D,S,T,2024-08-27,1000000.00,3.757667,102.21875
09:37:31,91282CLD1,TSRYS5850288,D,S,C,2024-08-27,1000000.00,3.761813,102.193359375
09:37:33,91282CLD1,TSRYS5850288,D,S,D,2024-08-27,1000000.00,3.757667,102.21875
09:37:33,91282CLD1,TSRYS5850288,D,S,D,2024-08-27,1000000.00,3.757986,102.21679687
09:37:33,91282CLD1,TSRYS5850288,D,S,T,2024-08-27,1000000.00,3.757667,102.21875
09:37:34,91282CLD1,TSRYS5850288,D,S,D,2024-08-27,1000000.00,3.757643,102.218902
09:37:34,91282CLD1,TSRYS5850288,D,S,D,2024-08-27,6000000.00,3.757643,102.218902
09:37:34,91282CLD1,TSRYS5850288,D,S,C,2024-08-27,1000000.00,3.761494,102.1953125
09:37:34,91282CLD1,TSRYS5850288,D,S,D,2024-08-27,1000000.00,3.757643,102.218902
09:37:34,91282CLD1,TSRYS5850288,D,B,C,2024-08-27,1000000.00,3.761494,102.1953125
09:37:34,91282CLD1,TSRYS5850288,D,S,C,2024-08-27,1000000.00,3.761494,102.1953125
09:37:34,91282CLD1,TSRYS5850288,D,S,C,2024-08-27,1000000.00,3.75891,102.2111375
09:37:34,91282CLD1,TSRYS5850288,D,B,C,2024-08-27,1000000.00,3.760219,102.203125
09:37:34,91282CLD1,TSRYS5850288,D,S,C,2024-08-27,1000000.00,3.760219,102.203125
09:37:34,91282CLD1,TSRYS5850288,D,B,C,2024-08-27,1000000.00,3.758943,102.2109375
09:37:34,91282CLD1,TSRYS5850288,D,S,D,2024-08-27,1000000.00,3.760219,102.203125
09:37:36,91282CLD1,TSRYS5850288,D,S,C,2024-08-27,1000000.00,3.757986,102.21679687
09:37:38,91282CLD1,TSRYS5850288,D,S,C,2024-08-27,9888000.00,3.761494,102.1953125
09:37:39,91282CLD1,TSRYS5850288,D,B,C,2024-08-27,1000000.00,3.762132,102.19140625
09:37:39,91282CLD1,TSRYS5850288,D,B,C,2024-08-27,1000000.00,3.762132,102.19140625
09:37:39,91282CLD1,TSRYS5850288,D,S,C,2024-08-27,2000000.00,3.7621,102.19160625
09:37:46,91282CLD1,TSRYS5850288,D,S,A,2024-08-27,1000000.00,3.757643,102.2189
09:37:46,91282CLD1,TSRYS5850288,D,S,A,2024-08-27,1000000.00,3.757643,102.2189
09:37:46,91282CLD1,TSRYS5850288,D,S,T,2024-08-27,1000000.00,3.761494,102.1953125
09:37:46,91282CLD1,TSRYS5850288,D,S,A,2024-08-27,1000000.00,3.757643,102.2189
09:37:46,91282CLD1,TSRYS5850288,D,S,A,2024-08-27,1000000.00,3.757643,102.2189
09:37:46,91282CLD1,TSRYS5850288,D,S,A,2024-08-27,2000000.00,3.757643,102.2189
09:37:46,91282CLD1,TSRYS5850288,D,S,A,2024-08-27,1000000.00,3.757643,102.2189
09:37:46,91282CLD1,TSRYS5850288,D,S,A,2024-08-27,1000000.00,3.757643,102.2189
09:37:47,91282CLD1,TSRYS5850288,D,S,A,2024-08-27,1000000.00,3.757643,102.2189
09:37:47,91282CLD1,TSRYS5850288,D,S,T,2024-08-27,1000000.00,3.76277,102.1875
09:37:47,91282CLD1,TSRYS5850288,D,S,T,2024-08-27,1000000.00,3.76277,102.1875
09:37:47,91282CLD1,TSRYS5850288,D,S,A,2024-08-27,3000000.00,3.757643,102.2189
09:37:47,91282CLD1,TSRYS5850288,D,S,A,2024-08-27,1000000.00,3.757643,102.2189
09:37:47,91282CLD1,TSRYS5850288,D,S,A,2024-08-27,2000000.00,3.757667,102.21875
09:37:47,91282CLD1,TSRYS5850288,D,S,A,2024-08-27,2000000.00,3.757643,102.218902
09:37:47,91282CLD1,TSRYS5850288,D,S,A,2024-08-27,3000000.00,3.757643,102.218902
09:37:48,91282CLD1,TSRYS5850288,D,S,A,2024-08-27,2000000.00,3.757643,102.218902
09:37:48,91282CLD1,TSRYS5850288,D,S,A,2024-08-27,1000000.00,3.757643,102.218902
09:37:48,91282CLD1,TSRYS5850288,D,S,A,2024-08-27,2000000.00,3.757643,102.218902
09:37:48,91282CLD1,TSRYS5850288,D,S,A,2024-08-27,1000000.00,3.757643,102.218902
09:37:48,91282CLD1,TSRYS5850288,D,S,A,2024-08-27,2000000.00,3.757643,102.218902
09:37:48,91282CLD1,TSRYS5850288,D,S,D,2024-08-27,9888000.00,,102.1953125
09:37:48,91282CLD1,TSRYS5850288,D,S,A,2024-08-27,1000000.00,3.757643,102.218902
09:37:49,91282CLD1,TSRYS5850288,D,S,A,2024-08-27,2000000.00,3.757643,102.218902
09:37:49,91282CLD1,TSRYS5850288,D,S,A,2024-08-27,1000000.00,3.757643,102.218902
09:37:49,91282CLD1,TSRYS5850288,D,S,A,2024-08-27,1000000.00,3.757643,102.218902
09:37:49,91282CLD1,TSRYS5850288,D,S,A,2024-08-27,1000000.00,3.757643,102.218902
09:37:49,91282CLD1,TSRYS5850288,D,S,A,2024-08-27,1000000.00,3.757643,102.218902
09:37:50,91282CLD1,TSRYS5850288,D,S,A,2024-08-27,1000000.00,3.757643,102.218902
09:37:50,91282CLD1,TSRYS5850288,D,S,A,2024-08-27,1000000.00,3.757643,102.218902
09:37:50,91282CLD1,TSRYS5850288,D,S,A,2024-08-27,1000000.00,3.757643,102.218902
09:37:50,91282CLD1,TSRYS5850288,D,S,A,2024-08-27,1000000.00,3.757643,102.218902
09:37:50,91282CLD1,TSRYS5850288,D,S,A,2024-08-27,6000000.00,3.757643,102.218902
09:37:50,91282CLD1,TSRYS5850288,D,S,A,2024-08-27,1000000.00,3.757643,102.218902
09:37:51,91282CLD1,TSRYS5850288,D,S,A,2024-08-27,1000000.00,3.757643,102.218902
09:37:51,91282CLD1,TSRYS5850288,D,S,A,2024-08-27,1000000.00,3.757643,102.218902
09:37:51,91282CLD1,TSRYS5850288,D,S,A,2024-08-27,1000000.00,3.757643,102.218902
09:37:51,91282CLD1,TSRYS5850288,D,S,A,2024-08-27,1000000.00,3.757643,102.218902
09:37:52,91282CLD1,TSRYS5850288,D,S,D,2024-08-27,1000000.00,3.758943,102.2109375
09:37:52,91282CLD1,TSRYS5850288,D,S,D,2024-08-27,1000000.00,3.758943,102.2109375
09:37:52,91282CLD1,TSRYS5850288,D,B,C,2024-08-27,1000000.00,3.758943,102.2109375
09:37:52,91282CLD1,TSRYS5850288,D,S,C,2024-08-27,1000000.00,3.760219,102.203125
09:37:52,91282CLD1,TSRYS5850288,D,S,D,2024-08-27,1000000.00,3.758943,102.2109375
09:37:53,91282CLD1,TSRYS5850288,D,S,D,2024-08-27,1000000.00,3.757667,102.21875
09:37:53,91282CLD1,TSRYS5850288,D,B,C,2024-08-27,1000000.00,3.758967,102.2107875
09:37:55,91282CLD1,TSRYS5850288,D,S,D,2024-08-27,1000000.00,3.757986,102.21679687
09:37:57,91282CLD1,TSRYS5850288,D,B,C,2024-08-27,1000000.00,3.760856,102.19921875
09:37:57,91282CLD1,TSRYS5850288,D,S,C,2024-08-27,1000.00,3.76375,102.1815
09:38:01,91282CLD1,TSRYS5850288,D,S,D,2024-08-27,9888000.00,3.764046,102.1796875
09:38:03,91282CLD1,TSRYS5850288,D,B,C,2024-08-27,35000000.00,3.760204,102.20321428571
09:38:06,91282CLD1,TSRYS5850288,D,S,D,2024-08-27,1000000.00,3.758943,102.2109375
09:38:06,91282CLD1,TSRYS5850288,D,B,C,2024-08-27,1000000.00,3.758943,102.2109375
09:38:06,91282CLD1,TSRYS5850288,D,S,C,2024-08-27,1000000.00,3.758943,102.2109375
09:38:06,91282CLD1,TSRYS5850288,D,B,C,2024-08-27,1000000.00,3.758943,102.2109375
09:38:06,91282CLD1,TSRYS5850288,D,B,C,2024-08-27,1000000.00,3.758943,102.2109375
09:38:06,91282CLD1,TSRYS5850288,D,B,C,2024-08-27,1000000.00,3.758943,102.2109375
09:38:06,91282CLD1,TSRYS5850288,D,S,D,2024-08-27,1000000.00,3.758943,102.2109375
09:38:06,91282CLD1,TSRYS5850288,D,S,D,2024-08-27,1000000.00,3.758943,102.2109375
09:38:06,91282CLD1,TSRYS5850288,D,S,D,2024-08-27,1000000.00,3.758943,102.2109375
09:38:06,91282CLD1,TSRYS5850288,D,S,C,2024-08-27,1000000.00,3.758943,102.2109375
09:38:06,91282CLD1,TSRYS5850288,D,B,C,2024-08-27,1000000.00,3.758943,102.2109375
09:38:06,91282CLD1,TSRYS5850288,D,B,C,2024-08-27,3000000.00,3.760243,102.202975
09:38:06,91282CLD1,TSRYS5850288,D,S,D,2024-08-27,3000000.00,3.760219,102.203125
09:38:07,91282CLD1,TSRYS5850288,D,B,C,2024-08-27,1000000.00,3.762132,102.19140625
09:38:07,91282CLD1,TSRYS5850288,D,B,C,2024-08-27,1000000.00,3.760856,102.19921875
09:38:07,91282CLD1,TSRYS5850288,D,S,C,2024-08-27,1000000.00,3.757986,102.21679687
09:38:07,91282CLD1,TSRYS5850288,D,B,C,2024-08-27,1000000.00,3.760856,102.19921875
09:38:07,91282CLD1,TSRYS5850288,D,B,C,2024-08-27,27000000.00,3.760908,102.1989
09:38:08,91282CLD1,TSRYS5850288,D,S,T,2024-08-27,1000000.00,3.763089,102.185546875
09:38:09,91282CLD1,TSRYS5850288,D,S,T,2024-08-27,1000000.00,3.763089,102.185546875
09:38:09,91282CLD1,TSRYS5850288,D,S,D,2024-08-27,1000000.00,3.762451,102.18945312
09:38:09,91282CLD1,TSRYS5850288,D,S,C,2024-08-27,1000000.00,3.762451,102.18945312
09:38:11,91282CLD1,TSRYS5850288,D,S,D,2024-08-27,1000000.00,3.762451,102.18945312
09:38:11,91282CLD1,TSRYS5850288,D,S,D,2024-08-27,1000000.00,3.762451,102.18945312
09:38:12,91282CLD1,TSRYS5850288,D,S,C,2024-08-27,2000000.00,3.762451,102.18945312
09:38:13,91282CLD1,TSRYS5850288,D,S,C,2024-08-27,1000000.00,3.763089,102.185546875
09:38:13,91282CLD1,TSRYS5850288,D,S,C,2024-08-27,1000000.00,3.763089,102.185546875
09:38:18,91282CLD1,TSRYS5850288,D,B,C,2024-08-27,1000000.00,3.760856,102.19921875
09:38:18,91282CLD1,TSRYS5850288,D,S,C,2024-08-27,9888000.00,3.763408,102.18359375
09:38:19,91282CLD1,TSRYS5850288,D,B,C,2024-08-27,1000000.00,3.76277,102.1875
09:38:19,91282CLD1,TSRYS5850288,D,S,D,2024-08-27,1000000.00,3.76277,102.1875
09:38:22,91282CLD1,TSRYS5850288,D,S,D,2024-08-27,2000000.00,3.758943,102.2109375
09:38:22,91282CLD1,TSRYS5850288,D,B,C,2024-08-27,2000000.00,3.758943,102.2109375
09:38:22,91282CLD1,TSRYS5850288,D,B,C,2024-08-27,1000000.00,3.758943,102.2109375
09:38:22,91282CLD1,TSRYS5850288,D,S,D,2024-08-27,1000000.00,3.761478,102.1954145
09:38:22,91282CLD1,TSRYS5850288,D,S,C,2024-08-27,1000000.00,3.761494,102.1953125
09:38:22,91282CLD1,TSRYS5850288,D,S,D,2024-08-27,1000000.00,3.761478,102.1954145
09:38:22,91282CLD1,TSRYS5850288,D,S,D,2024-08-27,3000000.00,3.761473,102.1954425
09:38:23,91282CLD1,TSRYS5850288,D,S,C,2024-08-27,1000000.00,3.761494,102.1953125
09:38:23,91282CLD1,TSRYS5850288,D,S,D,2024-08-27,2000000.00,3.761473,102.1954425
09:38:23,91282CLD1,TSRYS5850288,D,B,C,2024-08-27,1000000.00,3.761494,102.1953125
09:38:23,91282CLD1,TSRYS5850288,D,S,C,2024-08-27,1000000.00,3.76277,102.1875
09:38:23,91282CLD1,TSRYS5850288,D,S,C,2024-08-27,1000000.00,3.76277,102.1875
09:38:23,91282CLD1,TSRYS5850288,D,S,C,2024-08-27,1000000.00,3.76277,102.1875
09:38:23,91282CLD1,TSRYS5850288,D,B,C,2024-08-27,1000000.00,3.76277,102.1875
09:38:23,91282CLD1,TSRYS5850288,D,S,D,2024-08-27,9888000.00,,102.18359375
09:38:33,91282CLD1,TSRYS5850288,D,S,C,2024-08-27,9888000.00,3.763408,102.18359375
09:38:34,91282CLD1,TSRYS5850288,D,B,C,2024-08-27,150MM+,3.758943,102.2109375
09:38:35,91282CLD1,TSRYS5850288,D,S,C,2024-08-27,1000000.00,3.761494,102.1953125
09:38:35,91282CLD1,TSRYS5850288,D,B,C,2024-08-27,1000000.00,3.761543,102.1950125
09:38:35,91282CLD1,TSRYS5850288,D,S,C,2024-08-27,1000000.00,3.761494,102.1953125
09:38:35,91282CLD1,TSRYS5850288,D,S,D,2024-08-27,1000000.00,3.761494,102.1953125
09:38:35,91282CLD1,TSRYS5850288,D,B,C,2024-08-27,1000000.00,3.761543,102.1950125
09:38:35,91282CLD1,TSRYS5850288,D,S,D,2024-08-27,1000000.00,3.761494,102.1953125
09:38:35,91282CLD1,TSRYS5850288,D,B,C,2024-08-27,1000000.00,3.761543,102.1950125
09:38:35,91282CLD1,TSRYS5850288,D,B,C,2024-08-27,1000000.00,3.761543,102.1950125
09:38:38,91282CLD1,TSRYS5850288,D,S,D,2024-08-27,9888000.00,,102.18359375
09:38:40,91282CLD1,TSRYS5850288,D,S,D,2024-08-27,1000000.00,3.763089,102.185546875
09:38:40,91282CLD1,TSRYS5850288,D,S,D,2024-08-27,1000000.00,3.763089,102.185546875
09:38:42,91282CLD1,TSRYS5850288,D,S,D,2024-08-27,1000000.00,3.760856,102.19921875
09:38:42,91282CLD1,TSRYS5850288,D,S,T,2024-08-27,1000000.00,3.760856,102.19921875
09:38:43,91282CLD1,TSRYS5850288,D,S,T,2024-08-27,1000000.00,3.762132,102.19140625
09:38:45,91282CLD1,TSRYS5850288,D,S,T,2024-08-27,1000000.00,3.762132,102.19140625
09:38:45,91282CLD1,TSRYS5850288,D,S,T,2024-08-27,1000000.00,3.762132,102.19140625
09:38:57,91282CLD1,TSRYS5850288,D,B,C,2024-08-27,1000000.00,3.763122,102.185346875
09:38:58,91282CLD1,TSRYS5850288,D,S,T,2024-08-27,1000000.00,3.763089,102.185546875
09:38:58,91282CLD1,TSRYS5850288,D,S,D,2024-08-27,1000000.00,3.763089,102.185546875
09:38:58,91282CLD1,TSRYS5850288,D,S,D,2024-08-27,1000000.00,3.763089,102.185546875
09:38:59,91282CLD1,TSRYS5850288,D,S,T,2024-08-27,1000000.00,3.76277,102.1875
09:39:04,91282CLD1,TSRYS5850288,D,S,T,2024-08-27,1000000.00,3.76277,102.1875
09:39:05,91282CLD1,TSRYS5850288,D,S,D,2024-08-27,1000000.00,3.762451,102.189453125
09:39:05,91282CLD1,TSRYS5850288,D,B,C,2024-08-27,1000000.00,3.762451,102.189453125
09:39:05,91282CLD1,TSRYS5850288,D,S,T,2024-08-27,1000000.00,3.761494,102.1953125
09:39:05,91282CLD1,TSRYS5850288,D,S,T,2024-08-27,1000000.00,3.761494,102.1953125
09:39:05,91282CLD1,TSRYS5850288,D,S,D,2024-08-27,1000000.00,3.760219,102.203125
09:39:05,91282CLD1,TSRYS5850288,D,B,C,2024-08-27,1000000.00,3.76277,102.1875
09:39:05,91282CLD1,TSRYS5850288,D,S,D,2024-08-27,3000000.00,3.76277,102.1875
09:39:06,91282CLD1,TSRYS5850288,D,S,D,2024-08-27,1000000.00,3.762132,102.19140625
09:39:07,91282CLD1,TSRYS5850288,D,S,C,2024-08-27,1000000.00,3.761494,102.1953125
09:39:07,91282CLD1,TSRYS5850288,D,S,D,2024-08-27,1000000.00,3.763408,102.18359375
09:39:08,91282CLD1,TSRYS5850288,D,S,C,2024-08-27,1000000.00,3.761494,102.1953125
09:39:09,91282CLD1,TSRYS5850288,D,S,C,2024-08-27,1000000.00,3.76277,102.1875
09:39:09,91282CLD1,TSRYS5850288,D,S,D,2024-08-27,1000000.00,3.76277,102.1875
09:39:09,91282CLD1,TSRYS5850288,D,S,D,2024-08-27,1000000.00,3.76277,102.1875
09:39:13,91282CLD1,TSRYS5850288,D,S,T,2024-08-27,1000000.00,3.762132,102.19140625
09:39:13,91282CLD1,TSRYS5850288,D,S,T,2024-08-27,1000000.00,3.76277,102.1875
09:39:13,91282CLD1,TSRYS5850288,D,S,T,2024-08-27,1000000.00,3.76277,102.1875
09:39:13,91282CLD1,TSRYS5850288,D,S,T,2024-08-27,1000000.00,3.76277,102.1875
09:39:13,91282CLD1,TSRYS5850288,D,S,T,2024-08-27,1000000.00,3.76277,102.1875
09:39:13,91282CLD1,TSRYS5850288,D,S,T,2024-08-27,1000000.00,3.76277,102.1875
09:39:13,91282CLD1,TSRYS5850288,D,S,T,2024-08-27,1000000.00,3.76277,102.1875
09:39:13,91282CLD1,TSRYS5850288,D,S,T,2024-08-27,1000000.00,3.76277,102.1875
09:39:16,91282CLD1,TSRYS5850288,D,S,T,2024-08-27,1000000.00,3.761494,102.1953125
09:39:22,91282CLD1,TSRYS5850288,D,S,T,2024-08-27,1000000.00,3.763408,102.18359375
09:39:24,91282CLD1,TSRYS5850288,D,S,D,2024-08-27,1000000.00,3.760537,102.201171875
09:39:25,91282CLD1,TSRYS5850288,D,S,D,2024-08-27,1000000.00,3.760537,102.201171875
09:39:25,91282CLD1,TSRYS5850288,D,S,C,2024-08-27,1000000.00,3.760537,102.201171875
09:39:26,91282CLD1,TSRYS5850288,D,S,D,2024-08-27,2000000.00,3.760537,102.201171875
09:39:26,91282CLD1,TSRYS5850288,D,S,D,2024-08-27,1000000.00,3.760537,102.201171875
09:39:26,91282CLD1,TSRYS5850288,D,S,T,2024-08-27,1000000.00,3.760219,102.203125
09:39:26,91282CLD1,TSRYS5850288,D,S,T,2024-08-27,1000000.00,3.760219,102.203125
09:39:26,91282CLD1,TSRYS5850288,D,S,T,2024-08-27,1000000.00,3.760219,102.203125
09:39:26,91282CLD1,TSRYS5850288,D,S,D,2024-08-27,1000000.00,3.760537,102.201171875
09:39:28,91282CLD1,TSRYS5850288,D,S,C,2024-08-27,2000000.00,3.760537,102.201171875
09:39:29,91282CLD1,TSRYS5850288,D,S,C,2024-08-27,1000000.00,3.760219,102.203125
09:39:29,91282CLD1,TSRYS5850288,D,S,D,2024-08-27,2000000.00,3.759581,102.20703125
09:39:29,91282CLD1,TSRYS5850288,D,S,C,2024-08-27,1000000.00,3.760537,102.201171875
09:39:29,91282CLD1,TSRYS5850288,D,S,D,2024-08-27,1000000.00,3.760537,102.201171875
09:39:30,91282CLD1,TSRYS5850288,D,S,D,2024-08-27,1400000.00,3.76277,102.1875
09:39:30,91282CLD1,TSRYS5850288,D,S,T,2024-08-27,1000000.00,3.760537,102.201171875
09:39:30,91282CLD1,TSRYS5850288,D,S,T,2024-08-27,1000000.00,3.760219,102.203125
09:39:30,91282CLD1,TSRYS5850288,D,S,T,2024-08-27,1000000.00,3.760537,102.201171875
09:39:30,91282CLD1,TSRYS5850288,D,S,T,2024-08-27,2000000.00,3.760537,102.201171875
09:39:30,91282CLD1,TSRYS5850288,D,S,T,2024-08-27,1000000.00,3.760219,102.203125
09:39:30,91282CLD1,TSRYS5850288,D,S,T,2024-08-27,1000000.00,3.760537,102.201171875
09:39:30,91282CLD1,TSRYS5850288,D,S,T,2024-08-27,2000000.00,3.760537,102.201171875
09:39:30,91282CLD1,TSRYS5850288,D,S,T,2024-08-27,1000000.00,3.760537,102.201171875
09:39:30,91282CLD1,TSRYS5850288,D,S,T,2024-08-27,1000000.00,3.760537,102.201171875
09:39:32,91282CLD1,TSRYS5850288,D,S,D,2024-08-27,1000000.00,3.762132,102.19140625
09:39:33,91282CLD1,TSRYS5850288,D,S,T,2024-08-27,1000000.00,3.760219,102.203125
09:39:34,91282CLD1,TSRYS5850288,D,S,T,2024-08-27,1000000.00,3.760219,102.203125
09:39:34,91282CLD1,TSRYS5850288,D,S,T,2024-08-27,1000000.00,3.760219,102.203125
09:39:35,91282CLD1,TSRYS5850288,D,S,T,2024-08-27,1000000.00,3.763089,102.18554687
09:39:35,91282CLD1,TSRYS5850288,D,S,T,2024-08-27,1000000.00,3.763089,102.18554687
09:39:36,91282CLD1,TSRYS5850288,D,S,T,2024-08-27,1000000.00,3.760219,102.203125
09:39:37,91282CLD1,TSRYS5850288,D,S,D,2024-08-27,49687000.00,3.8344,101.75
09:39:40,91282CLD1,TSRYS5850288,D,S,T,2024-08-27,1000000.00,3.7599,102.205078125
09:39:41,91282CLD1,TSRYS5850288,D,S,C,2024-08-27,1000000.00,3.7599,102.205078125
09:39:46,91282CLD1,TSRYS5850288,D,S,D,2024-08-27,1000000.00,3.763089,102.18554687
09:39:50,91282CLD1,TSRYS5850288,D,B,C,2024-08-27,1000000.00,3.76277,102.1875
09:39:50,91282CLD1,TSRYS5850288,D,S,D,2024-08-27,1000000.00,3.76277,102.1875
09:39:50,91282CLD1,TSRYS5850288,D,S,D,2024-08-27,1000000.00,3.76277,102.1875
09:39:50,91282CLD1,TSRYS5850288,D,S,D,2024-08-27,1000000.00,3.76277,102.1875
09:39:50,91282CLD1,TSRYS5850288,D,B,C,2024-08-27,1000000.00,3.762811,102.18725
09:40:00,91282CLD1,TSRYS5850288,D,S,D,2024-08-27,7000000.00,3.760962,102.19857
09:40:03,91282CLD1,TSRYS5850288,D,S,D,2024-08-27,1000000.00,3.761494,102.1953125
09:40:03,91282CLD1,TSRYS5850288,D,S,D,2024-08-27,1000000.00,3.759581,102.20703125
09:40:08,91282CLD1,TSRYS5850288,D,S,T,2024-08-27,1000000.00,3.759581,102.20703125
09:40:11,91282CLD1,TSRYS5850288,D,S,D,2024-08-27,1000000.00,3.761494,102.1953125
09:40:11,91282CLD1,TSRYS5850288,D,S,D,2024-08-27,1000000.00,3.761494,102.1953125
09:40:12,91282CLD1,TSRYS5850288,D,S,T,2024-08-27,1000000.00,3.758624,102.212890625
09:40:12,91282CLD1,TSRYS5850288,D,S,D,2024-08-27,1000000.00,3.761494,102.1953125
09:40:13,91282CLD1,TSRYS5850288,D,S,C,2024-08-27,1000000.00,3.758624,102.212890625
09:40:13,91282CLD1,TSRYS5850288,D,S,C,2024-08-27,1000000.00,3.758624,102.212890625
09:40:14,91282CLD1,TSRYS5850288,D,S,D,2024-08-27,1000000.00,3.757667,102.21875
09:40:14,91282CLD1,TSRYS5850288,D,S,D,2024-08-27,1000000.00,3.757667,102.21875
09:40:14,91282CLD1,TSRYS5850288,D,S,C,2024-08-27,1000000.00,3.75703,102.22265625
09:40:14,91282CLD1,TSRYS5850288,D,S,D,2024-08-27,1000000.00,3.757667,102.21875
09:40:14,91282CLD1,TSRYS5850288,D,S,T,2024-08-27,1000000.00,3.757667,102.21875
09:40:15,91282CLD1,TSRYS5850288,D,S,T,2024-08-27,1000000.00,3.757667,102.21875
09:40:15,91282CLD1,TSRYS5850288,D,S,D,2024-08-27,1000000.00,3.757667,102.21875
09:40:15,91282CLD1,TSRYS5850288,D,S,T,2024-08-27,1000000.00,3.757667,102.21875
09:40:15,91282CLD1,TSRYS5850288,D,S,T,2024-08-27,1000000.00,3.757667,102.21875
09:40:15,91282CLD1,TSRYS5850288,D,S,D,2024-08-27,1000000.00,3.757667,102.21875
09:40:15,91282CLD1,TSRYS5850288,D,S,T,2024-08-27,1000000.00,3.757667,102.21875
09:40:15,91282CLD1,TSRYS5850288,D,S,T,2024-08-27,1000000.00,3.757667,102.21875
09:40:15,91282CLD1,TSRYS5850288,D,S,C,2024-08-27,1000000.00,3.757667,102.21875
09:40:15,91282CLD1,TSRYS5850288,D,S,T,2024-08-27,1000000.00,3.757667,102.21875
09:40:15,91282CLD1,TSRYS5850288,D,S,T,2024-08-27,1000000.00,3.757667,102.21875
09:40:15,91282CLD1,TSRYS5850288,D,S,T,2024-08-27,1000000.00,3.757667,102.21875
09:40:16,91282CLD1,TSRYS5850288,D,S,T,2024-08-27,1000000.00,3.757667,102.21875
09:40:16,91282CLD1,TSRYS5850288,D,S,T,2024-08-27,1000000.00,3.757667,102.21875
09:40:16,91282CLD1,TSRYS5850288,D,S,T,2024-08-27,1000000.00,3.757667,102.21875
09:40:16,91282CLD1,TSRYS5850288,D,S,T,2024-08-27,1000000.00,3.757667,102.21875
09:40:16,91282CLD1,TSRYS5850288,D,S,T,2024-08-27,6000000.00,3.757667,102.21875
09:40:17,91282CLD1,TSRYS5850288,D,S,C,2024-08-27,2000000.00,3.757667,102.21875
09:40:17,91282CLD1,TSRYS5850288,D,S,C,2024-08-27,1000000.00,3.757667,102.21875
09:40:17,91282CLD1,TSRYS5850288,D,S,T,2024-08-27,1000000.00,3.75703,102.22265625
09:40:17,91282CLD1,TSRYS5850288,D,S,D,2024-08-27,1000000.00,3.757667,102.21875
09:40:17,91282CLD1,TSRYS5850288,D,S,C,2024-08-27,1000000.00,3.757667,102.21875
09:40:18,91282CLD1,TSRYS5850288,D,S,T,2024-08-27,1000000.00,3.75703,102.22265625
09:40:19,91282CLD1,TSRYS5850288,D,S,D,2024-08-27,1000000.00,3.75703,102.22265625
09:40:19,91282CLD1,TSRYS5850288,D,S,T,2024-08-27,1000000.00,3.758624,102.212890625
09:40:20,91282CLD1,TSRYS5850288,D,S,C,2024-08-27,30000.00,3.758305,102.21484375
09:40:21,91282CLD1,TSRYS5850288,D,S,C,2024-08-27,1000000.00,3.75703,102.22265625
09:40:21,91282CLD1,TSRYS5850288,D,S,C,2024-08-27,1000000.00,3.75703,102.22265625
09:40:22,91282CLD1,TSRYS5850288,D,S,C,2024-08-27,1000000.00,3.757667,102.21875
09:40:22,91282CLD1,TSRYS5850288,D,S,D,2024-08-27,1000000.00,3.76277,102.1875
09:40:22,91282CLD1,TSRYS5850288,D,S,D,2024-08-27,1000000.00,3.76277,102.1875
09:40:22,91282CLD1,TSRYS5850288,D,S,C,2024-08-27,1000000.00,3.761494,102.1953125
09:40:23,91282CLD1,TSRYS5850288,D,B,C,2024-08-27,1000000.00,3.757667,102.21875
09:40:23,91282CLD1,TSRYS5850288,D,B,C,2024-08-27,1000000.00,3.760243,102.202975
09:40:23,91282CLD1,TSRYS5850288,D,S,D,2024-08-27,1000000.00,3.760219,102.203125
09:40:23,91282CLD1,TSRYS5850288,D,S,D,2024-08-27,1000000.00,3.760219,102.203125
09:40:23,91282CLD1,TSRYS5850288,D,S,D,2024-08-27,1000000.00,3.760219,102.203125
09:40:23,91282CLD1,TSRYS5850288,D,B,C,2024-08-27,1000000.00,3.760268,102.202825
09:40:23,91282CLD1,TSRYS5850288,D,S,D,2024-08-27,1000000.00,3.757667,102.21875
09:40:27,91282CLD1,TSRYS5850288,D,S,C,2024-08-27,9200000.00,3.75703,102.22265625
09:40:30,91282CLD1,TSRYS5850288,D,S,C,2024-08-27,1000000.00,3.760537,102.20117187
09:40:30,91282CLD1,TSRYS5850288,D,S,C,2024-08-27,1000000.00,3.760537,102.20117187
09:40:31,91282CLD1,TSRYS5850288,D,S,D,2024-08-27,1000000.00,3.75703,102.22265625
09:40:36,91282CLD1,TSRYS5850288,D,S,D,2024-08-27,9000.00,3.757162,102.22184752284
09:40:37,91282CLD1,TSRYS5850288,D,S,C,2024-08-27,1000000.00,3.76277,102.1875
09:40:37,91282CLD1,TSRYS5850288,D,B,C,2024-08-27,1000000.00,3.762811,102.18725
09:40:37,91282CLD1,TSRYS5850288,D,S,D,2024-08-27,1000000.00,3.76277,102.1875
09:40:37,91282CLD1,TSRYS5850288,D,S,D,2024-08-27,1000000.00,3.76277,102.1875
09:40:38,91282CLD1,TSRYS5850288,D,S,D,2024-08-27,1000000.00,3.760219,102.203125
09:40:38,91282CLD1,TSRYS5850288,D,S,D,2024-08-27,1000000.00,3.760219,102.203125
09:40:38,91282CLD1,TSRYS5850288,D,S,D,2024-08-27,1000000.00,3.760219,102.203125
09:40:38,91282CLD1,TSRYS5850288,D,S,D,2024-08-27,1000000.00,3.760219,102.203125
09:40:38,91282CLD1,TSRYS5850288,D,S,D,2024-08-27,1000000.00,3.760219,102.203125
09:40:38,91282CLD1,TSRYS5850288,D,S,D,2024-08-27,1000000.00,3.760219,102.203125
09:40:38,91282CLD1,TSRYS5850288,D,S,D,2024-08-27,1000000.00,3.760219,102.203125
09:40:38,91282CLD1,TSRYS5850288,D,S,D,2024-08-27,1000000.00,3.760219,102.203125
09:40:38,91282CLD1,TSRYS5850288,D,B,C,2024-08-27,1000000.00,3.760219,102.203125
09:40:46,91282CLD1,TSRYS5850288,D,S,D,2024-08-27,1000000.00,3.760537,102.20117187
09:40:48,91282CLD1,TSRYS5850288,D,S,C,2024-08-27,1000000.00,3.760537,102.20117187
09:40:54,91282CLD1,TSRYS5850288,D,S,D,2024-08-27,1000000.00,3.756392,102.2265625
09:40:54,91282CLD1,TSRYS5850288,D,S,D,2024-08-27,1000000.00,3.756392,102.2265625
09:40:54,91282CLD1,TSRYS5850288,D,S,T,2024-08-27,1000000.00,3.756392,102.2265625
09:40:54,91282CLD1,TSRYS5850288,D,S,T,2024-08-27,1000000.00,3.756392,102.2265625
09:40:54,91282CLD1,TSRYS5850288,D,S,D,2024-08-27,1000000.00,3.760537,102.20117187
09:40:54,91282CLD1,TSRYS5850288,D,S,T,2024-08-27,1000000.00,3.756392,102.2265625
09:40:54,91282CLD1,TSRYS5850288,D,S,T,2024-08-27,1000000.00,3.756392,102.2265625
09:40:55,91282CLD1,TSRYS5850288,D,S,T,2024-08-27,1000000.00,3.756392,102.2265625
09:40:55,91282CLD1,TSRYS5850288,D,S,T,2024-08-27,1000000.00,3.756392,102.2265625
09:40:55,91282CLD1,TSRYS5850288,D,S,T,2024-08-27,1000000.00,3.756392,102.2265625
09:40:55,91282CLD1,TSRYS5850288,D,S,T,2024-08-27,1000000.00,3.756392,102.2265625
09:40:56,91282CLD1,TSRYS5850288,D,S,T,2024-08-27,1000000.00,3.756392,102.2265625
09:40:56,91282CLD1,TSRYS5850288,D,S,C,2024-08-27,1000000.00,3.760537,102.20117187
09:40:56,91282CLD1,TSRYS5850288,D,S,D,2024-08-27,1000000.00,3.757667,102.21875
09:40:56,91282CLD1,TSRYS5850288,D,S,D,2024-08-27,1000000.00,3.756392,102.2265625
09:40:56,91282CLD1,TSRYS5850288,D,S,D,2024-08-27,1000000.00,3.756392,102.2265625
09:40:59,91282CLD1,TSRYS5850288,D,S,D,2024-08-27,1000000.00,3.756392,102.2265625
09:40:59,91282CLD1,TSRYS5850288,D,S,D,2024-08-27,1000000.00,3.756392,102.2265625
09:40:59,91282CLD1,TSRYS5850288,D,S,D,2024-08-27,1000000.00,3.756392,102.2265625
09:40:59,91282CLD1,TSRYS5850288,D,S,D,2024-08-27,1000000.00,3.756392,102.2265625
09:41:05,91282CLD1,TSRYS5850288,D,S,D,2024-08-27,1000000.00,3.760537,102.20117187
09:41:07,91282CLD1,TSRYS5850288,D,S,C,2024-08-27,1000000.00,3.757667,102.21875
09:41:07,91282CLD1,TSRYS5850288,D,S,D,2024-08-27,1000000.00,3.757667,102.21875
09:41:07,91282CLD1,TSRYS5850288,D,S,C,2024-08-27,1000000.00,3.757667,102.21875
09:41:07,91282CLD1,TSRYS5850288,D,S,C,2024-08-27,1000000.00,3.757667,102.21875
09:41:07,91282CLD1,TSRYS5850288,D,S,C,2024-08-27,1000000.00,3.757667,102.21875
09:41:07,91282CLD1,TSRYS5850288,D,S,D,2024-08-27,6000000.00,3.757667,102.21875
09:41:16,91282CLD1,TSRYS5850288,D,S,D,2024-08-27,2000000.00,3.757667,102.21875
09:41:16,91282CLD1,TSRYS5850288,D,S,D,2024-08-27,1000000.00,3.757667,102.21875
09:41:18,91282CLD1,TSRYS5850288,D,S,C,2024-08-27,1000000.00,3.760537,102.20117187
09:41:18,91282CLD1,TSRYS5850288,D,S,C,2024-08-27,1000000.00,3.760537,102.20117187
09:41:18,91282CLD1,TSRYS5850288,D,S,C,2024-08-27,1000000.00,3.760537,102.20117187
09:41:18,91282CLD1,TSRYS5850288,D,S,C,2024-08-27,1000000.00,3.760219,102.203125
09:41:18,91282CLD1,TSRYS5850288,D,S,C,2024-08-27,2000000.00,3.760219,102.203125
09:41:23,91282CLD1,TSRYS5850288,D,B,C,2024-08-27,150MM+,3.761494,102.1953125
09:41:36,91282CLD1,TSRYS5850288,D,S,C,2024-08-27,1000000.00,3.756711,102.224609375
09:41:40,91282CLD1,TSRYS5850288,D,S,D,2024-08-27,1000000.00,3.756392,102.2265625
09:41:42,91282CLD1,TSRYS5850288,D,S,D,2024-08-27,1000000.00,3.756711,102.22460937
09:41:43,91282CLD1,TSRYS5850288,D,S,D,2024-08-27,1000000.00,3.756392,102.2265625
09:41:43,91282CLD1,TSRYS5850288,D,S,T,2024-08-27,1000000.00,3.756392,102.2265625
09:41:43,91282CLD1,TSRYS5850288,D,S,C,2024-08-27,1000000.00,3.756392,102.2265625
09:41:43,91282CLD1,TSRYS5850288,D,S,D,2024-08-27,1000000.00,3.756392,102.2265625
09:41:43,91282CLD1,TSRYS5850288,D,S,T,2024-08-27,1000000.00,3.756392,102.2265625
09:41:44,91282CLD1,TSRYS5850288,D,S,T,2024-08-27,1000000.00,3.756392,102.2265625
09:41:44,91282CLD1,TSRYS5850288,D,S,D,2024-08-27,1000000.00,3.756392,102.2265625
09:41:44,91282CLD1,TSRYS5850288,D,S,T,2024-08-27,1000000.00,3.756392,102.2265625
09:41:44,91282CLD1,TSRYS5850288,D,S,T,2024-08-27,1000000.00,3.756392,102.2265625
09:41:44,91282CLD1,TSRYS5850288,D,S,T,2024-08-27,1000000.00,3.756392,102.2265625
09:41:44,91282CLD1,TSRYS5850288,D,S,T,2024-08-27,1000000.00,3.756392,102.2265625
09:41:44,91282CLD1,TSRYS5850288,D,S,T,2024-08-27,1000000.00,3.756392,102.2265625
09:41:44,91282CLD1,TSRYS5850288,D,S,T,2024-08-27,1000000.00,3.756392,102.2265625
09:41:45,91282CLD1,TSRYS5850288,D,S,D,2024-08-27,1000000.00,3.756392,102.2265625
09:41:45,91282CLD1,TSRYS5850288,D,S,T,2024-08-27,1000000.00,3.756392,102.2265625
09:41:45,91282CLD1,TSRYS5850288,D,S,T,2024-08-27,1000000.00,3.756392,102.2265625
09:41:46,91282CLD1,TSRYS5850288,D,S,T,2024-08-27,1000000.00,3.756392,102.2265625
09:41:46,91282CLD1,TSRYS5850288,D,S,T,2024-08-27,1000000.00,3.756392,102.2265625
09:41:48,91282CLD1,TSRYS5850288,D,S,C,2024-08-27,1000000.00,3.756392,102.2265625
09:41:48,91282CLD1,TSRYS5850288,D,S,D,2024-08-27,1000000.00,3.756392,102.2265625
09:41:48,91282CLD1,TSRYS5850288,D,S,D,2024-08-27,1000000.00,3.756392,102.2265625
09:41:52,91282CLD1,TSRYS5850288,D,S,D,2024-08-27,1000000.00,3.756392,102.2265625
09:41:52,91282CLD1,TSRYS5850288,D,S,D,2024-08-27,1000000.00,3.756392,102.2265625
09:41:52,91282CLD1,TSRYS5850288,D,S,C,2024-08-27,1000000.00,3.756392,102.2265625
09:41:52,91282CLD1,TSRYS5850288,D,S,D,2024-08-27,1000000.00,3.756392,102.2265625
09:41:53,91282CLD1,TSRYS5850288,D,S,T,2024-08-27,1000000.00,3.757349,102.220703125
09:41:53,91282CLD1,TSRYS5850288,D,S,T,2024-08-27,1000000.00,3.757349,102.220703125
09:41:53,91282CLD1,TSRYS5850288,D,B,C,2024-08-27,35000000.00,3.760374,102.20217558
09:41:57,91282CLD1,TSRYS5850288,D,S,D,2024-08-27,1000000.00,3.757349,102.220703125
09:41:57,91282CLD1,TSRYS5850288,D,S,D,2024-08-27,1000000.00,3.757349,102.220703125
09:41:58,91282CLD1,TSRYS5850288,D,S,T,2024-08-27,4700000.00,3.757667,102.21875
09:42:00,91282CLD1,TSRYS5850288,D,S,D,2024-08-27,15000000.00,3.759849,102.20539
09:42:21,91282CLD1,TSRYS5850288,D,S,C,2024-08-27,1000000.00,3.756392,102.2265625
09:42:21,91282CLD1,TSRYS5850288,D,S,D,2024-08-27,1000000.00,3.756392,102.2265625
09:42:21,91282CLD1,TSRYS5850288,D,S,D,2024-08-27,1000000.00,3.756392,102.2265625
09:42:21,91282CLD1,TSRYS5850288,D,S,C,2024-08-27,1000000.00,3.756392,102.2265625
09:42:22,91282CLD1,TSRYS5850288,D,S,C,2024-08-27,1000000.00,3.756368,102.2267125
09:42:22,91282CLD1,TSRYS5850288,D,S,D,2024-08-27,1000000.00,3.756392,102.2265625
09:42:22,91282CLD1,TSRYS5850288,D,S,C,2024-08-27,1000000.00,3.756392,102.2265625
09:42:22,91282CLD1,TSRYS5850288,D,S,D,2024-08-27,1000000.00,3.756392,102.2265625
09:42:22,91282CLD1,TSRYS5850288,D,S,D,2024-08-27,1000000.00,3.756392,102.2265625
09:42:22,91282CLD1,TSRYS5850288,D,S,D,2024-08-27,1000000.00,3.756392,102.2265625
09:42:22,91282CLD1,TSRYS5850288,D,S,D,2024-08-27,1000000.00,3.756392,102.2265625
09:42:27,91282CLD1,TSRYS5850288,D,S,D,2024-08-27,1000000.00,3.757836,102.2177152723
09:42:43,91282CLD1,TSRYS5850288,D,B,C,2024-08-27,4300000.00,3.75703,102.22265625
09:42:44,91282CLD1,TSRYS5850288,D,S,D,2024-08-27,1400000.00,3.76277,102.1875
09:42:47,91282CLD1,TSRYS5850288,D,S,D,2024-08-27,1000000.00,3.757836,102.2177152723
09:42:48,91282CLD1,TSRYS5850288,D,B,C,2024-08-27,1000000.00,3.755754,102.23046875
09:42:48,91282CLD1,TSRYS5850288,D,S,C,2024-08-27,1000000.00,3.755754,102.23046875
09:42:49,91282CLD1,TSRYS5850288,D,S,C,2024-08-27,8000000.00,3.760219,102.203125
09:43:00,91282CLD1,TSRYS5850288,D,S,T,2024-08-27,1000000.00,3.756711,102.224609375
09:43:00,91282CLD1,TSRYS5850288,D,S,T,2024-08-27,1000000.00,3.756711,102.224609375
09:43:00,91282CLD1,TSRYS5850288,D,S,D,2024-08-27,1000000.00,3.756711,102.224609375
09:43:00,91282CLD1,TSRYS5850288,D,S,T,2024-08-27,1000000.00,3.75703,102.22265625
09:43:03,91282CLD1,TSRYS5850288,D,S,D,2024-08-27,2000000.00,3.75703,102.22265625
09:43:05,91282CLD1,TSRYS5850288,D,S,D,2024-08-27,2000000.00,3.75703,102.22265625
09:43:05,91282CLD1,TSRYS5850288,D,S,D,2024-08-27,1000000.00,3.756711,102.224609375
09:43:05,91282CLD1,TSRYS5850288,D,S,D,2024-08-27,1000000.00,3.756711,102.224609375
09:43:07,91282CLD1,TSRYS5850288,D,S,C,2024-08-27,1000000.00,3.75703,102.22265625
09:43:08,91282CLD1,TSRYS5850288,D,S,D,2024-08-27,1000000.00,3.757667,102.21875
09:43:11,91282CLD1,TSRYS5850288,D,S,D,2024-08-27,1000000.00,3.75703,102.22265625
09:43:15,91282CLD1,TSRYS5850288,D,S,D,2024-08-27,1000000.00,3.757986,102.216796875
09:43:15,91282CLD1,TSRYS5850288,D,S,D,2024-08-27,1000000.00,3.757667,102.21875
09:43:15,91282CLD1,TSRYS5850288,D,S,D,2024-08-27,1000000.00,3.757667,102.21875
09:43:15,91282CLD1,TSRYS5850288,D,S,D,2024-08-27,1000000.00,3.757986,102.216796875
09:43:15,91282CLD1,TSRYS5850288,D,S,T,2024-08-27,1000000.00,3.757667,102.21875
09:43:15,91282CLD1,TSRYS5850288,D,S,C,2024-08-27,1000000.00,3.757667,102.21875
09:43:15,91282CLD1,TSRYS5850288,D,S,C,2024-08-27,1000000.00,3.757667,102.21875
09:43:16,91282CLD1,TSRYS5850288,D,S,C,2024-08-27,1000000.00,3.757667,102.21875
09:43:16,91282CLD1,TSRYS5850288,D,S,C,2024-08-27,1000000.00,3.757667,102.21875
09:43:16,91282CLD1,TSRYS5850288,D,S,C,2024-08-27,1000000.00,3.757667,102.21875
09:43:16,91282CLD1,TSRYS5850288,D,S,C,2024-08-27,1000000.00,3.757667,102.21875
09:43:16,91282CLD1,TSRYS5850288,D,S,T,2024-08-27,1000000.00,3.757667,102.21875
09:43:17,91282CLD1,TSRYS5850288,D,S,T,2024-08-27,1000000.00,3.757667,102.21875
09:43:17,91282CLD1,TSRYS5850288,D,S,T,2024-08-27,1000000.00,3.757667,102.21875
09:43:17,91282CLD1,TSRYS5850288,D,S,D,2024-08-27,1000000.00,3.75703,102.22265625
09:43:17,91282CLD1,TSRYS5850288,D,S,T,2024-08-27,1000000.00,3.757667,102.21875
09:43:17,91282CLD1,TSRYS5850288,D,S,T,2024-08-27,1000000.00,3.757667,102.21875
09:43:17,91282CLD1,TSRYS5850288,D,S,T,2024-08-27,1000000.00,3.757667,102.21875
09:43:17,91282CLD1,TSRYS5850288,D,B,C,2024-08-27,1000000.00,3.75703,102.22265625
09:43:17,91282CLD1,TSRYS5850288,D,S,T,2024-08-27,1000000.00,3.757667,102.21875
09:43:17,91282CLD1,TSRYS5850288,D,S,T,2024-08-27,1000000.00,3.757667,102.21875
09:43:17,91282CLD1,TSRYS5850288,D,S,T,2024-08-27,1000000.00,3.757667,102.21875
09:43:17,91282CLD1,TSRYS5850288,D,S,T,2024-08-27,1000000.00,3.757667,102.21875
09:43:18,91282CLD1,TSRYS5850288,D,S,T,2024-08-27,1000000.00,3.757667,102.21875
09:43:18,91282CLD1,TSRYS5850288,D,S,D,2024-08-27,1000000.00,3.757667,102.21875
09:43:18,91282CLD1,TSRYS5850288,D,S,T,2024-08-27,1000000.00,3.757667,102.21875
09:43:18,91282CLD1,TSRYS5850288,D,S,D,2024-08-27,1000000.00,3.760267,102.2028306515
09:43:19,91282CLD1,TSRYS5850288,D,S,T,2024-08-27,1000000.00,3.758943,102.2109375
09:43:19,91282CLD1,TSRYS5850288,D,S,T,2024-08-27,1000000.00,3.758943,102.2109375
09:43:19,91282CLD1,TSRYS5850288,D,S,T,2024-08-27,1000000.00,3.758943,102.2109375
09:43:19,91282CLD1,TSRYS5850288,D,S,C,2024-08-27,2000000.00,3.758289,102.21494375
09:43:20,91282CLD1,TSRYS5850288,D,B,C,2024-08-27,4000000.00,3.75864,102.212790625
09:43:20,91282CLD1,TSRYS5850288,D,S,T,2024-08-27,1000000.00,3.758943,102.2109375
09:43:20,91282CLD1,TSRYS5850288,D,S,T,2024-08-27,2000000.00,3.758943,102.2109375
09:43:20,91282CLD1,TSRYS5850288,D,S,D,2024-08-27,2000000.00,3.758943,102.2109375
09:43:20,91282CLD1,TSRYS5850288,D,S,C,2024-08-27,1000000.00,3.757667,102.21875
09:43:20,91282CLD1,TSRYS5850288,D,S,C,2024-08-27,1000000.00,3.757667,102.21875
09:43:20,91282CLD1,TSRYS5850288,D,S,D,2024-08-27,1000000.00,3.757667,102.21875
09:43:20,91282CLD1,TSRYS5850288,D,S,T,2024-08-27,1000000.00,3.759262,102.208984375
09:43:21,91282CLD1,TSRYS5850288,D,S,C,2024-08-27,1000000.00,3.758943,102.2109375
09:43:21,91282CLD1,TSRYS5850288,D,S,T,2024-08-27,1000000.00,3.759262,102.208984375
09:43:21,91282CLD1,TSRYS5850288,D,S,T,2024-08-27,1000000.00,3.759262,102.208984375
09:43:22,91282CLD1,TSRYS5850288,D,S,C,2024-08-27,1000000.00,3.759262,102.208984375
09:43:23,91282CLD1,TSRYS5850288,D,S,D,2024-08-27,1000000.00,3.759581,102.20703125
09:43:24,91282CLD1,TSRYS5850288,D,S,D,2024-08-27,1000000.00,3.759581,102.20703125
09:43:24,91282CLD1,TSRYS5850288,D,S,D,2024-08-27,1000000.00,3.758943,102.2109375
09:43:26,91282CLD1,TSRYS5850288,D,S,C,2024-08-27,1000000.00,3.759262,102.208984375
09:43:26,91282CLD1,TSRYS5850288,D,S,C,2024-08-27,1000000.00,3.759262,102.208984375
09:43:53,91282CLD1,TSRYS5850288,D,S,D,2024-08-27,1000000.00,3.757667,102.21875
09:43:53,91282CLD1,TSRYS5850288,D,S,C,2024-08-27,1000000.00,3.757635,102.21895
09:43:53,91282CLD1,TSRYS5850288,D,S,C,2024-08-27,1000000.00,3.758943,102.2109375
09:43:53,91282CLD1,TSRYS5850288,D,S,C,2024-08-27,1000000.00,3.758902,102.2111875
09:43:53,91282CLD1,TSRYS5850288,D,S,C,2024-08-27,1000000.00,3.758902,102.2111875
09:43:53,91282CLD1,TSRYS5850288,D,S,C,2024-08-27,1000000.00,3.758943,102.2109375
09:44:03,91282CLD1,TSRYS5850288,D,B,C,2024-08-27,1000000.00,3.759581,102.20703125
09:44:05,91282CLD1,TSRYS5850288,D,B,C,2024-08-27,150MM+,3.8344,101.75
09:44:07,91282CLD1,TSRYS5850288,D,S,D,2024-08-27,1000000.00,3.759581,102.20703125
09:44:08,91282CLD1,TSRYS5850288,D,S,C,2024-08-27,1000000.00,3.757667,102.21875
09:44:08,91282CLD1,TSRYS5850288,D,B,C,2024-08-27,1000000.00,3.758943,102.2109375
09:44:08,91282CLD1,TSRYS5850288,D,S,D,2024-08-27,1000000.00,3.758943,102.2109375
09:44:08,91282CLD1,TSRYS5850288,D,S,C,2024-08-27,2000000.00,3.758894,102.2112375
09:44:08,91282CLD1,TSRYS5850288,D,B,C,2024-08-27,2000000.00,3.758976,102.2107375
09:44:08,91282CLD1,TSRYS5850288,D,S,T,2024-08-27,1000000.00,3.759581,102.20703125
09:44:08,91282CLD1,TSRYS5850288,D,S,T,2024-08-27,1000000.00,3.758943,102.2109375
09:44:08,91282CLD1,TSRYS5850288,D,S,T,2024-08-27,1000000.00,3.758943,102.2109375
09:44:10,91282CLD1,TSRYS5850288,D,S,T,2024-08-27,1000000.00,3.759262,102.208984375
09:44:11,91282CLD1,TSRYS5850288,D,S,C,2024-08-27,1000000.00,3.759262,102.208984375
09:44:13,91282CLD1,TSRYS5850288,D,S,D,2024-08-27,1000000.00,3.758943,102.2109375
09:44:13,91282CLD1,TSRYS5850288,D,S,D,2024-08-27,1000000.00,3.758943,102.2109375
09:44:17,91282CLD1,TSRYS5850288,D,B,C,2024-08-27,1000000.00,3.75703,102.22265625
09:44:18,91282CLD1,TSRYS5850288,D,S,D,2024-08-27,1000000.00,3.7599,102.205078125
09:44:18,91282CLD1,TSRYS5850288,D,S,C,2024-08-27,1000000.00,3.7599,102.205078125
09:44:20,91282CLD1,TSRYS5850288,D,S,D,2024-08-27,1000000.00,3.760219,102.203125
09:44:20,91282CLD1,TSRYS5850288,D,S,T,2024-08-27,1000000.00,3.760219,102.203125
09:44:20,91282CLD1,TSRYS5850288,D,S,T,2024-08-27,2000000.00,3.760219,102.203125
09:44:20,91282CLD1,TSRYS5850288,D,S,T,2024-08-27,2000000.00,3.760219,102.203125
09:44:20,91282CLD1,TSRYS5850288,D,S,T,2024-08-27,1000000.00,3.760219,102.203125
09:44:20,91282CLD1,TSRYS5850288,D,S,T,2024-08-27,1000000.00,3.760219,102.203125
09:44:20,91282CLD1,TSRYS5850288,D,S,T,2024-08-27,1000000.00,3.760219,102.203125
09:44:20,91282CLD1,TSRYS5850288,D,S,T,2024-08-27,1000000.00,3.760219,102.203125
09:44:21,91282CLD1,TSRYS5850288,D,S,T,2024-08-27,1000000.00,3.760219,102.203125
09:44:21,91282CLD1,TSRYS5850288,D,S,D,2024-08-27,1000000.00,3.760219,102.203125
09:44:21,91282CLD1,TSRYS5850288,D,S,D,2024-08-27,1000000.00,3.760219,102.203125
09:44:32,91282CLD1,TSRYS5850288,D,S,T,2024-08-27,1000000.00,3.758943,102.2109375
09:44:32,91282CLD1,TSRYS5850288,D,S,T,2024-08-27,1000000.00,3.758943,102.2109375
09:44:33,91282CLD1,TSRYS5850288,D,S,T,2024-08-27,1000000.00,3.758943,102.2109375
09:44:38,91282CLD1,TSRYS5850288,D,B,C,2024-08-27,1000000.00,3.758943,102.2109375
09:44:38,91282CLD1,TSRYS5850288,D,S,T,2024-08-27,1000000.00,3.758624,102.212890625
09:44:38,91282CLD1,TSRYS5850288,D,S,D,2024-08-27,1000000.00,3.758624,102.212890625
09:44:38,91282CLD1,TSRYS5850288,D,S,D,2024-08-27,1000000.00,3.758624,102.212890625
09:44:38,91282CLD1,TSRYS5850288,D,S,D,2024-08-27,1000000.00,3.758624,102.212890625
09:44:38,91282CLD1,TSRYS5850288,D,S,T,2024-08-27,1000000.00,3.758624,102.212890625
09:44:43,91282CLD1,TSRYS5850288,D,S,D,2024-08-27,1000000.00,3.758624,102.212890625
09:44:43,91282CLD1,TSRYS5850288,D,S,D,2024-08-27,1000000.00,3.758624,102.212890625
09:44:47,91282CLD1,TSRYS5850288,D,S,T,2024-08-27,1000000.00,3.758943,102.2109375
09:44:55,91282CLD1,TSRYS5850288,D,S,D,2024-08-27,1000000.00,3.760219,102.203125
09:44:55,91282CLD1,TSRYS5850288,D,S,C,2024-08-27,1000000.00,3.760194,102.203275
09:44:55,91282CLD1,TSRYS5850288,D,B,C,2024-08-27,1000000.00,3.760219,102.203125
09:44:55,91282CLD1,TSRYS5850288,D,S,C,2024-08-27,1000000.00,3.760194,102.203275
09:44:55,91282CLD1,TSRYS5850288,D,S,C,2024-08-27,1000000.00,3.760194,102.203275
09:44:55,91282CLD1,TSRYS5850288,D,S,C,2024-08-27,1000000.00,3.760178,102.203375
09:44:55,91282CLD1,TSRYS5850288,D,B,C,2024-08-27,7200000.00,3.755754,102.23046875
09:45:02,91282CLD1,TSRYS5850288,D,B,C,2024-08-27,1000000.00,3.7599,102.205078125
09:45:02,91282CLD1,TSRYS5850288,D,S,C,2024-08-27,1000000.00,3.7599,102.205078125
09:45:06,91282CLD1,TSRYS5850288,D,S,D,2024-08-27,2000000.00,3.757986,102.216796875
09:45:06,91282CLD1,TSRYS5850288,D,S,T,2024-08-27,1000000.00,3.757667,102.21875
09:45:06,91282CLD1,TSRYS5850288,D,S,T,2024-08-27,1000000.00,3.757667,102.21875
09:45:07,91282CLD1,TSRYS5850288,D,S,T,2024-08-27,1000000.00,3.757667,102.21875
09:45:07,91282CLD1,TSRYS5850288,D,S,T,2024-08-27,1000000.00,3.757986,102.216796875
09:45:07,91282CLD1,TSRYS5850288,D,S,T,2024-08-27,1000000.00,3.757986,102.216796875
09:45:07,91282CLD1,TSRYS5850288,D,S,T,2024-08-27,1000000.00,3.757986,102.216796875
09:45:08,91282CLD1,TSRYS5850288,D,S,T,2024-08-27,1000000.00,3.757667,102.21875
09:45:08,91282CLD1,TSRYS5850288,D,S,T,2024-08-27,1000000.00,3.757667,102.21875
09:45:08,91282CLD1,TSRYS5850288,D,S,T,2024-08-27,1000000.00,3.757667,102.21875
09:45:08,91282CLD1,TSRYS5850288,D,S,T,2024-08-27,1000000.00,3.757667,102.21875
09:45:08,91282CLD1,TSRYS5850288,D,S,T,2024-08-27,1000000.00,3.757667,102.21875
09:45:08,91282CLD1,TSRYS5850288,D,S,D,2024-08-27,1000000.00,3.757986,102.216796875
09:45:08,91282CLD1,TSRYS5850288,D,S,D,2024-08-27,1000000.00,3.757986,102.216796875
09:45:09,91282CLD1,TSRYS5850288,D,S,D,2024-08-27,1000000.00,3.757986,102.216796875
09:45:09,91282CLD1,TSRYS5850288,D,S,C,2024-08-27,1000000.00,3.758289,102.21494375
09:45:09,91282CLD1,TSRYS5850288,D,B,C,2024-08-27,1000000.00,3.758305,102.21484375
09:45:09,91282CLD1,TSRYS5850288,D,S,D,2024-08-27,1000000.00,3.756392,102.2265625
09:45:09,91282CLD1,TSRYS5850288,D,S,D,2024-08-27,1000000.00,3.756392,102.2265625
09:45:09,91282CLD1,TSRYS5850288,D,S,D,2024-08-27,1000000.00,3.756392,102.2265625
09:45:10,91282CLD1,TSRYS5850288,D,S,C,2024-08-27,2000000.00,3.76017,102.203425
09:45:10,91282CLD1,TSRYS5850288,D,S,C,2024-08-27,2000000.00,3.760194,102.203275
09:45:10,91282CLD1,TSRYS5850288,D,S,D,2024-08-27,1000000.00,3.757667,102.21875
09:45:10,91282CLD1,TSRYS5850288,D,S,C,2024-08-27,1000000.00,3.760181,102.203352
09:45:10,91282CLD1,TSRYS5850288,D,S,C,2024-08-27,1000000.00,3.760186,102.203325
09:45:10,91282CLD1,TSRYS5850288,D,S,C,2024-08-27,1000000.00,3.758918,102.2110875
09:45:10,91282CLD1,TSRYS5850288,D,S,C,2024-08-27,1000000.00,3.758918,102.2110875
09:45:11,91282CLD1,TSRYS5850288,D,S,D,2024-08-27,1000000.00,3.756392,102.2265625
09:45:11,91282CLD1,TSRYS5850288,D,S,D,2024-08-27,1000000.00,3.756392,102.2265625
09:45:11,91282CLD1,TSRYS5850288,D,B,C,2024-08-27,1000000.00,3.759262,102.20898437
09:45:12,91282CLD1,TSRYS5850288,D,S,D,2024-08-27,1000000.00,3.756392,102.2265625
09:45:12,91282CLD1,TSRYS5850288,D,S,D,2024-08-27,2000000.00,3.756392,102.2265625
09:45:12,91282CLD1,TSRYS5850288,D,S,D,2024-08-27,1000000.00,3.756711,102.224609375
09:45:12,91282CLD1,TSRYS5850288,D,S,C,2024-08-27,1000000.00,3.756711,102.224609375
09:45:13,91282CLD1,TSRYS5850288,D,S,C,2024-08-27,1000000.00,3.756711,102.224609375
09:45:13,91282CLD1,TSRYS5850288,D,S,D,2024-08-27,1000000.00,3.75703,102.22265625
09:45:13,91282CLD1,TSRYS5850288,D,S,C,2024-08-27,1000000.00,3.75703,102.22265625
09:45:13,91282CLD1,TSRYS5850288,D,S,C,2024-08-27,1000000.00,3.75703,102.22265625
09:45:13,91282CLD1,TSRYS5850288,D,S,D,2024-08-27,2000000.00,3.75703,102.22265625
09:45:14,91282CLD1,TSRYS5850288,D,S,T,2024-08-27,1000000.00,3.756392,102.2265625
09:45:14,91282CLD1,TSRYS5850288,D,S,T,2024-08-27,2000000.00,3.757349,102.220703125
09:45:14,91282CLD1,TSRYS5850288,D,S,T,2024-08-27,1000000.00,3.757349,102.220703125
09:45:14,91282CLD1,TSRYS5850288,D,S,T,2024-08-27,1000000.00,3.75703,102.22265625
09:45:15,91282CLD1,TSRYS5850288,D,S,T,2024-08-27,1000000.00,3.75703,102.22265625
09:45:15,91282CLD1,TSRYS5850288,D,S,T,2024-08-27,2000000.00,3.756392,102.2265625
09:45:15,91282CLD1,TSRYS5850288,D,S,T,2024-08-27,1000000.00,3.75703,102.22265625
09:45:15,91282CLD1,TSRYS5850288,D,S,T,2024-08-27,1000000.00,3.756711,102.224609375
09:45:15,91282CLD1,TSRYS5850288,D,S,T,2024-08-27,1000000.00,3.756711,102.224609375
09:45:15,91282CLD1,TSRYS5850288,D,S,T,2024-08-27,1000000.00,3.757349,102.220703125
09:45:15,91282CLD1,TSRYS5850288,D,S,T,2024-08-27,2000000.00,3.75703,102.22265625
09:45:15,91282CLD1,TSRYS5850288,D,S,T,2024-08-27,1000000.00,3.756711,102.224609375
09:45:15,91282CLD1,TSRYS5850288,D,S,T,2024-08-27,1000000.00,3.75703,102.22265625
09:45:16,91282CLD1,TSRYS5850288,D,S,T,2024-08-27,2000000.00,3.757349,102.220703125
09:45:16,91282CLD1,TSRYS5850288,D,S,T,2024-08-27,1000000.00,3.75703,102.22265625
09:45:16,91282CLD1,TSRYS5850288,D,S,T,2024-08-27,1000000.00,3.757667,102.21875
09:45:16,91282CLD1,TSRYS5850288,D,S,D,2024-08-27,1000000.00,3.75703,102.22265625
09:45:16,91282CLD1,TSRYS5850288,D,S,D,2024-08-27,1000000.00,3.757349,102.220703125
09:45:16,91282CLD1,TSRYS5850288,D,S,D,2024-08-27,2000000.00,3.757349,102.220703125
09:45:16,91282CLD1,TSRYS5850288,D,S,D,2024-08-27,1000000.00,3.75703,102.22265625
09:45:16,91282CLD1,TSRYS5850288,D,S,D,2024-08-27,1000000.00,3.757349,102.220703125
09:45:16,91282CLD1,TSRYS5850288,D,S,D,2024-08-27,2000000.00,3.757349,102.220703125
09:45:19,91282CLD1,TSRYS5850288,D,B,C,2024-08-27,25700000.00,3.8344,101.75
09:45:22,91282CLD1,TSRYS5850288,D,S,D,2024-08-27,1000000.00,3.758943,102.2109375
09:45:27,91282CLD1,TSRYS5850288,D,S,C,2024-08-27,2000000.00,3.755754,102.23046875
09:45:27,91282CLD1,TSRYS5850288,D,S,T,2024-08-27,1000000.00,3.755436,102.232421875
09:45:27,91282CLD1,TSRYS5850288,D,S,C,2024-08-27,1000000.00,3.755436,102.232421875
09:45:28,91282CLD1,TSRYS5850288,D,S,T,2024-08-27,1000000.00,3.756392,102.2265625
09:45:28,91282CLD1,TSRYS5850288,D,S,T,2024-08-27,1000000.00,3.756392,102.2265625
09:45:28,91282CLD1,TSRYS5850288,D,S,T,2024-08-27,2000000.00,3.757986,102.21679687
09:45:30,91282CLD1,TSRYS5850288,D,S,T,2024-08-27,1000000.00,3.756392,102.2265625
09:45:30,91282CLD1,TSRYS5850288,D,S,T,2024-08-27,1000000.00,3.756392,102.2265625
09:45:30,91282CLD1,TSRYS5850288,D,S,T,2024-08-27,1000000.00,3.756392,102.2265625
09:45:30,91282CLD1,TSRYS5850288,D,S,T,2024-08-27,2000000.00,3.756392,102.2265625
09:45:30,91282CLD1,TSRYS5850288,D,S,T,2024-08-27,2000000.00,3.756392,102.2265625
09:45:30,91282CLD1,TSRYS5850288,D,S,T,2024-08-27,1000000.00,3.756392,102.2265625
09:45:30,91282CLD1,TSRYS5850288,D,S,T,2024-08-27,1000000.00,3.756392,102.2265625
09:45:31,91282CLD1,TSRYS5850288,D,S,D,2024-08-27,2000000.00,3.755754,102.23046875
09:45:32,91282CLD1,TSRYS5850288,D,S,T,2024-08-27,1000000.00,3.756392,102.2265625
09:45:32,91282CLD1,TSRYS5850288,D,S,C,2024-08-27,1000000.00,3.756392,102.2265625
09:45:33,91282CLD1,TSRYS5850288,D,S,D,2024-08-27,1000000.00,3.756392,102.2265625
09:45:33,91282CLD1,TSRYS5850288,D,S,D,2024-08-27,1000000.00,3.756392,102.2265625
09:45:35,91282CLD1,TSRYS5850288,D,S,T,2024-08-27,1000000.00,3.756392,102.2265625
09:45:35,91282CLD1,TSRYS5850288,D,S,T,2024-08-27,2000000.00,3.755754,102.23046875
09:45:36,91282CLD1,TSRYS5850288,D,B,C,2024-08-27,1000000.00,3.758624,102.21289062
09:45:40,91282CLD1,TSRYS5850288,D,S,C,2024-08-27,1000000.00,3.758943,102.2109375
09:45:40,91282CLD1,TSRYS5850288,D,S,D,2024-08-27,1000000.00,3.760219,102.203125
09:45:40,91282CLD1,TSRYS5850288,D,S,D,2024-08-27,1000000.00,3.757667,102.21875
09:45:40,91282CLD1,TSRYS5850288,D,S,D,2024-08-27,1000000.00,3.757667,102.21875
09:45:40,91282CLD1,TSRYS5850288,D,S,D,2024-08-27,1000000.00,3.757667,102.21875
09:45:40,91282CLD1,TSRYS5850288,D,S,C,2024-08-27,1000000.00,3.757667,102.21875
09:45:40,91282CLD1,TSRYS5850288,D,S,D,2024-08-27,1000000.00,3.757667,102.21875
09:45:40,91282CLD1,TSRYS5850288,D,S,D,2024-08-27,1000000.00,3.757667,102.21875
09:45:40,91282CLD1,TSRYS5850288,D,S,D,2024-08-27,1000000.00,3.757667,102.21875
09:45:40,91282CLD1,TSRYS5850288,D,S,C,2024-08-27,1000000.00,3.757667,102.21875
09:45:40,91282CLD1,TSRYS5850288,D,S,T,2024-08-27,1000000.00,3.757667,102.21875
09:45:41,91282CLD1,TSRYS5850288,D,S,T,2024-08-27,1000000.00,3.757667,102.21875
09:45:44,91282CLD1,TSRYS5850288,D,S,T,2024-08-27,1000000.00,3.757667,102.21875
09:45:44,91282CLD1,TSRYS5850288,D,S,T,2024-08-27,1000000.00,3.757667,102.21875
09:45:55,91282CLD1,TSRYS5850288,D,B,C,2024-08-27,1000000.00,3.760219,102.203125
09:45:55,91282CLD1,TSRYS5850288,D,S,D,2024-08-27,1000000.00,3.756392,102.2265625
09:45:55,91282CLD1,TSRYS5850288,D,B,C,2024-08-27,1000000.00,3.756392,102.2265625
09:46:04,91282CLD1,TSRYS5850288,D,S,D,2024-08-27,2000000.00,3.758305,102.21484375
09:46:05,91282CLD1,TSRYS5850288,D,S,T,2024-08-27,2000000.00,3.755754,102.23046875
09:46:08,91282CLD1,TSRYS5850288,D,S,C,2024-08-27,730000.00,3.75824,102.21524375
09:46:10,91282CLD1,TSRYS5850288,D,S,C,2024-08-27,1000000.00,3.756376,102.2266625
09:46:10,91282CLD1,TSRYS5850288,D,S,C,2024-08-27,1000000.00,3.756392,102.2265625
09:46:10,91282CLD1,TSRYS5850288,D,S,D,2024-08-27,1000000.00,3.756392,102.2265625
09:46:10,91282CLD1,TSRYS5850288,D,S,C,2024-08-27,1000000.00,3.756392,102.2265625
09:46:10,91282CLD1,TSRYS5850288,D,S,D,2024-08-27,2000000.00,3.756392,102.2265625
09:46:10,91282CLD1,TSRYS5850288,D,S,D,2024-08-27,1000000.00,3.757667,102.21875
09:46:10,91282CLD1,TSRYS5850288,D,B,C,2024-08-27,1000000.00,3.757667,102.21875
09:46:10,91282CLD1,TSRYS5850288,D,S,C,2024-08-27,1000000.00,3.757667,102.21875
09:46:10,91282CLD1,TSRYS5850288,D,S,C,2024-08-27,1000000.00,3.757639,102.218925
09:46:11,91282CLD1,TSRYS5850288,D,S,D,2024-08-27,1000000.00,3.758305,102.21484375
09:46:11,91282CLD1,TSRYS5850288,D,B,C,2024-08-27,1000000.00,3.758305,102.21484375
09:46:12,91282CLD1,TSRYS5850288,D,S,D,2024-08-27,1000000.00,3.758305,102.21484375
09:46:12,91282CLD1,TSRYS5850288,D,S,C,2024-08-27,1000000.00,3.755436,102.23242187
09:46:14,91282CLD1,TSRYS5850288,D,S,D,2024-08-27,1000000.00,3.758305,102.21484375
09:46:15,91282CLD1,TSRYS5850288,D,B,C,2024-08-27,1000000.00,3.758305,102.21484375
09:46:15,91282CLD1,TSRYS5850288,D,S,D,2024-08-27,1000000.00,3.758305,102.21484375
09:46:16,91282CLD1,TSRYS5850288,D,B,C,2024-08-27,1000000.00,3.756392,102.2265625
09:46:18,91282CLD1,TSRYS5850288,D,S,T,2024-08-27,1000000.00,3.757667,102.21875
09:46:18,91282CLD1,TSRYS5850288,D,S,T,2024-08-27,1000000.00,3.757667,102.21875
09:46:19,91282CLD1,TSRYS5850288,D,S,D,2024-08-27,3000000.00,3.757986,102.216796875
09:46:19,91282CLD1,TSRYS5850288,D,S,D,2024-08-27,1000000.00,3.757349,102.220703125
09:46:25,91282CLD1,TSRYS5850288,D,S,D,2024-08-27,1000000.00,3.756392,102.2265625
09:46:25,91282CLD1,TSRYS5850288,D,S,C,2024-08-27,1000000.00,3.756392,102.2265625
09:46:25,91282CLD1,TSRYS5850288,D,S,C,2024-08-27,1000000.00,3.756368,102.2267125
09:46:25,91282CLD1,TSRYS5850288,D,S,D,2024-08-27,1000000.00,3.756392,102.2265625
09:46:25,91282CLD1,TSRYS5850288,D,S,C,2024-08-27,2000000.00,3.756363,102.2267375
09:46:25,91282CLD1,TSRYS5850288,D,S,C,2024-08-27,1000000.00,3.757643,102.2189
09:46:25,91282CLD1,TSRYS5850288,D,S,C,2024-08-27,1000000.00,3.757643,102.2189
09:46:26,91282CLD1,TSRYS5850288,D,S,T,2024-08-27,1000000.00,3.757986,102.216796875
09:46:26,91282CLD1,TSRYS5850288,D,S,T,2024-08-27,1000000.00,3.757349,102.220703125
09:46:26,91282CLD1,TSRYS5850288,D,S,T,2024-08-27,2000000.00,3.757986,102.216796875
09:46:35,91282CLD1,TSRYS5850288,D,S,T,2024-08-27,1000000.00,3.756392,102.2265625
09:46:35,91282CLD1,TSRYS5850288,D,S,T,2024-08-27,1000000.00,3.756392,102.2265625
09:46:36,91282CLD1,TSRYS5850288,D,B,C,2024-08-27,1000000.00,3.758305,102.21484375
09:46:40,91282CLD1,TSRYS5850288,D,B,C,2024-08-27,35000000.00,3.759594,102.2069518
09:46:40,91282CLD1,TSRYS5850288,D,S,D,2024-08-27,2000000.00,3.755754,102.23046875
09:46:40,91282CLD1,TSRYS5850288,D,S,C,2024-08-27,1000000.00,3.758894,102.2112375
09:46:40,91282CLD1,TSRYS5850288,D,B,C,2024-08-27,1000000.00,3.758943,102.2109375
09:46:40,91282CLD1,TSRYS5850288,D,S,C,2024-08-27,1000000.00,3.758943,102.2109375
09:46:40,91282CLD1,TSRYS5850288,D,B,C,2024-08-27,1000000.00,3.758943,102.2109375
09:46:41,91282CLD1,TSRYS5850288,D,S,D,2024-08-27,1000000.00,3.757667,102.21875
09:46:53,91282CLD1,TSRYS5850288,D,S,D,2024-08-27,1000000.00,3.757667,102.21875
09:46:56,91282CLD1,TSRYS5850288,D,S,D,2024-08-27,1000000.00,3.755436,102.232421875
09:46:56,91282CLD1,TSRYS5850288,D,S,T,2024-08-27,1000000.00,3.755117,102.234375
09:46:56,91282CLD1,TSRYS5850288,D,S,T,2024-08-27,1000000.00,3.755117,102.234375
09:47:01,91282CLD1,TSRYS5850288,D,S,T,2024-08-27,1000000.00,3.756392,102.2265625
09:47:01,91282CLD1,TSRYS5850288,D,S,T,2024-08-27,1000000.00,3.756392,102.2265625
09:47:06,91282CLD1,TSRYS5850288,D,S,T,2024-08-27,2000000.00,3.755754,102.23046875
09:47:11,91282CLD1,TSRYS5850288,D,S,C,2024-08-27,1000000.00,3.756392,102.2265625
09:47:11,91282CLD1,TSRYS5850288,D,S,C,2024-08-27,1000000.00,3.756392,102.2265625
09:47:13,91282CLD1,TSRYS5850288,D,S,D,2024-08-27,1000000.00,3.755117,102.234375
09:47:17,91282CLD1,TSRYS5850288,D,S,D,2024-08-27,1000000.00,3.755117,102.234375
09:47:17,91282CLD1,TSRYS5850288,D,S,T,2024-08-27,2000000.00,3.756392,102.2265625
09:47:23,91282CLD1,TSRYS5850288,D,B,C,2024-08-27,2000000.00,3.758305,102.21484375
09:47:28,91282CLD1,TSRYS5850288,D,S,T,2024-08-27,1000000.00,3.756392,102.2265625
09:47:31,91282CLD1,TSRYS5850288,D,S,D,2024-08-27,1000000.00,3.75703,102.22265625
09:47:32,91282CLD1,TSRYS5850288,D,S,D,2024-08-27,1000000.00,3.75703,102.22265625
09:47:34,91282CLD1,TSRYS5850288,D,S,T,2024-08-27,1000000.00,3.757667,102.21875
09:47:34,91282CLD1,TSRYS5850288,D,S,T,2024-08-27,1000000.00,3.757667,102.21875
09:47:34,91282CLD1,TSRYS5850288,D,S,T,2024-08-27,2000000.00,3.757667,102.21875
09:47:40,91282CLD1,TSRYS5850288,D,S,T,2024-08-27,1000000.00,3.757349,102.220703125
09:47:40,91282CLD1,TSRYS5850288,D,S,T,2024-08-27,1000000.00,3.757349,102.220703125
09:47:40,91282CLD1,TSRYS5850288,D,S,C,2024-08-27,1000000.00,3.755117,102.234375
09:47:40,91282CLD1,TSRYS5850288,D,S,D,2024-08-27,1000000.00,3.755117,102.234375
09:47:40,91282CLD1,TSRYS5850288,D,S,D,2024-08-27,2000000.00,3.756392,102.2265625
09:47:42,91282CLD1,TSRYS5850288,D,S,D,2024-08-27,1000000.00,3.757667,102.21875
09:47:42,91282CLD1,TSRYS5850288,D,S,D,2024-08-27,1000000.00,3.757667,102.21875
09:47:43,91282CLD1,TSRYS5850288,D,S,D,2024-08-27,1000000.00,3.757667,102.21875
09:47:43,91282CLD1,TSRYS5850288,D,S,D,2024-08-27,1000000.00,3.757349,102.220703125
09:47:43,91282CLD1,TSRYS5850288,D,S,T,2024-08-27,1000000.00,3.757349,102.220703125
09:47:45,91282CLD1,TSRYS5850288,D,S,D,2024-08-27,1000000.00,3.757349,102.220703125
09:47:45,91282CLD1,TSRYS5850288,D,S,D,2024-08-27,1000000.00,3.757349,102.220703125
09:47:45,91282CLD1,TSRYS5850288,D,S,D,2024-08-27,1000000.00,3.757349,102.220703125
09:47:47,91282CLD1,TSRYS5850288,D,B,C,2024-08-27,1000000.00,3.758305,102.21484375
09:47:51,91282CLD1,TSRYS5850288,D,S,T,2024-08-27,1000000.00,3.757667,102.21875
09:47:55,91282CLD1,TSRYS5850288,D,S,C,2024-08-27,1000000.00,3.756368,102.2267125
09:47:55,91282CLD1,TSRYS5850288,D,S,C,2024-08-27,1000000.00,3.756368,102.2267125
09:47:55,91282CLD1,TSRYS5850288,D,S,C,2024-08-27,1000000.00,3.756368,102.2267125
09:48:08,91282CLD1,TSRYS5850288,D,S,D,2024-08-27,1000000.00,3.757986,102.216796875
09:48:08,91282CLD1,TSRYS5850288,D,S,D,2024-08-27,1000000.00,3.757986,102.216796875
09:48:11,91282CLD1,TSRYS5850288,D,S,D,2024-08-27,1000000.00,3.757667,102.21875
09:48:11,91282CLD1,TSRYS5850288,D,S,C,2024-08-27,1000000.00,3.757639,102.218925
09:48:11,91282CLD1,TSRYS5850288,D,S,C,2024-08-27,2000000.00,3.757643,102.2189
09:48:16,91282CLD1,TSRYS5850288,D,S,D,2024-08-27,1000000.00,3.758305,102.21484375
09:48:16,91282CLD1,TSRYS5850288,D,S,D,2024-08-27,1000000.00,3.757986,102.216796875
09:48:16,91282CLD1,TSRYS5850288,D,S,D,2024-08-27,1000000.00,3.757986,102.216796875
09:48:16,91282CLD1,TSRYS5850288,D,S,T,2024-08-27,1000000.00,3.757986,102.216796875
09:48:16,91282CLD1,TSRYS5850288,D,S,T,2024-08-27,1000000.00,3.757986,102.216796875
09:48:16,91282CLD1,TSRYS5850288,D,S,D,2024-08-27,1000000.00,3.757986,102.216796875
09:48:16,91282CLD1,TSRYS5850288,D,S,C,2024-08-27,1000000.00,3.758305,102.21484375
09:48:16,91282CLD1,TSRYS5850288,D,S,D,2024-08-27,1000000.00,3.757986,102.216796875
09:48:16,91282CLD1,TSRYS5850288,D,S,D,2024-08-27,1000000.00,3.757986,102.216796875
09:48:20,91282CLD1,TSRYS5850288,D,S,D,2024-08-27,1000000.00,3.757986,102.216796875
09:48:20,91282CLD1,TSRYS5850288,D,S,D,2024-08-27,1000000.00,3.757986,102.216796875
09:48:21,91282CLD1,TSRYS5850288,D,S,D,2024-08-27,1000000.00,3.757986,102.216796875
09:48:21,91282CLD1,TSRYS5850288,D,S,D,2024-08-27,1000000.00,3.757986,102.216796875
09:48:22,91282CLD1,TSRYS5850288,D,B,C,2024-08-27,5000000.00,3.758305,102.21484375
09:48:22,91282CLD1,TSRYS5850288,D,S,D,2024-08-27,5000000.00,3.758305,102.21484375
09:48:28,91282CLD1,TSRYS5850288,D,S,D,2024-08-27,1000000.00,3.757667,102.21875
09:48:28,91282CLD1,TSRYS5850288,D,B,C,2024-08-27,1000000.00,3.757667,102.21875
09:48:29,91282CLD1,TSRYS5850288,D,S,D,2024-08-27,1000000.00,3.757667,102.21875
09:48:29,91282CLD1,TSRYS5850288,D,B,C,2024-08-27,1000000.00,3.757667,102.21875
09:48:29,91282CLD1,TSRYS5850288,D,S,D,2024-08-27,1000000.00,3.757667,102.21875
09:48:29,91282CLD1,TSRYS5850288,D,S,T,2024-08-27,1000000.00,3.757667,102.21875
09:48:29,91282CLD1,TSRYS5850288,D,S,D,2024-08-27,2000000.00,3.757667,102.21875
09:48:30,91282CLD1,TSRYS5850288,D,S,T,2024-08-27,1000000.00,3.757688,102.218625
09:48:30,91282CLD1,TSRYS5850288,D,S,T,2024-08-27,1000000.00,3.757667,102.21875
09:48:33,91282CLD1,TSRYS5850288,D,S,T,2024-08-27,1000000.00,3.757667,102.21875
09:48:34,91282CLD1,TSRYS5850288,D,S,T,2024-08-27,1000000.00,3.75703,102.22265625
09:48:35,91282CLD1,TSRYS5850288,D,S,C,2024-08-27,1000000.00,3.75703,102.22265625
09:48:45,91282CLD1,TSRYS5850288,D,S,D,2024-08-27,15000000.00,3.758178,102.21562
09:48:50,91282CLD1,TSRYS5850288,D,B,C,2024-08-27,1000000.00,3.757986,102.21679687
09:48:52,91282CLD1,TSRYS5850288,D,S,T,2024-08-27,1000000.00,3.757667,102.21875
09:48:55,91282CLD1,TSRYS5850288,D,S,C,2024-08-27,1000000.00,3.757667,102.21875
09:49:01,91282CLD1,TSRYS5850288,D,S,C,2024-08-27,3000000.00,3.755436,102.23242187
09:49:02,91282CLD1,TSRYS5850288,D,S,D,2024-08-27,6000000.00,3.731765,102.37755
09:49:05,91282CLD1,TSRYS5850288,D,B,C,2024-08-27,83300000.00,3.8344,101.75
09:49:06,91282CLD1,TSRYS5850288,D,S,D,2024-08-27,1000000.00,3.757986,102.216796875
09:49:06,91282CLD1,TSRYS5850288,D,S,D,2024-08-27,1000000.00,3.757986,102.216796875
09:49:07,91282CLD1,TSRYS5850288,D,S,C,2024-08-27,2000000.00,3.757986,102.216796875
09:49:10,91282CLD1,TSRYS5850288,D,S,D,2024-08-27,1000000.00,3.757667,102.21875
09:49:11,91282CLD1,TSRYS5850288,D,S,D,2024-08-27,1000000.00,3.757986,102.216796875
09:49:11,91282CLD1,TSRYS5850288,D,S,D,2024-08-27,1000000.00,3.757986,102.216796875
09:49:11,91282CLD1,TSRYS5850288,D,S,D,2024-08-27,1000000.00,3.757986,102.216796875
09:49:11,91282CLD1,TSRYS5850288,D,S,T,2024-08-27,1000000.00,3.757986,102.216796875
09:49:11,91282CLD1,TSRYS5850288,D,S,T,2024-08-27,1000000.00,3.757986,102.216796875
09:49:11,91282CLD1,TSRYS5850288,D,S,T,2024-08-27,1000000.00,3.757986,102.216796875
09:49:11,91282CLD1,TSRYS5850288,D,S,T,2024-08-27,1000000.00,3.757986,102.216796875
09:49:11,91282CLD1,TSRYS5850288,D,S,D,2024-08-27,1000000.00,3.757986,102.216796875
09:49:13,91282CLD1,TSRYS5850288,D,S,D,2024-08-27,1000000.00,3.757986,102.216796875
09:49:16,91282CLD1,TSRYS5850288,D,S,T,2024-08-27,1000000.00,3.756417,102.2264105
09:49:16,91282CLD1,TSRYS5850288,D,S,T,2024-08-27,1000000.00,3.756417,102.2264105
09:49:16,91282CLD1,TSRYS5850288,D,S,D,2024-08-27,1000000.00,3.757986,102.216796875
09:49:16,91282CLD1,TSRYS5850288,D,S,T,2024-08-27,1000000.00,3.757986,102.216796875
09:49:18,91282CLD1,TSRYS5850288,D,S,D,2024-08-27,1570000.00,3.758943,102.2109375
09:49:18,91282CLD1,TSRYS5850288,D,S,D,2024-08-27,1000000.00,3.757986,102.216796875
09:49:20,91282CLD1,TSRYS5850288,D,S,T,2024-08-27,2000000.00,3.757667,102.21875
09:49:20,91282CLD1,TSRYS5850288,D,S,C,2024-08-27,1000000.00,3.757667,102.21875
09:49:20,91282CLD1,TSRYS5850288,D,S,T,2024-08-27,1000000.00,3.758943,102.2109375
09:49:20,91282CLD1,TSRYS5850288,D,S,T,2024-08-27,1000000.00,3.758624,102.212890625
09:49:20,91282CLD1,TSRYS5850288,D,S,T,2024-08-27,1000000.00,3.758624,102.212890625
09:49:20,91282CLD1,TSRYS5850288,D,S,T,2024-08-27,2000000.00,3.758943,102.2109375
09:49:20,91282CLD1,TSRYS5850288,D,S,T,2024-08-27,1000000.00,3.758959,102.2108375
09:49:20,91282CLD1,TSRYS5850288,D,S,T,2024-08-27,1000000.00,3.758959,102.2108375
09:49:20,91282CLD1,TSRYS5850288,D,S,D,2024-08-27,1000000.00,3.759262,102.208984375
09:49:20,91282CLD1,TSRYS5850288,D,S,D,2024-08-27,1000000.00,3.758943,102.2109375
09:49:20,91282CLD1,TSRYS5850288,D,S,C,2024-08-27,1000000.00,3.759262,102.208984375
09:49:20,91282CLD1,TSRYS5850288,D,S,T,2024-08-27,1000000.00,3.758624,102.212890625
09:49:20,91282CLD1,TSRYS5850288,D,S,D,2024-08-27,1000000.00,3.758624,102.212890625
09:49:20,91282CLD1,TSRYS5850288,D,S,C,2024-08-27,1000000.00,3.757667,102.21875
09:49:20,91282CLD1,TSRYS5850288,D,S,D,2024-08-27,1000000.00,3.758624,102.212890625
09:49:20,91282CLD1,TSRYS5850288,D,S,C,2024-08-27,1000000.00,3.759262,102.208984375
09:49:21,91282CLD1,TSRYS5850288,D,S,C,2024-08-27,1000000.00,3.758305,102.21484375
09:49:21,91282CLD1,TSRYS5850288,D,S,C,2024-08-27,1000000.00,3.758289,102.21494375
09:49:21,91282CLD1,TSRYS5850288,D,S,C,2024-08-27,1000000.00,3.758927,102.2110375
09:49:21,91282CLD1,TSRYS5850288,D,B,C,2024-08-27,1000000.00,3.758943,102.2109375
09:49:22,91282CLD1,TSRYS5850288,D,S,D,2024-08-27,1570000.00,3.758943,102.2109375
09:49:22,91282CLD1,TSRYS5850288,D,S,D,2024-08-27,1000000.00,3.758943,102.2109375
09:49:22,91282CLD1,TSRYS5850288,D,S,D,2024-08-27,1000000.00,3.758943,102.2109375
09:49:22,91282CLD1,TSRYS5850288,D,S,D,2024-08-27,1000000.00,3.759262,102.208984375
09:49:22,91282CLD1,TSRYS5850288,D,B,C,2024-08-27,1000000.00,3.759262,102.208984375
09:49:22,91282CLD1,TSRYS5850288,D,S,C,2024-08-27,1000000.00,3.758624,102.212890625
09:49:23,91282CLD1,TSRYS5850288,D,S,C,2024-08-27,1000000.00,3.758624,102.212890625
09:49:23,91282CLD1,TSRYS5850288,D,S,C,2024-08-27,1000000.00,3.758624,102.212890625
09:49:23,91282CLD1,TSRYS5850288,D,S,C,2024-08-27,1000000.00,3.758624,102.212890625
09:49:23,91282CLD1,TSRYS5850288,D,B,C,2024-08-27,1000000.00,3.758624,102.212890625
09:49:23,91282CLD1,TSRYS5850288,D,S,T,2024-08-27,1000000.00,3.758943,102.2109375
09:49:23,91282CLD1,TSRYS5850288,D,S,C,2024-08-27,1000000.00,3.758943,102.2109375
09:49:23,91282CLD1,TSRYS5850288,D,B,C,2024-08-27,1000000.00,3.758943,102.2109375
09:49:23,91282CLD1,TSRYS5850288,D,S,T,2024-08-27,1000000.00,3.758943,102.2109375
09:49:23,91282CLD1,TSRYS5850288,D,S,T,2024-08-27,1000000.00,3.758943,102.2109375
09:49:23,91282CLD1,TSRYS5850288,D,S,T,2024-08-27,1000000.00,3.758943,102.2109375
09:49:23,91282CLD1,TSRYS5850288,D,S,T,2024-08-27,1000000.00,3.757667,102.21875
09:49:23,91282CLD1,TSRYS5850288,D,S,T,2024-08-27,1000000.00,3.757667,102.21875
09:49:23,91282CLD1,TSRYS5850288,D,S,T,2024-08-27,1000000.00,3.757667,102.21875
09:49:23,91282CLD1,TSRYS5850288,D,S,T,2024-08-27,1000000.00,3.757667,102.21875
09:49:23,91282CLD1,TSRYS5850288,D,S,T,2024-08-27,1000000.00,3.758305,102.21484375
09:49:23,91282CLD1,TSRYS5850288,D,S,T,2024-08-27,1000000.00,3.758943,102.2109375
09:49:23,91282CLD1,TSRYS5850288,D,S,T,2024-08-27,2000000.00,3.757667,102.21875
09:49:23,91282CLD1,TSRYS5850288,D,S,T,2024-08-27,2000000.00,3.757667,102.21875
09:49:23,91282CLD1,TSRYS5850288,D,S,T,2024-08-27,1000000.00,3.758943,102.2109375
09:49:23,91282CLD1,TSRYS5850288,D,S,T,2024-08-27,1000000.00,3.758305,102.21484375
09:49:24,91282CLD1,TSRYS5850288,D,S,T,2024-08-27,1000000.00,3.758943,102.2109375
09:49:24,91282CLD1,TSRYS5850288,D,S,T,2024-08-27,3000000.00,3.757667,102.21875
09:49:24,91282CLD1,TSRYS5850288,D,S,T,2024-08-27,1000000.00,3.758943,102.2109375
09:49:24,91282CLD1,TSRYS5850288,D,S,T,2024-08-27,5000000.00,3.757667,102.21875
09:49:24,91282CLD1,TSRYS5850288,D,S,T,2024-08-27,3000000.00,3.757667,102.21875
09:49:24,91282CLD1,TSRYS5850288,D,S,T,2024-08-27,1000000.00,3.758943,102.2109375
09:49:24,91282CLD1,TSRYS5850288,D,S,D,2024-08-27,2000000.00,3.757667,102.21875
09:49:25,91282CLD1,TSRYS5850288,D,S,C,2024-08-27,1000000.00,3.758943,102.2109375
09:49:25,91282CLD1,TSRYS5850288,D,S,D,2024-08-27,2000000.00,3.758943,102.2109375
09:49:25,91282CLD1,TSRYS5850288,D,S,D,2024-08-27,1000000.00,3.758943,102.2109375
09:49:25,91282CLD1,TSRYS5850288,D,S,D,2024-08-27,1000000.00,3.758943,102.2109375
09:49:25,91282CLD1,TSRYS5850288,D,S,C,2024-08-27,1000000.00,3.758943,102.2109375
09:49:25,91282CLD1,TSRYS5850288,D,S,D,2024-08-27,1000000.00,3.758943,102.2109375
09:49:25,91282CLD1,TSRYS5850288,D,S,D,2024-08-27,1000000.00,3.758943,102.2109375
09:49:25,91282CLD1,TSRYS5850288,D,S,D,2024-08-27,1000000.00,3.758943,102.2109375
09:49:25,91282CLD1,TSRYS5850288,D,S,D,2024-08-27,1000000.00,3.758943,102.2109375
09:49:25,91282CLD1,TSRYS5850288,D,S,D,2024-08-27,1000000.00,3.758943,102.2109375
09:49:25,91282CLD1,TSRYS5850288,D,S,D,2024-08-27,1000000.00,3.758943,102.2109375
09:49:25,91282CLD1,TSRYS5850288,D,S,D,2024-08-27,1000000.00,3.758943,102.2109375
09:49:25,91282CLD1,TSRYS5850288,D,S,D,2024-08-27,1000000.00,3.758943,102.2109375
09:49:25,91282CLD1,TSRYS5850288,D,S,D,2024-08-27,1000000.00,3.758943,102.2109375
09:49:25,91282CLD1,TSRYS5850288,D,S,D,2024-08-27,1000000.00,3.758943,102.2109375
09:49:25,91282CLD1,TSRYS5850288,D,S,D,2024-08-27,1000000.00,3.758943,102.2109375
09:49:25,91282CLD1,TSRYS5850288,D,S,D,2024-08-27,1000000.00,3.758943,102.2109375
09:49:25,91282CLD1,TSRYS5850288,D,S,D,2024-08-27,1000000.00,3.758943,102.2109375
09:49:25,91282CLD1,TSRYS5850288,D,S,D,2024-08-27,1000000.00,3.758943,102.2109375
09:49:25,91282CLD1,TSRYS5850288,D,S,D,2024-08-27,1000000.00,3.758943,102.2109375
09:49:25,91282CLD1,TSRYS5850288,D,S,D,2024-08-27,19000000.00,3.757986,102.216796875
09:49:25,91282CLD1,TSRYS5850288,D,S,C,2024-08-27,1000000.00,3.758305,102.21484375
09:49:25,91282CLD1,TSRYS5850288,D,S,C,2024-08-27,1000000.00,3.758305,102.21484375
09:49:25,91282CLD1,TSRYS5850288,D,S,C,2024-08-27,1000000.00,3.757986,102.216796875
09:49:25,91282CLD1,TSRYS5850288,D,S,C,2024-08-27,1000000.00,3.757986,102.216796875
09:49:25,91282CLD1,TSRYS5850288,D,S,C,2024-08-27,1000000.00,3.758305,102.21484375
09:49:25,91282CLD1,TSRYS5850288,D,S,C,2024-08-27,1000000.00,3.758305,102.21484375
09:49:25,91282CLD1,TSRYS5850288,D,S,C,2024-08-27,1000000.00,3.758305,102.21484375
09:49:25,91282CLD1,TSRYS5850288,D,S,D,2024-08-27,2000000.00,3.758305,102.21484375
09:49:26,91282CLD1,TSRYS5850288,D,S,D,2024-08-27,1000000.00,3.758943,102.2109375
09:49:26,91282CLD1,TSRYS5850288,D,S,D,2024-08-27,1000000.00,3.758943,102.2109375
09:49:26,91282CLD1,TSRYS5850288,D,S,D,2024-08-27,1000000.00,3.758943,102.2109375
09:49:26,91282CLD1,TSRYS5850288,D,S,D,2024-08-27,1000000.00,3.758624,102.212890625
09:49:26,91282CLD1,TSRYS5850288,D,S,D,2024-08-27,1000000.00,3.758943,102.2109375
09:49:26,91282CLD1,TSRYS5850288,D,S,D,2024-08-27,1000000.00,3.758943,102.2109375
09:49:26,91282CLD1,TSRYS5850288,D,S,T,2024-08-27,1000000.00,3.758624,102.212890625
09:49:26,91282CLD1,TSRYS5850288,D,S,D,2024-08-27,1000000.00,3.758624,102.212890625
09:49:26,91282CLD1,TSRYS5850288,D,S,T,2024-08-27,1000000.00,3.758624,102.212890625
09:49:26,91282CLD1,TSRYS5850288,D,S,D,2024-08-27,1000000.00,3.758943,102.2109375
09:49:26,91282CLD1,TSRYS5850288,D,S,D,2024-08-27,1000000.00,3.758943,102.2109375
09:49:26,91282CLD1,TSRYS5850288,D,S,C,2024-08-27,1000000.00,3.758943,102.2109375
09:49:26,91282CLD1,TSRYS5850288,D,S,C,2024-08-27,1000000.00,3.758943,102.2109375
09:49:26,91282CLD1,TSRYS5850288,D,S,C,2024-08-27,1000000.00,3.758943,102.2109375
09:49:26,91282CLD1,TSRYS5850288,D,S,C,2024-08-27,1000000.00,3.758943,102.2109375
09:49:26,91282CLD1,TSRYS5850288,D,S,D,2024-08-27,2000000.00,3.758943,102.2109375
09:49:27,91282CLD1,TSRYS5850288,D,S,T,2024-08-27,1000000.00,3.758943,102.2109375
09:49:27,91282CLD1,TSRYS5850288,D,S,T,2024-08-27,1000000.00,3.758943,102.2109375
09:49:27,91282CLD1,TSRYS5850288,D,S,T,2024-08-27,1000000.00,3.758943,102.2109375
09:49:28,91282CLD1,TSRYS5850288,D,S,D,2024-08-27,1000000.00,3.758943,102.2109375
09:49:28,91282CLD1,TSRYS5850288,D,S,D,2024-08-27,1000000.00,3.758943,102.2109375
09:49:28,91282CLD1,TSRYS5850288,D,B,C,2024-08-27,1000000.00,3.758943,102.2109375
09:49:29,91282CLD1,TSRYS5850288,D,S,T,2024-08-27,1000000.00,3.758943,102.2109375
09:49:29,91282CLD1,TSRYS5850288,D,S,T,2024-08-27,1000000.00,3.757667,102.21875
09:49:29,91282CLD1,TSRYS5850288,D,S,T,2024-08-27,1000000.00,3.758943,102.2109375
09:49:29,91282CLD1,TSRYS5850288,D,S,T,2024-08-27,1000000.00,3.758943,102.2109375
09:49:29,91282CLD1,TSRYS5850288,D,S,T,2024-08-27,5000000.00,3.758943,102.2109375
09:49:29,91282CLD1,TSRYS5850288,D,S,T,2024-08-27,1000000.00,3.758943,102.2109375
09:49:29,91282CLD1,TSRYS5850288,D,S,T,2024-08-27,1000000.00,3.758943,102.2109375
09:49:29,91282CLD1,TSRYS5850288,D,S,T,2024-08-27,5000000.00,3.758943,102.2109375
09:49:29,91282CLD1,TSRYS5850288,D,S,T,2024-08-27,5000000.00,3.758943,102.2109375
09:49:29,91282CLD1,TSRYS5850288,D,S,T,2024-08-27,1000000.00,3.758943,102.2109375
09:49:29,91282CLD1,TSRYS5850288,D,S,T,2024-08-27,5000000.00,3.758943,102.2109375
09:49:29,91282CLD1,TSRYS5850288,D,S,T,2024-08-27,3000000.00,3.758943,102.2109375
09:49:29,91282CLD1,TSRYS5850288,D,S,T,2024-08-27,1000000.00,3.758943,102.2109375
09:49:29,91282CLD1,TSRYS5850288,D,S,T,2024-08-27,3000000.00,3.758943,102.2109375
09:49:29,91282CLD1,TSRYS5850288,D,S,T,2024-08-27,1000000.00,3.758943,102.2109375
09:49:29,91282CLD1,TSRYS5850288,D,S,T,2024-08-27,5000000.00,3.758943,102.2109375
09:49:29,91282CLD1,TSRYS5850288,D,S,T,2024-08-27,2000000.00,3.758943,102.2109375
09:49:29,91282CLD1,TSRYS5850288,D,S,T,2024-08-27,1000000.00,3.758943,102.2109375
09:49:29,91282CLD1,TSRYS5850288,D,S,T,2024-08-27,3000000.00,3.758943,102.2109375
09:49:29,91282CLD1,TSRYS5850288,D,S,T,2024-08-27,1000000.00,3.758943,102.2109375
09:49:29,91282CLD1,TSRYS5850288,D,S,T,2024-08-27,5000000.00,3.758943,102.2109375
09:49:29,91282CLD1,TSRYS5850288,D,S,T,2024-08-27,3000000.00,3.758943,102.2109375
09:49:29,91282CLD1,TSRYS5850288,D,S,T,2024-08-27,5000000.00,3.758943,102.2109375
09:49:29,91282CLD1,TSRYS5850288,D,S,T,2024-08-27,1000000.00,3.758943,102.2109375
09:49:29,91282CLD1,TSRYS5850288,D,S,T,2024-08-27,1000000.00,3.758943,102.2109375
09:49:29,91282CLD1,TSRYS5850288,D,S,T,2024-08-27,2000000.00,3.758943,102.2109375
09:49:29,91282CLD1,TSRYS5850288,D,S,T,2024-08-27,2000000.00,3.758943,102.2109375
09:49:29,91282CLD1,TSRYS5850288,D,S,T,2024-08-27,1000000.00,3.758943,102.2109375
09:49:29,91282CLD1,TSRYS5850288,D,S,T,2024-08-27,1000000.00,3.758943,102.2109375
09:49:29,91282CLD1,TSRYS5850288,D,S,T,2024-08-27,1000000.00,3.758943,102.2109375
09:49:29,91282CLD1,TSRYS5850288,D,S,T,2024-08-27,2000000.00,3.758943,102.2109375
09:49:29,91282CLD1,TSRYS5850288,D,S,T,2024-08-27,6000000.00,3.758943,102.2109375
09:49:29,91282CLD1,TSRYS5850288,D,S,T,2024-08-27,5000000.00,3.758943,102.2109375
09:49:29,91282CLD1,TSRYS5850288,D,S,T,2024-08-27,1000000.00,3.758943,102.2109375
09:49:29,91282CLD1,TSRYS5850288,D,S,T,2024-08-27,2000000.00,3.758943,102.2109375
09:49:29,91282CLD1,TSRYS5850288,D,S,T,2024-08-27,5000000.00,3.758943,102.2109375
09:49:29,91282CLD1,TSRYS5850288,D,S,T,2024-08-27,19000000.00,3.757986,102.216796875
09:49:29,91282CLD1,TSRYS5850288,D,S,T,2024-08-27,1000000.00,3.758943,102.2109375
09:49:29,91282CLD1,TSRYS5850288,D,S,T,2024-08-27,1000000.00,3.758943,102.2109375
09:49:29,91282CLD1,TSRYS5850288,D,S,T,2024-08-27,1000000.00,3.758943,102.2109375
09:49:29,91282CLD1,TSRYS5850288,D,S,T,2024-08-27,1000000.00,3.758943,102.2109375
09:49:29,91282CLD1,TSRYS5850288,D,S,T,2024-08-27,1000000.00,3.758943,102.2109375
09:49:29,91282CLD1,TSRYS5850288,D,S,T,2024-08-27,1000000.00,3.758943,102.2109375
09:49:29,91282CLD1,TSRYS5850288,D,S,T,2024-08-27,1000000.00,3.758943,102.2109375
09:49:29,91282CLD1,TSRYS5850288,D,S,T,2024-08-27,2000000.00,3.758305,102.21484375
09:49:29,91282CLD1,TSRYS5850288,D,S,T,2024-08-27,1000000.00,3.758943,102.2109375
09:49:29,91282CLD1,TSRYS5850288,D,S,T,2024-08-27,1000000.00,3.758943,102.2109375
09:49:29,91282CLD1,TSRYS5850288,D,S,T,2024-08-27,1000000.00,3.758943,102.2109375
09:49:29,91282CLD1,TSRYS5850288,D,S,T,2024-08-27,1000000.00,3.758943,102.2109375
09:49:29,91282CLD1,TSRYS5850288,D,S,T,2024-08-27,3000000.00,3.758943,102.2109375
09:49:29,91282CLD1,TSRYS5850288,D,S,T,2024-08-27,1000000.00,3.758943,102.2109375
09:49:29,91282CLD1,TSRYS5850288,D,S,T,2024-08-27,1000000.00,3.758943,102.2109375
09:49:29,91282CLD1,TSRYS5850288,D,S,T,2024-08-27,1000000.00,3.758943,102.2109375
09:49:29,91282CLD1,TSRYS5850288,D,S,T,2024-08-27,1000000.00,3.758943,102.2109375
09:49:29,91282CLD1,TSRYS5850288,D,S,T,2024-08-27,1000000.00,3.758943,102.2109375
09:49:29,91282CLD1,TSRYS5850288,D,S,T,2024-08-27,1000000.00,3.758943,102.2109375
09:49:29,91282CLD1,TSRYS5850288,D,S,T,2024-08-27,1000000.00,3.758943,102.2109375
09:49:29,91282CLD1,TSRYS5850288,D,S,T,2024-08-27,2000000.00,3.757986,102.216796875
09:49:29,91282CLD1,TSRYS5850288,D,S,T,2024-08-27,1000000.00,3.758943,102.2109375
09:49:29,91282CLD1,TSRYS5850288,D,S,T,2024-08-27,2000000.00,3.758305,102.21484375
09:49:29,91282CLD1,TSRYS5850288,D,S,T,2024-08-27,1000000.00,3.758943,102.2109375
09:49:29,91282CLD1,TSRYS5850288,D,S,T,2024-08-27,2000000.00,3.758943,102.2109375
09:49:29,91282CLD1,TSRYS5850288,D,S,T,2024-08-27,1000000.00,3.758943,102.2109375
09:49:29,91282CLD1,TSRYS5850288,D,S,T,2024-08-27,1000000.00,3.758943,102.2109375
09:49:29,91282CLD1,TSRYS5850288,D,S,T,2024-08-27,1000000.00,3.758943,102.2109375
09:49:29,91282CLD1,TSRYS5850288,D,S,T,2024-08-27,1000000.00,3.758943,102.2109375
09:49:29,91282CLD1,TSRYS5850288,D,S,T,2024-08-27,1000000.00,3.758943,102.2109375
09:49:29,91282CLD1,TSRYS5850288,D,S,T,2024-08-27,1000000.00,3.758943,102.2109375
09:49:29,91282CLD1,TSRYS5850288,D,S,T,2024-08-27,1000000.00,3.758943,102.2109375
09:49:29,91282CLD1,TSRYS5850288,D,S,T,2024-08-27,1000000.00,3.758943,102.2109375
09:49:29,91282CLD1,TSRYS5850288,D,S,T,2024-08-27,1000000.00,3.758943,102.2109375
09:49:29,91282CLD1,TSRYS5850288,D,S,T,2024-08-27,3000000.00,3.758305,102.21484375
09:49:31,91282CLD1,TSRYS5850288,D,S,D,2024-08-27,1000000.00,3.758624,102.212890625
09:49:31,91282CLD1,TSRYS5850288,D,S,D,2024-08-27,1000000.00,3.758624,102.212890625
09:49:32,91282CLD1,TSRYS5850288,D,S,D,2024-08-27,1000000.00,3.758624,102.212890625
09:49:32,91282CLD1,TSRYS5850288,D,S,D,2024-08-27,1000000.00,3.758624,102.212890625
09:49:33,91282CLD1,TSRYS5850288,D,S,T,2024-08-27,1000000.00,3.758943,102.2109375
09:49:37,91282CLD1,TSRYS5850288,D,S,D,2024-08-27,1000000.00,3.758624,102.212890625
09:49:38,91282CLD1,TSRYS5850288,D,B,C,2024-08-27,1000000.00,3.758624,102.212890625
09:49:38,91282CLD1,TSRYS5850288,D,S,D,2024-08-27,1000000.00,3.758624,102.212890625
09:49:39,91282CLD1,TSRYS5850288,D,S,T,2024-08-27,1000000.00,3.758943,102.2109375
09:49:39,91282CLD1,TSRYS5850288,D,S,D,2024-08-27,1000000.00,3.758624,102.212890625
09:49:39,91282CLD1,TSRYS5850288,D,S,D,2024-08-27,1000000.00,3.758943,102.2109375
09:49:39,91282CLD1,TSRYS5850288,D,S,D,2024-08-27,1000000.00,3.758943,102.2109375
09:49:39,91282CLD1,TSRYS5850288,D,S,D,2024-08-27,1000000.00,3.758943,102.2109375
09:49:39,91282CLD1,TSRYS5850288,D,S,D,2024-08-27,1000000.00,3.758943,102.2109375
09:49:39,91282CLD1,TSRYS5850288,D,S,D,2024-08-27,1000000.00,3.758624,102.212890625
09:49:39,91282CLD1,TSRYS5850288,D,S,T,2024-08-27,2000000.00,3.758943,102.2109375
09:49:39,91282CLD1,TSRYS5850288,D,S,T,2024-08-27,1000000.00,3.758943,102.2109375
09:49:40,91282CLD1,TSRYS5850288,D,S,D,2024-08-27,1000000.00,3.758943,102.2109375
09:49:40,91282CLD1,TSRYS5850288,D,S,T,2024-08-27,2000000.00,3.758943,102.2109375
09:49:40,91282CLD1,TSRYS5850288,D,S,T,2024-08-27,2000000.00,3.758943,102.2109375
09:49:40,91282CLD1,TSRYS5850288,D,S,T,2024-08-27,1000000.00,3.758943,102.2109375
09:49:40,91282CLD1,TSRYS5850288,D,S,D,2024-08-27,1000000.00,3.757667,102.21875
09:49:40,91282CLD1,TSRYS5850288,D,S,T,2024-08-27,2000000.00,3.758943,102.2109375
09:49:41,91282CLD1,TSRYS5850288,D,S,D,2024-08-27,1000000.00,3.758624,102.212890625
09:49:41,91282CLD1,TSRYS5850288,D,S,D,2024-08-27,1000000.00,3.758624,102.212890625
09:49:41,91282CLD1,TSRYS5850288,D,S,D,2024-08-27,1000000.00,3.758624,102.212890625
09:49:43,91282CLD1,TSRYS5850288,D,S,D,2024-08-27,1000000.00,3.759262,102.208984375
09:49:43,91282CLD1,TSRYS5850288,D,S,T,2024-08-27,1000000.00,3.759262,102.208984375
09:49:43,91282CLD1,TSRYS5850288,D,S,D,2024-08-27,1000000.00,3.759262,102.208984375
09:49:43,91282CLD1,TSRYS5850288,D,S,D,2024-08-27,1000000.00,3.759262,102.208984375
09:49:43,91282CLD1,TSRYS5850288,D,S,D,2024-08-27,1000000.00,3.759262,102.208984375
09:49:43,91282CLD1,TSRYS5850288,D,S,D,2024-08-27,1000000.00,3.759262,102.208984375
09:49:43,91282CLD1,TSRYS5850288,D,S,D,2024-08-27,1000000.00,3.758624,102.212890625
09:49:44,91282CLD1,TSRYS5850288,D,S,D,2024-08-27,1000000.00,3.759262,102.208984375
09:49:44,91282CLD1,TSRYS5850288,D,S,D,2024-08-27,2000000.00,3.758943,102.2109375
09:49:44,91282CLD1,TSRYS5850288,D,S,D,2024-08-27,2000000.00,3.758943,102.2109375
09:49:44,91282CLD1,TSRYS5850288,D,S,D,2024-08-27,2000000.00,3.758943,102.2109375
09:49:44,91282CLD1,TSRYS5850288,D,S,D,2024-08-27,1000000.00,3.758943,102.2109375
09:49:44,91282CLD1,TSRYS5850288,D,S,D,2024-08-27,1000000.00,3.758624,102.212890625
09:49:44,91282CLD1,TSRYS5850288,D,S,D,2024-08-27,2000000.00,3.758943,102.2109375
09:49:45,91282CLD1,TSRYS5850288,D,B,C,2024-08-27,1000000.00,3.759262,102.208984375
09:49:45,91282CLD1,TSRYS5850288,D,S,D,2024-08-27,1000000.00,3.758943,102.2109375
09:49:45,91282CLD1,TSRYS5850288,D,S,T,2024-08-27,2000000.00,3.758943,102.2109375
09:49:45,91282CLD1,TSRYS5850288,D,S,D,2024-08-27,1000000.00,3.758943,102.2109375
09:49:46,91282CLD1,TSRYS5850288,D,S,D,2024-08-27,1000000.00,3.758943,102.2109375
09:49:46,91282CLD1,TSRYS5850288,D,S,D,2024-08-27,1000000.00,3.758943,102.2109375
09:49:46,91282CLD1,TSRYS5850288,D,S,T,2024-08-27,3000000.00,3.758943,102.2109375
09:49:46,91282CLD1,TSRYS5850288,D,S,D,2024-08-27,3000000.00,3.758943,102.2109375
09:49:48,91282CLD1,TSRYS5850288,D,S,D,2024-08-27,1000000.00,3.758943,102.2109375
09:49:48,91282CLD1,TSRYS5850288,D,S,D,2024-08-27,1000000.00,3.759262,102.208984375
09:49:48,91282CLD1,TSRYS5850288,D,S,T,2024-08-27,1000000.00,3.758943,102.2109375
09:49:48,91282CLD1,TSRYS5850288,D,S,T,2024-08-27,1000000.00,3.758943,102.2109375
09:49:48,91282CLD1,TSRYS5850288,D,S,T,2024-08-27,3000000.00,3.758943,102.2109375
09:49:48,91282CLD1,TSRYS5850288,D,S,T,2024-08-27,3000000.00,3.758943,102.2109375
09:49:48,91282CLD1,TSRYS5850288,D,S,T,2024-08-27,3000000.00,3.758943,102.2109375
09:49:50,91282CLD1,TSRYS5850288,D,S,D,2024-08-27,2000000.00,3.758943,102.2109375
09:49:50,91282CLD1,TSRYS5850288,D,S,D,2024-08-27,1000000.00,3.758943,102.2109375
09:49:50,91282CLD1,TSRYS5850288,D,S,D,2024-08-27,3000000.00,3.758943,102.2109375
09:49:53,91282CLD1,TSRYS5850288,D,S,T,2024-08-27,1000000.00,3.758943,102.2109375
09:49:53,91282CLD1,TSRYS5850288,D,S,T,2024-08-27,2000000.00,3.758943,102.2109375
09:49:53,91282CLD1,TSRYS5850288,D,S,T,2024-08-27,1000000.00,3.758943,102.2109375
09:49:53,91282CLD1,TSRYS5850288,D,S,T,2024-08-27,1000000.00,3.758943,102.2109375
09:49:53,91282CLD1,TSRYS5850288,D,S,T,2024-08-27,1000000.00,3.758943,102.2109375
09:49:53,91282CLD1,TSRYS5850288,D,S,T,2024-08-27,1000000.00,3.758943,102.2109375
09:49:54,91282CLD1,TSRYS5850288,D,S,T,2024-08-27,1000000.00,3.760219,102.203125
09:49:54,91282CLD1,TSRYS5850288,D,S,T,2024-08-27,2000000.00,3.760219,102.203125
09:50:02,91282CLD1,TSRYS5850288,D,B,C,2024-08-27,1000000.00,3.758624,102.21289062
09:50:05,91282CLD1,TSRYS5850288,D,S,T,2024-08-27,1000000.00,3.760219,102.203125
09:50:12,91282CLD1,TSRYS5850288,D,S,D,2024-08-27,2000000.00,3.757667,102.21875
09:50:12,91282CLD1,TSRYS5850288,D,S,C,2024-08-27,1000000.00,3.757667,102.21875
09:50:12,91282CLD1,TSRYS5850288,D,S,D,2024-08-27,1000000.00,3.757667,102.21875
09:50:12,91282CLD1,TSRYS5850288,D,S,D,2024-08-27,2000000.00,3.757667,102.21875
09:50:12,91282CLD1,TSRYS5850288,D,S,C,2024-08-27,5000000.00,3.757635,102.21895
09:50:12,91282CLD1,TSRYS5850288,D,S,D,2024-08-27,3000000.00,3.757667,102.21875
09:50:12,91282CLD1,TSRYS5850288,D,S,D,2024-08-27,3000000.00,3.757667,102.21875
09:50:12,91282CLD1,TSRYS5850288,D,S,D,2024-08-27,5000000.00,3.758943,102.2109375
09:50:12,91282CLD1,TSRYS5850288,D,S,D,2024-08-27,1000000.00,3.758943,102.2109375
09:50:12,91282CLD1,TSRYS5850288,D,S,D,2024-08-27,1000000.00,3.758943,102.2109375
09:50:12,91282CLD1,TSRYS5850288,D,S,D,2024-08-27,1000000.00,3.758943,102.2109375
09:50:12,91282CLD1,TSRYS5850288,D,S,D,2024-08-27,1000000.00,3.758943,102.2109375
09:50:12,91282CLD1,TSRYS5850288,D,B,C,2024-08-27,1000000.00,3.758943,102.2109375
09:50:12,91282CLD1,TSRYS5850288,D,S,D,2024-08-27,1000000.00,3.758943,102.2109375
09:50:12,91282CLD1,TSRYS5850288,D,S,C,2024-08-27,1000000.00,3.758902,102.2111875
09:50:12,91282CLD1,TSRYS5850288,D,B,C,2024-08-27,1000000.00,3.758624,102.21289062
09:50:12,91282CLD1,TSRYS5850288,D,S,D,2024-08-27,1000000.00,3.758943,102.2109375
09:50:12,91282CLD1,TSRYS5850288,D,S,C,2024-08-27,1000000.00,3.758902,102.2111875
09:50:12,91282CLD1,TSRYS5850288,D,S,D,2024-08-27,1000000.00,3.758943,102.2109375
09:50:12,91282CLD1,TSRYS5850288,D,B,C,2024-08-27,1000000.00,3.758943,102.2109375
09:50:12,91282CLD1,TSRYS5850288,D,B,C,2024-08-27,1000000.00,3.758624,102.21289062
09:50:16,91282CLD1,TSRYS5850288,D,B,C,2024-08-27,1000000.00,3.758624,102.21289062
09:50:16,91282CLD1,TSRYS5850288,D,B,C,2024-08-27,1000000.00,3.758624,102.21289062
09:50:16,91282CLD1,TSRYS5850288,D,B,C,2024-08-27,1000000.00,3.758624,102.21289062
09:50:18,91282CLD1,TSRYS5850288,D,B,C,2024-08-27,1000000.00,3.759262,102.20898437
09:50:19,91282CLD1,TSRYS5850288,D,S,D,2024-08-27,1000000.00,3.758943,102.2109375
09:50:19,91282CLD1,TSRYS5850288,D,S,D,2024-08-27,1000000.00,3.758943,102.2109375
09:50:20,91282CLD1,TSRYS5850288,D,S,T,2024-08-27,1000000.00,3.758943,102.2109375
09:50:20,91282CLD1,TSRYS5850288,D,S,D,2024-08-27,1000000.00,3.758943,102.2109375
09:50:20,91282CLD1,TSRYS5850288,D,S,D,2024-08-27,1000000.00,3.758943,102.2109375
09:50:20,91282CLD1,TSRYS5850288,D,S,T,2024-08-27,1000000.00,3.758943,102.2109375
09:50:20,91282CLD1,TSRYS5850288,D,S,T,2024-08-27,2000000.00,3.758943,102.2109375
09:50:20,91282CLD1,TSRYS5850288,D,S,T,2024-08-27,1000000.00,3.758943,102.2109375
09:50:20,91282CLD1,TSRYS5850288,D,S,D,2024-08-27,1000000.00,3.758943,102.2109375
09:50:20,91282CLD1,TSRYS5850288,D,S,T,2024-08-27,1000000.00,3.758943,102.2109375
09:50:20,91282CLD1,TSRYS5850288,D,S,T,2024-08-27,1000000.00,3.758943,102.2109375
09:50:20,91282CLD1,TSRYS5850288,D,S,T,2024-08-27,3000000.00,3.758943,102.2109375
09:50:20,91282CLD1,TSRYS5850288,D,S,T,2024-08-27,3000000.00,3.758943,102.2109375
09:50:20,91282CLD1,TSRYS5850288,D,S,T,2024-08-27,2000000.00,3.758943,102.2109375
09:50:20,91282CLD1,TSRYS5850288,D,S,T,2024-08-27,2000000.00,3.758943,102.2109375
09:50:20,91282CLD1,TSRYS5850288,D,S,D,2024-08-27,1000000.00,3.759262,102.208984375
09:50:21,91282CLD1,TSRYS5850288,D,S,D,2024-08-27,1000000.00,3.759262,102.208984375
09:50:21,91282CLD1,TSRYS5850288,D,S,T,2024-08-27,1000000.00,3.759262,102.208984375
09:50:21,91282CLD1,TSRYS5850288,D,S,D,2024-08-27,1000000.00,3.758943,102.2109375
09:50:21,91282CLD1,TSRYS5850288,D,S,D,2024-08-27,1000000.00,3.758943,102.2109375
09:50:21,91282CLD1,TSRYS5850288,D,S,C,2024-08-27,1000000.00,3.759262,102.208984375
09:50:21,91282CLD1,TSRYS5850288,D,S,D,2024-08-27,1000000.00,3.758927,102.2110375
09:50:21,91282CLD1,TSRYS5850288,D,S,D,2024-08-27,1000000.00,3.758927,102.2110375
09:50:22,91282CLD1,TSRYS5850288,D,S,D,2024-08-27,1000000.00,3.758927,102.2110375
09:50:23,91282CLD1,TSRYS5850288,D,S,T,2024-08-27,1000000.00,3.758943,102.2109375
09:50:23,91282CLD1,TSRYS5850288,D,S,T,2024-08-27,1000000.00,3.758943,102.2109375
09:50:23,91282CLD1,TSRYS5850288,D,S,T,2024-08-27,1000000.00,3.758943,102.2109375
09:50:23,91282CLD1,TSRYS5850288,D,S,T,2024-08-27,1000000.00,3.758943,102.2109375
09:50:23,91282CLD1,TSRYS5850288,D,S,T,2024-08-27,1000000.00,3.758943,102.2109375
09:50:24,91282CLD1,TSRYS5850288,D,S,T,2024-08-27,1000000.00,3.758943,102.2109375
09:50:24,91282CLD1,TSRYS5850288,D,S,T,2024-08-27,1000000.00,3.758943,102.2109375
09:50:24,91282CLD1,TSRYS5850288,D,S,T,2024-08-27,2000000.00,3.758943,102.2109375
09:50:24,91282CLD1,TSRYS5850288,D,S,T,2024-08-27,2000000.00,3.758943,102.2109375
09:50:24,91282CLD1,TSRYS5850288,D,S,T,2024-08-27,1000000.00,3.758943,102.2109375
09:50:24,91282CLD1,TSRYS5850288,D,S,T,2024-08-27,2000000.00,3.758943,102.2109375
09:50:24,91282CLD1,TSRYS5850288,D,S,T,2024-08-27,2000000.00,3.758943,102.2109375
09:50:24,91282CLD1,TSRYS5850288,D,S,T,2024-08-27,3000000.00,3.758943,102.2109375
09:50:24,91282CLD1,TSRYS5850288,D,S,C,2024-08-27,1000000.00,3.758927,102.2110375
09:50:24,91282CLD1,TSRYS5850288,D,S,T,2024-08-27,2000000.00,3.758943,102.2109375
09:50:24,91282CLD1,TSRYS5850288,D,S,T,2024-08-27,2000000.00,3.758943,102.2109375
09:50:24,91282CLD1,TSRYS5850288,D,S,T,2024-08-27,3000000.00,3.758943,102.2109375
09:50:24,91282CLD1,TSRYS5850288,D,S,T,2024-08-27,2000000.00,3.758943,102.2109375
09:50:24,91282CLD1,TSRYS5850288,D,S,T,2024-08-27,1000000.00,3.758943,102.2109375
09:50:24,91282CLD1,TSRYS5850288,D,S,T,2024-08-27,3000000.00,3.758943,102.2109375
09:50:24,91282CLD1,TSRYS5850288,D,S,T,2024-08-27,1000000.00,3.758943,102.2109375
09:50:24,91282CLD1,TSRYS5850288,D,S,T,2024-08-27,1000000.00,3.758943,102.2109375
09:50:24,91282CLD1,TSRYS5850288,D,S,D,2024-08-27,1000000.00,3.758927,102.2110375
09:50:24,91282CLD1,TSRYS5850288,D,S,T,2024-08-27,1000000.00,3.758943,102.2109375
09:50:24,91282CLD1,TSRYS5850288,D,S,D,2024-08-27,1000000.00,3.758927,102.2110375
09:50:25,91282CLD1,TSRYS5850288,D,S,T,2024-08-27,1000000.00,3.758305,102.21484375
09:50:25,91282CLD1,TSRYS5850288,D,S,T,2024-08-27,1000000.00,3.758305,102.21484375
09:50:25,91282CLD1,TSRYS5850288,D,S,D,2024-08-27,2000000.00,3.758943,102.2109375
09:50:25,91282CLD1,TSRYS5850288,D,S,D,2024-08-27,3000000.00,3.758943,102.2109375
09:50:25,91282CLD1,TSRYS5850288,D,S,D,2024-08-27,3000000.00,3.758943,102.2109375
09:50:25,91282CLD1,TSRYS5850288,D,S,D,2024-08-27,2000000.00,3.758943,102.2109375
09:50:25,91282CLD1,TSRYS5850288,D,S,D,2024-08-27,1000000.00,3.758943,102.2109375
09:50:25,91282CLD1,TSRYS5850288,D,S,D,2024-08-27,1000000.00,3.758943,102.2109375
09:50:25,91282CLD1,TSRYS5850288,D,S,D,2024-08-27,1000000.00,3.758305,102.21484375
09:50:25,91282CLD1,TSRYS5850288,D,S,D,2024-08-27,1000000.00,3.758943,102.2109375
09:50:25,91282CLD1,TSRYS5850288,D,S,D,2024-08-27,2000000.00,3.758943,102.2109375
09:50:25,91282CLD1,TSRYS5850288,D,S,D,2024-08-27,1000000.00,3.758943,102.2109375
09:50:25,91282CLD1,TSRYS5850288,D,S,D,2024-08-27,1000000.00,3.758943,102.2109375
09:50:25,91282CLD1,TSRYS5850288,D,S,D,2024-08-27,1000000.00,3.758943,102.2109375
09:50:26,91282CLD1,TSRYS5850288,D,S,C,2024-08-27,1000000.00,3.759262,102.208984375
09:50:27,91282CLD1,TSRYS5850288,D,S,D,2024-08-27,1000000.00,3.758943,102.2109375
09:50:27,91282CLD1,TSRYS5850288,D,S,D,2024-08-27,1000000.00,3.757667,102.21875
09:50:27,91282CLD1,TSRYS5850288,D,S,C,2024-08-27,1000000.00,3.758914,102.2111125
09:50:27,91282CLD1,TSRYS5850288,D,S,C,2024-08-27,5000000.00,3.758943,102.2109375
09:50:27,91282CLD1,TSRYS5850288,D,S,C,2024-08-27,1000000.00,3.758894,102.2112375
09:50:27,91282CLD1,TSRYS5850288,D,S,C,2024-08-27,1000000.00,3.75891,102.2111375
09:50:27,91282CLD1,TSRYS5850288,D,S,C,2024-08-27,5000000.00,3.75891,102.2111375
09:50:27,91282CLD1,TSRYS5850288,D,S,D,2024-08-27,2000000.00,3.758943,102.2109375
09:50:27,91282CLD1,TSRYS5850288,D,S,D,2024-08-27,1000000.00,3.758943,102.2109375
09:50:27,91282CLD1,TSRYS5850288,D,S,C,2024-08-27,5000000.00,3.758902,102.2111875
09:50:27,91282CLD1,TSRYS5850288,D,S,C,2024-08-27,6000000.00,3.75891,102.2111375
09:50:27,91282CLD1,TSRYS5850288,D,S,C,2024-08-27,5000000.00,3.758943,102.2109375
09:50:27,91282CLD1,TSRYS5850288,D,S,C,2024-08-27,1000000.00,3.758918,102.2110875
09:50:27,91282CLD1,TSRYS5850288,D,S,C,2024-08-27,1000000.00,3.758943,102.2109375
09:50:27,91282CLD1,TSRYS5850288,D,S,D,2024-08-27,1000000.00,3.758943,102.2109375
09:50:27,91282CLD1,TSRYS5850288,D,S,D,2024-08-27,1000000.00,3.75891,102.2111375
09:50:28,91282CLD1,TSRYS5850288,D,S,T,2024-08-27,1000000.00,3.758943,102.2109375
09:50:28,91282CLD1,TSRYS5850288,D,S,T,2024-08-27,2000000.00,3.758943,102.2109375
09:50:28,91282CLD1,TSRYS5850288,D,S,T,2024-08-27,1000000.00,3.758943,102.2109375
09:50:28,91282CLD1,TSRYS5850288,D,S,T,2024-08-27,1000000.00,3.758943,102.2109375
09:50:28,91282CLD1,TSRYS5850288,D,S,T,2024-08-27,1000000.00,3.758943,102.2109375
09:50:28,91282CLD1,TSRYS5850288,D,S,T,2024-08-27,1000000.00,3.758943,102.2109375
09:50:28,91282CLD1,TSRYS5850288,D,S,T,2024-08-27,1000000.00,3.758943,102.2109375
09:50:28,91282CLD1,TSRYS5850288,D,S,T,2024-08-27,3000000.00,3.758943,102.2109375
09:50:28,91282CLD1,TSRYS5850288,D,S,T,2024-08-27,2000000.00,3.758943,102.2109375
09:50:28,91282CLD1,TSRYS5850288,D,S,T,2024-08-27,1000000.00,3.758943,102.2109375
09:50:29,91282CLD1,TSRYS5850288,D,S,T,2024-08-27,5000000.00,3.758943,102.2109375
09:50:29,91282CLD1,TSRYS5850288,D,S,T,2024-08-27,5000000.00,3.758943,102.2109375
09:50:29,91282CLD1,TSRYS5850288,D,S,T,2024-08-27,1000000.00,3.758943,102.2109375
09:50:29,91282CLD1,TSRYS5850288,D,S,D,2024-08-27,1000000.00,3.758943,102.2109375
09:50:29,91282CLD1,TSRYS5850288,D,S,T,2024-08-27,1000000.00,3.758943,102.2109375
09:50:29,91282CLD1,TSRYS5850288,D,S,T,2024-08-27,1000000.00,3.758943,102.2109375
09:50:29,91282CLD1,TSRYS5850288,D,S,D,2024-08-27,1000000.00,3.758943,102.2109375
09:50:29,91282CLD1,TSRYS5850288,D,S,T,2024-08-27,5000000.00,3.758943,102.2109375
09:50:29,91282CLD1,TSRYS5850288,D,S,T,2024-08-27,5000000.00,3.758943,102.2109375
09:50:29,91282CLD1,TSRYS5850288,D,S,T,2024-08-27,1000000.00,3.758943,102.2109375
09:50:29,91282CLD1,TSRYS5850288,D,S,T,2024-08-27,1000000.00,3.758943,102.2109375
09:50:29,91282CLD1,TSRYS5850288,D,S,T,2024-08-27,3000000.00,3.758943,102.2109375
09:50:29,91282CLD1,TSRYS5850288,D,S,T,2024-08-27,1000000.00,3.758943,102.2109375
09:50:29,91282CLD1,TSRYS5850288,D,S,D,2024-08-27,2000000.00,3.758943,102.2109375
09:50:29,91282CLD1,TSRYS5850288,D,S,T,2024-08-27,2000000.00,3.758943,102.2109375
09:50:29,91282CLD1,TSRYS5850288,D,S,T,2024-08-27,2000000.00,3.758943,102.2109375
09:50:29,91282CLD1,TSRYS5850288,D,S,D,2024-08-27,2000000.00,3.758943,102.2109375
09:50:29,91282CLD1,TSRYS5850288,D,S,T,2024-08-27,1000000.00,3.758943,102.2109375
09:50:29,91282CLD1,TSRYS5850288,D,S,D,2024-08-27,1000000.00,3.758943,102.2109375
09:50:29,91282CLD1,TSRYS5850288,D,S,D,2024-08-27,1000000.00,3.758943,102.2109375
09:50:29,91282CLD1,TSRYS5850288,D,S,D,2024-08-27,2000000.00,3.758943,102.2109375
09:50:29,91282CLD1,TSRYS5850288,D,S,D,2024-08-27,2000000.00,3.758943,102.2109375
09:50:29,91282CLD1,TSRYS5850288,D,S,D,2024-08-27,3000000.00,3.758943,102.2109375
09:50:29,91282CLD1,TSRYS5850288,D,S,D,2024-08-27,2000000.00,3.758943,102.2109375
09:50:29,91282CLD1,TSRYS5850288,D,S,D,2024-08-27,2000000.00,3.758943,102.2109375
09:50:29,91282CLD1,TSRYS5850288,D,S,D,2024-08-27,3000000.00,3.758943,102.2109375
09:50:29,91282CLD1,TSRYS5850288,D,S,D,2024-08-27,2000000.00,3.758943,102.2109375
09:50:29,91282CLD1,TSRYS5850288,D,S,D,2024-08-27,3000000.00,3.758943,102.2109375
09:50:29,91282CLD1,TSRYS5850288,D,S,D,2024-08-27,1000000.00,3.758943,102.2109375
09:50:29,91282CLD1,TSRYS5850288,D,S,D,2024-08-27,1000000.00,3.758943,102.2109375
09:50:29,91282CLD1,TSRYS5850288,D,S,D,2024-08-27,1000000.00,3.758943,102.2109375
09:50:30,91282CLD1,TSRYS5850288,D,B,C,2024-08-27,1000000.00,3.758624,102.21289062
09:50:30,91282CLD1,TSRYS5850288,D,S,D,2024-08-27,1000000.00,3.758943,102.2109375
09:50:30,91282CLD1,TSRYS5850288,D,B,C,2024-08-27,1000000.00,3.758305,102.21484375
09:50:30,91282CLD1,TSRYS5850288,D,S,D,2024-08-27,1000000.00,3.758305,102.21484375
09:50:30,91282CLD1,TSRYS5850288,D,B,C,2024-08-27,1000000.00,3.758305,102.21484375
09:50:30,91282CLD1,TSRYS5850288,D,S,D,2024-08-27,1000000.00,3.758305,102.21484375
09:50:30,91282CLD1,TSRYS5850288,D,S,D,2024-08-27,1000000.00,3.758305,102.21484375
09:50:30,91282CLD1,TSRYS5850288,D,S,D,2024-08-27,1000000.00,3.758305,102.21484375
09:50:35,91282CLD1,TSRYS5850288,D,S,C,2024-08-27,28370000.00,3.758943,102.2109375
09:50:35,91282CLD1,TSRYS5850288,D,S,D,2024-08-27,2000000.00,3.758624,102.212890625
09:50:42,91282CLD1,TSRYS5850288,D,S,D,2024-08-27,1000000.00,3.758943,102.2109375
09:50:42,91282CLD1,TSRYS5850288,D,S,C,2024-08-27,1000000.00,3.758943,102.2109375
09:50:42,91282CLD1,TSRYS5850288,D,S,C,2024-08-27,3000000.00,3.758943,102.2109375
09:50:42,91282CLD1,TSRYS5850288,D,S,C,2024-08-27,1000000.00,3.758943,102.2109375
09:50:42,91282CLD1,TSRYS5850288,D,S,C,2024-08-27,1000000.00,3.75891,102.2111375
09:50:42,91282CLD1,TSRYS5850288,D,S,C,2024-08-27,5000000.00,3.758943,102.2109375
09:50:42,91282CLD1,TSRYS5850288,D,S,D,2024-08-27,1000000.00,3.758943,102.2109375
09:50:42,91282CLD1,TSRYS5850288,D,S,C,2024-08-27,3000000.00,3.75891,102.2111375
09:50:42,91282CLD1,TSRYS5850288,D,S,D,2024-08-27,5000000.00,3.758943,102.2109375
09:50:42,91282CLD1,TSRYS5850288,D,S,C,2024-08-27,1000000.00,3.758914,102.2111125
09:50:42,91282CLD1,TSRYS5850288,D,S,C,2024-08-27,3000000.00,3.758927,102.2110375
09:50:42,91282CLD1,TSRYS5850288,D,S,C,2024-08-27,5000000.00,3.758943,102.2109375
09:50:42,91282CLD1,TSRYS5850288,D,S,D,2024-08-27,2000000.00,3.758943,102.2109375
09:50:42,91282CLD1,TSRYS5850288,D,S,C,2024-08-27,5000000.00,3.758943,102.2109375
09:50:42,91282CLD1,TSRYS5850288,D,S,D,2024-08-27,3000000.00,3.758943,102.2109375
09:50:42,91282CLD1,TSRYS5850288,D,S,C,2024-08-27,3000000.00,3.758918,102.2110875
09:50:42,91282CLD1,TSRYS5850288,D,B,C,2024-08-27,1000000.00,3.758976,102.2107375
09:50:42,91282CLD1,TSRYS5850288,D,S,C,2024-08-27,1000000.00,3.758943,102.2109375
09:50:42,91282CLD1,TSRYS5850288,D,S,D,2024-08-27,3000000.00,3.758943,102.2109375
09:50:42,91282CLD1,TSRYS5850288,D,S,T,2024-08-27,1000000.00,3.758943,102.2109375
09:50:42,91282CLD1,TSRYS5850288,D,S,T,2024-08-27,1000000.00,3.759581,102.20703125
09:50:42,91282CLD1,TSRYS5850288,D,S,C,2024-08-27,1000000.00,3.76019,102.2033
09:50:42,91282CLD1,TSRYS5850288,D,S,C,2024-08-27,1000000.00,3.758943,102.2109375
09:50:46,91282CLD1,TSRYS5850288,D,B,C,2024-08-27,1000000.00,3.758943,102.2109375
09:50:47,91282CLD1,TSRYS5850288,D,S,C,2024-08-27,1000000.00,3.759581,102.20703125
09:50:56,91282CLD1,TSRYS5850288,D,S,T,2024-08-27,1000000.00,3.758943,102.2109375
09:50:56,91282CLD1,TSRYS5850288,D,S,T,2024-08-27,1000000.00,3.758943,102.2109375
09:50:57,91282CLD1,TSRYS5850288,D,S,D,2024-08-27,1000000.00,3.758943,102.2109375
09:50:57,91282CLD1,TSRYS5850288,D,S,C,2024-08-27,1000000.00,3.758943,102.2109375
09:50:57,91282CLD1,TSRYS5850288,D,S,C,2024-08-27,1000000.00,3.758902,102.2111875
09:50:57,91282CLD1,TSRYS5850288,D,S,C,2024-08-27,2000000.00,3.758918,102.2110875
09:50:57,91282CLD1,TSRYS5850288,D,S,C,2024-08-27,1000000.00,3.758902,102.2111875
09:50:57,91282CLD1,TSRYS5850288,D,S,C,2024-08-27,2000000.00,3.758914,102.2111125
09:50:57,91282CLD1,TSRYS5850288,D,S,D,2024-08-27,2000000.00,3.758943,102.2109375
09:50:57,91282CLD1,TSRYS5850288,D,S,C,2024-08-27,1000000.00,3.758914,102.2111125
09:50:57,91282CLD1,TSRYS5850288,D,S,C,2024-08-27,1000000.00,3.758943,102.2109375
09:50:57,91282CLD1,TSRYS5850288,D,S,C,2024-08-27,1000000.00,3.758914,102.2111125
09:50:57,91282CLD1,TSRYS5850288,D,S,C,2024-08-27,1000000.00,3.758943,102.2109375
09:50:57,91282CLD1,TSRYS5850288,D,S,C,2024-08-27,1000000.00,3.758943,102.2109375
09:50:57,91282CLD1,TSRYS5850288,D,S,D,2024-08-27,2000000.00,3.758943,102.2109375
09:50:57,91282CLD1,TSRYS5850288,D,S,D,2024-08-27,1000000.00,3.758943,102.2109375
09:50:57,91282CLD1,TSRYS5850288,D,S,C,2024-08-27,1000000.00,3.758943,102.2109375
09:50:57,91282CLD1,TSRYS5850288,D,S,D,2024-08-27,1000000.00,3.758943,102.2109375
09:50:57,91282CLD1,TSRYS5850288,D,S,D,2024-08-27,3000000.00,3.758943,102.2109375
09:50:57,91282CLD1,TSRYS5850288,D,S,C,2024-08-27,1000000.00,3.758943,102.2109375
09:50:57,91282CLD1,TSRYS5850288,D,S,T,2024-08-27,1000000.00,3.757986,102.216796875
09:50:57,91282CLD1,TSRYS5850288,D,S,D,2024-08-27,1000000.00,3.758943,102.2109375
09:51:00,91282CLD1,TSRYS5850288,D,B,C,2024-08-27,1000000.00,3.757667,102.21875
09:51:00,91282CLD1,TSRYS5850288,D,B,C,2024-08-27,1000000.00,3.758943,102.2109375
09:51:00,91282CLD1,TSRYS5850288,D,B,C,2024-08-27,1000000.00,3.758943,102.2109375
09:51:00,91282CLD1,TSRYS5850288,D,S,D,2024-08-27,1000000.00,3.758943,102.2109375
09:51:01,91282CLD1,TSRYS5850288,D,S,C,2024-08-27,1000000.00,3.757986,102.216796875
09:51:01,91282CLD1,TSRYS5850288,D,S,C,2024-08-27,1000000.00,3.757986,102.216796875
09:51:01,91282CLD1,TSRYS5850288,D,S,D,2024-08-27,1000000.00,3.758943,102.2109375
09:51:01,91282CLD1,TSRYS5850288,D,S,D,2024-08-27,1000000.00,3.758943,102.2109375
09:51:04,91282CLD1,TSRYS5850288,D,S,T,2024-08-27,1000000.00,3.757986,102.216796875
09:51:08,91282CLD1,TSRYS5850288,D,B,C,2024-08-27,1000000.00,3.758943,102.2109375
09:51:08,91282CLD1,TSRYS5850288,D,B,C,2024-08-27,6000000.00,3.756086,102.22844
09:51:09,91282CLD1,TSRYS5850288,D,S,D,2024-08-27,1000000.00,3.757667,102.21875
09:51:13,91282CLD1,TSRYS5850288,D,S,T,2024-08-27,1000000.00,3.757667,102.21875
09:51:13,91282CLD1,TSRYS5850288,D,S,T,2024-08-27,1000000.00,3.758943,102.2109375
09:51:15,91282CLD1,TSRYS5850288,D,S,D,2024-08-27,1000000.00,3.758943,102.2109375
09:51:18,91282CLD1,TSRYS5850288,D,B,C,2024-08-27,150MM+,3.76277,102.1875
09:51:21,91282CLD1,TSRYS5850288,D,S,T,2024-08-27,1000000.00,3.757667,102.21875
09:51:21,91282CLD1,TSRYS5850288,D,B,C,2024-08-27,3225000.00,3.757667,102.21875
09:51:22,91282CLD1,TSRYS5850288,D,S,C,2024-08-27,1000000.00,3.757986,102.216796875
09:51:22,91282CLD1,TSRYS5850288,D,S,C,2024-08-27,1000000.00,3.757986,102.216796875
09:51:22,91282CLD1,TSRYS5850288,D,S,C,2024-08-27,1000000.00,3.757667,102.21875
09:51:22,91282CLD1,TSRYS5850288,D,S,C,2024-08-27,1000000.00,3.757667,102.21875
09:51:26,91282CLD1,TSRYS5850288,D,S,T,2024-08-27,1000000.00,3.757986,102.216796875
09:51:28,91282CLD1,TSRYS5850288,D,S,T,2024-08-27,1000000.00,3.757667,102.21875
09:51:29,91282CLD1,TSRYS5850288,D,B,C,2024-08-27,2000000.00,3.759262,102.20898437
09:51:30,91282CLD1,TSRYS5850288,D,S,D,2024-08-27,1000000.00,3.758943,102.2109375
09:51:30,91282CLD1,TSRYS5850288,D,S,D,2024-08-27,3000000.00,3.758943,102.2109375
09:51:30,91282CLD1,TSRYS5850288,D,S,D,2024-08-27,2000000.00,3.758943,102.2109375
09:51:30,91282CLD1,TSRYS5850288,D,S,D,2024-08-27,1000000.00,3.758943,102.2109375
09:51:30,91282CLD1,TSRYS5850288,D,S,D,2024-08-27,1000000.00,3.758943,102.2109375
09:51:30,91282CLD1,TSRYS5850288,D,S,D,2024-08-27,2000000.00,3.758943,102.2109375
09:51:30,91282CLD1,TSRYS5850288,D,S,D,2024-08-27,3000000.00,3.758943,102.2109375
09:51:30,91282CLD1,TSRYS5850288,D,S,D,2024-08-27,5000000.00,3.758943,102.2109375
09:51:30,91282CLD1,TSRYS5850288,D,S,D,2024-08-27,5000000.00,3.758943,102.2109375
09:51:30,91282CLD1,TSRYS5850288,D,S,D,2024-08-27,1000000.00,3.758943,102.2109375
09:51:30,91282CLD1,TSRYS5850288,D,S,D,2024-08-27,5000000.00,3.758943,102.2109375
09:51:30,91282CLD1,TSRYS5850288,D,S,C,2024-08-27,1000000.00,3.758943,102.2109375
09:51:30,91282CLD1,TSRYS5850288,D,S,D,2024-08-27,5000000.00,3.758943,102.2109375
09:51:30,91282CLD1,TSRYS5850288,D,S,C,2024-08-27,2000000.00,3.758943,102.2109375
09:51:30,91282CLD1,TSRYS5850288,D,S,D,2024-08-27,1000000.00,3.758943,102.2109375
09:51:30,91282CLD1,TSRYS5850288,D,S,C,2024-08-27,2000000.00,3.758943,102.2109375
09:51:30,91282CLD1,TSRYS5850288,D,S,D,2024-08-27,1000000.00,3.75891,102.2111375
09:51:30,91282CLD1,TSRYS5850288,D,S,C,2024-08-27,1000000.00,3.758943,102.2109375
09:51:30,91282CLD1,TSRYS5850288,D,B,C,2024-08-27,1000000.00,3.758976,102.2107375
09:51:32,91282CLD1,TSRYS5850288,D,B,C,2024-08-27,1000000.00,3.759262,102.20898437
09:51:34,91282CLD1,TSRYS5850288,D,S,D,2024-08-27,2000000.00,3.757667,102.21875
09:51:35,91282CLD1,TSRYS5850288,D,S,D,2024-08-27,2000000.00,3.757667,102.21875
09:51:35,91282CLD1,TSRYS5850288,D,S,T,2024-08-27,1000000.00,3.757667,102.21875
09:51:35,91282CLD1,TSRYS5850288,D,S,D,2024-08-27,2000000.00,3.757667,102.21875
09:51:35,91282CLD1,TSRYS5850288,D,S,D,2024-08-27,1000000.00,3.757667,102.21875
09:51:35,91282CLD1,TSRYS5850288,D,S,T,2024-08-27,1000000.00,3.757667,102.21875
09:51:36,91282CLD1,TSRYS5850288,D,S,T,2024-08-27,1000000.00,3.757667,102.21875
09:51:36,91282CLD1,TSRYS5850288,D,S,C,2024-08-27,1000000.00,3.757986,102.216796875
09:51:36,91282CLD1,TSRYS5850288,D,S,T,2024-08-27,1000000.00,3.757667,102.21875
09:51:36,91282CLD1,TSRYS5850288,D,S,D,2024-08-27,3000000.00,3.757667,102.21875
09:51:36,91282CLD1,TSRYS5850288,D,S,T,2024-08-27,1000000.00,3.757667,102.21875
09:51:36,91282CLD1,TSRYS5850288,D,S,T,2024-08-27,1000000.00,3.757667,102.21875
09:51:36,91282CLD1,TSRYS5850288,D,S,D,2024-08-27,1000000.00,3.757986,102.216796875
09:51:36,91282CLD1,TSRYS5850288,D,S,T,2024-08-27,1000000.00,3.757667,102.21875
09:51:36,91282CLD1,TSRYS5850288,D,S,T,2024-08-27,1000000.00,3.757667,102.21875
09:51:36,91282CLD1,TSRYS5850288,D,S,T,2024-08-27,1000000.00,3.757667,102.21875
09:51:36,91282CLD1,TSRYS5850288,D,S,D,2024-08-27,1000000.00,3.757667,102.21875
09:51:36,91282CLD1,TSRYS5850288,D,S,T,2024-08-27,1000000.00,3.757667,102.21875
09:51:37,91282CLD1,TSRYS5850288,D,S,T,2024-08-27,1000000.00,3.757667,102.21875
09:51:37,91282CLD1,TSRYS5850288,D,S,T,2024-08-27,2000000.00,3.757667,102.21875
09:51:37,91282CLD1,TSRYS5850288,D,S,T,2024-08-27,1000000.00,3.757667,102.21875
09:51:37,91282CLD1,TSRYS5850288,D,S,T,2024-08-27,1000000.00,3.757986,102.216796875
09:51:37,91282CLD1,TSRYS5850288,D,S,T,2024-08-27,1000000.00,3.757667,102.21875
09:51:37,91282CLD1,TSRYS5850288,D,S,T,2024-08-27,1000000.00,3.757667,102.21875
09:51:37,91282CLD1,TSRYS5850288,D,S,T,2024-08-27,1000000.00,3.757667,102.21875
09:51:37,91282CLD1,TSRYS5850288,D,S,T,2024-08-27,1000000.00,3.757667,102.21875
09:51:37,91282CLD1,TSRYS5850288,D,S,T,2024-08-27,1000000.00,3.757667,102.21875
09:51:37,91282CLD1,TSRYS5850288,D,S,T,2024-08-27,1000000.00,3.757667,102.21875
09:51:37,91282CLD1,TSRYS5850288,D,S,T,2024-08-27,1000000.00,3.757667,102.21875
09:51:39,91282CLD1,TSRYS5850288,D,S,C,2024-08-27,1000000.00,3.757667,102.21875
09:51:39,91282CLD1,TSRYS5850288,D,S,C,2024-08-27,1000000.00,3.757667,102.21875
09:51:39,91282CLD1,TSRYS5850288,D,S,C,2024-08-27,1000000.00,3.757667,102.21875
09:51:39,91282CLD1,TSRYS5850288,D,S,D,2024-08-27,1000000.00,3.757667,102.21875
09:51:39,91282CLD1,TSRYS5850288,D,S,D,2024-08-27,1000000.00,3.757667,102.21875
09:51:39,91282CLD1,TSRYS5850288,D,S,D,2024-08-27,1000000.00,3.757667,102.21875
09:51:41,91282CLD1,TSRYS5850288,D,S,T,2024-08-27,1000000.00,3.757986,102.216796875
09:51:41,91282CLD1,TSRYS5850288,D,S,T,2024-08-27,3000000.00,3.757667,102.21875
09:51:41,91282CLD1,TSRYS5850288,D,S,D,2024-08-27,260000.00,3.758943,102.210937
09:51:42,91282CLD1,TSRYS5850288,D,S,T,2024-08-27,1000000.00,3.757667,102.21875
09:51:42,91282CLD1,TSRYS5850288,D,S,T,2024-08-27,3000000.00,3.757667,102.21875
09:51:42,91282CLD1,TSRYS5850288,D,S,T,2024-08-27,1000000.00,3.757667,102.21875
09:51:42,91282CLD1,TSRYS5850288,D,S,T,2024-08-27,1000000.00,3.757667,102.21875
09:51:42,91282CLD1,TSRYS5850288,D,S,T,2024-08-27,1000000.00,3.757667,102.21875
09:51:42,91282CLD1,TSRYS5850288,D,S,T,2024-08-27,2000000.00,3.757667,102.21875
09:51:42,91282CLD1,TSRYS5850288,D,S,T,2024-08-27,1000000.00,3.757667,102.21875
09:51:42,91282CLD1,TSRYS5850288,D,S,T,2024-08-27,1000000.00,3.757667,102.21875
09:51:42,91282CLD1,TSRYS5850288,D,S,T,2024-08-27,1000000.00,3.757667,102.21875
09:51:42,91282CLD1,TSRYS5850288,D,S,T,2024-08-27,1000000.00,3.757667,102.21875
09:51:42,91282CLD1,TSRYS5850288,D,S,T,2024-08-27,1000000.00,3.757667,102.21875
09:51:43,91282CLD1,TSRYS5850288,D,S,C,2024-08-27,1000000.00,3.76019,102.2033
09:51:43,91282CLD1,TSRYS5850288,D,S,C,2024-08-27,2000000.00,3.760194,102.203275
09:51:43,91282CLD1,TSRYS5850288,D,S,A,2024-08-27,1000000.00,3.757667,102.21875
09:51:44,91282CLD1,TSRYS5850288,D,B,C,2024-08-27,65000000.00,3.757667,102.21875
09:51:44,91282CLD1,TSRYS5850288,D,S,D,2024-08-27,260000.00,3.758943,102.2109375
09:51:46,91282CLD1,TSRYS5850288,D,B,C,2024-08-27,1000000.00,3.758624,102.21289062
09:51:48,91282CLD1,TSRYS5850288,D,S,D,2024-08-27,1000000.00,3.758624,102.212890625
09:51:48,91282CLD1,TSRYS5850288,D,S,D,2024-08-27,1000000.00,3.758624,102.212890625
09:51:48,91282CLD1,TSRYS5850288,D,S,D,2024-08-27,1000000.00,3.758624,102.212890625
09:51:48,91282CLD1,TSRYS5850288,D,S,D,2024-08-27,3000000.00,3.758624,102.212890625
09:51:48,91282CLD1,TSRYS5850288,D,S,T,2024-08-27,1000000.00,3.758624,102.212890625
09:51:48,91282CLD1,TSRYS5850288,D,S,T,2024-08-27,1000000.00,3.758624,102.212890625
09:51:48,91282CLD1,TSRYS5850288,D,S,D,2024-08-27,1000000.00,3.758624,102.212890625
09:51:48,91282CLD1,TSRYS5850288,D,S,D,2024-08-27,2000000.00,3.758624,102.212890625
09:51:48,91282CLD1,TSRYS5850288,D,S,D,2024-08-27,1000000.00,3.758624,102.212890625
09:51:49,91282CLD1,TSRYS5850288,D,S,T,2024-08-27,1000000.00,3.758943,102.2109375
09:51:49,91282CLD1,TSRYS5850288,D,S,T,2024-08-27,1000000.00,3.758943,102.2109375
09:51:49,91282CLD1,TSRYS5850288,D,S,D,2024-08-27,2000000.00,3.758624,102.212890625
09:51:49,91282CLD1,TSRYS5850288,D,S,T,2024-08-27,1000000.00,3.758943,102.2109375
09:51:53,91282CLD1,TSRYS5850288,D,B,C,2024-08-27,1000000.00,3.758943,102.2109375
09:51:53,91282CLD1,TSRYS5850288,D,S,D,2024-08-27,1000000.00,3.758624,102.212890625
09:51:53,91282CLD1,TSRYS5850288,D,S,D,2024-08-27,1000000.00,3.758624,102.212890625
09:51:56,91282CLD1,TSRYS5850288,D,B,C,2024-08-27,7400000.00,3.759581,102.20703125
09:51:58,91282CLD1,TSRYS5850288,D,S,C,2024-08-27,1000000.00,3.758943,102.2109375
09:51:58,91282CLD1,TSRYS5850288,D,B,C,2024-08-27,1000000.00,3.758943,102.2109375
09:51:58,91282CLD1,TSRYS5850288,D,S,D,2024-08-27,1000000.00,3.758943,102.2109375
09:52:10,91282CLD1,TSRYS5850288,D,S,C,2024-08-27,1000000.00,3.759262,102.208984375
09:52:12,91282CLD1,TSRYS5850288,D,S,A,2024-08-27,155000.00,3.759453,102.2078125
09:52:12,91282CLD1,TSRYS5850288,D,S,D,2024-08-27,1000000.00,3.757667,102.21875
09:52:12,91282CLD1,TSRYS5850288,D,S,D,2024-08-27,2000000.00,3.757667,102.21875
09:52:12,91282CLD1,TSRYS5850288,D,S,D,2024-08-27,1000000.00,3.757667,102.21875
09:52:12,91282CLD1,TSRYS5850288,D,B,C,2024-08-27,1000000.00,3.757667,102.21875
09:52:12,91282CLD1,TSRYS5850288,D,S,D,2024-08-27,1000000.00,3.757667,102.21875
09:52:13,91282CLD1,TSRYS5850288,D,S,T,2024-08-27,1000000.00,3.759262,102.208984375
09:52:13,91282CLD1,TSRYS5850288,D,S,T,2024-08-27,1000000.00,3.758943,102.2109375
09:52:13,91282CLD1,TSRYS5850288,D,S,T,2024-08-27,1000000.00,3.758943,102.2109375
09:52:15,91282CLD1,TSRYS5850288,D,S,D,2024-08-27,1000000.00,3.759262,102.208984375
09:52:15,91282CLD1,TSRYS5850288,D,S,C,2024-08-27,150MM+,3.758539,102.21341
09:52:15,91282CLD1,TSRYS5850288,D,S,C,2024-08-27,1000000.00,3.759262,102.208984375
09:52:19,91282CLD1,TSRYS5850288,D,S,C,2024-08-27,1000000.00,3.758943,102.2109375
09:52:19,91282CLD1,TSRYS5850288,D,S,C,2024-08-27,1000000.00,3.758943,102.2109375
09:52:19,91282CLD1,TSRYS5850288,D,S,T,2024-08-27,1000000.00,3.758943,102.2109375
09:52:20,91282CLD1,TSRYS5850288,D,S,C,2024-08-27,1000000.00,3.758943,102.2109375
09:52:20,91282CLD1,TSRYS5850288,D,S,C,2024-08-27,3000000.00,3.758943,102.2109375
09:52:22,91282CLD1,TSRYS5850288,D,S,T,2024-08-27,1000000.00,3.758943,102.2109375
09:52:22,91282CLD1,TSRYS5850288,D,S,T,2024-08-27,3000000.00,3.758943,102.2109375
09:52:22,91282CLD1,TSRYS5850288,D,S,T,2024-08-27,1000000.00,3.758963,102.2108125
09:52:24,91282CLD1,TSRYS5850288,D,S,C,2024-08-27,1000000.00,3.758943,102.2109375
09:52:25,91282CLD1,TSRYS5850288,D,S,D,2024-08-27,5000000.00,3.758943,102.2109375
09:52:28,91282CLD1,TSRYS5850288,D,S,T,2024-08-27,1000000.00,3.758943,102.2109375
09:52:30,91282CLD1,TSRYS5850288,D,S,C,2024-08-27,1000000.00,3.757667,102.21875
09:52:30,91282CLD1,TSRYS5850288,D,S,D,2024-08-27,1000000.00,3.757667,102.21875
09:52:30,91282CLD1,TSRYS5850288,D,S,D,2024-08-27,1000000.00,3.757667,102.21875
09:52:30,91282CLD1,TSRYS5850288,D,S,D,2024-08-27,1000000.00,3.757667,102.21875
09:52:30,91282CLD1,TSRYS5850288,D,S,D,2024-08-27,1000000.00,3.757667,102.21875
09:52:30,91282CLD1,TSRYS5850288,D,S,D,2024-08-27,3000000.00,3.757667,102.21875
09:52:30,91282CLD1,TSRYS5850288,D,S,D,2024-08-27,1000000.00,3.757667,102.21875
09:52:30,91282CLD1,TSRYS5850288,D,S,D,2024-08-27,1000000.00,3.757667,102.21875
09:52:30,91282CLD1,TSRYS5850288,D,S,D,2024-08-27,1000000.00,3.757667,102.21875
09:52:30,91282CLD1,TSRYS5850288,D,S,D,2024-08-27,1000000.00,3.757651,102.218852
09:52:30,91282CLD1,TSRYS5850288,D,S,D,2024-08-27,1000000.00,3.757667,102.21875
09:52:30,91282CLD1,TSRYS5850288,D,S,C,2024-08-27,1000000.00,3.757667,102.21875
09:52:30,91282CLD1,TSRYS5850288,D,S,D,2024-08-27,2000000.00,3.757667,102.21875
09:52:30,91282CLD1,TSRYS5850288,D,S,C,2024-08-27,1000000.00,3.757667,102.21875
09:52:31,91282CLD1,TSRYS5850288,D,S,C,2024-08-27,1000000.00,3.758943,102.2109375
09:52:31,91282CLD1,TSRYS5850288,D,S,D,2024-08-27,1000000.00,3.758943,102.2109375
09:52:33,91282CLD1,TSRYS5850288,D,S,T,2024-08-27,3000000.00,3.758943,102.2109375
09:52:33,91282CLD1,TSRYS5850288,D,S,T,2024-08-27,1000000.00,3.758943,102.2109375
09:52:33,91282CLD1,TSRYS5850288,D,S,T,2024-08-27,1000000.00,3.758943,102.2109375
09:52:33,91282CLD1,TSRYS5850288,D,S,T,2024-08-27,1000000.00,3.758943,102.2109375
09:52:33,91282CLD1,TSRYS5850288,D,S,T,2024-08-27,1000000.00,3.758943,102.2109375
09:52:34,91282CLD1,TSRYS5850288,D,S,T,2024-08-27,1000000.00,3.758943,102.2109375
09:52:34,91282CLD1,TSRYS5850288,D,S,T,2024-08-27,2000000.00,3.758943,102.2109375
09:52:34,91282CLD1,TSRYS5850288,D,S,T,2024-08-27,3000000.00,3.758943,102.2109375
09:52:34,91282CLD1,TSRYS5850288,D,S,T,2024-08-27,1000000.00,3.758943,102.2109375
09:52:34,91282CLD1,TSRYS5850288,D,S,T,2024-08-27,1000000.00,3.758943,102.2109375
09:52:34,91282CLD1,TSRYS5850288,D,S,T,2024-08-27,1000000.00,3.758943,102.2109375
09:52:34,91282CLD1,TSRYS5850288,D,S,T,2024-08-27,1000000.00,3.758943,102.2109375
09:52:35,91282CLD1,TSRYS5850288,D,S,T,2024-08-27,1000000.00,3.757667,102.21875
09:52:35,91282CLD1,TSRYS5850288,D,S,D,2024-08-27,1000000.00,3.757986,102.216796875
09:52:35,91282CLD1,TSRYS5850288,D,B,C,2024-08-27,1000000.00,3.757986,102.216796875
09:52:35,91282CLD1,TSRYS5850288,D,S,C,2024-08-27,1000000.00,3.757986,102.216796875
09:52:35,91282CLD1,TSRYS5850288,D,S,T,2024-08-27,1000000.00,3.757667,102.21875
09:52:36,91282CLD1,TSRYS5850288,D,S,C,2024-08-27,1000000.00,3.757986,102.216796875
09:52:36,91282CLD1,TSRYS5850288,D,S,C,2024-08-27,1000000.00,3.757986,102.216796875
09:52:36,91282CLD1,TSRYS5850288,D,S,C,2024-08-27,1000000.00,3.757667,102.21875
09:52:37,91282CLD1,TSRYS5850288,D,S,D,2024-08-27,1000000.00,3.757986,102.216796875
09:52:37,91282CLD1,TSRYS5850288,D,S,D,2024-08-27,1000000.00,3.757986,102.216796875
09:52:38,91282CLD1,TSRYS5850288,D,S,T,2024-08-27,1000000.00,3.757667,102.21875
09:52:38,91282CLD1,TSRYS5850288,D,S,T,2024-08-27,1000000.00,3.757667,102.21875
09:52:38,91282CLD1,TSRYS5850288,D,S,T,2024-08-27,1000000.00,3.757667,102.21875
09:52:38,91282CLD1,TSRYS5850288,D,S,T,2024-08-27,1000000.00,3.757667,102.21875
09:52:38,91282CLD1,TSRYS5850288,D,S,D,2024-08-27,1000000.00,3.757667,102.21875
09:52:38,91282CLD1,TSRYS5850288,D,S,T,2024-08-27,1000000.00,3.757667,102.21875
09:52:38,91282CLD1,TSRYS5850288,D,S,D,2024-08-27,1000000.00,3.757667,102.21875
09:52:38,91282CLD1,TSRYS5850288,D,S,T,2024-08-27,1000000.00,3.757667,102.21875
09:52:38,91282CLD1,TSRYS5850288,D,S,T,2024-08-27,1000000.00,3.757667,102.21875
09:52:38,91282CLD1,TSRYS5850288,D,S,D,2024-08-27,1000000.00,3.757667,102.21875
09:52:39,91282CLD1,TSRYS5850288,D,S,D,2024-08-27,1000000.00,3.757667,102.21875
09:52:39,91282CLD1,TSRYS5850288,D,S,T,2024-08-27,1000000.00,3.757986,102.21679687
09:52:39,91282CLD1,TSRYS5850288,D,S,T,2024-08-27,1000000.00,3.757667,102.21875
09:52:39,91282CLD1,TSRYS5850288,D,S,T,2024-08-27,1000000.00,3.757667,102.21875
09:52:39,91282CLD1,TSRYS5850288,D,S,T,2024-08-27,1000000.00,3.757667,102.21875
09:52:39,91282CLD1,TSRYS5850288,D,S,D,2024-08-27,1000000.00,3.757667,102.21875
09:52:40,91282CLD1,TSRYS5850288,D,S,T,2024-08-27,1000000.00,3.757667,102.21875
09:52:40,91282CLD1,TSRYS5850288,D,S,T,2024-08-27,1000000.00,3.757667,102.21875
09:52:40,91282CLD1,TSRYS5850288,D,S,T,2024-08-27,1000000.00,3.757667,102.21875
09:52:40,91282CLD1,TSRYS5850288,D,S,T,2024-08-27,1000000.00,3.757667,102.21875
09:52:40,91282CLD1,TSRYS5850288,D,S,T,2024-08-27,1000000.00,3.757667,102.21875
09:52:41,91282CLD1,TSRYS5850288,D,S,T,2024-08-27,1000000.00,3.758943,102.2109375
09:52:41,91282CLD1,TSRYS5850288,D,S,T,2024-08-27,2000000.00,3.758943,102.2109375
09:52:41,91282CLD1,TSRYS5850288,D,S,D,2024-08-27,1000000.00,3.758624,102.212890625
09:52:41,91282CLD1,TSRYS5850288,D,B,C,2024-08-27,1000000.00,3.758624,102.212890625
09:52:41,91282CLD1,TSRYS5850288,D,S,T,2024-08-27,1000000.00,3.758624,102.212890625
09:52:41,91282CLD1,TSRYS5850288,D,S,D,2024-08-27,1000000.00,3.757986,102.216796875
09:52:42,91282CLD1,TSRYS5850288,D,S,D,2024-08-27,1000000.00,3.757667,102.21875
09:52:43,91282CLD1,TSRYS5850288,D,S,T,2024-08-27,1000000.00,3.758943,102.2109375
09:52:43,91282CLD1,TSRYS5850288,D,S,T,2024-08-27,1000000.00,3.758943,102.2109375
09:52:43,91282CLD1,TSRYS5850288,D,S,T,2024-08-27,1000000.00,3.758943,102.2109375
09:52:43,91282CLD1,TSRYS5850288,D,S,T,2024-08-27,1000000.00,3.757986,102.216796875
09:52:43,91282CLD1,TSRYS5850288,D,S,T,2024-08-27,1000000.00,3.757986,102.216796875
09:52:43,91282CLD1,TSRYS5850288,D,S,T,2024-08-27,1000000.00,3.757986,102.216796875
09:52:46,91282CLD1,TSRYS5850288,D,S,D,2024-08-27,1000000.00,3.758943,102.2109375
09:52:46,91282CLD1,TSRYS5850288,D,B,C,2024-08-27,1000000.00,3.758943,102.2109375
09:52:46,91282CLD1,TSRYS5850288,D,S,D,2024-08-27,1000000.00,3.758943,102.2109375
09:52:46,91282CLD1,TSRYS5850288,D,S,C,2024-08-27,1000000.00,3.758624,102.212890625
09:52:46,91282CLD1,TSRYS5850288,D,S,C,2024-08-27,1000000.00,3.758943,102.2109375
09:52:46,91282CLD1,TSRYS5850288,D,S,C,2024-08-27,1000000.00,3.758943,102.2109375
09:52:54,91282CLD1,TSRYS5850288,D,S,T,2024-08-27,1000000.00,3.760219,102.203125
09:52:54,91282CLD1,TSRYS5850288,D,S,T,2024-08-27,1000000.00,3.760219,102.203125
09:52:56,91282CLD1,TSRYS5850288,D,S,T,2024-08-27,1000000.00,3.760219,102.203125
09:52:56,91282CLD1,TSRYS5850288,D,S,D,2024-08-27,1000000.00,3.7599,102.205078125
09:52:56,91282CLD1,TSRYS5850288,D,S,D,2024-08-27,1000000.00,3.760219,102.203125
09:52:56,91282CLD1,TSRYS5850288,D,S,C,2024-08-27,1000000.00,3.7599,102.205078125
09:52:57,91282CLD1,TSRYS5850288,D,S,C,2024-08-27,1000000.00,3.760219,102.203125
09:53:02,91282CLD1,TSRYS5850288,D,B,C,2024-08-27,1000000.00,3.758305,102.21484375
09:53:03,91282CLD1,TSRYS5850288,D,S,C,2024-08-27,1000000.00,3.7599,102.205078125
09:53:03,91282CLD1,TSRYS5850288,D,S,D,2024-08-27,1000000.00,3.760537,102.201171875
09:53:03,91282CLD1,TSRYS5850288,D,S,T,2024-08-27,1000000.00,3.760219,102.203125
09:53:03,91282CLD1,TSRYS5850288,D,S,T,2024-08-27,1000000.00,3.760219,102.203125
09:53:05,91282CLD1,TSRYS5850288,D,S,D,2024-08-27,1000000.00,3.760219,102.203125
09:53:06,91282CLD1,TSRYS5850288,D,S,A,2024-08-27,84000.00,3.759963,102.2046875
09:53:07,91282CLD1,TSRYS5850288,D,S,T,2024-08-27,1000000.00,3.760537,102.201171875
09:53:07,91282CLD1,TSRYS5850288,D,S,C,2024-08-27,1000000.00,3.759262,102.20898437
09:53:08,91282CLD1,TSRYS5850288,D,B,C,2024-08-27,1000000.00,3.758305,102.21484375
09:53:08,91282CLD1,TSRYS5850288,D,S,C,2024-08-27,1000000.00,3.759262,102.20898437
09:53:08,91282CLD1,TSRYS5850288,D,S,T,2024-08-27,1000000.00,3.7599,102.205078125
09:53:09,91282CLD1,TSRYS5850288,D,S,T,2024-08-27,1000000.00,3.760537,102.201171875
09:53:13,91282CLD1,TSRYS5850288,D,S,D,2024-08-27,1000000.00,3.758943,102.2109375
09:53:13,91282CLD1,TSRYS5850288,D,S,C,2024-08-27,1000000.00,3.758943,102.2109375
09:53:13,91282CLD1,TSRYS5850288,D,S,C,2024-08-27,1000000.00,3.758943,102.2109375
09:53:13,91282CLD1,TSRYS5850288,D,S,C,2024-08-27,1000000.00,3.758943,102.2109375
09:53:13,91282CLD1,TSRYS5850288,D,S,C,2024-08-27,1000000.00,3.758943,102.2109375
09:53:13,91282CLD1,TSRYS5850288,D,S,C,2024-08-27,1000000.00,3.758943,102.2109375
09:53:13,91282CLD1,TSRYS5850288,D,S,C,2024-08-27,1000000.00,3.758943,102.2109375
09:53:13,91282CLD1,TSRYS5850288,D,S,D,2024-08-27,3000000.00,3.758943,102.2109375
09:53:13,91282CLD1,TSRYS5850288,D,S,D,2024-08-27,1000000.00,3.758943,102.2109375
09:53:13,91282CLD1,TSRYS5850288,D,S,D,2024-08-27,1000000.00,3.758943,102.2109375
09:53:13,91282CLD1,TSRYS5850288,D,S,C,2024-08-27,1000000.00,3.758943,102.2109375
09:53:13,91282CLD1,TSRYS5850288,D,S,C,2024-08-27,1000000.00,3.758943,102.2109375
09:53:13,91282CLD1,TSRYS5850288,D,S,C,2024-08-27,1000000.00,3.758943,102.2109375
09:53:14,91282CLD1,TSRYS5850288,D,S,T,2024-08-27,1000000.00,3.760219,102.203125
09:53:14,91282CLD1,TSRYS5850288,D,S,C,2024-08-27,1000000.00,3.758943,102.2109375
09:53:14,91282CLD1,TSRYS5850288,D,B,C,2024-08-27,1000000.00,3.758943,102.2109375
09:53:14,91282CLD1,TSRYS5850288,D,S,C,2024-08-27,1000000.00,3.758943,102.2109375
09:53:14,91282CLD1,TSRYS5850288,D,S,C,2024-08-27,1000000.00,3.758943,102.2109375
09:53:14,91282CLD1,TSRYS5850288,D,S,C,2024-08-27,1000000.00,3.760537,102.201171875
09:53:25,91282CLD1,TSRYS5850288,D,S,C,2024-08-27,3000000.00,3.757986,102.21679687
09:53:25,91282CLD1,TSRYS5850288,D,B,C,2024-08-27,1000000.00,3.758624,102.21289062
09:53:28,91282CLD1,TSRYS5850288,D,S,C,2024-08-27,1000000.00,3.757667,102.21875
09:53:28,91282CLD1,TSRYS5850288,D,S,D,2024-08-27,1000000.00,3.757667,102.21875
09:53:29,91282CLD1,TSRYS5850288,D,S,D,2024-08-27,1000000.00,3.757667,102.21875
09:53:29,91282CLD1,TSRYS5850288,D,S,C,2024-08-27,1000000.00,3.757667,102.21875
09:53:29,91282CLD1,TSRYS5850288,D,S,C,2024-08-27,1000000.00,3.757667,102.21875
09:53:29,91282CLD1,TSRYS5850288,D,S,D,2024-08-27,1000000.00,3.757667,102.21875
09:53:29,91282CLD1,TSRYS5850288,D,S,C,2024-08-27,1000000.00,3.757639,102.218925
09:53:29,91282CLD1,TSRYS5850288,D,S,C,2024-08-27,1000000.00,3.757667,102.21875
09:53:29,91282CLD1,TSRYS5850288,D,S,T,2024-08-27,2000000.00,3.761494,102.1953125
09:53:29,91282CLD1,TSRYS5850288,D,S,D,2024-08-27,1000000.00,3.760219,102.203125
09:53:29,91282CLD1,TSRYS5850288,D,B,C,2024-08-27,1000000.00,3.760251,102.202925
09:53:29,91282CLD1,TSRYS5850288,D,B,C,2024-08-27,1000000.00,3.760251,102.202925
09:53:29,91282CLD1,TSRYS5850288,D,S,C,2024-08-27,1000000.00,3.760181,102.203352
09:53:29,91282CLD1,TSRYS5850288,D,S,C,2024-08-27,1000000.00,3.76019,102.2033
09:53:29,91282CLD1,TSRYS5850288,D,S,C,2024-08-27,1000000.00,3.76019,102.2033
09:53:29,91282CLD1,TSRYS5850288,D,S,C,2024-08-27,1000000.00,3.760194,102.203275
09:53:29,91282CLD1,TSRYS5850288,D,S,C,2024-08-27,1000000.00,3.760194,102.203275
09:53:29,91282CLD1,TSRYS5850288,D,S,C,2024-08-27,1000000.00,3.760194,102.203275
09:53:44,91282CLD1,TSRYS5850288,D,S,D,2024-08-27,1000000.00,3.757667,102.21875
09:53:44,91282CLD1,TSRYS5850288,D,S,C,2024-08-27,1000000.00,3.757667,102.21875
09:53:44,91282CLD1,TSRYS5850288,D,S,C,2024-08-27,1000000.00,3.758943,102.2109375
09:53:44,91282CLD1,TSRYS5850288,D,S,C,2024-08-27,1000000.00,3.760194,102.203275
09:53:44,91282CLD1,TSRYS5850288,D,B,C,2024-08-27,1000000.00,3.760219,102.203125
09:53:44,91282CLD1,TSRYS5850288,D,B,C,2024-08-27,1000000.00,3.760219,102.203125
09:53:59,91282CLD1,TSRYS5850288,D,S,T,2024-08-27,1000000.00,3.761494,102.1953125
09:53:59,91282CLD1,TSRYS5850288,D,S,T,2024-08-27,1000000.00,3.761494,102.1953125
09:53:59,91282CLD1,TSRYS5850288,D,S,T,2024-08-27,1000000.00,3.761494,102.1953125
09:54:02,91282CLD1,TSRYS5850288,D,S,C,2024-08-27,1000000.00,3.760219,102.203125
09:54:02,91282CLD1,TSRYS5850288,D,B,C,2024-08-27,1000000.00,3.760251,102.202925
09:54:02,91282CLD1,TSRYS5850288,D,S,D,2024-08-27,1000000.00,3.760219,102.203125
09:54:03,91282CLD1,TSRYS5850288,D,S,C,2024-08-27,48900000.00,3.8344,101.75
09:54:11,91282CLD1,TSRYS5850288,D,S,D,2024-08-27,1000000.00,3.7599,102.20507812
09:54:12,91282CLD1,TSRYS5850288,D,S,C,2024-08-27,2000000.00,3.760537,102.201171875
09:54:13,91282CLD1,TSRYS5850288,D,S,D,2024-08-27,1000000.00,3.760219,102.203125
09:54:15,91282CLD1,TSRYS5850288,D,S,C,2024-08-27,1000000.00,3.761445,102.1956125
09:54:15,91282CLD1,TSRYS5850288,D,B,C,2024-08-27,1000000.00,3.761494,102.1953125
09:54:15,91282CLD1,TSRYS5850288,D,S,D,2024-08-27,1000000.00,3.761494,102.1953125
09:54:15,91282CLD1,TSRYS5850288,D,S,C,2024-08-27,1000000.00,3.761494,102.1953125
09:54:15,91282CLD1,TSRYS5850288,D,S,D,2024-08-27,1000000.00,3.761494,102.1953125
09:54:15,91282CLD1,TSRYS5850288,D,B,C,2024-08-27,1000000.00,3.761527,102.1951125
09:54:17,91282CLD1,TSRYS5850288,D,S,D,2024-08-27,1000000.00,3.761175,102.197265625
09:54:17,91282CLD1,TSRYS5850288,D,S,D,2024-08-27,1000000.00,3.761494,102.1953125
09:54:17,91282CLD1,TSRYS5850288,D,S,D,2024-08-27,1000000.00,3.761175,102.197265625
09:54:17,91282CLD1,TSRYS5850288,D,S,T,2024-08-27,1000000.00,3.761494,102.1953125
09:54:21,91282CLD1,TSRYS5850288,D,S,T,2024-08-27,2000000.00,3.760537,102.201171875
09:54:24,91282CLD1,TSRYS5850288,D,S,D,2024-08-27,2000000.00,3.762132,102.19140625
09:54:27,91282CLD1,TSRYS5850288,D,S,D,2024-08-27,1000000.00,3.761494,102.1953125
09:54:27,91282CLD1,TSRYS5850288,D,S,D,2024-08-27,1000000.00,3.760219,102.203125
09:54:29,91282CLD1,TSRYS5850288,D,S,C,2024-08-27,1000000.00,3.761494,102.1953125
09:54:29,91282CLD1,TSRYS5850288,D,S,C,2024-08-27,1000000.00,3.761494,102.1953125
09:54:41,91282CLD1,TSRYS5850288,D,S,D,2024-08-27,1000000.00,3.760537,102.20117187
09:54:42,91282CLD1,TSRYS5850288,D,S,D,2024-08-27,1000000.00,3.761494,102.1953125
09:54:42,91282CLD1,TSRYS5850288,D,S,T,2024-08-27,1000000.00,3.761494,102.1953125
09:54:42,91282CLD1,TSRYS5850288,D,S,D,2024-08-27,1000000.00,3.761494,102.1953125
09:54:42,91282CLD1,TSRYS5850288,D,S,D,2024-08-27,1000000.00,3.761494,102.1953125
09:54:42,91282CLD1,TSRYS5850288,D,S,C,2024-08-27,2000000.00,3.760537,102.20117187
09:54:42,91282CLD1,TSRYS5850288,D,S,D,2024-08-27,1000000.00,3.761813,102.193359375
09:54:42,91282CLD1,TSRYS5850288,D,S,D,2024-08-27,1000000.00,3.761494,102.1953125
09:54:44,91282CLD1,TSRYS5850288,D,S,D,2024-08-27,1000000.00,3.761494,102.1953125
09:54:46,91282CLD1,TSRYS5850288,D,S,D,2024-08-27,1000000.00,3.761813,102.193359375
09:54:48,91282CLD1,TSRYS5850288,D,S,T,2024-08-27,1000000.00,3.761494,102.1953125
09:54:48,91282CLD1,TSRYS5850288,D,S,D,2024-08-27,1000000.00,3.761494,102.1953125
09:54:48,91282CLD1,TSRYS5850288,D,S,T,2024-08-27,2000000.00,3.761494,102.1953125
09:54:48,91282CLD1,TSRYS5850288,D,S,D,2024-08-27,1000000.00,3.761494,102.1953125
09:54:49,91282CLD1,TSRYS5850288,D,S,D,2024-08-27,1000000.00,3.761494,102.1953125
09:54:53,91282CLD1,TSRYS5850288,D,S,T,2024-08-27,1000000.00,3.761494,102.1953125
09:54:53,91282CLD1,TSRYS5850288,D,S,T,2024-08-27,1000000.00,3.761494,102.1953125
09:54:57,91282CLD1,TSRYS5850288,D,S,D,2024-08-27,1000000.00,3.762132,102.19140625
09:55:03,91282CLD1,TSRYS5850288,D,S,D,2024-08-27,1000000.00,3.762132,102.19140625
09:55:09,91282CLD1,TSRYS5850288,D,B,C,2024-08-27,1000000.00,3.761494,102.1953125
09:55:11,91282CLD1,TSRYS5850288,D,S,T,2024-08-27,1000000.00,3.76277,102.1875
09:55:11,91282CLD1,TSRYS5850288,D,S,D,2024-08-27,1000000.00,3.76277,102.1875
09:55:12,91282CLD1,TSRYS5850288,D,S,C,2024-08-27,1000000.00,3.76277,102.1875
09:55:16,91282CLD1,TSRYS5850288,D,S,D,2024-08-27,2000000.00,3.76277,102.1875
09:55:16,91282CLD1,TSRYS5850288,D,S,D,2024-08-27,1000000.00,3.76277,102.1875
09:55:16,91282CLD1,TSRYS5850288,D,S,D,2024-08-27,1000000.00,3.76277,102.1875
09:55:17,91282CLD1,TSRYS5850288,D,S,C,2024-08-27,1000000.00,3.761445,102.1956125
09:55:17,91282CLD1,TSRYS5850288,D,B,C,2024-08-27,1000000.00,3.761527,102.1951125
09:55:17,91282CLD1,TSRYS5850288,D,S,D,2024-08-27,1000000.00,3.76147,102.1954625
09:55:17,91282CLD1,TSRYS5850288,D,S,C,2024-08-27,1000000.00,3.761494,102.1953125
09:55:17,91282CLD1,TSRYS5850288,D,B,C,2024-08-27,1000000.00,3.761527,102.1951125
09:55:17,91282CLD1,TSRYS5850288,D,S,C,2024-08-27,1000000.00,3.761494,102.1953125
09:55:17,91282CLD1,TSRYS5850288,D,B,C,2024-08-27,1000000.00,3.761527,102.1951125
09:55:17,91282CLD1,TSRYS5850288,D,S,C,2024-08-27,1000000.00,3.761453,102.1955625
09:55:17,91282CLD1,TSRYS5850288,D,B,C,2024-08-27,1000000.00,3.761527,102.1951125
09:55:17,91282CLD1,TSRYS5850288,D,S,C,2024-08-27,1000000.00,3.76147,102.1954625
09:55:17,91282CLD1,TSRYS5850288,D,S,C,2024-08-27,2000000.00,3.76147,102.1954625
09:55:17,91282CLD1,TSRYS5850288,D,B,C,2024-08-27,1000000.00,3.761494,102.1953125
09:55:17,91282CLD1,TSRYS5850288,D,S,C,2024-08-27,1000000.00,3.76147,102.1954625
09:55:19,91282CLD1,TSRYS5850288,D,S,T,2024-08-27,1000000.00,3.762451,102.189453125
09:55:19,91282CLD1,TSRYS5850288,D,S,T,2024-08-27,1000000.00,3.762451,102.189453125
09:55:19,91282CLD1,TSRYS5850288,D,S,D,2024-08-27,1000000.00,3.763089,102.185546875
09:55:19,91282CLD1,TSRYS5850288,D,S,D,2024-08-27,1000000.00,3.763089,102.185546875
09:55:19,91282CLD1,TSRYS5850288,D,S,C,2024-08-27,3000000.00,3.761813,102.19335937
09:55:19,91282CLD1,TSRYS5850288,D,S,T,2024-08-27,1000000.00,3.764046,102.1796875
09:55:20,91282CLD1,TSRYS5850288,D,S,C,2024-08-27,1000000.00,3.762451,102.189453125
09:55:23,91282CLD1,TSRYS5850288,D,S,C,2024-08-27,1000000.00,3.762451,102.189453125
09:55:27,91282CLD1,TSRYS5850288,D,S,D,2024-08-27,2000000.00,3.764684,102.17578125
09:55:33,91282CLD1,TSRYS5850288,D,S,D,2024-08-27,1000000.00,3.765322,102.171875
09:55:33,91282CLD1,TSRYS5850288,D,S,C,2024-08-27,1000000.00,3.765322,102.171875
09:55:34,91282CLD1,TSRYS5850288,D,S,D,2024-08-27,1000000.00,3.765322,102.171875
09:55:34,91282CLD1,TSRYS5850288,D,S,D,2024-08-27,1000000.00,3.765322,102.171875
09:55:35,91282CLD1,TSRYS5850288,D,S,D,2024-08-27,1000000.00,3.765003,102.173828125
09:55:35,91282CLD1,TSRYS5850288,D,S,T,2024-08-27,1000000.00,3.765322,102.171875
09:55:36,91282CLD1,TSRYS5850288,D,S,D,2024-08-27,1000000.00,3.765003,102.173828125
09:55:40,91282CLD1,TSRYS5850288,D,S,T,2024-08-27,1000000.00,3.765322,102.171875
09:55:40,91282CLD1,TSRYS5850288,D,S,T,2024-08-27,1000000.00,3.765322,102.171875
09:55:40,91282CLD1,TSRYS5850288,D,S,T,2024-08-27,1000000.00,3.765322,102.171875
09:55:40,91282CLD1,TSRYS5850288,D,S,T,2024-08-27,1000000.00,3.765322,102.171875
09:55:42,91282CLD1,TSRYS5850288,D,S,C,2024-08-27,3000000.00,3.761813,102.19335937
09:55:42,91282CLD1,TSRYS5850288,D,S,D,2024-08-27,1000000.00,3.765641,102.169921875
09:55:43,91282CLD1,TSRYS5850288,D,S,T,2024-08-27,1000000.00,3.765322,102.171875
09:55:44,91282CLD1,TSRYS5850288,D,S,C,2024-08-27,3000000.00,3.761813,102.19335937
09:55:46,91282CLD1,TSRYS5850288,D,S,C,2024-08-27,3000000.00,3.761813,102.19335937
09:55:47,91282CLD1,TSRYS5850288,D,S,D,2024-08-27,2000000.00,3.765322,102.171875
09:55:48,91282CLD1,TSRYS5850288,D,S,D,2024-08-27,1000000.00,3.765322,102.171875
09:55:48,91282CLD1,TSRYS5850288,D,S,T,2024-08-27,1000000.00,3.765322,102.171875
09:55:48,91282CLD1,TSRYS5850288,D,S,D,2024-08-27,1000000.00,3.765322,102.171875
09:55:48,91282CLD1,TSRYS5850288,D,S,D,2024-08-27,1000000.00,3.765322,102.171875
09:55:50,91282CLD1,TSRYS5850288,D,S,D,2024-08-27,1000000.00,3.765003,102.173828125
09:55:51,91282CLD1,TSRYS5850288,D,S,D,2024-08-27,1000000.00,3.765641,102.16992188
09:55:52,91282CLD1,TSRYS5850288,D,S,T,2024-08-27,2000000.00,3.765322,102.171875
09:55:53,91282CLD1,TSRYS5850288,D,S,T,2024-08-27,1000000.00,3.765322,102.171875
09:55:53,91282CLD1,TSRYS5850288,D,S,T,2024-08-27,1000000.00,3.765322,102.171875
09:55:53,91282CLD1,TSRYS5850288,D,S,T,2024-08-27,1000000.00,3.765003,102.173828125
09:56:02,91282CLD1,TSRYS5850288,D,S,D,2024-08-27,1000000.00,3.76277,102.1875
09:56:02,91282CLD1,TSRYS5850288,D,S,D,2024-08-27,1000000.00,3.76277,102.1875
09:56:02,91282CLD1,TSRYS5850288,D,S,C,2024-08-27,1000000.00,3.76277,102.1875
09:56:04,91282CLD1,TSRYS5850288,D,S,C,2024-08-27,3000000.00,3.761813,102.19335937
09:56:04,91282CLD1,TSRYS5850288,D,S,D,2024-08-27,2000000.00,3.76596,102.16796875
09:56:04,91282CLD1,TSRYS5850288,D,S,T,2024-08-27,2000000.00,3.76596,102.16796875
09:56:04,91282CLD1,TSRYS5850288,D,S,D,2024-08-27,1000000.00,3.765641,102.169921875
09:56:05,91282CLD1,TSRYS5850288,D,S,C,2024-08-27,3000000.00,3.761813,102.19335937
09:56:05,91282CLD1,TSRYS5850288,D,B,C,2024-08-27,1000000.00,3.763089,102.18554687
09:56:05,91282CLD1,TSRYS5850288,D,B,C,2024-08-27,1000000.00,3.763089,102.18554687
09:56:05,91282CLD1,TSRYS5850288,D,S,D,2024-08-27,1000000.00,3.765322,102.171875
09:56:06,91282CLD1,TSRYS5850288,D,S,C,2024-08-27,1000000.00,3.765322,102.171875
09:56:08,91282CLD1,TSRYS5850288,D,S,D,2024-08-27,1000000.00,3.765322,102.171875
09:56:11,91282CLD1,TSRYS5850288,D,S,D,2024-08-27,1000000.00,3.76596,102.16796875
09:56:11,91282CLD1,TSRYS5850288,D,S,C,2024-08-27,1000000.00,3.76596,102.16796875
09:56:14,91282CLD1,TSRYS5850288,D,S,D,2024-08-27,1000000.00,3.765641,102.169921875
09:56:14,91282CLD1,TSRYS5850288,D,S,D,2024-08-27,1000000.00,3.765641,102.169921875
09:56:14,91282CLD1,TSRYS5850288,D,S,D,2024-08-27,1000000.00,3.765641,102.169921875
09:56:15,91282CLD1,TSRYS5850288,D,S,D,2024-08-27,1000000.00,3.764046,102.1796875
09:56:15,91282CLD1,TSRYS5850288,D,S,D,2024-08-27,1000000.00,3.765322,102.171875
09:56:17,91282CLD1,TSRYS5850288,D,B,C,2024-08-27,2000000.00,3.765003,102.17382812
09:56:25,91282CLD1,TSRYS5850288,D,S,D,2024-08-27,201000.00,3.767237,102.16015625
09:56:28,91282CLD1,TSRYS5850288,D,B,C,2024-08-27,1000000.00,3.763727,102.18164062
09:56:28,91282CLD1,TSRYS5850288,D,B,C,2024-08-27,1000000.00,3.764046,102.1796875
09:56:33,91282CLD1,TSRYS5850288,D,S,D,2024-08-27,1000000.00,3.765322,102.171875
09:56:35,91282CLD1,TSRYS5850288,D,S,D,2024-08-27,1000000.00,3.76596,102.16796875
09:56:38,91282CLD1,TSRYS5850288,D,S,T,2024-08-27,1000000.00,3.76596,102.16796875
09:56:43,91282CLD1,TSRYS5850288,D,S,D,2024-08-27,1000000.00,3.765641,102.16992187
09:56:43,91282CLD1,TSRYS5850288,D,S,T,2024-08-27,1000000.00,3.765641,102.16992187
09:56:43,91282CLD1,TSRYS5850288,D,S,D,2024-08-27,1000000.00,3.765641,102.16992187
09:56:45,91282CLD1,TSRYS5850288,D,S,D,2024-08-27,1000000.00,3.765322,102.171875
09:56:48,91282CLD1,TSRYS5850288,D,S,T,2024-08-27,1000000.00,3.765322,102.171875
09:56:48,91282CLD1,TSRYS5850288,D,S,T,2024-08-27,1000000.00,3.765322,102.171875
09:56:48,91282CLD1,TSRYS5850288,D,S,D,2024-08-27,1000000.00,3.765322,102.171875
09:56:48,91282CLD1,TSRYS5850288,D,S,T,2024-08-27,1000000.00,3.765322,102.171875
09:56:48,91282CLD1,TSRYS5850288,D,S,T,2024-08-27,1000000.00,3.765322,102.171875
09:56:48,91282CLD1,TSRYS5850288,D,S,T,2024-08-27,1000000.00,3.765322,102.171875
09:56:49,91282CLD1,TSRYS5850288,D,S,C,2024-08-27,1000000.00,3.765641,102.16992187
09:56:49,91282CLD1,TSRYS5850288,D,S,D,2024-08-27,1000000.00,3.765322,102.171875
09:56:49,91282CLD1,TSRYS5850288,D,S,D,2024-08-27,1000000.00,3.765322,102.171875
09:56:49,91282CLD1,TSRYS5850288,D,S,D,2024-08-27,1000000.00,3.765322,102.171875
09:56:52,91282CLD1,TSRYS5850288,D,S,T,2024-08-27,1000000.00,3.766279,102.166015625
09:56:54,91282CLD1,TSRYS5850288,D,S,D,2024-08-27,1000000.00,3.76596,102.16796875
09:56:56,91282CLD1,TSRYS5850288,D,S,T,2024-08-27,2000000.00,3.76596,102.16796875
09:56:56,91282CLD1,TSRYS5850288,D,S,D,2024-08-27,2000000.00,3.76596,102.16796875
09:56:57,91282CLD1,TSRYS5850288,D,S,C,2024-08-27,1000000.00,3.766279,102.166015625
09:56:57,91282CLD1,TSRYS5850288,D,S,T,2024-08-27,1000000.00,3.765322,102.171875
09:56:57,91282CLD1,TSRYS5850288,D,S,D,2024-08-27,1000000.00,3.765641,102.169921875
09:56:58,91282CLD1,TSRYS5850288,D,S,C,2024-08-27,1000000.00,3.765641,102.169921875
09:56:58,91282CLD1,TSRYS5850288,D,S,T,2024-08-27,1000000.00,3.765322,102.171875
09:56:58,91282CLD1,TSRYS5850288,D,S,T,2024-08-27,1000000.00,3.76596,102.16796875
09:57:03,91282CLD1,TSRYS5850288,D,S,T,2024-08-27,1000000.00,3.765322,102.171875
09:57:03,91282CLD1,TSRYS5850288,D,S,T,2024-08-27,1000000.00,3.765322,102.171875
09:57:03,91282CLD1,TSRYS5850288,D,S,T,2024-08-27,1000000.00,3.765322,102.171875
09:57:13,91282CLD1,TSRYS5850288,D,S,T,2024-08-27,1000000.00,3.76596,102.16796875
09:57:13,91282CLD1,TSRYS5850288,D,S,D,2024-08-27,1000000.00,3.76596,102.16796875
09:57:13,91282CLD1,TSRYS5850288,D,S,D,2024-08-27,1000000.00,3.76596,102.16796875
09:57:18,91282CLD1,TSRYS5850288,D,S,D,2024-08-27,1000000.00,3.765322,102.171875
09:57:18,91282CLD1,TSRYS5850288,D,B,C,2024-08-27,1000000.00,3.765322,102.171875
09:57:18,91282CLD1,TSRYS5850288,D,S,D,2024-08-27,1000000.00,3.765322,102.171875
09:57:18,91282CLD1,TSRYS5850288,D,S,D,2024-08-27,1000000.00,3.765322,102.171875
09:57:18,91282CLD1,TSRYS5850288,D,S,D,2024-08-27,1000000.00,3.765322,102.171875
09:57:19,91282CLD1,TSRYS5850288,D,S,T,2024-08-27,1000000.00,3.76596,102.16796875
09:57:22,91282CLD1,TSRYS5850288,D,S,T,2024-08-27,1000000.00,3.765003,102.173828125
09:57:22,91282CLD1,TSRYS5850288,D,S,T,2024-08-27,1000000.00,3.765003,102.173828125
09:57:23,91282CLD1,TSRYS5850288,D,S,T,2024-08-27,1000000.00,3.765322,102.171875
09:57:23,91282CLD1,TSRYS5850288,D,S,T,2024-08-27,1000000.00,3.765322,102.171875
09:57:24,91282CLD1,TSRYS5850288,D,S,C,2024-08-27,1000000.00,3.765322,102.171875
09:57:24,91282CLD1,TSRYS5850288,D,S,C,2024-08-27,1000000.00,3.765003,102.173828125
09:57:24,91282CLD1,TSRYS5850288,D,B,C,2024-08-27,1000000.00,3.765003,102.173828125
09:57:24,91282CLD1,TSRYS5850288,D,S,C,2024-08-27,1000000.00,3.765003,102.173828125
09:57:24,91282CLD1,TSRYS5850288,D,S,C,2024-08-27,1000000.00,3.765003,102.173828125
09:57:27,91282CLD1,TSRYS5850288,D,B,C,2024-08-27,1000000.00,3.765003,102.173828125
09:57:27,91282CLD1,TSRYS5850288,D,S,C,2024-08-27,1000000.00,3.765003,102.173828125
09:57:27,91282CLD1,TSRYS5850288,D,S,C,2024-08-27,1000000.00,3.765322,102.171875
09:57:27,91282CLD1,TSRYS5850288,D,B,C,2024-08-27,1000000.00,3.765322,102.171875
09:57:28,91282CLD1,TSRYS5850288,D,S,T,2024-08-27,1000000.00,3.765322,102.171875
09:57:28,91282CLD1,TSRYS5850288,D,S,T,2024-08-27,1000000.00,3.765322,102.171875
09:57:28,91282CLD1,TSRYS5850288,D,S,T,2024-08-27,1000000.00,3.765322,102.171875
09:57:29,91282CLD1,TSRYS5850288,D,S,T,2024-08-27,1000000.00,3.765322,102.171875
09:57:30,91282CLD1,TSRYS5850288,D,S,D,2024-08-27,2000000.00,3.76596,102.16796875
09:57:30,91282CLD1,TSRYS5850288,D,B,C,2024-08-27,2000000.00,3.765993,102.16776875
09:57:33,91282CLD1,TSRYS5850288,D,B,C,2024-08-27,1000000.00,3.765322,102.171875
09:57:33,91282CLD1,TSRYS5850288,D,S,D,2024-08-27,1000000.00,3.765322,102.171875
09:57:33,91282CLD1,TSRYS5850288,D,S,D,2024-08-27,1000000.00,3.765322,102.171875
09:57:33,91282CLD1,TSRYS5850288,D,B,C,2024-08-27,1000000.00,3.766598,102.1640625
09:57:33,91282CLD1,TSRYS5850288,D,S,D,2024-08-27,1000000.00,3.766598,102.1640625
09:57:33,91282CLD1,TSRYS5850288,D,B,C,2024-08-27,1000000.00,3.766598,102.1640625
09:57:33,91282CLD1,TSRYS5850288,D,S,D,2024-08-27,1000000.00,3.766598,102.1640625
09:57:33,91282CLD1,TSRYS5850288,D,S,D,2024-08-27,1000000.00,3.765322,102.171875
09:57:36,91282CLD1,TSRYS5850288,D,S,T,2024-08-27,3000000.00,3.765322,102.171875
09:57:36,91282CLD1,TSRYS5850288,D,S,T,2024-08-27,1000000.00,3.765322,102.171875
09:57:36,91282CLD1,TSRYS5850288,D,S,T,2024-08-27,1000000.00,3.765322,102.171875
09:57:36,91282CLD1,TSRYS5850288,D,S,T,2024-08-27,1000000.00,3.765322,102.171875
09:57:36,91282CLD1,TSRYS5850288,D,S,T,2024-08-27,1000000.00,3.765322,102.171875
09:57:36,91282CLD1,TSRYS5850288,D,S,T,2024-08-27,3000000.00,3.765322,102.171875
09:57:36,91282CLD1,TSRYS5850288,D,S,T,2024-08-27,3000000.00,3.765322,102.171875
09:57:36,91282CLD1,TSRYS5850288,D,S,T,2024-08-27,2000000.00,3.765322,102.171875
09:57:36,91282CLD1,TSRYS5850288,D,S,T,2024-08-27,1000000.00,3.765322,102.171875
09:57:38,91282CLD1,TSRYS5850288,D,S,C,2024-08-27,1000000.00,3.76529,102.172075
09:57:38,91282CLD1,TSRYS5850288,D,S,D,2024-08-27,1000000.00,3.765641,102.16992187
09:57:39,91282CLD1,TSRYS5850288,D,S,D,2024-08-27,1000000.00,3.76277,102.1875
09:57:39,91282CLD1,TSRYS5850288,D,S,C,2024-08-27,1000000.00,3.765641,102.16992187
09:57:39,91282CLD1,TSRYS5850288,D,S,C,2024-08-27,1000000.00,3.765641,102.16992187
09:57:41,91282CLD1,TSRYS5850288,D,S,T,2024-08-27,2000000.00,3.76277,102.1875
09:57:41,91282CLD1,TSRYS5850288,D,S,T,2024-08-27,1000000.00,3.765322,102.171875
09:57:41,91282CLD1,TSRYS5850288,D,S,T,2024-08-27,1000000.00,3.765322,102.171875
09:57:41,91282CLD1,TSRYS5850288,D,S,T,2024-08-27,2000000.00,3.765322,102.171875
09:57:41,91282CLD1,TSRYS5850288,D,S,D,2024-08-27,1000000.00,3.765322,102.171875
09:57:43,91282CLD1,TSRYS5850288,D,S,T,2024-08-27,1000000.00,3.765322,102.171875
09:57:45,91282CLD1,TSRYS5850288,D,S,T,2024-08-27,1000000.00,3.76596,102.16796875
09:57:45,91282CLD1,TSRYS5850288,D,S,T,2024-08-27,1000000.00,3.76596,102.16796875
09:57:45,91282CLD1,TSRYS5850288,D,S,C,2024-08-27,1000000.00,3.765322,102.171875
09:57:45,91282CLD1,TSRYS5850288,D,S,C,2024-08-27,1000000.00,3.765322,102.171875
09:57:47,91282CLD1,TSRYS5850288,D,S,D,2024-08-27,1000000.00,3.76596,102.16796875
09:57:47,91282CLD1,TSRYS5850288,D,S,D,2024-08-27,1000000.00,3.76596,102.16796875
09:57:50,91282CLD1,TSRYS5850288,D,S,T,2024-08-27,1000000.00,3.76277,102.1875
09:57:50,91282CLD1,TSRYS5850288,D,S,T,2024-08-27,1000000.00,3.765322,102.171875
09:57:51,91282CLD1,TSRYS5850288,D,S,D,2024-08-27,1000000.00,3.765322,102.171875
09:57:52,91282CLD1,TSRYS5850288,D,S,T,2024-08-27,1000000.00,3.76277,102.1875
09:57:55,91282CLD1,TSRYS5850288,D,S,D,2024-08-27,1000000.00,3.765322,102.171875
09:57:56,91282CLD1,TSRYS5850288,D,S,T,2024-08-27,1000000.00,3.762803,102.1873
09:57:56,91282CLD1,TSRYS5850288,D,S,D,2024-08-27,1000000.00,3.765322,102.171875
09:57:56,91282CLD1,TSRYS5850288,D,S,D,2024-08-27,1000000.00,3.765322,102.171875
09:57:57,91282CLD1,TSRYS5850288,D,S,T,2024-08-27,1000000.00,3.765322,102.171875
09:57:57,91282CLD1,TSRYS5850288,D,S,T,2024-08-27,1000000.00,3.765322,102.171875
09:57:59,91282CLD1,TSRYS5850288,D,S,T,2024-08-27,1000000.00,3.765322,102.171875
09:58:03,91282CLD1,TSRYS5850288,D,S,D,2024-08-27,1000000.00,3.765322,102.171875
09:58:03,91282CLD1,TSRYS5850288,D,S,D,2024-08-27,1000000.00,3.765322,102.171875
09:58:03,91282CLD1,TSRYS5850288,D,S,D,2024-08-27,750000.00,3.765322,102.171875
09:58:03,91282CLD1,TSRYS5850288,D,B,A,2024-08-27,750000.00,3.765322,102.171875
09:58:03,91282CLD1,TSRYS5850288,D,S,C,2024-08-27,1000000.00,3.765322,102.171875
09:58:03,91282CLD1,TSRYS5850288,D,S,C,2024-08-27,1000000.00,3.765322,102.171875
09:58:03,91282CLD1,TSRYS5850288,D,S,D,2024-08-27,1000000.00,3.765322,102.171875
09:58:10,91282CLD1,TSRYS5850288,D,S,T,2024-08-27,1000000.00,3.765322,102.171875
09:58:10,91282CLD1,TSRYS5850288,D,S,T,2024-08-27,1000000.00,3.765322,102.171875
09:58:10,91282CLD1,TSRYS5850288,D,S,D,2024-08-27,1000000.00,3.76277,102.1875
09:58:12,91282CLD1,TSRYS5850288,D,S,C,2024-08-27,1000000.00,3.76277,102.1875
09:58:12,91282CLD1,TSRYS5850288,D,S,T,2024-08-27,1000000.00,3.762803,102.1873
09:58:14,91282CLD1,TSRYS5850288,D,S,T,2024-08-27,1000000.00,3.765322,102.171875
09:58:15,91282CLD1,TSRYS5850288,D,S,T,2024-08-27,1000000.00,3.764046,102.1796875
09:58:17,91282CLD1,TSRYS5850288,D,S,D,2024-08-27,1000000.00,3.764046,102.1796875
09:58:17,91282CLD1,TSRYS5850288,D,S,D,2024-08-27,1000000.00,3.764046,102.1796875
09:58:17,91282CLD1,TSRYS5850288,D,S,D,2024-08-27,1000000.00,3.764046,102.1796875
09:58:17,91282CLD1,TSRYS5850288,D,S,D,2024-08-27,1000000.00,3.764046,102.1796875
09:58:17,91282CLD1,TSRYS5850288,D,S,C,2024-08-27,1000000.00,3.764046,102.1796875
09:58:19,91282CLD1,TSRYS5850288,D,S,D,2024-08-27,1000000.00,3.765322,102.171875
09:58:19,91282CLD1,TSRYS5850288,D,S,D,2024-08-27,1000000.00,3.765322,102.171875
09:58:19,91282CLD1,TSRYS5850288,D,S,T,2024-08-27,2000000.00,3.764046,102.1796875
09:58:19,91282CLD1,TSRYS5850288,D,S,T,2024-08-27,1000000.00,3.764046,102.1796875
09:58:20,91282CLD1,TSRYS5850288,D,S,T,2024-08-27,1000000.00,3.764046,102.1796875
09:58:20,91282CLD1,TSRYS5850288,D,S,T,2024-08-27,1000000.00,3.764046,102.1796875
09:58:23,91282CLD1,TSRYS5850288,D,S,T,2024-08-27,1000000.00,3.765322,102.171875
09:58:23,91282CLD1,TSRYS5850288,D,S,T,2024-08-27,1000000.00,3.765322,102.171875
09:58:23,91282CLD1,TSRYS5850288,D,S,T,2024-08-27,1000000.00,3.764046,102.1796875
09:58:24,91282CLD1,TSRYS5850288,D,S,D,2024-08-27,1000000.00,3.764046,102.1796875
09:58:24,91282CLD1,TSRYS5850288,D,S,D,2024-08-27,1000000.00,3.765322,102.171875
09:58:24,91282CLD1,TSRYS5850288,D,B,C,2024-08-27,1000000.00,3.764079,102.1794875
09:58:26,91282CLD1,TSRYS5850288,D,S,T,2024-08-27,1000000.00,3.765322,102.171875
09:58:26,91282CLD1,TSRYS5850288,D,S,D,2024-08-27,1250000.00,3.763408,102.18359375
09:58:27,91282CLD1,TSRYS5850288,D,S,T,2024-08-27,1000000.00,3.764046,102.1796875
09:58:27,91282CLD1,TSRYS5850288,D,S,T,2024-08-27,1000000.00,3.764046,102.1796875
09:58:27,91282CLD1,TSRYS5850288,D,S,T,2024-08-27,1000000.00,3.764046,102.1796875
09:58:31,91282CLD1,TSRYS5850288,D,S,T,2024-08-27,1000000.00,3.764046,102.1796875
09:58:31,91282CLD1,TSRYS5850288,D,S,T,2024-08-27,1000000.00,3.764046,102.1796875
09:58:31,91282CLD1,TSRYS5850288,D,S,T,2024-08-27,1000000.00,3.763408,102.18359375
09:58:31,91282CLD1,TSRYS5850288,D,S,T,2024-08-27,1000000.00,3.765322,102.171875
09:58:31,91282CLD1,TSRYS5850288,D,S,D,2024-08-27,1000000.00,3.763727,102.181640625
09:58:31,91282CLD1,TSRYS5850288,D,S,T,2024-08-27,1000000.00,3.765355,102.171675
09:58:31,91282CLD1,TSRYS5850288,D,S,C,2024-08-27,1000000.00,3.763727,102.181640625
09:58:32,91282CLD1,TSRYS5850288,D,S,C,2024-08-27,1000000.00,3.764046,102.1796875
09:58:33,91282CLD1,TSRYS5850288,D,S,T,2024-08-27,1000000.00,3.764046,102.1796875
09:58:33,91282CLD1,TSRYS5850288,D,S,T,2024-08-27,1000000.00,3.764046,102.1796875
09:58:33,91282CLD1,TSRYS5850288,D,S,T,2024-08-27,2000000.00,3.764046,102.1796875
09:58:33,91282CLD1,TSRYS5850288,D,S,D,2024-08-27,1000000.00,3.764046,102.1796875
09:58:33,91282CLD1,TSRYS5850288,D,S,D,2024-08-27,1000000.00,3.763408,102.18359375
09:58:34,91282CLD1,TSRYS5850288,D,B,C,2024-08-27,1000000.00,3.763408,102.18359375
09:58:34,91282CLD1,TSRYS5850288,D,S,D,2024-08-27,1000000.00,3.763408,102.18359375
09:58:34,91282CLD1,TSRYS5850288,D,S,D,2024-08-27,3000000.00,3.765322,102.171875
09:58:34,91282CLD1,TSRYS5850288,D,B,C,2024-08-27,3000000.00,3.765322,102.171875
09:58:34,91282CLD1,TSRYS5850288,D,S,D,2024-08-27,2000000.00,3.765322,102.171875
09:58:34,91282CLD1,TSRYS5850288,D,S,D,2024-08-27,2000000.00,3.765322,102.171875
09:58:34,91282CLD1,TSRYS5850288,D,S,D,2024-08-27,3000000.00,3.765322,102.171875
09:58:34,91282CLD1,TSRYS5850288,D,S,D,2024-08-27,1000000.00,3.765322,102.171875
09:58:34,91282CLD1,TSRYS5850288,D,S,D,2024-08-27,1000000.00,3.765322,102.171875
09:58:34,91282CLD1,TSRYS5850288,D,S,D,2024-08-27,3000000.00,3.765322,102.171875
09:58:34,91282CLD1,TSRYS5850288,D,B,C,2024-08-27,2000000.00,3.765322,102.171875
09:58:34,91282CLD1,TSRYS5850288,D,S,D,2024-08-27,3000000.00,3.765322,102.171875
09:58:34,91282CLD1,TSRYS5850288,D,S,D,2024-08-27,1000000.00,3.765322,102.171875
09:58:34,91282CLD1,TSRYS5850288,D,B,C,2024-08-27,3000000.00,3.765355,102.171675
09:58:34,91282CLD1,TSRYS5850288,D,B,C,2024-08-27,1000000.00,3.763089,102.185546875
09:58:34,91282CLD1,TSRYS5850288,D,B,C,2024-08-27,1000000.00,3.765322,102.171875
09:58:34,91282CLD1,TSRYS5850288,D,S,D,2024-08-27,3000000.00,3.765322,102.171875
09:58:34,91282CLD1,TSRYS5850288,D,S,D,2024-08-27,1000000.00,3.765322,102.171875
09:58:34,91282CLD1,TSRYS5850288,D,S,D,2024-08-27,1000000.00,3.765322,102.171875
09:58:34,91282CLD1,TSRYS5850288,D,S,D,2024-08-27,2000000.00,3.765322,102.171875
09:58:34,91282CLD1,TSRYS5850288,D,B,C,2024-08-27,2000000.00,3.765322,102.171875
09:58:34,91282CLD1,TSRYS5850288,D,S,D,2024-08-27,1000000.00,3.763089,102.185546875
09:58:34,91282CLD1,TSRYS5850288,D,S,D,2024-08-27,2000000.00,3.765322,102.171875
09:58:34,91282CLD1,TSRYS5850288,D,S,D,2024-08-27,1000000.00,3.764046,102.1796875
09:58:34,91282CLD1,TSRYS5850288,D,S,C,2024-08-27,1000000.00,3.76529,102.172075
09:58:34,91282CLD1,TSRYS5850288,D,S,C,2024-08-27,1000000.00,3.76529,102.172075
09:58:38,91282CLD1,TSRYS5850288,D,S,C,2024-08-27,4700000.00,3.757667,102.21875
09:58:45,91282CLD1,TSRYS5850288,D,S,T,2024-08-27,1000000.00,3.764046,102.1796875
09:58:45,91282CLD1,TSRYS5850288,D,S,T,2024-08-27,1000000.00,3.764046,102.1796875
09:58:49,91282CLD1,TSRYS5850288,D,S,C,2024-08-27,1000000.00,3.765322,102.171875
09:58:49,91282CLD1,TSRYS5850288,D,B,C,2024-08-27,4380000.00,3.76277,102.1875
09:58:49,91282CLD1,TSRYS5850288,D,S,D,2024-08-27,1000000.00,3.765322,102.171875
09:58:49,91282CLD1,TSRYS5850288,D,S,D,2024-08-27,1000000.00,3.765322,102.171875
09:58:49,91282CLD1,TSRYS5850288,D,S,D,2024-08-27,1000000.00,3.765322,102.171875
09:58:49,91282CLD1,TSRYS5850288,D,B,C,2024-08-27,1000000.00,3.764046,102.1796875
09:58:49,91282CLD1,TSRYS5850288,D,S,D,2024-08-27,1000000.00,3.764021,102.1798395
09:58:58,91282CLD1,TSRYS5850288,D,S,D,2024-08-27,1000000.00,3.764684,102.17578125
09:58:59,91282CLD1,TSRYS5850288,D,B,A,2024-08-27,1000000.00,3.764684,102.17578125
09:59:04,91282CLD1,TSRYS5850288,D,S,D,2024-08-27,1000000.00,3.764021,102.1798395
09:59:04,91282CLD1,TSRYS5850288,D,S,D,2024-08-27,1000000.00,3.764021,102.1798395
09:59:04,91282CLD1,TSRYS5850288,D,S,D,2024-08-27,2000000.00,3.764046,102.1796875
09:59:04,91282CLD1,TSRYS5850288,D,B,C,2024-08-27,1000000.00,3.764046,102.1796875
09:59:04,91282CLD1,TSRYS5850288,D,S,D,2024-08-27,1000000.00,3.764021,102.1798395
09:59:04,91282CLD1,TSRYS5850288,D,S,D,2024-08-27,1000000.00,3.764021,102.1798395
09:59:04,91282CLD1,TSRYS5850288,D,B,C,2024-08-27,1000000.00,3.764046,102.1796875
09:59:08,91282CLD1,TSRYS5850288,D,S,C,2024-08-27,3000000.00,3.763727,102.18164062
09:59:08,91282CLD1,TSRYS5850288,D,S,C,2024-08-27,2000000.00,3.763727,102.18164062
09:59:15,91282CLD1,TSRYS5850288,D,B,C,2024-08-27,1000000.00,3.763408,102.18359375
09:59:15,91282CLD1,TSRYS5850288,D,S,D,2024-08-27,1000000.00,3.763408,102.18359375
09:59:22,91282CLD1,TSRYS5850288,D,S,D,2024-08-27,2000000.00,3.764021,102.1798395
09:59:22,91282CLD1,TSRYS5850288,D,S,C,2024-08-27,1000000.00,3.764046,102.1796875
09:59:24,91282CLD1,TSRYS5850288,D,S,C,2024-08-27,3000000.00,3.763727,102.18164062
09:59:26,91282CLD1,TSRYS5850288,D,S,C,2024-08-27,3000000.00,3.763727,102.18164062
09:59:26,91282CLD1,TSRYS5850288,D,S,C,2024-08-27,3000000.00,3.763727,102.18164062
09:59:44,91282CLD1,TSRYS5850288,D,S,T,2024-08-27,1000000.00,3.764046,102.1796875
10:00:01,91282CLD1,TSRYS5850288,D,S,T,2024-08-27,1000000.00,3.76596,102.16796875
10:00:01,91282CLD1,TSRYS5850288,D,S,T,2024-08-27,1000000.00,3.76596,102.16796875
10:00:01,91282CLD1,TSRYS5850288,D,S,T,2024-08-27,1000000.00,3.765641,102.169921875
10:00:01,91282CLD1,TSRYS5850288,D,S,T,2024-08-27,1000000.00,3.766598,102.1640625
10:00:01,91282CLD1,TSRYS5850288,D,S,T,2024-08-27,1000000.00,3.76596,102.16796875
10:00:01,91282CLD1,TSRYS5850288,D,S,D,2024-08-27,1000000.00,3.76596,102.16796875
10:00:01,91282CLD1,TSRYS5850288,D,S,T,2024-08-27,1000000.00,3.769151,102.1484375
10:00:01,91282CLD1,TSRYS5850288,D,S,T,2024-08-27,1000000.00,3.769151,102.1484375
10:00:01,91282CLD1,TSRYS5850288,D,S,T,2024-08-27,1000000.00,3.769151,102.1484375
10:00:01,91282CLD1,TSRYS5850288,D,S,T,2024-08-27,1000000.00,3.769151,102.1484375
10:00:01,91282CLD1,TSRYS5850288,D,S,T,2024-08-27,1000000.00,3.767875,102.15625
10:00:01,91282CLD1,TSRYS5850288,D,S,T,2024-08-27,1000000.00,3.767875,102.15625
10:00:02,91282CLD1,TSRYS5850288,D,S,T,2024-08-27,1000000.00,3.766598,102.1640625
10:00:02,91282CLD1,TSRYS5850288,D,S,D,2024-08-27,1000000.00,3.76596,102.16796875
10:00:02,91282CLD1,TSRYS5850288,D,S,T,2024-08-27,2000000.00,3.769151,102.1484375
10:00:02,91282CLD1,TSRYS5850288,D,S,D,2024-08-27,1000000.00,3.766598,102.1640625
10:00:05,91282CLD1,TSRYS5850288,D,B,C,2024-08-27,1000000.00,3.764046,102.1796875
10:00:05,91282CLD1,TSRYS5850288,D,S,D,2024-08-27,1000000.00,3.764046,102.1796875
10:00:05,91282CLD1,TSRYS5850288,D,S,D,2024-08-27,1000000.00,3.764046,102.1796875
10:00:05,91282CLD1,TSRYS5850288,D,S,D,2024-08-27,1000000.00,3.764046,102.1796875
10:00:06,91282CLD1,TSRYS5850288,D,S,D,2024-08-27,1000000.00,3.765641,102.169921875
10:00:06,91282CLD1,TSRYS5850288,D,S,D,2024-08-27,1000000.00,3.76596,102.16796875
10:00:06,91282CLD1,TSRYS5850288,D,S,D,2024-08-27,3000000.00,3.767556,102.158203125
10:00:07,91282CLD1,TSRYS5850288,D,S,T,2024-08-27,1000000.00,3.766598,102.1640625
10:00:09,91282CLD1,TSRYS5850288,D,S,D,2024-08-27,2000000.00,3.768513,102.15234375
10:00:11,91282CLD1,TSRYS5850288,D,S,C,2024-08-27,1000000.00,3.767237,102.16015625
10:00:11,91282CLD1,TSRYS5850288,D,S,D,2024-08-27,1000000.00,3.767237,102.16015625
10:00:16,91282CLD1,TSRYS5850288,D,S,T,2024-08-27,1000000.00,3.767875,102.15625
10:00:17,91282CLD1,TSRYS5850288,D,S,D,2024-08-27,1000000.00,3.766917,102.162109375
10:00:17,91282CLD1,TSRYS5850288,D,S,D,2024-08-27,1000000.00,3.766917,102.162109375
10:00:17,91282CLD1,TSRYS5850288,D,S,T,2024-08-27,1000000.00,3.766598,102.1640625
10:00:19,91282CLD1,TSRYS5850288,D,S,T,2024-08-27,1000000.00,3.767875,102.15625
10:00:19,91282CLD1,TSRYS5850288,D,S,D,2024-08-27,1000000.00,3.767875,102.15625
10:00:19,91282CLD1,TSRYS5850288,D,S,D,2024-08-27,1000000.00,3.767875,102.15625
10:00:20,91282CLD1,TSRYS5850288,D,S,D,2024-08-27,1000000.00,3.764046,102.1796875
10:00:20,91282CLD1,TSRYS5850288,D,S,D,2024-08-27,1000000.00,3.764046,102.1796875
10:00:20,91282CLD1,TSRYS5850288,D,B,C,2024-08-27,1000000.00,3.764046,102.1796875
10:00:21,91282CLD1,TSRYS5850288,D,S,D,2024-08-27,1000000.00,3.76277,102.1875
10:00:21,91282CLD1,TSRYS5850288,D,B,C,2024-08-27,1000000.00,3.762811,102.18725
10:00:21,91282CLD1,TSRYS5850288,D,S,D,2024-08-27,1000000.00,3.766917,102.162109375
10:00:21,91282CLD1,TSRYS5850288,D,S,T,2024-08-27,1000000.00,3.767875,102.15625
10:00:21,91282CLD1,TSRYS5850288,D,S,T,2024-08-27,1000000.00,3.766917,102.162109375
10:00:22,91282CLD1,TSRYS5850288,D,S,T,2024-08-27,2000000.00,3.767556,102.158203125
10:00:22,91282CLD1,TSRYS5850288,D,S,T,2024-08-27,1000000.00,3.767556,102.158203125
10:00:22,91282CLD1,TSRYS5850288,D,S,T,2024-08-27,1000000.00,3.767875,102.15625
10:00:22,91282CLD1,TSRYS5850288,D,S,D,2024-08-27,1000000.00,3.766598,102.1640625
10:00:23,91282CLD1,TSRYS5850288,D,S,T,2024-08-27,1000000.00,3.767895,102.156125
10:00:24,91282CLD1,TSRYS5850288,D,S,D,2024-08-27,1000000.00,3.767875,102.15625
10:00:24,91282CLD1,TSRYS5850288,D,S,D,2024-08-27,1000000.00,3.767875,102.15625
10:00:24,91282CLD1,TSRYS5850288,D,S,T,2024-08-27,1000000.00,3.767895,102.156125
10:00:25,91282CLD1,TSRYS5850288,D,S,C,2024-08-27,1000000.00,3.765322,102.171875
10:00:25,91282CLD1,TSRYS5850288,D,S,D,2024-08-27,1000000.00,3.763727,102.18164062
10:00:26,91282CLD1,TSRYS5850288,D,S,C,2024-08-27,1000000.00,3.765322,102.171875
10:00:27,91282CLD1,TSRYS5850288,D,S,T,2024-08-27,1000000.00,3.767912,102.156023
10:00:27,91282CLD1,TSRYS5850288,D,S,C,2024-08-27,1000000.00,3.763727,102.18164062
10:00:27,91282CLD1,TSRYS5850288,D,S,C,2024-08-27,1000000.00,3.763727,102.18164062
10:00:28,91282CLD1,TSRYS5850288,D,S,T,2024-08-27,1000000.00,3.765322,102.171875
10:00:28,91282CLD1,TSRYS5850288,D,S,T,2024-08-27,1000000.00,3.766598,102.1640625
10:00:28,91282CLD1,TSRYS5850288,D,S,T,2024-08-27,1000000.00,3.766598,102.1640625
10:00:28,91282CLD1,TSRYS5850288,D,S,T,2024-08-27,1000000.00,3.765322,102.171875
10:00:29,91282CLD1,TSRYS5850288,D,S,C,2024-08-27,2000000.00,3.765322,102.171875
10:00:29,91282CLD1,TSRYS5850288,D,S,C,2024-08-27,1000000.00,3.765322,102.171875
10:00:31,91282CLD1,TSRYS5850288,D,S,C,2024-08-27,78000000.00,3.751807,102.2546538
10:00:32,91282CLD1,TSRYS5850288,D,S,T,2024-08-27,1000000.00,3.765322,102.171875
10:00:32,91282CLD1,TSRYS5850288,D,S,T,2024-08-27,1000000.00,3.765322,102.171875
10:00:32,91282CLD1,TSRYS5850288,D,S,T,2024-08-27,1000000.00,3.765322,102.171875
10:00:33,91282CLD1,TSRYS5850288,D,S,D,2024-08-27,2000000.00,3.765322,102.171875
10:00:34,91282CLD1,TSRYS5850288,D,S,T,2024-08-27,1000000.00,3.765322,102.171875
10:00:35,91282CLD1,TSRYS5850288,D,S,C,2024-08-27,1000000.00,3.764013,102.1798875
10:00:35,91282CLD1,TSRYS5850288,D,S,C,2024-08-27,1000000.00,3.764013,102.1798875
10:00:35,91282CLD1,TSRYS5850288,D,B,C,2024-08-27,1000000.00,3.764071,102.1795375
10:00:40,91282CLD1,TSRYS5850288,D,S,T,2024-08-27,2000000.00,3.765322,102.171875
10:00:46,91282CLD1,TSRYS5850288,D,S,T,2024-08-27,2000000.00,3.765322,102.171875
10:00:49,91282CLD1,TSRYS5850288,D,B,C,2024-08-27,16336000.00,3.764111,102.1792875
10:00:50,91282CLD1,TSRYS5850288,D,S,D,2024-08-27,1000000.00,3.769151,102.1484375
10:00:50,91282CLD1,TSRYS5850288,D,S,D,2024-08-27,1000000.00,3.766574,102.1642145
10:00:50,91282CLD1,TSRYS5850288,D,S,D,2024-08-27,1000000.00,3.766574,102.1642145
10:00:50,91282CLD1,TSRYS5850288,D,B,C,2024-08-27,1000000.00,3.766623,102.1639125
10:00:56,91282CLD1,TSRYS5850288,D,S,T,2024-08-27,1000000.00,3.766598,102.1640625
10:00:56,91282CLD1,TSRYS5850288,D,B,C,2024-08-27,83900000.00,,101.75
10:00:58,91282CLD1,TSRYS5850288,D,S,D,2024-08-27,2000000.00,3.765322,102.171875
10:00:58,91282CLD1,TSRYS5850288,D,S,D,2024-08-27,1850000.00,3.760219,102.203125
10:00:58,91282CLD1,TSRYS5850288,D,S,C,2024-08-27,6000000.00,3.756502,102.22588688
10:01:00,91282CLD1,TSRYS5850288,D,S,D,2024-08-27,6000000.00,3.756502,102.22588688
10:01:05,91282CLD1,TSRYS5850288,D,S,C,2024-08-27,1000000.00,3.766574,102.1642125
10:01:05,91282CLD1,TSRYS5850288,D,S,C,2024-08-27,1000000.00,3.766598,102.1640625
10:01:05,91282CLD1,TSRYS5850288,D,B,C,2024-08-27,1000000.00,3.766623,102.1639125
10:01:05,91282CLD1,TSRYS5850288,D,S,D,2024-08-27,1000000.00,3.767875,102.15625
10:01:05,91282CLD1,TSRYS5850288,D,S,D,2024-08-27,1000000.00,3.767875,102.15625
10:01:05,91282CLD1,TSRYS5850288,D,S,D,2024-08-27,1000000.00,3.769151,102.1484375
10:01:05,91282CLD1,TSRYS5850288,D,S,C,2024-08-27,1000000.00,3.767846,102.156425
10:01:05,91282CLD1,TSRYS5850288,D,B,C,2024-08-27,1000000.00,3.767875,102.15625
10:01:06,91282CLD1,TSRYS5850288,D,S,C,2024-08-27,1000000.00,3.767846,102.156425
10:01:06,91282CLD1,TSRYS5850288,D,S,C,2024-08-27,1000000.00,3.766598,102.1640625
10:01:10,91282CLD1,TSRYS5850288,D,S,T,2024-08-27,2000000.00,3.765322,102.171875
10:01:13,91282CLD1,TSRYS5850288,D,S,T,2024-08-27,1000000.00,3.765322,102.171875
10:01:13,91282CLD1,TSRYS5850288,D,S,T,2024-08-27,1000000.00,3.765322,102.171875
10:01:16,91282CLD1,TSRYS5850288,D,S,T,2024-08-27,1000000.00,3.765322,102.171875
10:01:16,91282CLD1,TSRYS5850288,D,S,C,2024-08-27,378000.00,3.764619,102.17618125
10:01:16,91282CLD1,TSRYS5850288,D,S,D,2024-08-27,1000000.00,3.765322,102.171875
10:01:17,91282CLD1,TSRYS5850288,D,S,T,2024-08-27,1000000.00,3.764365,102.177734375
10:01:17,91282CLD1,TSRYS5850288,D,S,C,2024-08-27,1000000.00,3.764365,102.177734375
10:01:18,91282CLD1,TSRYS5850288,D,B,C,2024-08-27,1000000.00,3.764365,102.177734375
10:01:18,91282CLD1,TSRYS5850288,D,S,C,2024-08-27,1000000.00,3.764365,102.177734375
10:01:20,91282CLD1,TSRYS5850288,D,S,C,2024-08-27,1000000.00,3.764013,102.1798875
10:01:20,91282CLD1,TSRYS5850288,D,S,D,2024-08-27,1000000.00,3.763727,102.181640625
10:01:22,91282CLD1,TSRYS5850288,D,S,T,2024-08-27,1000000.00,3.765322,102.171875
10:01:22,91282CLD1,TSRYS5850288,D,B,C,2024-08-27,1000000.00,3.764365,102.177734375
10:01:22,91282CLD1,TSRYS5850288,D,S,C,2024-08-27,1000000.00,3.764365,102.177734375
10:01:23,91282CLD1,TSRYS5850288,D,B,C,2024-08-27,1000000.00,3.767899,102.1561
10:01:23,91282CLD1,TSRYS5850288,D,B,C,2024-08-27,1000000.00,3.767899,102.1561
10:01:23,91282CLD1,TSRYS5850288,D,S,C,2024-08-27,1000000.00,3.769102,102.1487375
10:01:23,91282CLD1,TSRYS5850288,D,S,D,2024-08-27,1000000.00,3.767875,102.15625
10:01:23,91282CLD1,TSRYS5850288,D,B,C,2024-08-27,1000000.00,3.767924,102.15595
10:01:23,91282CLD1,TSRYS5850288,D,S,D,2024-08-27,2000000.00,3.767875,102.15625
10:01:23,91282CLD1,TSRYS5850288,D,B,C,2024-08-27,2000000.00,3.767899,102.1561
10:01:23,91282CLD1,TSRYS5850288,D,B,C,2024-08-27,1000000.00,3.767907,102.15605
10:01:23,91282CLD1,TSRYS5850288,D,S,C,2024-08-27,1000000.00,3.767846,102.156425
10:01:23,91282CLD1,TSRYS5850288,D,S,C,2024-08-27,1000000.00,3.767846,102.156425
10:01:23,91282CLD1,TSRYS5850288,D,S,T,2024-08-27,1000000.00,3.763727,102.181640625
10:01:23,91282CLD1,TSRYS5850288,D,S,T,2024-08-27,1000000.00,3.764046,102.1796875
10:01:23,91282CLD1,TSRYS5850288,D,S,C,2024-08-27,1000000.00,3.767846,102.156425
10:01:23,91282CLD1,TSRYS5850288,D,S,T,2024-08-27,1000000.00,3.764046,102.1796875
10:01:24,91282CLD1,TSRYS5850288,D,S,C,2024-08-27,1000000.00,3.766598,102.1640625
10:01:27,91282CLD1,TSRYS5850288,D,B,C,2024-08-27,19400000.00,3.763139,102.18359375
10:01:30,91282CLD1,TSRYS5850288,D,S,D,2024-08-27,1000000.00,3.763408,102.18359375
10:01:31,91282CLD1,TSRYS5850288,D,S,D,2024-08-27,1000000.00,3.763408,102.18359375
10:01:33,91282CLD1,TSRYS5850288,D,S,T,2024-08-27,2000000.00,3.764046,102.1796875
10:01:36,91282CLD1,TSRYS5850288,D,B,C,2024-08-27,1000000.00,3.767899,102.1561
10:01:36,91282CLD1,TSRYS5850288,D,S,C,2024-08-27,1000000.00,3.767875,102.15625
10:01:36,91282CLD1,TSRYS5850288,D,S,C,2024-08-27,1000000.00,3.767826,102.15655
10:01:36,91282CLD1,TSRYS5850288,D,B,C,2024-08-27,1000000.00,3.767899,102.1561
10:01:36,91282CLD1,TSRYS5850288,D,S,C,2024-08-27,1000000.00,3.767826,102.15655
10:01:36,91282CLD1,TSRYS5850288,D,S,C,2024-08-27,1000000.00,3.767826,102.15655
10:01:36,91282CLD1,TSRYS5850288,D,S,C,2024-08-27,1000000.00,3.769151,102.1484375
10:01:36,91282CLD1,TSRYS5850288,D,S,C,2024-08-27,1000000.00,3.767826,102.15655
10:01:36,91282CLD1,TSRYS5850288,D,B,C,2024-08-27,1000000.00,3.767899,102.1561
10:01:37,91282CLD1,TSRYS5850288,D,S,C,2024-08-27,1000000.00,3.765273,102.172175
10:01:37,91282CLD1,TSRYS5850288,D,S,D,2024-08-27,1000000.00,3.765322,102.171875
10:01:37,91282CLD1,TSRYS5850288,D,S,D,2024-08-27,1000000.00,3.765322,102.171875
10:01:37,91282CLD1,TSRYS5850288,D,B,C,2024-08-27,1000000.00,3.764071,102.1795375
10:01:37,91282CLD1,TSRYS5850288,D,S,D,2024-08-27,1000000.00,3.764046,102.1796875
10:01:37,91282CLD1,TSRYS5850288,D,S,C,2024-08-27,1000000.00,3.765322,102.171875
10:01:37,91282CLD1,TSRYS5850288,D,S,C,2024-08-27,1000000.00,3.766598,102.1640625
10:01:38,91282CLD1,TSRYS5850288,D,S,T,2024-08-27,1000000.00,3.763408,102.18359375
10:01:39,91282CLD1,TSRYS5850288,D,S,D,2024-08-27,1000000.00,3.763408,102.18359375
10:01:41,91282CLD1,TSRYS5850288,D,S,C,2024-08-27,1000000.00,3.765003,102.17382812
10:01:41,91282CLD1,TSRYS5850288,D,S,D,2024-08-27,1000000.00,3.765003,102.17382812
10:01:44,91282CLD1,TSRYS5850288,D,S,T,2024-08-27,1000000.00,3.764046,102.1796875
10:01:44,91282CLD1,TSRYS5850288,D,S,D,2024-08-27,1000000.00,3.764046,102.1796875
10:01:45,91282CLD1,TSRYS5850288,D,S,D,2024-08-27,1000000.00,3.764046,102.1796875
10:01:46,91282CLD1,TSRYS5850288,D,S,T,2024-08-27,1000000.00,3.764365,102.177734375
10:01:46,91282CLD1,TSRYS5850288,D,S,D,2024-08-27,1000000.00,3.764365,102.177734375
10:01:48,91282CLD1,TSRYS5850288,D,S,T,2024-08-27,1000000.00,3.764046,102.1796875
10:01:51,91282CLD1,TSRYS5850288,D,S,D,2024-08-27,1000000.00,3.764365,102.177734375
10:01:52,91282CLD1,TSRYS5850288,D,S,D,2024-08-27,1000000.00,3.769151,102.1484375
10:01:52,91282CLD1,TSRYS5850288,D,S,D,2024-08-27,1000000.00,3.769151,102.1484375
10:02:06,91282CLD1,TSRYS5850288,D,S,T,2024-08-27,1000000.00,3.765322,102.171875
10:02:06,91282CLD1,TSRYS5850288,D,S,D,2024-08-27,3000000.00,3.765322,102.171875
10:02:07,91282CLD1,TSRYS5850288,D,S,D,2024-08-27,5000000.00,3.767875,102.15625
10:02:07,91282CLD1,TSRYS5850288,D,S,C,2024-08-27,1000000.00,3.765322,102.171875
10:02:07,91282CLD1,TSRYS5850288,D,S,C,2024-08-27,1000000.00,3.765322,102.171875
10:02:07,91282CLD1,TSRYS5850288,D,B,C,2024-08-27,1000000.00,3.764128,102.1791875
10:02:07,91282CLD1,TSRYS5850288,D,S,D,2024-08-27,1000000.00,3.764046,102.1796875
10:02:08,91282CLD1,TSRYS5850288,D,S,T,2024-08-27,1000000.00,3.765322,102.171875
10:02:10,91282CLD1,TSRYS5850288,D,S,D,2024-08-27,1000000.00,3.765322,102.171875
10:02:14,91282CLD1,TSRYS5850288,D,S,T,2024-08-27,1000000.00,3.765322,102.171875
10:02:14,91282CLD1,TSRYS5850288,D,S,T,2024-08-27,2000000.00,3.765322,102.171875
10:02:15,91282CLD1,TSRYS5850288,D,S,T,2024-08-27,1000000.00,3.765003,102.173828125
10:02:16,91282CLD1,TSRYS5850288,D,S,C,2024-08-27,1000000.00,3.765003,102.173828125
10:02:20,91282CLD1,TSRYS5850288,D,S,T,2024-08-27,1000000.00,3.765322,102.171875
10:02:20,91282CLD1,TSRYS5850288,D,S,D,2024-08-27,1000000.00,3.764684,102.17578125
10:02:20,91282CLD1,TSRYS5850288,D,B,C,2024-08-27,1000000.00,3.764684,102.17578125
10:02:22,91282CLD1,TSRYS5850288,D,S,C,2024-08-27,1000000.00,3.764046,102.1796875
10:02:22,91282CLD1,TSRYS5850288,D,S,C,2024-08-27,1000000.00,3.764046,102.1796875
10:02:22,91282CLD1,TSRYS5850288,D,B,C,2024-08-27,1000000.00,3.764128,102.1791875
10:02:22,91282CLD1,TSRYS5850288,D,S,C,2024-08-27,1000000.00,3.764046,102.1796875
10:02:22,91282CLD1,TSRYS5850288,D,B,C,2024-08-27,1000000.00,3.764083,102.1794605
10:02:22,91282CLD1,TSRYS5850288,D,B,C,2024-08-27,1000000.00,3.764083,102.1794605
10:02:22,91282CLD1,TSRYS5850288,D,S,C,2024-08-27,1000000.00,3.764046,102.1796875
10:02:22,91282CLD1,TSRYS5850288,D,S,C,2024-08-27,1000000.00,3.764046,102.1796875
10:02:22,91282CLD1,TSRYS5850288,D,B,C,2024-08-27,1000000.00,3.764083,102.1794605
10:02:22,91282CLD1,TSRYS5850288,D,S,C,2024-08-27,1000000.00,3.764046,102.1796875
10:02:22,91282CLD1,TSRYS5850288,D,B,C,2024-08-27,1000000.00,3.764083,102.1794605
10:02:22,91282CLD1,TSRYS5850288,D,B,C,2024-08-27,1000000.00,3.764083,102.1794605
10:02:22,91282CLD1,TSRYS5850288,D,S,C,2024-08-27,1000000.00,3.764046,102.1796875
10:02:22,91282CLD1,TSRYS5850288,D,B,C,2024-08-27,1000000.00,3.764083,102.1794605
10:02:22,91282CLD1,TSRYS5850288,D,B,C,2024-08-27,2000000.00,3.764083,102.1794605
10:02:22,91282CLD1,TSRYS5850288,D,S,C,2024-08-27,1000000.00,3.764046,102.1796875
10:02:22,91282CLD1,TSRYS5850288,D,B,C,2024-08-27,1000000.00,3.764083,102.1794605
10:02:22,91282CLD1,TSRYS5850288,D,S,C,2024-08-27,1000000.00,3.764046,102.1796875
10:02:22,91282CLD1,TSRYS5850288,D,S,C,2024-08-27,2000000.00,3.764046,102.1796875
10:02:22,91282CLD1,TSRYS5850288,D,S,C,2024-08-27,1000000.00,3.763997,102.1799875
10:02:22,91282CLD1,TSRYS5850288,D,B,C,2024-08-27,1000000.00,3.764083,102.1794605
10:02:22,91282CLD1,TSRYS5850288,D,B,C,2024-08-27,3000000.00,3.764083,102.1794605
10:02:22,91282CLD1,TSRYS5850288,D,S,C,2024-08-27,3000000.00,3.764005,102.1799375
10:02:22,91282CLD1,TSRYS5850288,D,S,C,2024-08-27,1000000.00,3.764046,102.1796875
10:02:22,91282CLD1,TSRYS5850288,D,B,C,2024-08-27,1000000.00,3.764083,102.1794605
10:02:33,91282CLD1,TSRYS5850288,D,S,T,2024-08-27,2000000.00,3.76277,102.1875
10:02:34,91282CLD1,TSRYS5850288,D,S,T,2024-08-27,1000000.00,3.76277,102.1875
10:02:35,91282CLD1,TSRYS5850288,D,S,C,2024-08-27,2000000.00,3.764013,102.1798875
10:02:35,91282CLD1,TSRYS5850288,D,B,C,2024-08-27,9000000.00,3.764083,102.1794605
10:02:35,91282CLD1,TSRYS5850288,D,S,C,2024-08-27,9000000.00,3.764013,102.1798875
10:02:35,91282CLD1,TSRYS5850288,D,S,T,2024-08-27,1000000.00,3.76277,102.1875
10:02:37,91282CLD1,TSRYS5850288,D,S,D,2024-08-27,2000000.00,3.76277,102.1875
10:02:41,91282CLD1,TSRYS5850288,D,S,D,2024-08-27,100000.00,3.76277,102.1875
10:02:42,91282CLD1,TSRYS5850288,D,S,C,2024-08-27,100000.00,3.76277,102.1875
10:02:52,91282CLD1,TSRYS5850288,D,S,C,2024-08-27,1000000.00,3.765322,102.171875
10:02:52,91282CLD1,TSRYS5850288,D,S,C,2024-08-27,1000000.00,3.765322,102.171875
10:02:53,91282CLD1,TSRYS5850288,D,S,C,2024-08-27,45000.00,3.76277,102.1875
10:03:01,91282CLD1,TSRYS5850288,D,S,C,2024-08-27,19400000.00,3.762905,102.1875
10:03:03,91282CLD1,TSRYS5850288,D,S,D,2024-08-27,45000.00,,102.1875
10:03:07,91282CLD1,TSRYS5850288,D,S,C,2024-08-27,1000000.00,3.762729,102.18775
10:03:07,91282CLD1,TSRYS5850288,D,S,D,2024-08-27,1000000.00,3.76277,102.1875
10:03:15,91282CLD1,TSRYS5850288,D,S,D,2024-08-27,1850000.00,3.760219,102.203125
10:03:18,91282CLD1,TSRYS5850288,D,S,D,2024-08-27,1000000.00,3.761813,102.193359375
10:03:18,91282CLD1,TSRYS5850288,D,S,C,2024-08-27,1000000.00,3.761813,102.193359375
10:03:19,91282CLD1,TSRYS5850288,D,S,C,2024-08-27,1000000.00,3.762132,102.19140625
10:03:19,91282CLD1,TSRYS5850288,D,S,C,2024-08-27,1000000.00,3.762132,102.19140625
10:03:19,91282CLD1,TSRYS5850288,D,S,C,2024-08-27,1000000.00,3.762132,102.19140625
10:03:24,91282CLD1,TSRYS5850288,D,S,T,2024-08-27,1000000.00,3.762132,102.19140625
10:03:24,91282CLD1,TSRYS5850288,D,S,C,2024-08-27,1000000.00,3.762132,102.19140625
10:03:27,91282CLD1,TSRYS5850288,D,S,T,2024-08-27,1000000.00,3.76277,102.1875
10:03:30,91282CLD1,TSRYS5850288,D,B,C,2024-08-27,1000000.00,3.76277,102.1875
10:03:30,91282CLD1,TSRYS5850288,D,S,T,2024-08-27,1000000.00,3.76277,102.1875
10:03:30,91282CLD1,TSRYS5850288,D,S,C,2024-08-27,1000000.00,3.76277,102.1875
10:03:31,91282CLD1,TSRYS5850288,D,S,C,2024-08-27,1000000.00,3.76277,102.1875
10:03:34,91282CLD1,TSRYS5850288,D,S,D,2024-08-27,1000000.00,3.762754,102.1876
10:03:34,91282CLD1,TSRYS5850288,D,B,C,2024-08-27,1000000.00,3.762803,102.1873
10:03:36,91282CLD1,TSRYS5850288,D,S,T,2024-08-27,1000000.00,3.76277,102.1875
10:03:39,91282CLD1,TSRYS5850288,D,S,D,2024-08-27,1000000.00,3.762754,102.1876
10:03:39,91282CLD1,TSRYS5850288,D,S,T,2024-08-27,1000000.00,3.76277,102.1875
10:03:39,91282CLD1,TSRYS5850288,D,S,T,2024-08-27,2000000.00,3.76277,102.1875
10:03:39,91282CLD1,TSRYS5850288,D,S,T,2024-08-27,1000000.00,3.76277,102.1875
10:03:39,91282CLD1,TSRYS5850288,D,S,T,2024-08-27,1000000.00,3.76277,102.1875
10:03:45,91282CLD1,TSRYS5850288,D,S,D,2024-08-27,1000000.00,3.763408,102.18359375
10:03:45,91282CLD1,TSRYS5850288,D,S,D,2024-08-27,1000000.00,3.763408,102.18359375
10:03:48,91282CLD1,TSRYS5850288,D,S,T,2024-08-27,1000000.00,3.76277,102.1875
10:03:48,91282CLD1,TSRYS5850288,D,S,T,2024-08-27,1000000.00,3.76277,102.1875
10:03:49,91282CLD1,TSRYS5850288,D,S,C,2024-08-27,3000000.00,3.76277,102.1875
10:03:51,91282CLD1,TSRYS5850288,D,S,T,2024-08-27,1000000.00,3.76277,102.1875
10:03:52,91282CLD1,TSRYS5850288,D,S,D,2024-08-27,1000000.00,3.762132,102.19140625
10:03:52,91282CLD1,TSRYS5850288,D,S,D,2024-08-27,1000000.00,3.762132,102.19140625
10:03:52,91282CLD1,TSRYS5850288,D,S,D,2024-08-27,1000000.00,3.762132,102.19140625
10:03:52,91282CLD1,TSRYS5850288,D,S,D,2024-08-27,1000000.00,3.762132,102.19140625
10:03:52,91282CLD1,TSRYS5850288,D,S,D,2024-08-27,1000000.00,3.762132,102.19140625
10:03:53,91282CLD1,TSRYS5850288,D,S,D,2024-08-27,1000000.00,3.762132,102.19140625
10:03:53,91282CLD1,TSRYS5850288,D,S,D,2024-08-27,1000000.00,3.762132,102.19140625
10:03:53,91282CLD1,TSRYS5850288,D,S,D,2024-08-27,1000000.00,3.762132,102.19140625
10:03:53,91282CLD1,TSRYS5850288,D,S,T,2024-08-27,2000000.00,3.76277,102.1875
10:03:53,91282CLD1,TSRYS5850288,D,S,T,2024-08-27,1000000.00,3.76277,102.1875
10:03:56,91282CLD1,TSRYS5850288,D,S,C,2024-08-27,1000000.00,3.76277,102.1875
10:03:56,91282CLD1,TSRYS5850288,D,S,C,2024-08-27,1000000.00,3.76277,102.1875
10:03:58,91282CLD1,TSRYS5850288,D,B,C,2024-08-27,1000000.00,3.762132,102.19140625
10:03:58,91282CLD1,TSRYS5850288,D,S,D,2024-08-27,1000000.00,3.762132,102.19140625
10:03:58,91282CLD1,TSRYS5850288,D,B,C,2024-08-27,1000000.00,3.762132,102.19140625
10:03:58,91282CLD1,TSRYS5850288,D,S,D,2024-08-27,1000000.00,3.762132,102.19140625
10:03:58,91282CLD1,TSRYS5850288,D,S,T,2024-08-27,1000000.00,3.76277,102.1875
10:03:59,91282CLD1,TSRYS5850288,D,S,T,2024-08-27,1000000.00,3.76277,102.1875
10:03:59,91282CLD1,TSRYS5850288,D,S,T,2024-08-27,1000000.00,3.76277,102.1875
10:04:00,91282CLD1,TSRYS5850288,D,S,D,2024-08-27,1000000.00,3.76277,102.1875
10:04:01,91282CLD1,TSRYS5850288,D,S,C,2024-08-27,1000000.00,3.76277,102.1875
10:04:09,91282CLD1,TSRYS5850288,D,S,D,2024-08-27,1000000.00,3.760537,102.201171875
10:04:09,91282CLD1,TSRYS5850288,D,S,D,2024-08-27,2000000.00,3.760537,102.201171875
10:04:09,91282CLD1,TSRYS5850288,D,S,C,2024-08-27,1000000.00,3.760537,102.201171875
10:04:09,91282CLD1,TSRYS5850288,D,S,D,2024-08-27,1000000.00,3.76277,102.1875
10:04:10,91282CLD1,TSRYS5850288,D,S,D,2024-08-27,2000000.00,3.760856,102.19921875
10:04:10,91282CLD1,TSRYS5850288,D,S,T,2024-08-27,1000000.00,3.760219,102.203125
10:04:11,91282CLD1,TSRYS5850288,D,S,C,2024-08-27,1000000.00,3.760537,102.201171875
10:04:13,91282CLD1,TSRYS5850288,D,S,T,2024-08-27,1000000.00,3.760219,102.203125
10:04:16,91282CLD1,TSRYS5850288,D,S,T,2024-08-27,2000000.00,3.760537,102.201171875
10:04:16,91282CLD1,TSRYS5850288,D,S,T,2024-08-27,1000000.00,3.760537,102.201171875
10:04:18,91282CLD1,TSRYS5850288,D,S,D,2024-08-27,1000000.00,3.760856,102.19921875
10:04:18,91282CLD1,TSRYS5850288,D,S,D,2024-08-27,1000000.00,3.760856,102.19921875
10:04:19,91282CLD1,TSRYS5850288,D,S,C,2024-08-27,1000000.00,3.761813,102.19335937
10:04:19,91282CLD1,TSRYS5850288,D,S,D,2024-08-27,1000000.00,3.761813,102.19335937
10:04:19,91282CLD1,TSRYS5850288,D,S,C,2024-08-27,1000000.00,3.761813,102.19335937
10:04:21,91282CLD1,TSRYS5850288,D,S,T,2024-08-27,1000000.00,3.761494,102.1953125
10:04:22,91282CLD1,TSRYS5850288,D,S,T,2024-08-27,2000000.00,3.761494,102.1953125
10:04:24,91282CLD1,TSRYS5850288,D,S,T,2024-08-27,1000000.00,3.758943,102.2109375
10:04:24,91282CLD1,TSRYS5850288,D,S,T,2024-08-27,1000000.00,3.760219,102.203125
10:04:24,91282CLD1,TSRYS5850288,D,S,T,2024-08-27,1000000.00,3.760219,102.203125
10:04:24,91282CLD1,TSRYS5850288,D,S,T,2024-08-27,1000000.00,3.760219,102.203125
10:04:24,91282CLD1,TSRYS5850288,D,S,T,2024-08-27,1000000.00,3.758624,102.212890625
10:04:24,91282CLD1,TSRYS5850288,D,S,T,2024-08-27,1000000.00,3.758624,102.212890625
10:04:24,91282CLD1,TSRYS5850288,D,S,T,2024-08-27,1000000.00,3.758943,102.2109375
10:04:24,91282CLD1,TSRYS5850288,D,S,T,2024-08-27,1000000.00,3.757667,102.21875
10:04:24,91282CLD1,TSRYS5850288,D,S,T,2024-08-27,1000000.00,3.758943,102.2109375
10:04:24,91282CLD1,TSRYS5850288,D,S,T,2024-08-27,1000000.00,3.757986,102.216796875
10:04:24,91282CLD1,TSRYS5850288,D,S,T,2024-08-27,1000000.00,3.757667,102.21875
10:04:24,91282CLD1,TSRYS5850288,D,S,T,2024-08-27,1000000.00,3.757667,102.21875
10:04:24,91282CLD1,TSRYS5850288,D,B,C,2024-08-27,1000000.00,3.76277,102.1875
10:04:24,91282CLD1,TSRYS5850288,D,B,C,2024-08-27,1000000.00,3.76277,102.1875
10:04:24,91282CLD1,TSRYS5850288,D,S,D,2024-08-27,1000000.00,3.76277,102.1875
10:04:24,91282CLD1,TSRYS5850288,D,S,D,2024-08-27,1000000.00,3.76277,102.1875
10:04:24,91282CLD1,TSRYS5850288,D,S,D,2024-08-27,1000000.00,3.76277,102.1875
10:04:27,91282CLD1,TSRYS5850288,D,B,C,2024-08-27,1000000.00,3.762132,102.19140625
10:04:27,91282CLD1,TSRYS5850288,D,S,D,2024-08-27,1000000.00,3.757667,102.21875
10:04:27,91282CLD1,TSRYS5850288,D,S,D,2024-08-27,2000000.00,3.761494,102.1953125
10:04:27,91282CLD1,TSRYS5850288,D,S,D,2024-08-27,1000000.00,3.757986,102.216796875
10:04:27,91282CLD1,TSRYS5850288,D,S,D,2024-08-27,1000000.00,3.757986,102.216796875
10:04:27,91282CLD1,TSRYS5850288,D,S,D,2024-08-27,2000000.00,3.760537,102.201171875
10:04:27,91282CLD1,TSRYS5850288,D,B,C,2024-08-27,1000000.00,3.762132,102.19140625
10:04:27,91282CLD1,TSRYS5850288,D,S,T,2024-08-27,1000000.00,3.760219,102.203125
10:04:28,91282CLD1,TSRYS5850288,D,S,D,2024-08-27,1000000.00,3.760219,102.203125
10:04:28,91282CLD1,TSRYS5850288,D,S,T,2024-08-27,1000000.00,3.761494,102.1953125
10:04:28,91282CLD1,TSRYS5850288,D,S,T,2024-08-27,1000000.00,3.760219,102.203125
10:04:29,91282CLD1,TSRYS5850288,D,S,T,2024-08-27,1000000.00,3.757667,102.21875
10:04:29,91282CLD1,TSRYS5850288,D,S,T,2024-08-27,1000000.00,3.759581,102.20703125
10:04:30,91282CLD1,TSRYS5850288,D,B,C,2024-08-27,1000000.00,3.760219,102.203125
10:04:30,91282CLD1,TSRYS5850288,D,S,D,2024-08-27,1000000.00,3.760219,102.203125
10:04:30,91282CLD1,TSRYS5850288,D,S,T,2024-08-27,1000000.00,3.757667,102.21875
10:04:30,91282CLD1,TSRYS5850288,D,S,T,2024-08-27,1000000.00,3.757667,102.21875
10:04:30,91282CLD1,TSRYS5850288,D,S,D,2024-08-27,1000000.00,3.757667,102.21875
10:04:30,91282CLD1,TSRYS5850288,D,S,D,2024-08-27,1000000.00,3.757667,102.21875
10:04:30,91282CLD1,TSRYS5850288,D,S,D,2024-08-27,1000000.00,3.757667,102.21875
10:04:30,91282CLD1,TSRYS5850288,D,S,D,2024-08-27,1000000.00,3.757667,102.21875
10:04:31,91282CLD1,TSRYS5850288,D,S,C,2024-08-27,1000000.00,3.758943,102.2109375
10:04:31,91282CLD1,TSRYS5850288,D,B,C,2024-08-27,1000000.00,3.758624,102.212890625
10:04:31,91282CLD1,TSRYS5850288,D,S,C,2024-08-27,1000000.00,3.758624,102.212890625
10:04:31,91282CLD1,TSRYS5850288,D,S,C,2024-08-27,1000000.00,3.758624,102.212890625
10:04:31,91282CLD1,TSRYS5850288,D,S,C,2024-08-27,1000000.00,3.758624,102.212890625
10:04:31,91282CLD1,TSRYS5850288,D,B,C,2024-08-27,1000000.00,3.758624,102.212890625
10:04:31,91282CLD1,TSRYS5850288,D,S,C,2024-08-27,1000000.00,3.758624,102.212890625
10:04:32,91282CLD1,TSRYS5850288,D,B,C,2024-08-27,1000000.00,3.757667,102.21875
10:04:32,91282CLD1,TSRYS5850288,D,S,D,2024-08-27,1000000.00,3.757667,102.21875
10:04:32,91282CLD1,TSRYS5850288,D,S,C,2024-08-27,1000000.00,3.758943,102.2109375
10:04:32,91282CLD1,TSRYS5850288,D,S,C,2024-08-27,1000000.00,3.759581,102.20703125
10:04:33,91282CLD1,TSRYS5850288,D,S,C,2024-08-27,1000000.00,3.759581,102.20703125
10:04:33,91282CLD1,TSRYS5850288,D,S,C,2024-08-27,1000000.00,3.759581,102.20703125
10:04:33,91282CLD1,TSRYS5850288,D,S,D,2024-08-27,1000000.00,3.758943,102.2109375
10:04:33,91282CLD1,TSRYS5850288,D,B,C,2024-08-27,1000000.00,3.758959,102.2108375
10:04:33,91282CLD1,TSRYS5850288,D,S,T,2024-08-27,2000000.00,3.757986,102.216796875
10:04:33,91282CLD1,TSRYS5850288,D,S,T,2024-08-27,2000000.00,3.760537,102.201171875
10:04:33,91282CLD1,TSRYS5850288,D,S,T,2024-08-27,1000000.00,3.757986,102.216796875
10:04:33,91282CLD1,TSRYS5850288,D,S,T,2024-08-27,1000000.00,3.758943,102.2109375
10:04:33,91282CLD1,TSRYS5850288,D,S,T,2024-08-27,1000000.00,3.758943,102.2109375
10:04:33,91282CLD1,TSRYS5850288,D,S,T,2024-08-27,1000000.00,3.758943,102.2109375
10:04:34,91282CLD1,TSRYS5850288,D,S,C,2024-08-27,1000000.00,3.757986,102.216796875
10:04:35,91282CLD1,TSRYS5850288,D,B,C,2024-08-27,1000000.00,3.757986,102.216796875
10:04:35,91282CLD1,TSRYS5850288,D,S,C,2024-08-27,1000000.00,3.757986,102.216796875
10:04:35,91282CLD1,TSRYS5850288,D,S,D,2024-08-27,1000000.00,3.757667,102.21875
10:04:35,91282CLD1,TSRYS5850288,D,S,D,2024-08-27,1000000.00,3.757667,102.21875
10:04:36,91282CLD1,TSRYS5850288,D,S,T,2024-08-27,1000000.00,3.760219,102.203125
10:04:37,91282CLD1,TSRYS5850288,D,S,D,2024-08-27,2000000.00,3.757986,102.216796875
10:04:37,91282CLD1,TSRYS5850288,D,S,T,2024-08-27,2000000.00,3.757667,102.21875
10:04:37,91282CLD1,TSRYS5850288,D,S,D,2024-08-27,5000.00,3.757667,102.21875
10:04:37,91282CLD1,TSRYS5850288,D,S,D,2024-08-27,1000000.00,3.757986,102.216796875
10:04:37,91282CLD1,TSRYS5850288,D,S,D,2024-08-27,5000.00,3.744613,102.29875
10:04:37,91282CLD1,TSRYS5850288,D,S,D,2024-08-27,1000000.00,3.757667,102.21875
10:04:37,91282CLD1,TSRYS5850288,D,S,T,2024-08-27,1000000.00,3.758943,102.2109375
10:04:39,91282CLD1,TSRYS5850288,D,S,D,2024-08-27,150000.00,3.756711,102.224609375
10:04:39,91282CLD1,TSRYS5850288,D,S,D,2024-08-27,2000000.00,3.76277,102.1875
10:04:39,91282CLD1,TSRYS5850288,D,S,D,2024-08-27,1000000.00,3.76277,102.1875
10:04:39,91282CLD1,TSRYS5850288,D,S,D,2024-08-27,1000000.00,3.76277,102.1875
10:04:40,91282CLD1,TSRYS5850288,D,B,C,2024-08-27,1000000.00,3.76277,102.1875
10:04:40,91282CLD1,TSRYS5850288,D,S,C,2024-08-27,1000000.00,3.76277,102.1875
10:04:40,91282CLD1,TSRYS5850288,D,S,C,2024-08-27,1000000.00,3.76277,102.1875
10:04:40,91282CLD1,TSRYS5850288,D,S,C,2024-08-27,1000000.00,3.76277,102.1875
10:04:40,91282CLD1,TSRYS5850288,D,B,C,2024-08-27,1000000.00,3.757986,102.216796875
10:04:40,91282CLD1,TSRYS5850288,D,S,D,2024-08-27,1000000.00,3.757986,102.216796875
10:04:40,91282CLD1,TSRYS5850288,D,S,D,2024-08-27,150000.00,3.756662,102.224909375
10:04:42,91282CLD1,TSRYS5850288,D,S,D,2024-08-27,2000000.00,3.757667,102.21875
10:04:42,91282CLD1,TSRYS5850288,D,S,T,2024-08-27,1000000.00,3.756392,102.2265625
10:04:43,91282CLD1,TSRYS5850288,D,S,T,2024-08-27,1000000.00,3.757667,102.21875
10:04:55,91282CLD1,TSRYS5850288,D,S,D,2024-08-27,1000000.00,3.761494,102.1953125
10:04:55,91282CLD1,TSRYS5850288,D,B,C,2024-08-27,1000000.00,3.761527,102.1951125
10:04:55,91282CLD1,TSRYS5850288,D,B,C,2024-08-27,1000000.00,3.761511,102.1952125
10:04:55,91282CLD1,TSRYS5850288,D,S,C,2024-08-27,1000000.00,3.761494,102.1953125
10:04:55,91282CLD1,TSRYS5850288,D,S,D,2024-08-27,1000000.00,3.760219,102.203125
10:04:55,91282CLD1,TSRYS5850288,D,S,D,2024-08-27,1000000.00,3.760219,102.203125
10:04:55,91282CLD1,TSRYS5850288,D,S,T,2024-08-27,1000000.00,3.756392,102.2265625
10:05:07,91282CLD1,TSRYS5850288,D,B,C,2024-08-27,1000000.00,3.762132,102.19140625
10:05:07,91282CLD1,TSRYS5850288,D,S,C,2024-08-27,1000000.00,3.760194,102.203275
10:05:07,91282CLD1,TSRYS5850288,D,S,C,2024-08-27,1000000.00,3.760194,102.203275
10:05:07,91282CLD1,TSRYS5850288,D,B,C,2024-08-27,1000000.00,3.760219,102.203125
10:05:07,91282CLD1,TSRYS5850288,D,B,C,2024-08-27,1000000.00,3.758976,102.2107375
10:05:08,91282CLD1,TSRYS5850288,D,S,C,2024-08-27,1000000.00,3.758943,102.2109375
10:05:08,91282CLD1,TSRYS5850288,D,S,D,2024-08-27,1000000.00,3.757643,102.218902
10:05:09,91282CLD1,TSRYS5850288,D,B,C,2024-08-27,1000000.00,3.762132,102.19140625
10:05:09,91282CLD1,TSRYS5850288,D,B,C,2024-08-27,1000000.00,3.756392,102.2265625
10:05:11,91282CLD1,TSRYS5850288,D,S,T,2024-08-27,1000000.00,3.756392,102.2265625
10:05:22,91282CLD1,TSRYS5850288,D,S,C,2024-08-27,1000000.00,3.76277,102.1875
10:05:22,91282CLD1,TSRYS5850288,D,S,D,2024-08-27,1000000.00,3.76277,102.1875
10:05:22,91282CLD1,TSRYS5850288,D,S,D,2024-08-27,1000000.00,3.761494,102.1953125
10:05:22,91282CLD1,TSRYS5850288,D,S,D,2024-08-27,1000000.00,3.761494,102.1953125
10:05:22,91282CLD1,TSRYS5850288,D,B,C,2024-08-27,1000000.00,3.761494,102.1953125
10:05:22,91282CLD1,TSRYS5850288,D,S,C,2024-08-27,1000000.00,3.761445,102.1956125
10:05:23,91282CLD1,TSRYS5850288,D,S,D,2024-08-27,1000000.00,3.758943,102.2109375
10:05:23,91282CLD1,TSRYS5850288,D,S,C,2024-08-27,1000000.00,3.758943,102.2109375
10:05:23,91282CLD1,TSRYS5850288,D,B,C,2024-08-27,1000000.00,3.758971,102.2107625
10:05:23,91282CLD1,TSRYS5850288,D,S,C,2024-08-27,1000000.00,3.758943,102.2109375
10:05:23,91282CLD1,TSRYS5850288,D,S,C,2024-08-27,1000000.00,3.758943,102.2109375
10:05:23,91282CLD1,TSRYS5850288,D,S,C,2024-08-27,4000000.00,3.758943,102.2109375
10:05:23,91282CLD1,TSRYS5850288,D,B,C,2024-08-27,4000000.00,3.758984,102.2106875
10:05:23,91282CLD1,TSRYS5850288,D,B,C,2024-08-27,1000000.00,3.758976,102.2107375
10:05:23,91282CLD1,TSRYS5850288,D,B,C,2024-08-27,1000000.00,3.760243,102.202975
10:05:23,91282CLD1,TSRYS5850288,D,B,C,2024-08-27,1000000.00,3.758976,102.2107375
10:05:23,91282CLD1,TSRYS5850288,D,S,C,2024-08-27,1000000.00,3.758943,102.2109375
10:05:23,91282CLD1,TSRYS5850288,D,S,D,2024-08-27,1000000.00,3.757635,102.21895
10:05:23,91282CLD1,TSRYS5850288,D,S,C,2024-08-27,1000000.00,3.757667,102.21875
10:05:23,91282CLD1,TSRYS5850288,D,S,D,2024-08-27,1000000.00,3.756392,102.2265625
10:05:28,91282CLD1,TSRYS5850288,D,S,C,2024-08-27,1000000.00,3.757667,102.21875
10:05:28,91282CLD1,TSRYS5850288,D,S,C,2024-08-27,1000000.00,3.757349,102.220703125
10:05:29,91282CLD1,TSRYS5850288,D,S,C,2024-08-27,1000000.00,3.757667,102.21875
10:05:31,91282CLD1,TSRYS5850288,D,S,T,2024-08-27,1000000.00,3.757667,102.21875
10:05:31,91282CLD1,TSRYS5850288,D,B,C,2024-08-27,65000000.00,3.75703,102.22265625
10:05:33,91282CLD1,TSRYS5850288,D,S,D,2024-08-27,10000.00,3.757667,102.21875
10:05:35,91282CLD1,TSRYS5850288,D,S,D,2024-08-27,1000000.00,3.757667,102.21875
10:05:35,91282CLD1,TSRYS5850288,D,S,D,2024-08-27,1000000.00,3.757667,102.21875
10:05:38,91282CLD1,TSRYS5850288,D,S,T,2024-08-27,1000000.00,3.757349,102.220703125
10:05:38,91282CLD1,TSRYS5850288,D,S,T,2024-08-27,1000000.00,3.757667,102.21875
10:05:41,91282CLD1,TSRYS5850288,D,S,C,2024-08-27,1000000.00,3.758943,102.2109375
10:05:41,91282CLD1,TSRYS5850288,D,S,C,2024-08-27,1000000.00,3.758943,102.2109375
10:05:41,91282CLD1,TSRYS5850288,D,S,D,2024-08-27,1000000.00,3.758943,102.2109375
10:05:41,91282CLD1,TSRYS5850288,D,B,C,2024-08-27,1000000.00,3.758976,102.2107375
10:05:41,91282CLD1,TSRYS5850288,D,S,D,2024-08-27,1000000.00,3.760219,102.203125
10:05:41,91282CLD1,TSRYS5850288,D,B,C,2024-08-27,1000000.00,3.760243,102.202975
10:05:41,91282CLD1,TSRYS5850288,D,S,D,2024-08-27,1000000.00,3.760219,102.203125
10:05:41,91282CLD1,TSRYS5850288,D,S,D,2024-08-27,1000000.00,3.760219,102.203125
10:05:41,91282CLD1,TSRYS5850288,D,B,C,2024-08-27,1000000.00,3.758976,102.2107375
10:05:41,91282CLD1,TSRYS5850288,D,S,D,2024-08-27,1000000.00,3.756368,102.2267125
10:05:42,91282CLD1,TSRYS5850288,D,S,T,2024-08-27,1000000.00,3.757667,102.21875
10:05:44,91282CLD1,TSRYS5850288,D,S,T,2024-08-27,1000000.00,3.757667,102.21875
10:05:44,91282CLD1,TSRYS5850288,D,B,C,2024-08-27,1000000.00,3.762132,102.19140625
10:05:44,91282CLD1,TSRYS5850288,D,B,C,2024-08-27,1000000.00,3.762132,102.19140625
10:05:44,91282CLD1,TSRYS5850288,D,B,C,2024-08-27,1000000.00,3.762132,102.19140625
10:05:45,91282CLD1,TSRYS5850288,D,B,C,2024-08-27,1000000.00,3.762132,102.19140625
10:05:46,91282CLD1,TSRYS5850288,D,B,C,2024-08-27,1000000.00,3.762132,102.19140625
10:05:48,91282CLD1,TSRYS5850288,D,B,C,2024-08-27,1000000.00,3.762132,102.19140625
10:05:48,91282CLD1,TSRYS5850288,D,B,C,2024-08-27,1000000.00,3.762132,102.19140625
10:05:50,91282CLD1,TSRYS5850288,D,S,D,2024-08-27,1000000.00,3.757667,102.21875
10:05:52,91282CLD1,TSRYS5850288,D,S,D,2024-08-27,1000000.00,3.757667,102.21875
10:05:53,91282CLD1,TSRYS5850288,D,S,D,2024-08-27,1000000.00,3.757667,102.21875
10:05:53,91282CLD1,TSRYS5850288,D,S,D,2024-08-27,1000000.00,3.757667,102.21875
10:05:56,91282CLD1,TSRYS5850288,D,S,T,2024-08-27,1000000.00,3.757667,102.21875
10:05:56,91282CLD1,TSRYS5850288,D,B,C,2024-08-27,1000000.00,3.760235,102.203025
10:05:56,91282CLD1,TSRYS5850288,D,B,C,2024-08-27,1000000.00,3.758976,102.2107375
10:05:56,91282CLD1,TSRYS5850288,D,S,C,2024-08-27,1000000.00,3.760219,102.203125
10:05:56,91282CLD1,TSRYS5850288,D,S,D,2024-08-27,1000000.00,3.758943,102.2109375
10:05:56,91282CLD1,TSRYS5850288,D,S,D,2024-08-27,1000000.00,3.756392,102.2265625
10:06:01,91282CLD1,TSRYS5850288,D,S,T,2024-08-27,1000000.00,3.757667,102.21875
10:06:01,91282CLD1,TSRYS5850288,D,S,T,2024-08-27,1000000.00,3.757667,102.21875
10:06:01,91282CLD1,TSRYS5850288,D,S,T,2024-08-27,1000000.00,3.757667,102.21875
10:06:01,91282CLD1,TSRYS5850288,D,B,C,2024-08-27,95000000.00,3.8344,101.75
10:06:07,91282CLD1,TSRYS5850288,D,S,T,2024-08-27,1000000.00,3.757667,102.21875
10:06:08,91282CLD1,TSRYS5850288,D,S,T,2024-08-27,1000000.00,3.757667,102.21875
10:06:08,91282CLD1,TSRYS5850288,D,S,C,2024-08-27,1000000.00,3.758943,102.2109375
10:06:08,91282CLD1,TSRYS5850288,D,B,C,2024-08-27,1000000.00,3.758967,102.2107875
10:06:08,91282CLD1,TSRYS5850288,D,S,D,2024-08-27,1000000.00,3.760219,102.203125
10:06:09,91282CLD1,TSRYS5850288,D,S,D,2024-08-27,1000000.00,3.760219,102.203125
10:06:09,91282CLD1,TSRYS5850288,D,B,C,2024-08-27,1000000.00,3.760219,102.203125
10:06:09,91282CLD1,TSRYS5850288,D,S,D,2024-08-27,1000000.00,3.760219,102.203125
10:06:09,91282CLD1,TSRYS5850288,D,S,D,2024-08-27,1000000.00,3.760219,102.203125
10:06:09,91282CLD1,TSRYS5850288,D,S,D,2024-08-27,1000000.00,3.760219,102.203125
10:06:09,91282CLD1,TSRYS5850288,D,B,C,2024-08-27,1000000.00,3.760251,102.202925
10:06:09,91282CLD1,TSRYS5850288,D,S,C,2024-08-27,1000000.00,3.758914,102.2111125
10:06:09,91282CLD1,TSRYS5850288,D,S,C,2024-08-27,1000000.00,3.758943,102.2109375
10:06:09,91282CLD1,TSRYS5850288,D,S,D,2024-08-27,1000000.00,3.757667,102.21875
10:06:12,91282CLD1,TSRYS5850288,D,S,T,2024-08-27,1000000.00,3.757667,102.21875
10:06:12,91282CLD1,TSRYS5850288,D,S,T,2024-08-27,1000000.00,3.757667,102.21875
10:06:24,91282CLD1,TSRYS5850288,D,S,C,2024-08-27,1000000.00,3.760194,102.203275
10:06:24,91282CLD1,TSRYS5850288,D,B,C,2024-08-27,1000000.00,3.760219,102.203125
10:06:29,91282CLD1,TSRYS5850288,D,S,C,2024-08-27,2000000.00,3.757349,102.22070312
10:06:30,91282CLD1,TSRYS5850288,D,S,C,2024-08-27,3265000.00,3.757602,102.21915
10:06:39,91282CLD1,TSRYS5850288,D,S,D,2024-08-27,1000000.00,3.757667,102.21875
10:06:40,91282CLD1,TSRYS5850288,D,S,T,2024-08-27,1000000.00,3.758943,102.2109375
10:06:48,91282CLD1,TSRYS5850288,D,S,T,2024-08-27,1000000.00,3.758943,102.2109375
10:06:48,91282CLD1,TSRYS5850288,D,S,T,2024-08-27,1000000.00,3.758943,102.2109375
10:06:57,91282CLD1,TSRYS5850288,D,S,D,2024-08-27,1000000.00,3.757667,102.21875
10:06:57,91282CLD1,TSRYS5850288,D,S,C,2024-08-27,1000000.00,3.757667,102.21875
10:06:57,91282CLD1,TSRYS5850288,D,S,D,2024-08-27,1000000.00,3.757667,102.21875
10:07:06,91282CLD1,TSRYS5850288,D,S,C,2024-08-27,1000000.00,3.759548,102.20723125
10:07:12,91282CLD1,TSRYS5850288,D,S,C,2024-08-27,1000000.00,3.758894,102.2112375
10:07:12,91282CLD1,TSRYS5850288,D,S,C,2024-08-27,1000000.00,3.758943,102.2109375
10:07:12,91282CLD1,TSRYS5850288,D,S,C,2024-08-27,1000000.00,3.758943,102.2109375
10:07:18,91282CLD1,TSRYS5850288,D,S,T,2024-08-27,1000000.00,3.75963,102.20673125
10:07:25,91282CLD1,TSRYS5850288,D,S,C,2024-08-27,2000000.00,3.75703,102.22265625
10:07:25,91282CLD1,TSRYS5850288,D,S,C,2024-08-27,1000000.00,3.75703,102.22265625
10:07:25,91282CLD1,TSRYS5850288,D,S,T,2024-08-27,1000000.00,3.759262,102.208984375
10:07:25,91282CLD1,TSRYS5850288,D,S,C,2024-08-27,1000000.00,3.759262,102.208984375
10:07:29,91282CLD1,TSRYS5850288,D,S,T,2024-08-27,1000000.00,3.759581,102.20703125
10:07:29,91282CLD1,TSRYS5850288,D,S,T,2024-08-27,1000000.00,3.759581,102.20703125
10:07:37,91282CLD1,TSRYS5850288,D,S,D,2024-08-27,1000000.00,3.758943,102.2109375
10:07:38,91282CLD1,TSRYS5850288,D,S,T,2024-08-27,1000000.00,3.758943,102.2109375
10:07:38,91282CLD1,TSRYS5850288,D,S,T,2024-08-27,1000000.00,3.758943,102.2109375
10:07:38,91282CLD1,TSRYS5850288,D,S,T,2024-08-27,1000000.00,3.758943,102.2109375
10:07:38,91282CLD1,TSRYS5850288,D,S,C,2024-08-27,1000000.00,3.758943,102.2109375
10:07:38,91282CLD1,TSRYS5850288,D,S,T,2024-08-27,1000000.00,3.758943,102.2109375
10:07:39,91282CLD1,TSRYS5850288,D,S,D,2024-08-27,1000000.00,3.758943,102.2109375
10:07:39,91282CLD1,TSRYS5850288,D,S,D,2024-08-27,1000000.00,3.758943,102.2109375
10:07:39,91282CLD1,TSRYS5850288,D,S,D,2024-08-27,1000000.00,3.758943,102.2109375
10:07:39,91282CLD1,TSRYS5850288,D,S,T,2024-08-27,1000000.00,3.758943,102.2109375
10:07:39,91282CLD1,TSRYS5850288,D,S,T,2024-08-27,1000000.00,3.758943,102.2109375
10:07:39,91282CLD1,TSRYS5850288,D,S,D,2024-08-27,1000000.00,3.758943,102.2109375
10:07:39,91282CLD1,TSRYS5850288,D,S,T,2024-08-27,1000000.00,3.758943,102.2109375
10:07:39,91282CLD1,TSRYS5850288,D,S,D,2024-08-27,1000000.00,3.758943,102.2109375
10:07:39,91282CLD1,TSRYS5850288,D,S,T,2024-08-27,1000000.00,3.758943,102.2109375
10:07:39,91282CLD1,TSRYS5850288,D,S,T,2024-08-27,1000000.00,3.758943,102.2109375
10:07:40,91282CLD1,TSRYS5850288,D,S,T,2024-08-27,1000000.00,3.758943,102.2109375
10:07:40,91282CLD1,TSRYS5850288,D,S,T,2024-08-27,5000000.00,3.758943,102.2109375
10:07:40,91282CLD1,TSRYS5850288,D,S,T,2024-08-27,1000000.00,3.758943,102.2109375
10:07:40,91282CLD1,TSRYS5850288,D,S,T,2024-08-27,1000000.00,3.758943,102.2109375
10:07:40,91282CLD1,TSRYS5850288,D,S,D,2024-08-27,1000000.00,3.758943,102.2109375
10:07:40,91282CLD1,TSRYS5850288,D,S,T,2024-08-27,1000000.00,3.758943,102.2109375
10:07:40,91282CLD1,TSRYS5850288,D,S,T,2024-08-27,1000000.00,3.758943,102.2109375
10:07:41,91282CLD1,TSRYS5850288,D,S,T,2024-08-27,1000000.00,3.758943,102.2109375
10:07:41,91282CLD1,TSRYS5850288,D,S,T,2024-08-27,1000000.00,3.758943,102.2109375
10:07:41,91282CLD1,TSRYS5850288,D,S,T,2024-08-27,1000000.00,3.758943,102.2109375
10:07:41,91282CLD1,TSRYS5850288,D,S,D,2024-08-27,1000000.00,3.758943,102.2109375
10:07:41,91282CLD1,TSRYS5850288,D,S,T,2024-08-27,1000000.00,3.758943,102.2109375
10:07:41,91282CLD1,TSRYS5850288,D,S,T,2024-08-27,1000000.00,3.758943,102.2109375
10:07:41,91282CLD1,TSRYS5850288,D,S,T,2024-08-27,1000000.00,3.758943,102.2109375
10:07:41,91282CLD1,TSRYS5850288,D,S,T,2024-08-27,1000000.00,3.758943,102.2109375
10:07:41,91282CLD1,TSRYS5850288,D,S,T,2024-08-27,1000000.00,3.758943,102.2109375
10:07:42,91282CLD1,TSRYS5850288,D,S,T,2024-08-27,1000000.00,3.758943,102.2109375
10:07:42,91282CLD1,TSRYS5850288,D,S,T,2024-08-27,1000000.00,3.75898,102.210711
10:07:42,91282CLD1,TSRYS5850288,D,S,T,2024-08-27,5000000.00,3.758943,102.2109375
10:07:42,91282CLD1,TSRYS5850288,D,S,T,2024-08-27,1000000.00,3.758943,102.2109375
10:07:42,91282CLD1,TSRYS5850288,D,S,T,2024-08-27,1000000.00,3.758943,102.2109375
10:07:42,91282CLD1,TSRYS5850288,D,S,T,2024-08-27,1000000.00,3.758943,102.2109375
10:07:42,91282CLD1,TSRYS5850288,D,S,T,2024-08-27,1000000.00,3.758943,102.2109375
10:07:42,91282CLD1,TSRYS5850288,D,S,T,2024-08-27,1000000.00,3.758943,102.2109375
10:07:42,91282CLD1,TSRYS5850288,D,S,T,2024-08-27,1000000.00,3.758943,102.2109375
10:07:42,91282CLD1,TSRYS5850288,D,B,C,2024-08-27,1000000.00,3.758624,102.21289062
10:07:42,91282CLD1,TSRYS5850288,D,B,C,2024-08-27,2000000.00,3.758624,102.21289062
10:07:43,91282CLD1,TSRYS5850288,D,S,T,2024-08-27,1000000.00,3.758943,102.2109375
10:07:43,91282CLD1,TSRYS5850288,D,S,T,2024-08-27,1000000.00,3.758943,102.2109375
10:07:43,91282CLD1,TSRYS5850288,D,S,T,2024-08-27,1000000.00,3.758943,102.2109375
10:07:43,91282CLD1,TSRYS5850288,D,S,T,2024-08-27,1000000.00,3.758943,102.2109375
10:07:43,91282CLD1,TSRYS5850288,D,S,T,2024-08-27,1000000.00,3.758943,102.2109375
10:07:43,91282CLD1,TSRYS5850288,D,S,D,2024-08-27,1000000.00,3.758943,102.2109375
10:07:43,91282CLD1,TSRYS5850288,D,S,D,2024-08-27,1000000.00,3.758943,102.2109375
10:07:43,91282CLD1,TSRYS5850288,D,S,T,2024-08-27,1000000.00,3.758943,102.2109375
10:07:43,91282CLD1,TSRYS5850288,D,S,D,2024-08-27,1000000.00,3.758943,102.2109375
10:07:43,91282CLD1,TSRYS5850288,D,S,D,2024-08-27,1000000.00,3.758943,102.2109375
10:07:43,91282CLD1,TSRYS5850288,D,S,D,2024-08-27,1000000.00,3.758943,102.2109375
10:07:43,91282CLD1,TSRYS5850288,D,S,D,2024-08-27,1000000.00,3.758943,102.2109375
10:07:43,91282CLD1,TSRYS5850288,D,S,C,2024-08-27,1000000.00,3.758943,102.2109375
10:07:43,91282CLD1,TSRYS5850288,D,S,C,2024-08-27,1000000.00,3.758943,102.2109375
10:07:43,91282CLD1,TSRYS5850288,D,S,C,2024-08-27,5000000.00,3.758943,102.2109375
10:07:44,91282CLD1,TSRYS5850288,D,S,T,2024-08-27,2000000.00,3.758943,102.2109375
10:07:44,91282CLD1,TSRYS5850288,D,S,T,2024-08-27,1000000.00,3.758943,102.2109375
10:07:44,91282CLD1,TSRYS5850288,D,S,T,2024-08-27,1000000.00,3.758943,102.2109375
10:07:44,91282CLD1,TSRYS5850288,D,S,T,2024-08-27,1000000.00,3.758943,102.2109375
10:07:44,91282CLD1,TSRYS5850288,D,S,T,2024-08-27,1000000.00,3.758943,102.2109375
10:07:45,91282CLD1,TSRYS5850288,D,S,C,2024-08-27,1000000.00,3.758943,102.2109375
10:07:45,91282CLD1,TSRYS5850288,D,S,C,2024-08-27,1000000.00,3.758943,102.2109375
10:07:45,91282CLD1,TSRYS5850288,D,S,T,2024-08-27,1000000.00,3.758943,102.2109375
10:07:45,91282CLD1,TSRYS5850288,D,S,T,2024-08-27,2000000.00,3.758943,102.2109375
10:07:45,91282CLD1,TSRYS5850288,D,S,T,2024-08-27,1000000.00,3.758943,102.2109375
10:07:45,91282CLD1,TSRYS5850288,D,S,T,2024-08-27,1000000.00,3.758943,102.2109375
10:07:45,91282CLD1,TSRYS5850288,D,S,D,2024-08-27,1000000.00,3.758943,102.2109375
10:07:45,91282CLD1,TSRYS5850288,D,S,T,2024-08-27,1000000.00,3.758943,102.2109375
10:07:46,91282CLD1,TSRYS5850288,D,S,T,2024-08-27,1000000.00,3.758943,102.2109375
10:07:46,91282CLD1,TSRYS5850288,D,S,T,2024-08-27,1000000.00,3.758943,102.2109375
10:07:46,91282CLD1,TSRYS5850288,D,S,T,2024-08-27,1000000.00,3.758943,102.2109375
10:07:46,91282CLD1,TSRYS5850288,D,S,T,2024-08-27,1000000.00,3.758943,102.2109375
10:07:46,91282CLD1,TSRYS5850288,D,S,T,2024-08-27,1000000.00,3.758943,102.2109375
10:07:46,91282CLD1,TSRYS5850288,D,S,T,2024-08-27,1000000.00,3.758943,102.2109375
10:07:46,91282CLD1,TSRYS5850288,D,S,T,2024-08-27,2000000.00,3.758943,102.2109375
10:07:46,91282CLD1,TSRYS5850288,D,S,T,2024-08-27,1000000.00,3.758943,102.2109375
10:07:46,91282CLD1,TSRYS5850288,D,S,T,2024-08-27,1000000.00,3.758943,102.2109375
10:07:46,91282CLD1,TSRYS5850288,D,S,T,2024-08-27,1000000.00,3.758943,102.2109375
10:07:47,91282CLD1,TSRYS5850288,D,S,T,2024-08-27,1000000.00,3.758943,102.2109375
10:07:47,91282CLD1,TSRYS5850288,D,S,T,2024-08-27,1000000.00,3.758943,102.2109375
10:07:47,91282CLD1,TSRYS5850288,D,S,T,2024-08-27,1000000.00,3.758943,102.2109375
10:07:47,91282CLD1,TSRYS5850288,D,S,T,2024-08-27,1000000.00,3.758943,102.2109375
10:07:47,91282CLD1,TSRYS5850288,D,S,T,2024-08-27,1000000.00,3.758943,102.2109375
10:07:47,91282CLD1,TSRYS5850288,D,S,T,2024-08-27,1000000.00,3.758943,102.2109375
10:07:47,91282CLD1,TSRYS5850288,D,S,C,2024-08-27,1000000.00,3.758943,102.2109375
10:07:47,91282CLD1,TSRYS5850288,D,S,C,2024-08-27,1000000.00,3.758943,102.2109375
10:07:47,91282CLD1,TSRYS5850288,D,S,C,2024-08-27,1000000.00,3.758943,102.2109375
10:07:47,91282CLD1,TSRYS5850288,D,B,C,2024-08-27,1000000.00,3.758943,102.2109375
10:07:47,91282CLD1,TSRYS5850288,D,S,C,2024-08-27,1000000.00,3.758943,102.2109375
10:07:47,91282CLD1,TSRYS5850288,D,B,C,2024-08-27,1000000.00,3.758943,102.2109375
10:07:48,91282CLD1,TSRYS5850288,D,S,D,2024-08-27,1000000.00,3.7599,102.205078125
10:07:48,91282CLD1,TSRYS5850288,D,S,D,2024-08-27,1000000.00,3.7599,102.205078125
10:07:48,91282CLD1,TSRYS5850288,D,S,T,2024-08-27,1000000.00,3.758943,102.2109375
10:07:48,91282CLD1,TSRYS5850288,D,S,T,2024-08-27,1000000.00,3.758943,102.2109375
10:07:48,91282CLD1,TSRYS5850288,D,B,C,2024-08-27,1000000.00,3.7599,102.205078125
10:07:48,91282CLD1,TSRYS5850288,D,S,T,2024-08-27,1000000.00,3.758943,102.2109375
10:07:49,91282CLD1,TSRYS5850288,D,S,T,2024-08-27,1000000.00,3.758943,102.2109375
10:07:49,91282CLD1,TSRYS5850288,D,S,T,2024-08-27,1000000.00,3.760219,102.203125
10:07:49,91282CLD1,TSRYS5850288,D,S,D,2024-08-27,1000000.00,3.7599,102.205078125
10:07:49,91282CLD1,TSRYS5850288,D,S,T,2024-08-27,1000000.00,3.758943,102.2109375
10:07:49,91282CLD1,TSRYS5850288,D,B,C,2024-08-27,1000000.00,3.7599,102.205078125
10:07:49,91282CLD1,TSRYS5850288,D,S,D,2024-08-27,1000000.00,3.7599,102.205078125
10:07:50,91282CLD1,TSRYS5850288,D,S,C,2024-08-27,3000000.00,3.758901,102.2111967
10:07:51,91282CLD1,TSRYS5850288,D,S,T,2024-08-27,1000000.00,3.760219,102.203125
10:07:51,91282CLD1,TSRYS5850288,D,S,T,2024-08-27,3000000.00,3.760219,102.203125
10:07:51,91282CLD1,TSRYS5850288,D,S,T,2024-08-27,1000000.00,3.760219,102.203125
10:07:51,91282CLD1,TSRYS5850288,D,S,T,2024-08-27,1000000.00,3.760219,102.203125
10:07:51,91282CLD1,TSRYS5850288,D,S,T,2024-08-27,1000000.00,3.760219,102.203125
10:07:51,91282CLD1,TSRYS5850288,D,S,T,2024-08-27,1000000.00,3.760219,102.203125
10:07:51,91282CLD1,TSRYS5850288,D,S,T,2024-08-27,1000000.00,3.760219,102.203125
10:07:52,91282CLD1,TSRYS5850288,D,S,T,2024-08-27,1000000.00,3.75898,102.210711
10:07:52,91282CLD1,TSRYS5850288,D,S,C,2024-08-27,50000.00,3.760219,102.203125
10:07:53,91282CLD1,TSRYS5850288,D,B,C,2024-08-27,24490000.00,3.759581,102.20703125
10:07:54,91282CLD1,TSRYS5850288,D,S,D,2024-08-27,1000000.00,3.760219,102.2033
10:07:54,91282CLD1,TSRYS5850288,D,B,C,2024-08-27,1000000.00,3.760219,102.203125
10:07:54,91282CLD1,TSRYS5850288,D,S,D,2024-08-27,1000000.00,3.758943,102.2109375
10:07:54,91282CLD1,TSRYS5850288,D,S,D,2024-08-27,1000000.00,3.758943,102.2109375
10:07:54,91282CLD1,TSRYS5850288,D,S,C,2024-08-27,2000000.00,3.758902,102.2111875
10:07:55,91282CLD1,TSRYS5850288,D,S,C,2024-08-27,1000000.00,3.760219,102.203125
10:07:55,91282CLD1,TSRYS5850288,D,S,D,2024-08-27,1000000.00,3.760202,102.203225
10:07:55,91282CLD1,TSRYS5850288,D,S,D,2024-08-27,1000000.00,3.760219,102.203125
10:07:55,91282CLD1,TSRYS5850288,D,B,C,2024-08-27,1000000.00,3.760219,102.203125
10:07:55,91282CLD1,TSRYS5850288,D,S,T,2024-08-27,1000000.00,3.760219,102.203125
10:07:57,91282CLD1,TSRYS5850288,D,S,D,2024-08-27,24490000.00,3.759581,102.20703125
10:07:59,91282CLD1,TSRYS5850288,D,S,T,2024-08-27,1000000.00,3.760856,102.19921875
10:08:00,91282CLD1,TSRYS5850288,D,S,D,2024-08-27,1000000.00,3.760856,102.19921875
10:08:01,91282CLD1,TSRYS5850288,D,S,D,2024-08-27,1000000.00,3.760219,102.203125
10:08:02,91282CLD1,TSRYS5850288,D,S,T,2024-08-27,1000000.00,3.760537,102.201171875
10:08:02,91282CLD1,TSRYS5850288,D,S,T,2024-08-27,1000000.00,3.760537,102.201171875
10:08:02,91282CLD1,TSRYS5850288,D,S,T,2024-08-27,1000000.00,3.760537,102.201171875
10:08:02,91282CLD1,TSRYS5850288,D,S,D,2024-08-27,1000000.00,3.760537,102.201171875
10:08:03,91282CLD1,TSRYS5850288,D,S,T,2024-08-27,1000000.00,3.760219,102.203125
10:08:04,91282CLD1,TSRYS5850288,D,S,T,2024-08-27,1000000.00,3.760219,102.203125
10:08:04,91282CLD1,TSRYS5850288,D,S,D,2024-08-27,1000000.00,3.760856,102.19921875
10:08:06,91282CLD1,TSRYS5850288,D,S,T,2024-08-27,1000000.00,3.760537,102.201171875
10:08:07,91282CLD1,TSRYS5850288,D,S,D,2024-08-27,1000000.00,3.760537,102.201171875
10:08:07,91282CLD1,TSRYS5850288,D,S,D,2024-08-27,1000000.00,3.760537,102.201171875
10:08:07,91282CLD1,TSRYS5850288,D,S,D,2024-08-27,1000000.00,3.760537,102.201171875
10:08:08,91282CLD1,TSRYS5850288,D,S,D,2024-08-27,1000000.00,3.760219,102.203125
10:08:08,91282CLD1,TSRYS5850288,D,S,D,2024-08-27,1000000.00,3.758943,102.2109375
10:08:08,91282CLD1,TSRYS5850288,D,S,C,2024-08-27,1000000.00,3.758943,102.2109375
10:08:08,91282CLD1,TSRYS5850288,D,S,C,2024-08-27,1000000.00,3.758943,102.2109375
10:08:08,91282CLD1,TSRYS5850288,D,S,D,2024-08-27,1000000.00,3.758943,102.2109375
10:08:08,91282CLD1,TSRYS5850288,D,S,D,2024-08-27,5000000.00,3.758943,102.2109375
10:08:08,91282CLD1,TSRYS5850288,D,S,D,2024-08-27,1000000.00,3.758943,102.2109375
10:08:08,91282CLD1,TSRYS5850288,D,S,C,2024-08-27,1000000.00,3.758943,102.2109375
10:08:08,91282CLD1,TSRYS5850288,D,S,C,2024-08-27,1000000.00,3.758943,102.2109375
10:08:08,91282CLD1,TSRYS5850288,D,S,C,2024-08-27,1000000.00,3.758943,102.2109375
10:08:08,91282CLD1,TSRYS5850288,D,S,C,2024-08-27,1000000.00,3.758943,102.2109375
10:08:08,91282CLD1,TSRYS5850288,D,S,D,2024-08-27,1000000.00,3.758943,102.2109375
10:08:09,91282CLD1,TSRYS5850288,D,S,C,2024-08-27,1000000.00,3.758943,102.2109375
10:08:09,91282CLD1,TSRYS5850288,D,S,C,2024-08-27,1000000.00,3.758943,102.2109375
10:08:09,91282CLD1,TSRYS5850288,D,S,D,2024-08-27,1000000.00,3.758943,102.2109375
10:08:09,91282CLD1,TSRYS5850288,D,S,C,2024-08-27,1000000.00,3.758943,102.2109375
10:08:09,91282CLD1,TSRYS5850288,D,S,D,2024-08-27,1000000.00,3.758943,102.2109375
10:08:09,91282CLD1,TSRYS5850288,D,S,D,2024-08-27,1000000.00,3.758943,102.2109375
10:08:09,91282CLD1,TSRYS5850288,D,S,C,2024-08-27,1000000.00,3.758943,102.2109375
10:08:09,91282CLD1,TSRYS5850288,D,S,C,2024-08-27,1000000.00,3.758902,102.2111875
10:08:09,91282CLD1,TSRYS5850288,D,S,C,2024-08-27,2000000.00,3.758918,102.2110875
10:08:09,91282CLD1,TSRYS5850288,D,S,C,2024-08-27,2000000.00,3.758918,102.2110875
10:08:10,91282CLD1,TSRYS5850288,D,S,D,2024-08-27,2000000.00,3.759581,102.20703125
10:08:12,91282CLD1,TSRYS5850288,D,S,T,2024-08-27,1000000.00,3.758943,102.2109375
10:08:12,91282CLD1,TSRYS5850288,D,S,T,2024-08-27,1000000.00,3.758943,102.2109375
10:08:12,91282CLD1,TSRYS5850288,D,S,D,2024-08-27,1000000.00,3.758943,102.2109375
10:08:12,91282CLD1,TSRYS5850288,D,S,D,2024-08-27,1000000.00,3.758943,102.2109375
10:08:13,91282CLD1,TSRYS5850288,D,S,T,2024-08-27,1000000.00,3.758943,102.2109375
10:08:13,91282CLD1,TSRYS5850288,D,S,T,2024-08-27,1000000.00,3.758943,102.2109375
10:08:16,91282CLD1,TSRYS5850288,D,S,D,2024-08-27,10000.00,3.759581,102.20703125
10:08:16,91282CLD1,TSRYS5850288,D,S,D,2024-08-27,1000000.00,3.758943,102.2109375
10:08:16,91282CLD1,TSRYS5850288,D,S,D,2024-08-27,1000000.00,3.758943,102.2109375
10:08:18,91282CLD1,TSRYS5850288,D,S,D,2024-08-27,1000000.00,3.758943,102.2109375
10:08:18,91282CLD1,TSRYS5850288,D,S,D,2024-08-27,1000000.00,3.758943,102.2109375
10:08:18,91282CLD1,TSRYS5850288,D,S,T,2024-08-27,1000000.00,3.758992,102.2106375
10:08:18,91282CLD1,TSRYS5850288,D,S,T,2024-08-27,1000000.00,3.758992,102.2106375
10:08:18,91282CLD1,TSRYS5850288,D,S,T,2024-08-27,1000000.00,3.758992,102.2106375
10:08:19,91282CLD1,TSRYS5850288,D,S,T,2024-08-27,1000000.00,3.758943,102.2109375
10:08:20,91282CLD1,TSRYS5850288,D,S,C,2024-08-27,60000.00,3.759581,102.20703125
10:08:21,91282CLD1,TSRYS5850288,D,S,D,2024-08-27,60000.00,3.759581,102.20703125
10:08:22,91282CLD1,TSRYS5850288,D,S,D,2024-08-27,1000000.00,3.758943,102.2109375
10:08:23,91282CLD1,TSRYS5850288,D,S,T,2024-08-27,1000000.00,3.758943,102.2109375
10:08:23,91282CLD1,TSRYS5850288,D,S,T,2024-08-27,1000000.00,3.758943,102.2109375
10:08:23,91282CLD1,TSRYS5850288,D,S,D,2024-08-27,1000000.00,3.758943,102.2109375
10:08:26,91282CLD1,TSRYS5850288,D,S,C,2024-08-27,1000000.00,3.758902,102.2111875
10:08:26,91282CLD1,TSRYS5850288,D,S,D,2024-08-27,200000.00,3.759445,102.20703125
10:08:26,91282CLD1,TSRYS5850288,D,S,C,2024-08-27,1000000.00,3.758927,102.2110375
10:08:26,91282CLD1,TSRYS5850288,D,S,C,2024-08-27,1000000.00,3.758943,102.2109375
10:08:26,91282CLD1,TSRYS5850288,D,S,D,2024-08-27,1000000.00,3.758943,102.2109375
10:08:26,91282CLD1,TSRYS5850288,D,S,C,2024-08-27,1000000.00,3.758943,102.2109375
10:08:26,91282CLD1,TSRYS5850288,D,S,D,2024-08-27,1000000.00,3.758943,102.2109375
10:08:26,91282CLD1,TSRYS5850288,D,S,C,2024-08-27,1000000.00,3.758902,102.2111875
10:08:26,91282CLD1,TSRYS5850288,D,S,C,2024-08-27,1000000.00,3.758943,102.2109375
10:08:26,91282CLD1,TSRYS5850288,D,S,C,2024-08-27,1000000.00,3.758902,102.2111875
10:08:26,91282CLD1,TSRYS5850288,D,S,D,2024-08-27,1000000.00,3.758943,102.2109375
10:08:26,91282CLD1,TSRYS5850288,D,S,D,2024-08-27,1000000.00,3.758943,102.2109375
10:08:26,91282CLD1,TSRYS5850288,D,S,D,2024-08-27,1000000.00,3.758943,102.2109375
10:08:26,91282CLD1,TSRYS5850288,D,S,D,2024-08-27,1000000.00,3.758943,102.2109375
10:08:26,91282CLD1,TSRYS5850288,D,S,D,2024-08-27,1000000.00,3.758943,102.2109375
10:08:26,91282CLD1,TSRYS5850288,D,S,D,2024-08-27,1000000.00,3.758943,102.2109375
10:08:26,91282CLD1,TSRYS5850288,D,S,D,2024-08-27,1000000.00,3.758943,102.2109375
10:08:26,91282CLD1,TSRYS5850288,D,S,C,2024-08-27,1000000.00,3.758943,102.2109375
10:08:26,91282CLD1,TSRYS5850288,D,S,C,2024-08-27,1000000.00,3.75891,102.2111375
10:08:26,91282CLD1,TSRYS5850288,D,S,C,2024-08-27,1000000.00,3.758943,102.2109375
10:08:27,91282CLD1,TSRYS5850288,D,S,C,2024-08-27,1000000.00,3.760178,102.203375
10:08:27,91282CLD1,TSRYS5850288,D,B,C,2024-08-27,1000000.00,3.760219,102.203125
10:08:27,91282CLD1,TSRYS5850288,D,S,C,2024-08-27,1000000.00,3.760178,102.203375
10:08:27,91282CLD1,TSRYS5850288,D,S,C,2024-08-27,1000000.00,3.76017,102.203425
10:08:27,91282CLD1,TSRYS5850288,D,S,C,2024-08-27,1000000.00,3.760194,102.203275
10:08:27,91282CLD1,TSRYS5850288,D,S,C,2024-08-27,1000000.00,3.760178,102.203375
10:08:27,91282CLD1,TSRYS5850288,D,S,C,2024-08-27,3000000.00,3.760219,102.203125
10:08:27,91282CLD1,TSRYS5850288,D,S,C,2024-08-27,1000000.00,3.760178,102.203375
10:08:27,91282CLD1,TSRYS5850288,D,S,C,2024-08-27,1000000.00,3.76017,102.203425
10:08:27,91282CLD1,TSRYS5850288,D,S,D,2024-08-27,1000000.00,3.760182,102.20335
10:08:27,91282CLD1,TSRYS5850288,D,S,D,2024-08-27,1000000.00,3.760219,102.203125
10:08:27,91282CLD1,TSRYS5850288,D,S,C,2024-08-27,1000000.00,3.758943,102.2109375
10:08:27,91282CLD1,TSRYS5850288,D,S,D,2024-08-27,1000000.00,3.758943,102.2109375
10:08:27,91282CLD1,TSRYS5850288,D,S,D,2024-08-27,1000000.00,3.758943,102.2109375
10:08:28,91282CLD1,TSRYS5850288,D,S,T,2024-08-27,1000000.00,3.759262,102.208984375
10:08:29,91282CLD1,TSRYS5850288,D,S,T,2024-08-27,1000000.00,3.758943,102.2109375
10:08:29,91282CLD1,TSRYS5850288,D,S,T,2024-08-27,2000000.00,3.758943,102.2109375
10:08:29,91282CLD1,TSRYS5850288,D,S,T,2024-08-27,1000000.00,3.758943,102.2109375
10:08:30,91282CLD1,TSRYS5850288,D,S,T,2024-08-27,1000000.00,3.758943,102.2109375
10:08:30,91282CLD1,TSRYS5850288,D,S,T,2024-08-27,1000000.00,3.758943,102.2109375
10:08:30,91282CLD1,TSRYS5850288,D,S,T,2024-08-27,1000000.00,3.758943,102.2109375
10:08:30,91282CLD1,TSRYS5850288,D,S,T,2024-08-27,1000000.00,3.758943,102.2109375
10:08:30,91282CLD1,TSRYS5850288,D,S,D,2024-08-27,1000000.00,3.758943,102.2109375
10:08:30,91282CLD1,TSRYS5850288,D,S,T,2024-08-27,10000000.00,3.758943,102.2109375
10:08:30,91282CLD1,TSRYS5850288,D,S,T,2024-08-27,2000000.00,3.758943,102.2109375
10:08:33,91282CLD1,TSRYS5850288,D,S,C,2024-08-27,1000000.00,3.759262,102.208984375
10:08:37,91282CLD1,TSRYS5850288,D,S,T,2024-08-27,1000000.00,3.757667,102.21875
10:08:37,91282CLD1,TSRYS5850288,D,S,T,2024-08-27,1000000.00,3.757667,102.21875
10:08:37,91282CLD1,TSRYS5850288,D,S,D,2024-08-27,1000000.00,3.757667,102.21875
10:08:37,91282CLD1,TSRYS5850288,D,S,T,2024-08-27,1000000.00,3.757667,102.21875
10:08:37,91282CLD1,TSRYS5850288,D,S,T,2024-08-27,1000000.00,3.758943,102.2109375
10:08:37,91282CLD1,TSRYS5850288,D,S,T,2024-08-27,1000000.00,3.757667,102.21875
10:08:37,91282CLD1,TSRYS5850288,D,S,T,2024-08-27,1000000.00,3.757986,102.216796875
10:08:37,91282CLD1,TSRYS5850288,D,S,D,2024-08-27,1000000.00,3.757667,102.21875
10:08:37,91282CLD1,TSRYS5850288,D,S,T,2024-08-27,1000000.00,3.757667,102.21875
10:08:38,91282CLD1,TSRYS5850288,D,S,T,2024-08-27,1000000.00,3.757667,102.21875
10:08:38,91282CLD1,TSRYS5850288,D,S,T,2024-08-27,1000000.00,3.757667,102.21875
10:08:38,91282CLD1,TSRYS5850288,D,S,C,2024-08-27,1000000.00,3.757986,102.216796875
10:08:38,91282CLD1,TSRYS5850288,D,S,C,2024-08-27,1000000.00,3.757986,102.216796875
10:08:40,91282CLD1,TSRYS5850288,D,S,T,2024-08-27,4000000.00,3.758943,102.2109375
10:08:41,91282CLD1,TSRYS5850288,D,S,D,2024-08-27,1000000.00,3.758943,102.2109375
10:08:41,91282CLD1,TSRYS5850288,D,S,C,2024-08-27,1000000.00,3.758943,102.2109375
10:08:41,91282CLD1,TSRYS5850288,D,S,D,2024-08-27,1000000.00,3.758943,102.2109375
10:08:41,91282CLD1,TSRYS5850288,D,S,C,2024-08-27,1000000.00,3.758943,102.2109375
10:08:41,91282CLD1,TSRYS5850288,D,S,C,2024-08-27,1000000.00,3.758943,102.2109375
10:08:41,91282CLD1,TSRYS5850288,D,S,C,2024-08-27,1000000.00,3.758943,102.2109375
10:08:42,91282CLD1,TSRYS5850288,D,S,C,2024-08-27,1000000.00,3.758902,102.2111875
10:08:42,91282CLD1,TSRYS5850288,D,S,D,2024-08-27,1000000.00,3.758943,102.2109375
10:08:42,91282CLD1,TSRYS5850288,D,S,C,2024-08-27,1000000.00,3.758943,102.2109375
10:08:42,91282CLD1,TSRYS5850288,D,S,C,2024-08-27,1000000.00,3.758902,102.2111875
10:08:42,91282CLD1,TSRYS5850288,D,S,C,2024-08-27,1000000.00,3.758943,102.2109375
10:08:42,91282CLD1,TSRYS5850288,D,S,C,2024-08-27,1000000.00,3.758902,102.2111875
10:08:42,91282CLD1,TSRYS5850288,D,S,C,2024-08-27,1000000.00,3.758943,102.2109375
10:08:42,91282CLD1,TSRYS5850288,D,S,D,2024-08-27,1000000.00,3.760186,102.203325
10:08:42,91282CLD1,TSRYS5850288,D,S,D,2024-08-27,1000000.00,3.758943,102.2109375
10:08:42,91282CLD1,TSRYS5850288,D,S,D,2024-08-27,1000000.00,3.758943,102.2109375
10:08:42,91282CLD1,TSRYS5850288,D,S,D,2024-08-27,1000000.00,3.758943,102.2109375
10:08:42,91282CLD1,TSRYS5850288,D,S,D,2024-08-27,1000000.00,3.758943,102.2109375
10:08:42,91282CLD1,TSRYS5850288,D,S,C,2024-08-27,1000000.00,3.758943,102.2109375
10:08:42,91282CLD1,TSRYS5850288,D,S,D,2024-08-27,2000000.00,3.758943,102.2109375
10:08:42,91282CLD1,TSRYS5850288,D,S,D,2024-08-27,1000000.00,3.757667,102.21875
10:08:42,91282CLD1,TSRYS5850288,D,S,T,2024-08-27,1000000.00,3.75898,102.210711
10:08:42,91282CLD1,TSRYS5850288,D,S,D,2024-08-27,1000000.00,3.757667,102.21875
10:08:42,91282CLD1,TSRYS5850288,D,S,D,2024-08-27,1000000.00,3.757667,102.21875
10:08:43,91282CLD1,TSRYS5850288,D,S,D,2024-08-27,1000000.00,3.757667,102.21875
10:08:43,91282CLD1,TSRYS5850288,D,S,D,2024-08-27,1000000.00,3.757986,102.216796875
10:08:43,91282CLD1,TSRYS5850288,D,S,D,2024-08-27,1000000.00,3.757667,102.21875
10:08:48,91282CLD1,TSRYS5850288,D,S,T,2024-08-27,1000000.00,3.757986,102.216796875
10:08:55,91282CLD1,TSRYS5850288,D,S,D,2024-08-27,1000000.00,3.758305,102.21484375
10:08:55,91282CLD1,TSRYS5850288,D,S,D,2024-08-27,1000000.00,3.758305,102.21484375
10:08:56,91282CLD1,TSRYS5850288,D,S,D,2024-08-27,10000000.00,3.758943,102.2109375
10:08:57,91282CLD1,TSRYS5850288,D,S,D,2024-08-27,4000000.00,3.758943,102.2109375
10:08:57,91282CLD1,TSRYS5850288,D,S,D,2024-08-27,2000000.00,3.758943,102.2109375
10:08:57,91282CLD1,TSRYS5850288,D,S,D,2024-08-27,1000000.00,3.758943,102.2109375
10:08:57,91282CLD1,TSRYS5850288,D,S,C,2024-08-27,1000000.00,3.758943,102.2109375
10:08:57,91282CLD1,TSRYS5850288,D,B,C,2024-08-27,1000000.00,3.760856,102.19921875
10:08:58,91282CLD1,TSRYS5850288,D,B,C,2024-08-27,1000000.00,3.760856,102.19921875
10:08:59,91282CLD1,TSRYS5850288,D,S,T,2024-08-27,1000000.00,3.757986,102.216796875
10:09:04,91282CLD1,TSRYS5850288,D,S,T,2024-08-27,1000000.00,3.758943,102.2109375
10:09:05,91282CLD1,TSRYS5850288,D,S,T,2024-08-27,1000000.00,3.758943,102.2109375
10:09:05,91282CLD1,TSRYS5850288,D,S,T,2024-08-27,1000000.00,3.758305,102.21484375
10:09:09,91282CLD1,TSRYS5850288,D,S,T,2024-08-27,1000000.00,3.757667,102.21875
10:09:09,91282CLD1,TSRYS5850288,D,S,T,2024-08-27,1000000.00,3.757667,102.21875
10:09:10,91282CLD1,TSRYS5850288,D,S,C,2024-08-27,1000000.00,3.758305,102.21484375
10:09:11,91282CLD1,TSRYS5850288,D,S,A,2024-08-27,2000000.00,3.757667,102.21875
10:09:17,91282CLD1,TSRYS5850288,D,S,T,2024-08-27,1000000.00,3.757667,102.21875
10:09:23,91282CLD1,TSRYS5850288,D,S,T,2024-08-27,1000000.00,3.757704,102.218523
10:09:24,91282CLD1,TSRYS5850288,D,S,C,2024-08-27,1000000.00,3.757639,102.218925
10:09:24,91282CLD1,TSRYS5850288,D,S,C,2024-08-27,1000000.00,3.757618,102.21905
10:09:26,91282CLD1,TSRYS5850288,D,S,T,2024-08-27,2000000.00,3.757667,102.21875
10:09:26,91282CLD1,TSRYS5850288,D,S,T,2024-08-27,1000000.00,3.756392,102.2265625
10:09:27,91282CLD1,TSRYS5850288,D,S,T,2024-08-27,1000000.00,3.756392,102.2265625
10:09:39,91282CLD1,TSRYS5850288,D,S,D,2024-08-27,1000000.00,3.758943,102.2109375
10:09:43,91282CLD1,TSRYS5850288,D,S,T,2024-08-27,1000000.00,3.756392,102.2265625
10:09:43,91282CLD1,TSRYS5850288,D,S,T,2024-08-27,1000000.00,3.756392,102.2265625
10:09:43,91282CLD1,TSRYS5850288,D,S,D,2024-08-27,1000000.00,3.756392,102.2265625
10:09:43,91282CLD1,TSRYS5850288,D,S,C,2024-08-27,1000000.00,3.756359,102.2267625
10:09:57,91282CLD1,TSRYS5850288,D,S,C,2024-08-27,1000000.00,3.758918,102.2110875
10:09:57,91282CLD1,TSRYS5850288,D,S,C,2024-08-27,1000000.00,3.757618,102.21905
10:09:57,91282CLD1,TSRYS5850288,D,S,C,2024-08-27,1000000.00,3.757618,102.21905
10:09:57,91282CLD1,TSRYS5850288,D,S,D,2024-08-27,1000000.00,3.757667,102.21875
10:10:12,91282CLD1,TSRYS5850288,D,B,C,2024-08-27,1000000.00,3.757667,102.21875
10:10:12,91282CLD1,TSRYS5850288,D,S,D,2024-08-27,1000000.00,3.757667,102.21875
10:10:12,91282CLD1,TSRYS5850288,D,S,T,2024-08-27,5000000.00,3.767875,102.15625
10:10:12,91282CLD1,TSRYS5850288,D,S,D,2024-08-27,1000000.00,3.757667,102.21875
10:10:12,91282CLD1,TSRYS5850288,D,B,C,2024-08-27,1000000.00,3.757667,102.21875
10:10:12,91282CLD1,TSRYS5850288,D,S,C,2024-08-27,1000000.00,3.757639,102.218925
10:10:12,91282CLD1,TSRYS5850288,D,S,D,2024-08-27,1000000.00,3.757667,102.21875
10:10:12,91282CLD1,TSRYS5850288,D,B,C,2024-08-27,1000000.00,3.757667,102.21875
10:10:12,91282CLD1,TSRYS5850288,D,S,D,2024-08-27,1000000.00,3.757667,102.21875
10:10:12,91282CLD1,TSRYS5850288,D,B,C,2024-08-27,1000000.00,3.757667,102.21875
10:10:12,91282CLD1,TSRYS5850288,D,S,C,2024-08-27,1000000.00,3.757667,102.21875
10:10:12,91282CLD1,TSRYS5850288,D,S,C,2024-08-27,1000000.00,3.757667,102.21875
10:10:12,91282CLD1,TSRYS5850288,D,S,C,2024-08-27,1000000.00,3.756392,102.2265625
10:10:18,91282CLD1,TSRYS5850288,D,S,T,2024-08-27,1000000.00,3.756441,102.2262625
10:10:24,91282CLD1,TSRYS5850288,D,S,D,2024-08-27,1000000.00,3.756073,102.228515625
10:10:24,91282CLD1,TSRYS5850288,D,S,D,2024-08-27,1000000.00,3.756073,102.228515625
10:10:27,91282CLD1,TSRYS5850288,D,S,D,2024-08-27,1000000.00,3.756392,102.2265625
10:10:32,91282CLD1,TSRYS5850288,D,S,T,2024-08-27,1000000.00,3.755117,102.234375
10:10:32,91282CLD1,TSRYS5850288,D,S,T,2024-08-27,1000000.00,3.755117,102.234375
10:10:33,91282CLD1,TSRYS5850288,D,S,D,2024-08-27,1000000.00,3.756392,102.2265625
10:10:33,91282CLD1,TSRYS5850288,D,B,C,2024-08-27,1000000.00,3.756392,102.2265625
10:10:34,91282CLD1,TSRYS5850288,D,S,C,2024-08-27,1000000.00,3.755754,102.23046875
10:10:34,91282CLD1,TSRYS5850288,D,S,C,2024-08-27,1000000.00,3.755754,102.23046875
10:10:37,91282CLD1,TSRYS5850288,D,S,D,2024-08-27,2000000.00,3.755754,102.23046875
10:10:39,91282CLD1,TSRYS5850288,D,S,T,2024-08-27,1000000.00,3.755754,102.23046875
10:10:40,91282CLD1,TSRYS5850288,D,S,T,2024-08-27,1000000.00,3.755754,102.23046875
10:10:40,91282CLD1,TSRYS5850288,D,S,C,2024-08-27,6000000.00,3.756485,102.22599
10:10:42,91282CLD1,TSRYS5850288,D,S,D,2024-08-27,1000000.00,3.756392,102.2265625
10:10:44,91282CLD1,TSRYS5850288,D,S,D,2024-08-27,1000000.00,3.756073,102.228515625
10:10:46,91282CLD1,TSRYS5850288,D,S,T,2024-08-27,1000000.00,3.756392,102.2265625
10:10:46,91282CLD1,TSRYS5850288,D,S,T,2024-08-27,1000000.00,3.756392,102.2265625
10:10:46,91282CLD1,TSRYS5850288,D,S,T,2024-08-27,1000000.00,3.756392,102.2265625
10:10:46,91282CLD1,TSRYS5850288,D,S,T,2024-08-27,1000000.00,3.756392,102.2265625
10:10:46,91282CLD1,TSRYS5850288,D,S,T,2024-08-27,1000000.00,3.756392,102.2265625
10:10:46,91282CLD1,TSRYS5850288,D,S,T,2024-08-27,2000000.00,3.756392,102.2265625
10:10:55,91282CLD1,TSRYS5850288,D,S,T,2024-08-27,1000000.00,3.755117,102.234375
10:10:57,91282CLD1,TSRYS5850288,D,B,C,2024-08-27,1000000.00,3.756392,102.2265625
10:10:57,91282CLD1,TSRYS5850288,D,S,D,2024-08-27,1000000.00,3.756392,102.2265625
10:11:07,91282CLD1,TSRYS5850288,D,B,C,2024-08-27,1000000.00,3.756073,102.22851562
10:11:13,91282CLD1,TSRYS5850288,D,B,C,2024-08-27,1000000.00,3.756073,102.22851562
10:11:19,91282CLD1,TSRYS5850288,D,B,C,2024-08-27,1000000.00,3.754798,102.23632812
10:11:29,91282CLD1,TSRYS5850288,D,B,C,2024-08-27,1000000.00,3.756392,102.2265625
10:11:29,91282CLD1,TSRYS5850288,D,B,C,2024-08-27,1000000.00,3.756392,102.2265625
10:11:29,91282CLD1,TSRYS5850288,D,S,D,2024-08-27,1000000.00,3.756392,102.2265625
10:11:29,91282CLD1,TSRYS5850288,D,S,C,2024-08-27,1000000.00,3.756392,102.2265625
10:11:29,91282CLD1,TSRYS5850288,D,S,C,2024-08-27,1000000.00,3.755092,102.234525
10:11:29,91282CLD1,TSRYS5850288,D,B,C,2024-08-27,1000000.00,3.755117,102.234375
10:11:29,91282CLD1,TSRYS5850288,D,S,C,2024-08-27,1000000.00,3.755092,102.234525
10:11:29,91282CLD1,TSRYS5850288,D,S,C,2024-08-27,1000000.00,3.755092,102.234525
10:11:29,91282CLD1,TSRYS5850288,D,B,C,2024-08-27,1000000.00,3.755117,102.234375
10:11:29,91282CLD1,TSRYS5850288,D,S,C,2024-08-27,1000000.00,3.755092,102.234525
10:11:29,91282CLD1,TSRYS5850288,D,S,C,2024-08-27,1000000.00,3.755092,102.234525
10:11:29,91282CLD1,TSRYS5850288,D,B,C,2024-08-27,1000000.00,3.755117,102.234375
10:11:30,91282CLD1,TSRYS5850288,D,S,D,2024-08-27,1000000.00,3.756392,102.2265625
10:11:30,91282CLD1,TSRYS5850288,D,S,C,2024-08-27,1000000.00,3.756392,102.2265625
10:11:30,91282CLD1,TSRYS5850288,D,S,D,2024-08-27,1000000.00,3.756392,102.2265625
10:11:30,91282CLD1,TSRYS5850288,D,S,D,2024-08-27,1000000.00,3.756392,102.2265625
10:11:30,91282CLD1,TSRYS5850288,D,S,C,2024-08-27,2000000.00,3.756368,102.2267125
10:11:30,91282CLD1,TSRYS5850288,D,S,C,2024-08-27,1000000.00,3.756392,102.2265625
10:11:30,91282CLD1,TSRYS5850288,D,S,D,2024-08-27,1000000.00,3.755117,102.234375
10:11:39,91282CLD1,TSRYS5850288,D,S,C,2024-08-27,150MM+,3.756392,102.2265625
10:11:42,91282CLD1,TSRYS5850288,D,S,D,2024-08-27,1000000.00,3.755117,102.234375
10:11:42,91282CLD1,TSRYS5850288,D,B,C,2024-08-27,1000000.00,3.755117,102.234375
10:11:53,91282CLD1,TSRYS5850288,D,S,C,2024-08-27,1000000.00,3.754798,102.236328125
10:11:53,91282CLD1,TSRYS5850288,D,S,D,2024-08-27,1000000.00,3.754798,102.236328125
10:11:54,91282CLD1,TSRYS5850288,D,B,C,2024-08-27,1000000.00,3.754798,102.236328125
10:12:04,91282CLD1,TSRYS5850288,D,S,D,2024-08-27,142000.00,3.752566,102.25
10:12:13,91282CLD1,TSRYS5850288,D,S,C,2024-08-27,200000.00,3.757531,102.21875
10:12:14,91282CLD1,TSRYS5850288,D,S,C,2024-08-27,142000.00,3.752566,102.25
10:12:14,91282CLD1,TSRYS5850288,D,S,D,2024-08-27,142000.00,3.752566,102.25
10:12:20,91282CLD1,TSRYS5850288,D,S,T,2024-08-27,1000000.00,3.755117,102.234375
10:12:26,91282CLD1,TSRYS5850288,D,S,D,2024-08-27,1000000.00,3.754479,102.23828125
10:12:44,91282CLD1,TSRYS5850288,D,S,D,2024-08-27,1000000.00,3.755117,102.234375
10:12:44,91282CLD1,TSRYS5850288,D,B,C,2024-08-27,1000000.00,3.755117,102.234375
10:12:59,91282CLD1,TSRYS5850288,D,S,D,2024-08-27,1000000.00,3.755117,102.234375
10:12:59,91282CLD1,TSRYS5850288,D,S,D,2024-08-27,1000000.00,3.755117,102.234375
10:12:59,91282CLD1,TSRYS5850288,D,B,C,2024-08-27,1000000.00,3.755117,102.234375
10:13:13,91282CLD1,TSRYS5850288,D,S,C,2024-08-27,1000000.00,3.753813,102.2423625
10:13:13,91282CLD1,TSRYS5850288,D,B,C,2024-08-27,1000000.00,3.753866,102.2420375
10:13:16,91282CLD1,TSRYS5850288,D,S,T,2024-08-27,1000000.00,3.755117,102.234375
10:13:16,91282CLD1,TSRYS5850288,D,S,T,2024-08-27,1000000.00,3.755117,102.234375
10:13:16,91282CLD1,TSRYS5850288,D,S,T,2024-08-27,1000000.00,3.755117,102.234375
10:13:16,91282CLD1,TSRYS5850288,D,S,T,2024-08-27,1000000.00,3.755117,102.234375
10:13:16,91282CLD1,TSRYS5850288,D,S,T,2024-08-27,1000000.00,3.755117,102.234375
10:13:19,91282CLD1,TSRYS5850288,D,S,T,2024-08-27,1000000.00,3.754528,102.23798125
10:13:19,91282CLD1,TSRYS5850288,D,B,C,2024-08-27,95100000.00,,101.75
10:13:23,91282CLD1,TSRYS5850288,D,S,T,2024-08-27,2000000.00,3.756392,102.2265625
10:13:23,91282CLD1,TSRYS5850288,D,S,T,2024-08-27,1000000.00,3.756392,102.2265625
10:13:28,91282CLD1,TSRYS5850288,D,S,C,2024-08-27,1000000.00,3.756392,102.2265625
10:13:28,91282CLD1,TSRYS5850288,D,B,C,2024-08-27,1000000.00,3.756392,102.2263625
10:13:28,91282CLD1,TSRYS5850288,D,S,D,2024-08-27,2000000.00,3.756392,102.2265625
10:13:29,91282CLD1,TSRYS5850288,D,S,T,2024-08-27,1000000.00,3.757667,102.21875
10:13:33,91282CLD1,TSRYS5850288,D,S,D,2024-08-27,3780000.00,3.75703,102.22265625
10:13:48,91282CLD1,TSRYS5850288,D,S,D,2024-08-27,225000.00,3.758305,102.21484375
10:13:49,91282CLD1,TSRYS5850288,D,S,T,2024-08-27,1000000.00,3.757667,102.21875
10:13:54,91282CLD1,TSRYS5850288,D,S,D,2024-08-27,1000000.00,3.757667,102.21875
10:13:54,91282CLD1,TSRYS5850288,D,S,T,2024-08-27,1000000.00,3.757667,102.21875
10:13:54,91282CLD1,TSRYS5850288,D,S,T,2024-08-27,1000000.00,3.757667,102.21875
10:13:58,91282CLD1,TSRYS5850288,D,S,D,2024-08-27,1000000.00,3.755117,102.234375
10:13:58,91282CLD1,TSRYS5850288,D,S,D,2024-08-27,1000000.00,3.755117,102.234375
10:13:58,91282CLD1,TSRYS5850288,D,S,D,2024-08-27,1000000.00,3.755117,102.234375
10:13:58,91282CLD1,TSRYS5850288,D,S,C,2024-08-27,1000000.00,3.755092,102.234525
10:13:58,91282CLD1,TSRYS5850288,D,S,C,2024-08-27,1000000.00,3.755092,102.234525
10:13:58,91282CLD1,TSRYS5850288,D,B,C,2024-08-27,1000000.00,3.755117,102.234375
10:13:58,91282CLD1,TSRYS5850288,D,S,C,2024-08-27,1000000.00,3.755092,102.234525
10:13:58,91282CLD1,TSRYS5850288,D,S,C,2024-08-27,1000000.00,3.756351,102.2268125
10:14:00,91282CLD1,TSRYS5850288,D,S,T,2024-08-27,1000000.00,3.758305,102.21484375
10:14:00,91282CLD1,TSRYS5850288,D,S,C,2024-08-27,1000000.00,3.758289,102.21494375
10:14:03,91282CLD1,TSRYS5850288,D,S,A,2024-08-27,1000000.00,3.757667,102.21875
10:14:04,91282CLD1,TSRYS5850288,D,S,A,2024-08-27,1000000.00,3.757667,102.21875
10:14:10,91282CLD1,TSRYS5850288,D,S,T,2024-08-27,1000000.00,3.759262,102.208984375
10:14:11,91282CLD1,TSRYS5850288,D,S,C,2024-08-27,1000000.00,3.759229,102.209184375
10:14:13,91282CLD1,TSRYS5850288,D,S,D,2024-08-27,1000000.00,3.756392,102.2265625
10:14:13,91282CLD1,TSRYS5850288,D,B,C,2024-08-27,2000000.00,3.756416,102.2264125
10:14:13,91282CLD1,TSRYS5850288,D,B,C,2024-08-27,1000000.00,3.756416,102.2264125
10:14:13,91282CLD1,TSRYS5850288,D,S,C,2024-08-27,1000000.00,3.756392,102.2265625
10:14:13,91282CLD1,TSRYS5850288,D,S,C,2024-08-27,2000000.00,3.756363,102.2267375
10:14:13,91282CLD1,TSRYS5850288,D,S,C,2024-08-27,1000000.00,3.756392,102.2265625
10:14:13,91282CLD1,TSRYS5850288,D,B,C,2024-08-27,1000000.00,3.756416,102.2264125
10:14:13,91282CLD1,TSRYS5850288,D,B,C,2024-08-27,1000000.00,3.756416,102.2264125
10:14:13,91282CLD1,TSRYS5850288,D,B,C,2024-08-27,1000000.00,3.756416,102.2264125
10:14:13,91282CLD1,TSRYS5850288,D,B,C,2024-08-27,1000000.00,3.756416,102.2264125
10:14:13,91282CLD1,TSRYS5850288,D,B,C,2024-08-27,1000000.00,3.756416,102.2264125
10:14:13,91282CLD1,TSRYS5850288,D,S,D,2024-08-27,1000000.00,3.756392,102.2265625
10:14:13,91282CLD1,TSRYS5850288,D,S,C,2024-08-27,1000000.00,3.756351,102.2268125
10:14:13,91282CLD1,TSRYS5850288,D,S,D,2024-08-27,1000000.00,3.756392,102.2265625
10:14:13,91282CLD1,TSRYS5850288,D,B,C,2024-08-27,1000000.00,3.758976,102.2107375
10:14:13,91282CLD1,TSRYS5850288,D,B,C,2024-08-27,2000000.00,3.758976,102.2107375
10:14:13,91282CLD1,TSRYS5850288,D,B,C,2024-08-27,4000000.00,3.758976,102.2107375
10:14:13,91282CLD1,TSRYS5850288,D,B,C,2024-08-27,2000000.00,3.758976,102.2107375
10:14:13,91282CLD1,TSRYS5850288,D,S,C,2024-08-27,2000000.00,3.758914,102.2111125
10:14:13,91282CLD1,TSRYS5850288,D,S,C,2024-08-27,2000000.00,3.758918,102.2110875
10:14:13,91282CLD1,TSRYS5850288,D,S,C,2024-08-27,4000000.00,3.758902,102.2111875
10:14:13,91282CLD1,TSRYS5850288,D,S,D,2024-08-27,1000000.00,3.758918,102.2110875
10:14:20,91282CLD1,TSRYS5850288,D,B,C,2024-08-27,7300000.00,3.755117,102.234375
10:14:24,91282CLD1,TSRYS5850288,D,S,D,2024-08-27,1000000.00,3.759262,102.208984375
10:14:25,91282CLD1,TSRYS5850288,D,S,D,2024-08-27,1000000.00,3.759262,102.208984375
10:14:26,91282CLD1,TSRYS5850288,D,S,D,2024-08-27,1000000.00,3.759262,102.208984375
10:14:27,91282CLD1,TSRYS5850288,D,S,D,2024-08-27,1000000.00,3.759262,102.208984375
10:14:28,91282CLD1,TSRYS5850288,D,S,D,2024-08-27,1000000.00,3.759581,102.20703125
10:14:29,91282CLD1,TSRYS5850288,D,S,D,2024-08-27,1000000.00,3.759581,102.20703125
10:14:31,91282CLD1,TSRYS5850288,D,S,D,2024-08-27,230000.00,3.759262,102.208984375
10:14:31,91282CLD1,TSRYS5850288,D,S,D,2024-08-27,1000000.00,3.757667,102.21875
10:14:31,91282CLD1,TSRYS5850288,D,S,D,2024-08-27,1000000.00,3.757667,102.21875
10:14:31,91282CLD1,TSRYS5850288,D,S,D,2024-08-27,1000000.00,3.757667,102.21875
10:14:31,91282CLD1,TSRYS5850288,D,S,D,2024-08-27,2000000.00,3.757667,102.21875
10:14:31,91282CLD1,TSRYS5850288,D,B,C,2024-08-27,1000000.00,3.757667,102.21875
10:14:31,91282CLD1,TSRYS5850288,D,S,D,2024-08-27,1000000.00,3.757667,102.21875
10:14:32,91282CLD1,TSRYS5850288,D,B,C,2024-08-27,1000000.00,3.757667,102.21875
10:14:32,91282CLD1,TSRYS5850288,D,B,C,2024-08-27,1000000.00,3.7577,102.21855
10:14:32,91282CLD1,TSRYS5850288,D,S,D,2024-08-27,1000000.00,3.757667,102.21875
10:14:35,91282CLD1,TSRYS5850288,D,S,D,2024-08-27,230000.00,3.759581,102.20703125
10:14:37,91282CLD1,TSRYS5850288,D,S,T,2024-08-27,2000000.00,3.760219,102.203125
10:14:37,91282CLD1,TSRYS5850288,D,S,T,2024-08-27,1000000.00,3.760219,102.203125
10:14:37,91282CLD1,TSRYS5850288,D,S,T,2024-08-27,1000000.00,3.760219,102.203125
10:14:37,91282CLD1,TSRYS5850288,D,S,T,2024-08-27,1000000.00,3.760219,102.203125
10:14:42,91282CLD1,TSRYS5850288,D,S,T,2024-08-27,2000000.00,3.757667,102.21875
10:14:42,91282CLD1,TSRYS5850288,D,S,D,2024-08-27,2000000.00,3.760219,102.203125
10:14:44,91282CLD1,TSRYS5850288,D,S,D,2024-08-27,1000000.00,3.757667,102.21875
10:14:45,91282CLD1,TSRYS5850288,D,S,C,2024-08-27,1000000.00,3.760537,102.201171875
10:14:45,91282CLD1,TSRYS5850288,D,S,D,2024-08-27,1000000.00,3.760537,102.201171875
10:14:46,91282CLD1,TSRYS5850288,D,B,C,2024-08-27,2000000.00,3.76057,102.200971875
10:14:56,91282CLD1,TSRYS5850288,D,S,T,2024-08-27,1000000.00,3.760219,102.203125
10:15:12,91282CLD1,TSRYS5850288,D,S,C,2024-08-27,1000000.00,3.759581,102.20703125
10:15:13,91282CLD1,TSRYS5850288,D,S,C,2024-08-27,1000000.00,3.759581,102.20703125
10:15:13,91282CLD1,TSRYS5850288,D,B,C,2024-08-27,2000000.00,3.759613,102.20683125
10:15:13,91282CLD1,TSRYS5850288,D,S,C,2024-08-27,1000000.00,3.760219,102.203125
10:15:13,91282CLD1,TSRYS5850288,D,S,D,2024-08-27,1000000.00,3.760219,102.203125
10:15:13,91282CLD1,TSRYS5850288,D,S,C,2024-08-27,1000000.00,3.760178,102.203375
10:15:20,91282CLD1,TSRYS5850288,D,S,T,2024-08-27,1000000.00,3.758943,102.2109375
10:15:23,91282CLD1,TSRYS5850288,D,S,T,2024-08-27,1000000.00,3.760219,102.203125
10:15:29,91282CLD1,TSRYS5850288,D,S,D,2024-08-27,1000000.00,3.760219,102.203125
10:15:35,91282CLD1,TSRYS5850288,D,B,C,2024-08-27,1000000.00,3.7599,102.205078125
10:15:35,91282CLD1,TSRYS5850288,D,S,D,2024-08-27,1000000.00,3.7599,102.205078125
10:15:36,91282CLD1,TSRYS5850288,D,S,T,2024-08-27,1000000.00,3.760219,102.203125
10:15:39,91282CLD1,TSRYS5850288,D,S,T,2024-08-27,1000000.00,3.760856,102.19921875
10:15:39,91282CLD1,TSRYS5850288,D,S,T,2024-08-27,3000000.00,3.760856,102.19921875
10:15:41,91282CLD1,TSRYS5850288,D,S,C,2024-08-27,1000000.00,3.760537,102.201171875
10:15:42,91282CLD1,TSRYS5850288,D,B,C,2024-08-27,1000000.00,3.760537,102.201171875
10:15:42,91282CLD1,TSRYS5850288,D,S,D,2024-08-27,1000000.00,3.760537,102.201171875
10:15:42,91282CLD1,TSRYS5850288,D,S,C,2024-08-27,4000000.00,3.760824,102.19941875
10:15:44,91282CLD1,TSRYS5850288,D,S,D,2024-08-27,1000000.00,3.761175,102.197265625
10:15:44,91282CLD1,TSRYS5850288,D,S,D,2024-08-27,1000000.00,3.761175,102.197265625
10:15:44,91282CLD1,TSRYS5850288,D,S,C,2024-08-27,1000000.00,3.761159,102.197365625
10:15:44,91282CLD1,TSRYS5850288,D,S,T,2024-08-27,1000000.00,3.761494,102.1953125
10:15:44,91282CLD1,TSRYS5850288,D,B,C,2024-08-27,1000000.00,3.761208,102.197065625
10:15:44,91282CLD1,TSRYS5850288,D,S,D,2024-08-27,1000000.00,3.761175,102.197265625
10:15:45,91282CLD1,TSRYS5850288,D,S,D,2024-08-27,1000000.00,3.761175,102.197265625
10:15:45,91282CLD1,TSRYS5850288,D,B,C,2024-08-27,1000000.00,3.761175,102.197265625
10:15:46,91282CLD1,TSRYS5850288,D,B,C,2024-08-27,1000000.00,3.761175,102.197265625
10:15:51,91282CLD1,TSRYS5850288,D,S,C,2024-08-27,9500000.00,3.76277,102.1875
10:15:51,91282CLD1,TSRYS5850288,D,B,A,2024-08-27,9500000.00,3.76277,102.1875
10:15:58,91282CLD1,TSRYS5850288,D,B,C,2024-08-27,1000000.00,3.761175,102.19726562
10:16:02,91282CLD1,TSRYS5850288,D,S,D,2024-08-27,1000000.00,3.758943,102.2109375
10:16:02,91282CLD1,TSRYS5850288,D,S,C,2024-08-27,1000000.00,3.760219,102.203125
10:16:04,91282CLD1,TSRYS5850288,D,S,T,2024-08-27,1000000.00,3.760219,102.203125
10:16:06,91282CLD1,TSRYS5850288,D,B,C,2024-08-27,13000.00,3.760219,102.203125
10:16:11,91282CLD1,TSRYS5850288,D,B,C,2024-08-27,1000000.00,3.761175,102.19726562
10:16:12,91282CLD1,TSRYS5850288,D,B,C,2024-08-27,1000000.00,3.761175,102.19726562
10:16:17,91282CLD1,TSRYS5850288,D,S,D,2024-08-27,1000000.00,3.761494,102.1953125
10:16:23,91282CLD1,TSRYS5850288,D,S,T,2024-08-27,1000000.00,3.757667,102.21875
10:16:23,91282CLD1,TSRYS5850288,D,S,T,2024-08-27,1000000.00,3.757667,102.21875
10:16:27,91282CLD1,TSRYS5850288,D,S,T,2024-08-27,1000000.00,3.757667,102.21875
10:16:27,91282CLD1,TSRYS5850288,D,S,T,2024-08-27,1000000.00,3.757667,102.21875
10:16:27,91282CLD1,TSRYS5850288,D,S,T,2024-08-27,1000000.00,3.757667,102.21875
10:16:27,91282CLD1,TSRYS5850288,D,S,T,2024-08-27,1000000.00,3.757667,102.21875
10:16:28,91282CLD1,TSRYS5850288,D,S,D,2024-08-27,1000000.00,3.757667,102.21875
10:16:28,91282CLD1,TSRYS5850288,D,S,D,2024-08-27,1000000.00,3.757667,102.21875
10:16:28,91282CLD1,TSRYS5850288,D,S,D,2024-08-27,1000000.00,3.757667,102.21875
10:16:28,91282CLD1,TSRYS5850288,D,S,D,2024-08-27,1000000.00,3.757667,102.21875
10:16:28,91282CLD1,TSRYS5850288,D,S,D,2024-08-27,1000000.00,3.757667,102.21875
10:16:28,91282CLD1,TSRYS5850288,D,S,D,2024-08-27,1000000.00,3.757667,102.21875
10:16:29,91282CLD1,TSRYS5850288,D,S,D,2024-08-27,1000000.00,3.760219,102.203125
10:16:38,91282CLD1,TSRYS5850288,D,S,T,2024-08-27,1000000.00,3.757667,102.21875
10:16:38,91282CLD1,TSRYS5850288,D,S,T,2024-08-27,1000000.00,3.757667,102.21875
10:16:41,91282CLD1,TSRYS5850288,D,S,C,2024-08-27,407000.00,3.757667,102.21875
10:16:44,91282CLD1,TSRYS5850288,D,S,D,2024-08-27,1000000.00,3.760219,102.203125
10:16:59,91282CLD1,TSRYS5850288,D,B,C,2024-08-27,1000000.00,3.760251,102.202925
10:16:59,91282CLD1,TSRYS5850288,D,S,D,2024-08-27,1000000.00,3.760219,102.203125
10:16:59,91282CLD1,TSRYS5850288,D,S,D,2024-08-27,1000000.00,3.757667,102.21875
10:17:00,91282CLD1,TSRYS5850288,D,S,D,2024-08-27,1000000.00,3.757667,102.21875
10:17:00,91282CLD1,TSRYS5850288,D,B,C,2024-08-27,1000000.00,3.757708,102.2185
10:17:14,91282CLD1,TSRYS5850288,D,S,D,2024-08-27,1000000.00,3.757667,102.21875
10:17:14,91282CLD1,TSRYS5850288,D,S,C,2024-08-27,1000000.00,3.757667,102.21875
10:17:14,91282CLD1,TSRYS5850288,D,B,C,2024-08-27,1000000.00,3.757708,102.2185
10:17:15,91282CLD1,TSRYS5850288,D,S,C,2024-08-27,1000000.00,3.757667,102.21875
10:17:15,91282CLD1,TSRYS5850288,D,S,C,2024-08-27,1000000.00,3.757627,102.219
10:17:15,91282CLD1,TSRYS5850288,D,S,D,2024-08-27,1000000.00,3.757667,102.21875
10:17:15,91282CLD1,TSRYS5850288,D,S,D,2024-08-27,1000000.00,3.757667,102.21875
10:17:15,91282CLD1,TSRYS5850288,D,S,D,2024-08-27,1000000.00,3.757667,102.21875
10:17:15,91282CLD1,TSRYS5850288,D,S,D,2024-08-27,1000000.00,3.757667,102.21875
10:17:39,91282CLD1,TSRYS5850288,D,S,C,2024-08-27,900000.00,3.757667,102.21875
10:18:01,91282CLD1,TSRYS5850288,D,S,D,2024-08-27,2000000.00,3.75703,102.22265625
10:18:11,91282CLD1,TSRYS5850288,D,B,C,2024-08-27,45000000.00,3.75703,102.22265625
10:18:16,91282CLD1,TSRYS5850288,D,S,D,2024-08-27,2000000.00,3.758305,102.21484375
10:18:29,91282CLD1,TSRYS5850288,D,S,D,2024-08-27,1000000.00,3.759581,102.20703125
10:18:29,91282CLD1,TSRYS5850288,D,S,C,2024-08-27,1000000.00,3.759581,102.20703125
10:18:29,91282CLD1,TSRYS5850288,D,S,C,2024-08-27,1000000.00,3.759564,102.20713125
10:18:29,91282CLD1,TSRYS5850288,D,B,C,2024-08-27,1000000.00,3.756392,102.2265625
10:18:29,91282CLD1,TSRYS5850288,D,S,D,2024-08-27,1000000.00,3.756392,102.2265625
10:18:29,91282CLD1,TSRYS5850288,D,S,D,2024-08-27,1000000.00,3.756368,102.2267125
10:18:29,91282CLD1,TSRYS5850288,D,B,C,2024-08-27,1000000.00,3.756392,102.2265625
10:18:31,91282CLD1,TSRYS5850288,D,S,T,2024-08-27,1000000.00,3.759581,102.20703125
10:18:35,91282CLD1,TSRYS5850288,D,S,T,2024-08-27,1000000.00,3.758943,102.2109375
10:18:36,91282CLD1,TSRYS5850288,D,S,C,2024-08-27,1000000.00,3.758943,102.2109375
10:18:37,91282CLD1,TSRYS5850288,D,S,D,2024-08-27,1821000.00,3.758708,102.21237884692
10:18:46,91282CLD1,TSRYS5850288,D,S,T,2024-08-27,1000000.00,3.758305,102.21484375
10:18:46,91282CLD1,TSRYS5850288,D,S,C,2024-08-27,1000000.00,3.758289,102.21494375
10:18:57,91282CLD1,TSRYS5850288,D,S,C,2024-08-27,1000000.00,3.758289,102.21494375
10:18:57,91282CLD1,TSRYS5850288,D,B,C,2024-08-27,1000000.00,3.758338,102.21464375
10:18:59,91282CLD1,TSRYS5850288,D,S,T,2024-08-27,1000000.00,3.758943,102.2109375
10:19:04,91282CLD1,TSRYS5850288,D,S,T,2024-08-27,1000000.00,3.758305,102.21484375
10:19:05,91282CLD1,TSRYS5850288,D,S,C,2024-08-27,1000000.00,3.758289,102.21494375
10:19:14,91282CLD1,TSRYS5850288,D,S,D,2024-08-27,1000000.00,3.757667,102.21875
10:19:15,91282CLD1,TSRYS5850288,D,S,T,2024-08-27,1000000.00,3.757667,102.21875
10:19:16,91282CLD1,TSRYS5850288,D,S,T,2024-08-27,1000000.00,3.757667,102.21875
10:19:16,91282CLD1,TSRYS5850288,D,S,C,2024-08-27,1000000.00,3.758943,102.2109375
10:19:19,91282CLD1,TSRYS5850288,D,S,T,2024-08-27,1000000.00,3.758992,102.2106375
10:19:19,91282CLD1,TSRYS5850288,D,S,D,2024-08-27,1000000.00,3.757667,102.21875
10:19:37,91282CLD1,TSRYS5850288,D,S,D,2024-08-27,1000000.00,3.757349,102.220703125
10:19:37,91282CLD1,TSRYS5850288,D,S,C,2024-08-27,1000000.00,3.757349,102.220703125
10:19:46,91282CLD1,TSRYS5850288,D,S,D,2024-08-27,1000000.00,3.758943,102.2109375
10:19:49,91282CLD1,TSRYS5850288,D,S,T,2024-08-27,1000000.00,3.758305,102.21484375
10:19:49,91282CLD1,TSRYS5850288,D,S,T,2024-08-27,1000000.00,3.758305,102.21484375
10:19:50,91282CLD1,TSRYS5850288,D,S,C,2024-08-27,1000000.00,3.758289,102.21494375
10:19:50,91282CLD1,TSRYS5850288,D,S,C,2024-08-27,1000000.00,3.758289,102.21494375
10:20:09,91282CLD1,TSRYS5850288,D,S,T,2024-08-27,1000000.00,3.757667,102.21875
10:20:37,91282CLD1,TSRYS5850288,D,B,A,2024-08-27,8150000.00,3.757095,102.22225625
10:20:39,91282CLD1,TSRYS5850288,D,S,D,2024-08-27,150000000.00,3.762014,102.19213
10:21:00,91282CLD1,TSRYS5850288,D,S,C,2024-08-27,1000000.00,3.757635,102.21895
10:21:00,91282CLD1,TSRYS5850288,D,B,C,2024-08-27,1000000.00,3.757667,102.21875
10:21:00,91282CLD1,TSRYS5850288,D,B,C,2024-08-27,1000000.00,3.757667,102.21875
10:21:00,91282CLD1,TSRYS5850288,D,S,C,2024-08-27,1000000.00,3.757635,102.21895
10:21:00,91282CLD1,TSRYS5850288,D,S,C,2024-08-27,1000000.00,3.757635,102.21895
10:21:31,91282CLD1,TSRYS5850288,D,S,T,2024-08-27,1000000.00,3.756711,102.224609375
10:21:32,91282CLD1,TSRYS5850288,D,S,T,2024-08-27,1000000.00,3.756711,102.224609375
10:21:32,91282CLD1,TSRYS5850288,D,S,D,2024-08-27,1000000.00,3.756711,102.224609375
10:21:32,91282CLD1,TSRYS5850288,D,S,D,2024-08-27,1000000.00,3.756711,102.224609375
10:21:32,91282CLD1,TSRYS5850288,D,S,D,2024-08-27,1000000.00,3.756711,102.224609375
10:21:32,91282CLD1,TSRYS5850288,D,B,C,2024-08-27,1000000.00,3.756711,102.224609375
10:21:32,91282CLD1,TSRYS5850288,D,S,D,2024-08-27,1000000.00,3.756711,102.224609375
10:21:32,91282CLD1,TSRYS5850288,D,B,C,2024-08-27,1000000.00,3.756711,102.224609375
10:21:32,91282CLD1,TSRYS5850288,D,S,D,2024-08-27,1000000.00,3.756711,102.224609375
10:21:33,91282CLD1,TSRYS5850288,D,S,T,2024-08-27,1000000.00,3.756711,102.224609375
10:21:33,91282CLD1,TSRYS5850288,D,B,C,2024-08-27,1000000.00,3.756711,102.224609375
10:21:33,91282CLD1,TSRYS5850288,D,S,T,2024-08-27,1000000.00,3.756711,102.224609375
10:21:33,91282CLD1,TSRYS5850288,D,S,D,2024-08-27,1000000.00,3.756711,102.224609375
10:21:33,91282CLD1,TSRYS5850288,D,B,C,2024-08-27,1000000.00,3.756711,102.224609375
10:21:33,91282CLD1,TSRYS5850288,D,S,D,2024-08-27,1000000.00,3.756711,102.224609375
10:21:33,91282CLD1,TSRYS5850288,D,B,C,2024-08-27,1000000.00,3.756711,102.224609375
10:21:33,91282CLD1,TSRYS5850288,D,S,D,2024-08-27,1000000.00,3.756711,102.224609375
10:21:33,91282CLD1,TSRYS5850288,D,B,C,2024-08-27,1000000.00,3.756711,102.224609375
10:21:33,91282CLD1,TSRYS5850288,D,S,D,2024-08-27,1000000.00,3.756711,102.224609375
10:21:33,91282CLD1,TSRYS5850288,D,B,C,2024-08-27,1000000.00,3.756711,102.224609375
10:21:34,91282CLD1,TSRYS5850288,D,S,D,2024-08-27,1000000.00,3.756711,102.224609375
10:21:34,91282CLD1,TSRYS5850288,D,B,C,2024-08-27,1000000.00,3.756711,102.224609375
10:21:34,91282CLD1,TSRYS5850288,D,S,D,2024-08-27,1000000.00,3.756711,102.224609375
10:21:34,91282CLD1,TSRYS5850288,D,B,C,2024-08-27,1000000.00,3.756711,102.224609375
10:21:34,91282CLD1,TSRYS5850288,D,S,D,2024-08-27,1000000.00,3.756711,102.224609375
10:21:34,91282CLD1,TSRYS5850288,D,B,C,2024-08-27,1000000.00,3.756711,102.224609375
10:21:34,91282CLD1,TSRYS5850288,D,S,D,2024-08-27,1000000.00,3.756711,102.224609375
10:21:34,91282CLD1,TSRYS5850288,D,S,D,2024-08-27,1000000.00,3.756711,102.224609375
10:21:35,91282CLD1,TSRYS5850288,D,S,T,2024-08-27,1000000.00,3.756711,102.224609375
10:21:35,91282CLD1,TSRYS5850288,D,S,T,2024-08-27,1000000.00,3.756711,102.224609375
10:21:35,91282CLD1,TSRYS5850288,D,S,T,2024-08-27,1000000.00,3.756711,102.224609375
10:21:35,91282CLD1,TSRYS5850288,D,S,T,2024-08-27,1000000.00,3.756711,102.224609375
10:21:35,91282CLD1,TSRYS5850288,D,S,T,2024-08-27,1000000.00,3.756711,102.224609375
10:21:35,91282CLD1,TSRYS5850288,D,S,T,2024-08-27,1000000.00,3.756711,102.224609375
10:21:35,91282CLD1,TSRYS5850288,D,S,T,2024-08-27,1000000.00,3.756711,102.224609375
10:21:35,91282CLD1,TSRYS5850288,D,S,T,2024-08-27,1000000.00,3.756711,102.224609375
10:21:35,91282CLD1,TSRYS5850288,D,S,D,2024-08-27,1000000.00,3.756711,102.224609375
10:21:36,91282CLD1,TSRYS5850288,D,S,D,2024-08-27,1000000.00,3.756711,102.224609375
10:21:36,91282CLD1,TSRYS5850288,D,B,C,2024-08-27,1000000.00,3.756711,102.224609375
10:21:36,91282CLD1,TSRYS5850288,D,S,D,2024-08-27,1000000.00,3.756711,102.224609375
10:21:36,91282CLD1,TSRYS5850288,D,B,C,2024-08-27,1000000.00,3.756711,102.224609375
10:21:36,91282CLD1,TSRYS5850288,D,S,D,2024-08-27,1000000.00,3.756711,102.224609375
10:21:36,91282CLD1,TSRYS5850288,D,B,C,2024-08-27,1000000.00,3.756711,102.224609375
10:21:36,91282CLD1,TSRYS5850288,D,S,D,2024-08-27,1000000.00,3.756711,102.224609375
10:21:37,91282CLD1,TSRYS5850288,D,S,D,2024-08-27,1000000.00,3.756711,102.224609375
10:21:37,91282CLD1,TSRYS5850288,D,S,D,2024-08-27,1000000.00,3.756711,102.224609375
10:21:37,91282CLD1,TSRYS5850288,D,S,D,2024-08-27,1000000.00,3.756711,102.224609375
10:21:37,91282CLD1,TSRYS5850288,D,S,D,2024-08-27,1000000.00,3.756711,102.224609375
10:21:38,91282CLD1,TSRYS5850288,D,S,D,2024-08-27,1000000.00,3.756711,102.224609375
10:21:38,91282CLD1,TSRYS5850288,D,S,D,2024-08-27,1000000.00,3.756711,102.224609375
10:21:44,91282CLD1,TSRYS5850288,D,B,C,2024-08-27,9500000.00,3.76277,102.1875
10:21:56,91282CLD1,TSRYS5850288,D,S,D,2024-08-27,3000000.00,3.756392,102.2265625
10:21:58,91282CLD1,TSRYS5850288,D,S,D,2024-08-27,2000000.00,3.756392,102.2265625
10:22:03,91282CLD1,TSRYS5850288,D,S,C,2024-08-27,1000000.00,3.755722,102.23066875
10:22:03,91282CLD1,TSRYS5850288,D,S,C,2024-08-27,1000000.00,3.755754,102.23046875
10:22:07,91282CLD1,TSRYS5850288,D,S,D,2024-08-27,1000000.00,3.752885,102.248046875
10:22:07,91282CLD1,TSRYS5850288,D,B,C,2024-08-27,1000000.00,3.752885,102.248046875
10:22:08,91282CLD1,TSRYS5850288,D,S,T,2024-08-27,1000000.00,3.755754,102.23046875
10:22:08,91282CLD1,TSRYS5850288,D,S,T,2024-08-27,1000000.00,3.755754,102.23046875
10:22:08,91282CLD1,TSRYS5850288,D,S,D,2024-08-27,3000000.00,3.753204,102.24609375
10:22:08,91282CLD1,TSRYS5850288,D,S,T,2024-08-27,1000000.00,3.753842,102.2421875
10:22:08,91282CLD1,TSRYS5850288,D,S,C,2024-08-27,1000000.00,3.752885,102.248046875
10:22:08,91282CLD1,TSRYS5850288,D,S,C,2024-08-27,1000000.00,3.753204,102.24609375
10:22:08,91282CLD1,TSRYS5850288,D,B,C,2024-08-27,1000000.00,3.753204,102.24609375
10:22:13,91282CLD1,TSRYS5850288,D,S,T,2024-08-27,3000000.00,3.756392,102.2265625
10:22:13,91282CLD1,TSRYS5850288,D,S,T,2024-08-27,2000000.00,3.753204,102.24609375
10:22:13,91282CLD1,TSRYS5850288,D,S,T,2024-08-27,1000000.00,3.753204,102.24609375
10:22:19,91282CLD1,TSRYS5850288,D,B,A,2024-08-27,8150000.00,3.753269,102.24569375
10:22:33,91282CLD1,TSRYS5850288,D,S,T,2024-08-27,1000000.00,3.753842,102.2421875
10:22:33,91282CLD1,TSRYS5850288,D,S,T,2024-08-27,1000000.00,3.753842,102.2421875
10:22:35,91282CLD1,TSRYS5850288,D,S,T,2024-08-27,1000000.00,3.753842,102.2421875
10:22:35,91282CLD1,TSRYS5850288,D,S,T,2024-08-27,1000000.00,3.753842,102.2421875
10:22:35,91282CLD1,TSRYS5850288,D,S,T,2024-08-27,1000000.00,3.753842,102.2421875
10:22:47,91282CLD1,TSRYS5850288,D,S,D,2024-08-27,1000000.00,3.753204,102.24609375
10:22:48,91282CLD1,TSRYS5850288,D,S,C,2024-08-27,1000000.00,3.753204,102.24609375
10:22:49,91282CLD1,TSRYS5850288,D,B,C,2024-08-27,1000000.00,3.756425,102.2263625
10:22:49,91282CLD1,TSRYS5850288,D,S,D,2024-08-27,1000000.00,3.756392,102.2265625
10:22:49,91282CLD1,TSRYS5850288,D,S,D,2024-08-27,1000000.00,3.753842,102.2421875
10:22:50,91282CLD1,TSRYS5850288,D,S,T,2024-08-27,1000000.00,3.753842,102.2421875
10:22:52,91282CLD1,TSRYS5850288,D,S,D,2024-08-27,1000000.00,3.753204,102.24609375
10:22:52,91282CLD1,TSRYS5850288,D,S,C,2024-08-27,1000000.00,3.753204,102.24609375
10:23:04,91282CLD1,TSRYS5850288,D,S,T,2024-08-27,1000000.00,3.752566,102.25
10:23:04,91282CLD1,TSRYS5850288,D,S,T,2024-08-27,1000000.00,3.752566,102.25
10:23:04,91282CLD1,TSRYS5850288,D,S,T,2024-08-27,1000000.00,3.752566,102.25
10:23:05,91282CLD1,TSRYS5850288,D,S,T,2024-08-27,1000000.00,3.752248,102.251953125
10:23:09,91282CLD1,TSRYS5850288,D,S,T,2024-08-27,5000000.00,3.752566,102.25
10:23:09,91282CLD1,TSRYS5850288,D,S,T,2024-08-27,1000000.00,3.752566,102.25
10:23:09,91282CLD1,TSRYS5850288,D,S,D,2024-08-27,1000000.00,3.752248,102.251953125
10:23:09,91282CLD1,TSRYS5850288,D,S,T,2024-08-27,2000000.00,3.752566,102.25
10:23:31,91282CLD1,TSRYS5850288,D,B,C,2024-08-27,147600000.00,3.8344,101.75
10:23:34,91282CLD1,TSRYS5850288,D,S,D,2024-08-27,1000000.00,3.753842,102.2421875
10:23:34,91282CLD1,TSRYS5850288,D,S,D,2024-08-27,1000000.00,3.753842,102.2421875
10:23:34,91282CLD1,TSRYS5850288,D,S,C,2024-08-27,1000000.00,3.753813,102.2423625
10:23:34,91282CLD1,TSRYS5850288,D,S,C,2024-08-27,1000000.00,3.753813,102.2423625
10:23:34,91282CLD1,TSRYS5850288,D,S,C,2024-08-27,1000000.00,3.753813,102.2423625
10:23:34,91282CLD1,TSRYS5850288,D,S,D,2024-08-27,1000000.00,3.753842,102.2421875
10:23:34,91282CLD1,TSRYS5850288,D,B,C,2024-08-27,1000000.00,3.753874,102.2419875
10:23:34,91282CLD1,TSRYS5850288,D,S,D,2024-08-27,1000000.00,3.753842,102.2421875
10:23:37,91282CLD1,TSRYS5850288,D,S,T,2024-08-27,1000000.00,3.751292,102.2578125
10:23:37,91282CLD1,TSRYS5850288,D,S,T,2024-08-27,3000000.00,3.751292,102.2578125
10:23:37,91282CLD1,TSRYS5850288,D,S,T,2024-08-27,1000000.00,3.751292,102.2578125
10:23:37,91282CLD1,TSRYS5850288,D,S,T,2024-08-27,1000000.00,3.751292,102.2578125
10:23:37,91282CLD1,TSRYS5850288,D,S,D,2024-08-27,1000000.00,3.751292,102.2578125
10:23:37,91282CLD1,TSRYS5850288,D,S,D,2024-08-27,1000000.00,3.750973,102.259765625
10:23:38,91282CLD1,TSRYS5850288,D,S,C,2024-08-27,1000000.00,3.750973,102.259765625
10:23:38,91282CLD1,TSRYS5850288,D,S,C,2024-08-27,1000000.00,3.751292,102.2578125
10:23:39,91282CLD1,TSRYS5850288,D,S,C,2024-08-27,1000000.00,3.75094,102.259965625
10:23:40,91282CLD1,TSRYS5850288,D,S,C,2024-08-27,1000000.00,3.750973,102.259765625
10:23:40,91282CLD1,TSRYS5850288,D,S,C,2024-08-27,1000000.00,3.751292,102.2578125
10:23:42,91282CLD1,TSRYS5850288,D,S,C,2024-08-27,1000000.00,3.750973,102.259765625
10:23:42,91282CLD1,TSRYS5850288,D,S,T,2024-08-27,3000000.00,3.752566,102.25
10:23:42,91282CLD1,TSRYS5850288,D,S,T,2024-08-27,1000000.00,3.752566,102.25
10:23:42,91282CLD1,TSRYS5850288,D,S,T,2024-08-27,1000000.00,3.750973,102.259765625
10:23:42,91282CLD1,TSRYS5850288,D,S,T,2024-08-27,1000000.00,3.750973,102.259765625
10:23:42,91282CLD1,TSRYS5850288,D,S,T,2024-08-27,1000000.00,3.751292,102.2578125
10:23:42,91282CLD1,TSRYS5850288,D,S,T,2024-08-27,1000000.00,3.751292,102.2578125
10:23:42,91282CLD1,TSRYS5850288,D,S,T,2024-08-27,1000000.00,3.751292,102.2578125
10:23:42,91282CLD1,TSRYS5850288,D,S,T,2024-08-27,1000000.00,3.751292,102.2578125
10:23:43,91282CLD1,TSRYS5850288,D,S,T,2024-08-27,1000000.00,3.752566,102.25
10:23:44,91282CLD1,TSRYS5850288,D,S,T,2024-08-27,1000000.00,3.752566,102.25
10:23:44,91282CLD1,TSRYS5850288,D,S,T,2024-08-27,1000000.00,3.752566,102.25
10:23:44,91282CLD1,TSRYS5850288,D,S,T,2024-08-27,1000000.00,3.752566,102.25
10:23:44,91282CLD1,TSRYS5850288,D,S,T,2024-08-27,1000000.00,3.752566,102.25
10:23:45,91282CLD1,TSRYS5850288,D,S,D,2024-08-27,2000000.00,3.752566,102.25
10:23:48,91282CLD1,TSRYS5850288,D,S,C,2024-08-27,300000.00,3.747467,102.28125
10:23:49,91282CLD1,TSRYS5850288,D,S,D,2024-08-27,5000000.00,3.752566,102.25
10:23:52,91282CLD1,TSRYS5850288,D,S,D,2024-08-27,1000000.00,3.752885,102.248046875
10:23:52,91282CLD1,TSRYS5850288,D,S,C,2024-08-27,1000000.00,3.752885,102.248046875
10:23:57,91282CLD1,TSRYS5850288,D,S,C,2024-08-27,1000000.00,3.750973,102.25976562
10:23:57,91282CLD1,TSRYS5850288,D,S,C,2024-08-27,1000000.00,3.750973,102.25976562
10:24:01,91282CLD1,TSRYS5850288,D,S,D,2024-08-27,1000000.00,3.752566,102.25
10:24:02,91282CLD1,TSRYS5850288,D,S,T,2024-08-27,1000000.00,3.752566,102.25
10:24:02,91282CLD1,TSRYS5850288,D,S,D,2024-08-27,2000000.00,3.752566,102.25
10:24:02,91282CLD1,TSRYS5850288,D,S,D,2024-08-27,1000000.00,3.752566,102.25
10:24:02,91282CLD1,TSRYS5850288,D,B,C,2024-08-27,2000000.00,3.752591,102.24985
10:24:02,91282CLD1,TSRYS5850288,D,S,T,2024-08-27,1000000.00,3.752566,102.25
10:24:02,91282CLD1,TSRYS5850288,D,S,T,2024-08-27,1000000.00,3.750973,102.25976562
10:24:03,91282CLD1,TSRYS5850288,D,S,D,2024-08-27,300000.00,3.747467,102.28125
10:24:15,91282CLD1,TSRYS5850288,D,S,D,2024-08-27,1000000.00,3.753204,102.24609375
10:24:15,91282CLD1,TSRYS5850288,D,S,C,2024-08-27,1000000.00,3.753204,102.24609375
10:24:16,91282CLD1,TSRYS5850288,D,S,D,2024-08-27,1000000.00,3.752566,102.25
10:24:16,91282CLD1,TSRYS5850288,D,S,D,2024-08-27,1000000.00,3.752566,102.25
10:24:16,91282CLD1,TSRYS5850288,D,S,D,2024-08-27,1000000.00,3.752566,102.25
10:24:16,91282CLD1,TSRYS5850288,D,S,D,2024-08-27,2000000.00,3.752566,102.25
10:24:16,91282CLD1,TSRYS5850288,D,B,C,2024-08-27,1000000.00,3.752566,102.25
10:24:16,91282CLD1,TSRYS5850288,D,B,C,2024-08-27,1000000.00,3.752566,102.25
10:24:16,91282CLD1,TSRYS5850288,D,S,D,2024-08-27,1000000.00,3.752566,102.25
10:24:16,91282CLD1,TSRYS5850288,D,S,D,2024-08-27,1000000.00,3.751292,102.2578125
10:24:16,91282CLD1,TSRYS5850288,D,S,C,2024-08-27,1000000.00,3.751292,102.2578125
10:24:16,91282CLD1,TSRYS5850288,D,S,C,2024-08-27,1000000.00,3.751292,102.2578125
10:24:17,91282CLD1,TSRYS5850288,D,S,D,2024-08-27,1000000.00,3.751292,102.2578125
10:24:17,91282CLD1,TSRYS5850288,D,S,D,2024-08-27,1000000.00,3.751292,102.2578125
10:24:17,91282CLD1,TSRYS5850288,D,B,C,2024-08-27,1000000.00,3.751292,102.2578125
10:24:17,91282CLD1,TSRYS5850288,D,S,D,2024-08-27,1000000.00,3.753523,102.244140625
10:24:17,91282CLD1,TSRYS5850288,D,S,T,2024-08-27,1000000.00,3.753523,102.244140625
10:24:17,91282CLD1,TSRYS5850288,D,S,D,2024-08-27,1000000.00,3.753523,102.244140625
10:24:17,91282CLD1,TSRYS5850288,D,S,T,2024-08-27,1000000.00,3.753523,102.244140625
10:24:17,91282CLD1,TSRYS5850288,D,S,C,2024-08-27,1000000.00,3.753523,102.244140625
10:24:17,91282CLD1,TSRYS5850288,D,S,T,2024-08-27,3000000.00,3.753842,102.2421875
10:24:17,91282CLD1,TSRYS5850288,D,S,T,2024-08-27,1000000.00,3.753523,102.244140625
10:24:17,91282CLD1,TSRYS5850288,D,S,T,2024-08-27,1000000.00,3.753523,102.244140625
10:24:17,91282CLD1,TSRYS5850288,D,S,T,2024-08-27,1000000.00,3.753842,102.2421875
10:24:17,91282CLD1,TSRYS5850288,D,S,T,2024-08-27,1000000.00,3.753842,102.2421875
10:24:17,91282CLD1,TSRYS5850288,D,S,T,2024-08-27,1000000.00,3.753842,102.2421875
10:24:18,91282CLD1,TSRYS5850288,D,S,D,2024-08-27,1000000.00,3.753523,102.244140625
10:24:18,91282CLD1,TSRYS5850288,D,S,T,2024-08-27,2000000.00,3.753842,102.2421875
10:24:18,91282CLD1,TSRYS5850288,D,S,T,2024-08-27,1000000.00,3.753842,102.2421875
10:24:18,91282CLD1,TSRYS5850288,D,S,D,2024-08-27,1000000.00,3.753842,102.2421875
10:24:18,91282CLD1,TSRYS5850288,D,S,D,2024-08-27,1000000.00,3.753523,102.244140625
10:24:18,91282CLD1,TSRYS5850288,D,S,D,2024-08-27,1000000.00,3.753523,102.244140625
10:24:18,91282CLD1,TSRYS5850288,D,S,T,2024-08-27,1000000.00,3.753523,102.244140625
10:24:18,91282CLD1,TSRYS5850288,D,S,T,2024-08-27,1000000.00,3.753523,102.244140625
10:24:18,91282CLD1,TSRYS5850288,D,S,D,2024-08-27,1000000.00,3.753842,102.2421875
10:24:18,91282CLD1,TSRYS5850288,D,S,D,2024-08-27,1000000.00,3.753842,102.2421875
10:24:18,91282CLD1,TSRYS5850288,D,S,T,2024-08-27,1000000.00,3.753523,102.244140625
10:24:18,91282CLD1,TSRYS5850288,D,S,T,2024-08-27,1000000.00,3.753523,102.244140625
10:24:18,91282CLD1,TSRYS5850288,D,S,T,2024-08-27,1000000.00,3.753523,102.244140625
10:24:18,91282CLD1,TSRYS5850288,D,S,T,2024-08-27,1000000.00,3.753523,102.244140625
10:24:18,91282CLD1,TSRYS5850288,D,S,D,2024-08-27,1000000.00,3.753523,102.244140625
10:24:18,91282CLD1,TSRYS5850288,D,S,T,2024-08-27,1000000.00,3.753523,102.244140625
10:24:18,91282CLD1,TSRYS5850288,D,S,D,2024-08-27,1000000.00,3.753523,102.244140625
10:24:18,91282CLD1,TSRYS5850288,D,S,D,2024-08-27,1000000.00,3.753842,102.2421875
10:24:18,91282CLD1,TSRYS5850288,D,S,D,2024-08-27,1000000.00,3.753523,102.244140625
10:24:18,91282CLD1,TSRYS5850288,D,S,T,2024-08-27,1000000.00,3.753523,102.244140625
10:24:18,91282CLD1,TSRYS5850288,D,S,D,2024-08-27,1000000.00,3.753842,102.2421875
10:24:19,91282CLD1,TSRYS5850288,D,S,D,2024-08-27,1000000.00,3.753842,102.2421875
10:24:19,91282CLD1,TSRYS5850288,D,S,D,2024-08-27,1000000.00,3.753842,102.2421875
10:24:19,91282CLD1,TSRYS5850288,D,S,D,2024-08-27,1000000.00,3.753842,102.2421875
10:24:19,91282CLD1,TSRYS5850288,D,S,D,2024-08-27,1000000.00,3.753842,102.2421875
10:24:20,91282CLD1,TSRYS5850288,D,S,C,2024-08-27,1000000.00,3.753204,102.24609375
10:24:22,91282CLD1,TSRYS5850288,D,S,D,2024-08-27,1000000.00,3.753842,102.2421875
10:24:22,91282CLD1,TSRYS5850288,D,S,D,2024-08-27,1000000.00,3.753842,102.2421875
10:24:22,91282CLD1,TSRYS5850288,D,S,D,2024-08-27,1000000.00,3.753842,102.2421875
10:24:22,91282CLD1,TSRYS5850288,D,S,D,2024-08-27,1000000.00,3.753523,102.244140625
10:24:22,91282CLD1,TSRYS5850288,D,S,D,2024-08-27,2000000.00,3.753842,102.2421875
10:24:22,91282CLD1,TSRYS5850288,D,S,D,2024-08-27,1000000.00,3.753842,102.2421875
10:24:22,91282CLD1,TSRYS5850288,D,S,D,2024-08-27,1000000.00,3.753842,102.2421875
10:24:22,91282CLD1,TSRYS5850288,D,S,D,2024-08-27,1000000.00,3.753842,102.2421875
10:24:22,91282CLD1,TSRYS5850288,D,S,D,2024-08-27,1000000.00,3.753842,102.2421875
10:24:22,91282CLD1,TSRYS5850288,D,S,D,2024-08-27,1000000.00,3.753842,102.2421875
10:24:22,91282CLD1,TSRYS5850288,D,S,D,2024-08-27,1000000.00,3.753842,102.2421875
10:24:23,91282CLD1,TSRYS5850288,D,S,D,2024-08-27,1000000.00,3.753842,102.2421875
10:24:23,91282CLD1,TSRYS5850288,D,S,D,2024-08-27,1000000.00,3.753842,102.2421875
10:24:23,91282CLD1,TSRYS5850288,D,S,D,2024-08-27,2000000.00,3.753842,102.2421875
10:24:23,91282CLD1,TSRYS5850288,D,S,D,2024-08-27,1000000.00,3.753842,102.2421875
10:24:23,91282CLD1,TSRYS5850288,D,S,T,2024-08-27,1000000.00,3.753523,102.244140625
10:24:23,91282CLD1,TSRYS5850288,D,S,D,2024-08-27,1000000.00,3.753842,102.2421875
10:24:23,91282CLD1,TSRYS5850288,D,S,T,2024-08-27,1000000.00,3.753523,102.244140625
10:24:23,91282CLD1,TSRYS5850288,D,S,C,2024-08-27,1000000.00,3.753842,102.2421875
10:24:23,91282CLD1,TSRYS5850288,D,S,C,2024-08-27,1000000.00,3.753842,102.2421875
10:24:23,91282CLD1,TSRYS5850288,D,S,D,2024-08-27,1000000.00,3.753523,102.244140625
10:24:23,91282CLD1,TSRYS5850288,D,S,D,2024-08-27,1000000.00,3.753523,102.244140625
10:24:23,91282CLD1,TSRYS5850288,D,S,D,2024-08-27,1000000.00,3.753523,102.244140625
10:24:23,91282CLD1,TSRYS5850288,D,S,D,2024-08-27,2000000.00,3.753842,102.2421875
10:24:23,91282CLD1,TSRYS5850288,D,S,D,2024-08-27,1000000.00,3.753842,102.2421875
10:24:23,91282CLD1,TSRYS5850288,D,S,D,2024-08-27,1000000.00,3.753523,102.244140625
10:24:23,91282CLD1,TSRYS5850288,D,S,D,2024-08-27,1000000.00,3.753842,102.2421875
10:24:23,91282CLD1,TSRYS5850288,D,S,D,2024-08-27,1000000.00,3.753842,102.2421875
10:24:24,91282CLD1,TSRYS5850288,D,S,D,2024-08-27,1000000.00,3.753842,102.2421875
10:24:24,91282CLD1,TSRYS5850288,D,S,D,2024-08-27,1000000.00,3.753523,102.244140625
10:24:24,91282CLD1,TSRYS5850288,D,S,D,2024-08-27,1000000.00,3.753523,102.244140625
10:24:24,91282CLD1,TSRYS5850288,D,S,T,2024-08-27,1000000.00,3.753523,102.244140625
10:24:24,91282CLD1,TSRYS5850288,D,S,D,2024-08-27,1000000.00,3.753523,102.244140625
10:24:24,91282CLD1,TSRYS5850288,D,S,D,2024-08-27,1000000.00,3.753523,102.244140625
10:24:24,91282CLD1,TSRYS5850288,D,S,D,2024-08-27,1000000.00,3.753523,102.244140625
10:24:24,91282CLD1,TSRYS5850288,D,S,D,2024-08-27,1000000.00,3.753523,102.244140625
10:24:24,91282CLD1,TSRYS5850288,D,S,D,2024-08-27,1000000.00,3.753523,102.244140625
10:24:24,91282CLD1,TSRYS5850288,D,S,D,2024-08-27,1000000.00,3.753523,102.244140625
10:24:24,91282CLD1,TSRYS5850288,D,S,D,2024-08-27,1000000.00,3.753523,102.244140625
10:24:24,91282CLD1,TSRYS5850288,D,S,D,2024-08-27,1000000.00,3.753523,102.244140625
10:24:24,91282CLD1,TSRYS5850288,D,S,D,2024-08-27,2000000.00,3.753842,102.2421875
10:24:24,91282CLD1,TSRYS5850288,D,S,D,2024-08-27,1000000.00,3.753842,102.2421875
10:24:27,91282CLD1,TSRYS5850288,D,S,T,2024-08-27,1000000.00,3.753523,102.244140625
10:24:27,91282CLD1,TSRYS5850288,D,S,T,2024-08-27,1000000.00,3.753523,102.244140625
10:24:27,91282CLD1,TSRYS5850288,D,S,D,2024-08-27,1000000.00,3.753523,102.244140625
10:24:28,91282CLD1,TSRYS5850288,D,S,D,2024-08-27,1000000.00,3.753523,102.244140625
10:24:28,91282CLD1,TSRYS5850288,D,S,D,2024-08-27,1000000.00,3.753523,102.244140625
10:24:28,91282CLD1,TSRYS5850288,D,S,D,2024-08-27,1000000.00,3.753842,102.2421875
10:24:28,91282CLD1,TSRYS5850288,D,S,D,2024-08-27,1000000.00,3.753842,102.2421875
10:24:28,91282CLD1,TSRYS5850288,D,S,D,2024-08-27,1000000.00,3.753842,102.2421875
10:24:28,91282CLD1,TSRYS5850288,D,S,D,2024-08-27,1000000.00,3.753842,102.2421875
10:24:28,91282CLD1,TSRYS5850288,D,S,C,2024-08-27,1000000.00,3.753842,102.2421875
10:24:29,91282CLD1,TSRYS5850288,D,S,D,2024-08-27,1000000.00,3.753523,102.244140625
10:24:29,91282CLD1,TSRYS5850288,D,S,C,2024-08-27,1000000.00,3.753204,102.24609375
10:24:29,91282CLD1,TSRYS5850288,D,S,C,2024-08-27,1000000.00,3.753204,102.24609375
10:24:29,91282CLD1,TSRYS5850288,D,S,C,2024-08-27,1000000.00,3.753204,102.24609375
10:24:32,91282CLD1,TSRYS5850288,D,S,D,2024-08-27,1000000.00,3.753523,102.244140625
10:24:32,91282CLD1,TSRYS5850288,D,S,D,2024-08-27,1000000.00,3.753523,102.244140625
10:24:34,91282CLD1,TSRYS5850288,D,S,D,2024-08-27,1000000.00,3.751292,102.2578125
10:24:34,91282CLD1,TSRYS5850288,D,S,D,2024-08-27,1000000.00,3.751292,102.2578125
10:24:34,91282CLD1,TSRYS5850288,D,B,C,2024-08-27,2000000.00,3.751324,102.2576125
10:24:34,91282CLD1,TSRYS5850288,D,S,D,2024-08-27,2000000.00,3.751292,102.2578125
10:24:34,91282CLD1,TSRYS5850288,D,S,C,2024-08-27,1000000.00,3.75255,102.2501
10:24:40,91282CLD1,TSRYS5850288,D,S,T,2024-08-27,1000000.00,3.753842,102.2421875
10:24:40,91282CLD1,TSRYS5850288,D,S,D,2024-08-27,1000000.00,3.75416,102.240234375
10:24:40,91282CLD1,TSRYS5850288,D,S,D,2024-08-27,1000000.00,3.75416,102.240234375
10:24:41,91282CLD1,TSRYS5850288,D,S,C,2024-08-27,1000000.00,3.75416,102.240234375
10:24:41,91282CLD1,TSRYS5850288,D,S,D,2024-08-27,2000000.00,3.75416,102.240234375
10:24:42,91282CLD1,TSRYS5850288,D,S,D,2024-08-27,2000000.00,3.75416,102.240234375
10:24:42,91282CLD1,TSRYS5850288,D,S,C,2024-08-27,1000000.00,3.75416,102.240234375
10:24:45,91282CLD1,TSRYS5850288,D,S,D,2024-08-27,2000000.00,3.75416,102.240234375
10:24:45,91282CLD1,TSRYS5850288,D,S,D,2024-08-27,1000000.00,3.75416,102.240234375
10:24:45,91282CLD1,TSRYS5850288,D,S,D,2024-08-27,1000000.00,3.75416,102.240234375
10:24:45,91282CLD1,TSRYS5850288,D,S,D,2024-08-27,1000000.00,3.75416,102.240234375
10:24:45,91282CLD1,TSRYS5850288,D,S,D,2024-08-27,1000000.00,3.75416,102.240234375
10:24:45,91282CLD1,TSRYS5850288,D,S,C,2024-08-27,1000000.00,3.75416,102.240234375
10:24:45,91282CLD1,TSRYS5850288,D,S,C,2024-08-27,3000000.00,3.75416,102.240234375
10:24:45,91282CLD1,TSRYS5850288,D,S,C,2024-08-27,1000000.00,3.75416,102.240234375
10:24:47,91282CLD1,TSRYS5850288,D,B,C,2024-08-27,200000.00,3.753842,102.2421875
10:24:49,91282CLD1,TSRYS5850288,D,S,C,2024-08-27,1000000.00,3.751292,102.2578125
10:24:49,91282CLD1,TSRYS5850288,D,S,C,2024-08-27,2000000.00,3.752526,102.25025
10:24:49,91282CLD1,TSRYS5850288,D,S,C,2024-08-27,1000000.00,3.752518,102.2503
10:24:49,91282CLD1,TSRYS5850288,D,S,D,2024-08-27,1000000.00,3.752566,102.25
10:24:50,91282CLD1,TSRYS5850288,D,S,D,2024-08-27,1000000.00,3.752566,102.25
10:24:50,91282CLD1,TSRYS5850288,D,S,D,2024-08-27,1000000.00,3.752566,102.25
10:24:56,91282CLD1,TSRYS5850288,D,S,D,2024-08-27,1000000.00,3.753204,102.24609375
10:24:56,91282CLD1,TSRYS5850288,D,S,T,2024-08-27,1000000.00,3.753204,102.24609375
10:24:56,91282CLD1,TSRYS5850288,D,S,T,2024-08-27,1000000.00,3.753842,102.2421875
10:24:56,91282CLD1,TSRYS5850288,D,B,C,2024-08-27,1000000.00,3.753523,102.24414062
10:24:57,91282CLD1,TSRYS5850288,D,B,C,2024-08-27,1000000.00,3.753523,102.24414062
10:24:57,91282CLD1,TSRYS5850288,D,S,T,2024-08-27,1000000.00,3.755117,102.234375
10:24:58,91282CLD1,TSRYS5850288,D,S,T,2024-08-27,1000000.00,3.755117,102.234375
10:24:58,91282CLD1,TSRYS5850288,D,S,T,2024-08-27,1000000.00,3.753842,102.2421875
10:24:58,91282CLD1,TSRYS5850288,D,S,D,2024-08-27,1000000.00,3.753523,102.24414062
10:24:58,91282CLD1,TSRYS5850288,D,S,T,2024-08-27,1000000.00,3.753842,102.2421875
10:25:00,91282CLD1,TSRYS5850288,D,S,T,2024-08-27,2000000.00,3.753842,102.2421875
10:25:01,91282CLD1,TSRYS5850288,D,S,D,2024-08-27,1000000.00,3.755436,102.232421875
10:25:01,91282CLD1,TSRYS5850288,D,S,T,2024-08-27,1000000.00,3.753842,102.2421875
10:25:01,91282CLD1,TSRYS5850288,D,S,T,2024-08-27,1000000.00,3.753842,102.2421875
10:25:02,91282CLD1,TSRYS5850288,D,S,D,2024-08-27,1000000.00,3.755117,102.234375
10:25:02,91282CLD1,TSRYS5850288,D,S,D,2024-08-27,1000000.00,3.755117,102.234375
10:25:02,91282CLD1,TSRYS5850288,D,S,D,2024-08-27,1000000.00,3.755117,102.234375
10:25:02,91282CLD1,TSRYS5850288,D,S,D,2024-08-27,1000000.00,3.755117,102.234375
10:25:03,91282CLD1,TSRYS5850288,D,S,T,2024-08-27,1000000.00,3.753842,102.2421875
10:25:03,91282CLD1,TSRYS5850288,D,S,D,2024-08-27,2000000.00,3.755117,102.234375
10:25:03,91282CLD1,TSRYS5850288,D,S,D,2024-08-27,1000000.00,3.755117,102.234375
10:25:04,91282CLD1,TSRYS5850288,D,B,C,2024-08-27,1000000.00,3.753523,102.24414062
10:25:04,91282CLD1,TSRYS5850288,D,B,C,2024-08-27,1000000.00,3.753523,102.24414062
10:25:04,91282CLD1,TSRYS5850288,D,S,T,2024-08-27,1000000.00,3.753842,102.2421875
10:25:05,91282CLD1,TSRYS5850288,D,S,C,2024-08-27,1000000.00,3.752566,102.25
10:25:05,91282CLD1,TSRYS5850288,D,S,C,2024-08-27,1000000.00,3.752566,102.25
10:25:05,91282CLD1,TSRYS5850288,D,S,C,2024-08-27,1000000.00,3.752526,102.25025
10:25:05,91282CLD1,TSRYS5850288,D,S,D,2024-08-27,1000000.00,3.752566,102.25
10:25:05,91282CLD1,TSRYS5850288,D,S,C,2024-08-27,1000000.00,3.753842,102.2421875
10:25:07,91282CLD1,TSRYS5850288,D,S,T,2024-08-27,1000000.00,3.753842,102.2421875
10:25:07,91282CLD1,TSRYS5850288,D,S,T,2024-08-27,1000000.00,3.753842,102.2421875
10:25:07,91282CLD1,TSRYS5850288,D,S,T,2024-08-27,1000000.00,3.75416,102.24023437
10:25:07,91282CLD1,TSRYS5850288,D,S,T,2024-08-27,1000000.00,3.753842,102.2421875
10:25:09,91282CLD1,TSRYS5850288,D,S,T,2024-08-27,2000000.00,3.753842,102.2421875
10:25:09,91282CLD1,TSRYS5850288,D,S,T,2024-08-27,1000000.00,3.753842,102.2421875
10:25:09,91282CLD1,TSRYS5850288,D,S,D,2024-08-27,1000000.00,3.75416,102.24023437
10:25:09,91282CLD1,TSRYS5850288,D,S,T,2024-08-27,2000000.00,3.75416,102.24023437
10:25:09,91282CLD1,TSRYS5850288,D,S,D,2024-08-27,1000000.00,3.75416,102.24023437
10:25:09,91282CLD1,TSRYS5850288,D,S,T,2024-08-27,1000000.00,3.753842,102.2421875
10:25:09,91282CLD1,TSRYS5850288,D,S,T,2024-08-27,1000000.00,3.75416,102.24023437
10:25:11,91282CLD1,TSRYS5850288,D,S,T,2024-08-27,1000000.00,3.753842,102.2421875
10:25:11,91282CLD1,TSRYS5850288,D,S,T,2024-08-27,1000000.00,3.75416,102.24023437
10:25:11,91282CLD1,TSRYS5850288,D,S,T,2024-08-27,1000000.00,3.75416,102.24023437
10:25:11,91282CLD1,TSRYS5850288,D,S,T,2024-08-27,1000000.00,3.75416,102.24023437
10:25:11,91282CLD1,TSRYS5850288,D,S,T,2024-08-27,2000000.00,3.753842,102.2421875
10:25:11,91282CLD1,TSRYS5850288,D,S,T,2024-08-27,3000000.00,3.75416,102.24023437
10:25:13,91282CLD1,TSRYS5850288,D,S,T,2024-08-27,1000000.00,3.75416,102.24023437
10:25:13,91282CLD1,TSRYS5850288,D,S,T,2024-08-27,2000000.00,3.753842,102.2421875
10:25:13,91282CLD1,TSRYS5850288,D,S,T,2024-08-27,1000000.00,3.753842,102.2421875
10:25:13,91282CLD1,TSRYS5850288,D,S,T,2024-08-27,2000000.00,3.75416,102.24023437
10:25:14,91282CLD1,TSRYS5850288,D,B,C,2024-08-27,378000.00,3.753269,102.24569375
10:25:15,91282CLD1,TSRYS5850288,D,S,T,2024-08-27,1000000.00,3.753842,102.2421875
10:25:15,91282CLD1,TSRYS5850288,D,S,T,2024-08-27,1000000.00,3.753842,102.2421875
10:25:15,91282CLD1,TSRYS5850288,D,S,D,2024-08-27,1000000.00,3.75416,102.24023437
10:25:18,91282CLD1,TSRYS5850288,D,S,T,2024-08-27,2000000.00,3.753842,102.2421875
10:25:18,91282CLD1,TSRYS5850288,D,S,T,2024-08-27,1000000.00,3.753842,102.2421875
10:25:18,91282CLD1,TSRYS5850288,D,S,T,2024-08-27,2000000.00,3.755117,102.234375
10:25:19,91282CLD1,TSRYS5850288,D,S,T,2024-08-27,1000000.00,3.753842,102.2421875
10:25:19,91282CLD1,TSRYS5850288,D,S,T,2024-08-27,1000000.00,3.753866,102.2420375
10:25:19,91282CLD1,TSRYS5850288,D,S,T,2024-08-27,2000000.00,3.75416,102.24023437
10:25:19,91282CLD1,TSRYS5850288,D,S,T,2024-08-27,1000000.00,3.755117,102.234375
10:25:21,91282CLD1,TSRYS5850288,D,S,T,2024-08-27,1000000.00,3.753842,102.2421875
10:25:21,91282CLD1,TSRYS5850288,D,S,T,2024-08-27,1000000.00,3.755141,102.234225
10:25:21,91282CLD1,TSRYS5850288,D,S,T,2024-08-27,1000000.00,3.753842,102.2421875
10:25:23,91282CLD1,TSRYS5850288,D,S,T,2024-08-27,1000000.00,3.753842,102.2421875
10:25:24,91282CLD1,TSRYS5850288,D,S,D,2024-08-27,1000000.00,3.755436,102.232421875
10:25:24,91282CLD1,TSRYS5850288,D,S,T,2024-08-27,1000000.00,3.755117,102.234375
10:25:25,91282CLD1,TSRYS5850288,D,S,T,2024-08-27,1000000.00,3.753842,102.2421875
10:25:25,91282CLD1,TSRYS5850288,D,S,T,2024-08-27,1000000.00,3.753842,102.2421875
10:25:25,91282CLD1,TSRYS5850288,D,S,T,2024-08-27,1000000.00,3.753204,102.24609375
10:25:25,91282CLD1,TSRYS5850288,D,S,T,2024-08-27,1000000.00,3.753204,102.24609375
10:25:27,91282CLD1,TSRYS5850288,D,S,T,2024-08-27,1000000.00,3.753204,102.24609375
10:25:27,91282CLD1,TSRYS5850288,D,S,T,2024-08-27,1000000.00,3.755117,102.234375
10:25:29,91282CLD1,TSRYS5850288,D,S,T,2024-08-27,1000000.00,3.755117,102.234375
10:25:29,91282CLD1,TSRYS5850288,D,S,T,2024-08-27,1000000.00,3.755141,102.234225
10:25:35,91282CLD1,TSRYS5850288,D,S,D,2024-08-27,1000000.00,3.753842,102.2421875
10:25:35,91282CLD1,TSRYS5850288,D,S,C,2024-08-27,1000000.00,3.755076,102.234625
10:25:35,91282CLD1,TSRYS5850288,D,B,C,2024-08-27,1000000.00,3.755117,102.234375
10:25:35,91282CLD1,TSRYS5850288,D,B,C,2024-08-27,1000000.00,3.755117,102.234375
10:25:35,91282CLD1,TSRYS5850288,D,S,D,2024-08-27,1000000.00,3.755117,102.234375
10:25:35,91282CLD1,TSRYS5850288,D,B,C,2024-08-27,1000000.00,3.755117,102.234375
10:25:35,91282CLD1,TSRYS5850288,D,S,D,2024-08-27,1000000.00,3.755117,102.234375
10:25:35,91282CLD1,TSRYS5850288,D,S,C,2024-08-27,945000.00,3.756392,102.2265625
10:25:46,91282CLD1,TSRYS5850288,D,S,T,2024-08-27,1000000.00,3.755436,102.232421875
10:25:48,91282CLD1,TSRYS5850288,D,S,D,2024-08-27,1000000.00,3.755117,102.234375
10:25:50,91282CLD1,TSRYS5850288,D,S,C,2024-08-27,45000000.00,3.756089,102.22842
10:25:51,91282CLD1,TSRYS5850288,D,S,D,2024-08-27,1000000.00,3.755436,102.232421875
10:25:52,91282CLD1,TSRYS5850288,D,S,D,2024-08-27,1000000.00,3.755436,102.232421875
10:25:52,91282CLD1,TSRYS5850288,D,S,D,2024-08-27,1000000.00,3.755436,102.232421875
10:25:52,91282CLD1,TSRYS5850288,D,B,C,2024-08-27,2000000.00,3.755436,102.23242187
10:25:52,91282CLD1,TSRYS5850288,D,B,C,2024-08-27,1000000.00,3.755436,102.23242187
10:25:54,91282CLD1,TSRYS5850288,D,S,D,2024-08-27,2000000.00,3.755117,102.234375
10:25:55,91282CLD1,TSRYS5850288,D,B,A,2024-08-27,2000000.00,3.755117,102.234375
10:26:03,91282CLD1,TSRYS5850288,D,S,C,2024-08-27,1000000.00,3.755117,102.234375
10:26:08,91282CLD1,TSRYS5850288,D,S,D,2024-08-27,300000.00,3.755754,102.23046875
10:26:13,91282CLD1,TSRYS5850288,D,S,T,2024-08-27,1000000.00,3.756392,102.2265625
10:26:21,91282CLD1,TSRYS5850288,D,S,D,2024-08-27,1000000.00,3.755117,102.234375
10:26:21,91282CLD1,TSRYS5850288,D,B,C,2024-08-27,1000000.00,3.755149,102.234175
10:26:21,91282CLD1,TSRYS5850288,D,S,D,2024-08-27,1000000.00,3.755117,102.234375
10:26:23,91282CLD1,TSRYS5850288,D,S,T,2024-08-27,1000000.00,3.756392,102.2265625
10:26:23,91282CLD1,TSRYS5850288,D,S,C,2024-08-27,10000000.00,3.75801,102.21665
10:26:25,91282CLD1,TSRYS5850288,D,S,T,2024-08-27,1000000.00,3.756392,102.2265625
10:26:29,91282CLD1,TSRYS5850288,D,S,D,2024-08-27,1000000.00,3.756392,102.2265625
10:26:30,91282CLD1,TSRYS5850288,D,S,D,2024-08-27,1000000.00,3.756392,102.2265625
10:26:31,91282CLD1,TSRYS5850288,D,S,T,2024-08-27,1000000.00,3.75703,102.22265625
10:26:31,91282CLD1,TSRYS5850288,D,S,T,2024-08-27,1000000.00,3.757349,102.220703125
10:26:31,91282CLD1,TSRYS5850288,D,S,C,2024-08-27,1000000.00,3.757013,102.22275625
10:26:32,91282CLD1,TSRYS5850288,D,S,C,2024-08-27,1000000.00,3.757316,102.220903125
10:26:34,91282CLD1,TSRYS5850288,D,B,C,2024-08-27,1000000.00,3.756392,102.2265625
10:26:34,91282CLD1,TSRYS5850288,D,S,D,2024-08-27,1000000.00,3.756392,102.2265625
10:26:35,91282CLD1,TSRYS5850288,D,S,C,2024-08-27,1000000.00,3.757667,102.218925
10:26:35,91282CLD1,TSRYS5850288,D,B,C,2024-08-27,1000000.00,3.757667,102.21875
10:26:48,91282CLD1,TSRYS5850288,D,S,D,2024-08-27,1000000.00,3.756392,102.2265625
10:26:48,91282CLD1,TSRYS5850288,D,B,C,2024-08-27,1000000.00,3.756425,102.2263625
10:26:48,91282CLD1,TSRYS5850288,D,S,D,2024-08-27,1000000.00,3.756368,102.2267125
10:26:48,91282CLD1,TSRYS5850288,D,B,C,2024-08-27,2000000.00,3.756425,102.2263625
10:26:48,91282CLD1,TSRYS5850288,D,S,D,2024-08-27,2000000.00,3.756392,102.2265625
10:26:48,91282CLD1,TSRYS5850288,D,S,D,2024-08-27,1000000.00,3.756392,102.2265625
10:26:52,91282CLD1,TSRYS5850288,D,B,C,2024-08-27,1000000.00,3.756392,102.2265625
10:26:57,91282CLD1,TSRYS5850288,D,S,T,2024-08-27,1000000.00,3.756392,102.2265625
10:26:57,91282CLD1,TSRYS5850288,D,S,T,2024-08-27,1000000.00,3.756392,102.2265625
10:26:57,91282CLD1,TSRYS5850288,D,S,T,2024-08-27,2000000.00,3.756392,102.2265625
10:26:57,91282CLD1,TSRYS5850288,D,S,C,2024-08-27,2000000.00,3.756073,102.228515625
10:27:02,91282CLD1,TSRYS5850288,D,S,D,2024-08-27,1000000.00,3.756392,102.2265625
10:27:02,91282CLD1,TSRYS5850288,D,S,D,2024-08-27,1000000.00,3.756392,102.2265625
10:27:02,91282CLD1,TSRYS5850288,D,S,T,2024-08-27,1000000.00,3.756392,102.2265625
10:27:02,91282CLD1,TSRYS5850288,D,S,T,2024-08-27,1000000.00,3.756392,102.2265625
10:27:02,91282CLD1,TSRYS5850288,D,S,T,2024-08-27,1000000.00,3.756392,102.2265625
10:27:02,91282CLD1,TSRYS5850288,D,S,T,2024-08-27,1000000.00,3.756392,102.2265625
10:27:02,91282CLD1,TSRYS5850288,D,S,T,2024-08-27,1000000.00,3.756392,102.2265625
10:27:02,91282CLD1,TSRYS5850288,D,S,T,2024-08-27,1000000.00,3.756392,102.2265625
10:27:02,91282CLD1,TSRYS5850288,D,S,T,2024-08-27,1000000.00,3.756392,102.2265625
10:27:02,91282CLD1,TSRYS5850288,D,S,D,2024-08-27,2000000.00,3.756073,102.228515625
10:27:03,91282CLD1,TSRYS5850288,D,S,T,2024-08-27,2000000.00,3.756073,102.228515625
10:27:04,91282CLD1,TSRYS5850288,D,S,D,2024-08-27,2000000.00,3.756073,102.228515625
10:27:04,91282CLD1,TSRYS5850288,D,S,T,2024-08-27,1000000.00,3.755117,102.234375
10:27:05,91282CLD1,TSRYS5850288,D,S,D,2024-08-27,1000000.00,3.756073,102.228515625
10:27:05,91282CLD1,TSRYS5850288,D,S,C,2024-08-27,1000000.00,3.756073,102.228515625
10:27:05,91282CLD1,TSRYS5850288,D,S,C,2024-08-27,2000000.00,3.755754,102.23046875
10:27:05,91282CLD1,TSRYS5850288,D,S,T,2024-08-27,1000000.00,3.755117,102.234375
10:27:07,91282CLD1,TSRYS5850288,D,S,D,2024-08-27,1000000.00,3.756073,102.228515625
10:27:10,91282CLD1,TSRYS5850288,D,S,T,2024-08-27,2000000.00,3.756073,102.228515625
10:27:10,91282CLD1,TSRYS5850288,D,S,T,2024-08-27,2000000.00,3.756073,102.228515625
10:27:10,91282CLD1,TSRYS5850288,D,S,T,2024-08-27,2000000.00,3.755754,102.23046875
10:27:11,91282CLD1,TSRYS5850288,D,S,T,2024-08-27,1000000.00,3.756073,102.228515625
10:27:14,91282CLD1,TSRYS5850288,D,S,T,2024-08-27,2000000.00,3.755117,102.234375
10:27:17,91282CLD1,TSRYS5850288,D,S,T,2024-08-27,1000000.00,3.756073,102.228515625
10:27:17,91282CLD1,TSRYS5850288,D,S,D,2024-08-27,1000000.00,3.754798,102.236328125
10:27:17,91282CLD1,TSRYS5850288,D,S,D,2024-08-27,4000000.00,3.754798,102.236328125
10:27:17,91282CLD1,TSRYS5850288,D,S,D,2024-08-27,1000000.00,3.754798,102.236328125
10:27:18,91282CLD1,TSRYS5850288,D,S,D,2024-08-27,1000000.00,3.754479,102.23828125
10:27:18,91282CLD1,TSRYS5850288,D,S,D,2024-08-27,3000000.00,3.754479,102.23828125
10:27:18,91282CLD1,TSRYS5850288,D,S,D,2024-08-27,1000000.00,3.754479,102.23828125
10:27:18,91282CLD1,TSRYS5850288,D,S,D,2024-08-27,1000000.00,3.754479,102.23828125
10:27:18,91282CLD1,TSRYS5850288,D,S,D,2024-08-27,1000000.00,3.754479,102.23828125
10:27:18,91282CLD1,TSRYS5850288,D,S,D,2024-08-27,2000000.00,3.755117,102.234375
10:27:18,91282CLD1,TSRYS5850288,D,S,T,2024-08-27,1000000.00,3.755117,102.234375
10:27:18,91282CLD1,TSRYS5850288,D,S,T,2024-08-27,1000000.00,3.755117,102.234375
10:27:19,91282CLD1,TSRYS5850288,D,S,D,2024-08-27,1000000.00,3.754479,102.23828125
10:27:19,91282CLD1,TSRYS5850288,D,B,C,2024-08-27,1000000.00,3.754479,102.23828125
10:27:21,91282CLD1,TSRYS5850288,D,B,C,2024-08-27,1000000.00,3.754479,102.23828125
10:27:21,91282CLD1,TSRYS5850288,D,S,D,2024-08-27,1000000.00,3.754479,102.23828125
10:27:35,91282CLD1,TSRYS5850288,D,B,C,2024-08-27,1000000.00,3.754798,102.23632812
10:27:36,91282CLD1,TSRYS5850288,D,S,C,2024-08-27,1000000.00,3.756392,102.2265625
10:27:36,91282CLD1,TSRYS5850288,D,S,D,2024-08-27,2000000.00,3.756392,102.2265625
10:27:36,91282CLD1,TSRYS5850288,D,S,C,2024-08-27,1000000.00,3.756392,102.2265625
10:27:36,91282CLD1,TSRYS5850288,D,B,C,2024-08-27,1000000.00,3.756408,102.2264625
10:27:36,91282CLD1,TSRYS5850288,D,B,C,2024-08-27,1000000.00,3.756408,102.2264625
10:27:36,91282CLD1,TSRYS5850288,D,S,D,2024-08-27,1000000.00,3.756392,102.2265625
10:27:36,91282CLD1,TSRYS5850288,D,S,D,2024-08-27,1000000.00,3.756392,102.2265625
10:27:36,91282CLD1,TSRYS5850288,D,S,C,2024-08-27,1000000.00,3.756392,102.2265625
10:27:36,91282CLD1,TSRYS5850288,D,S,D,2024-08-27,1000000.00,3.756392,102.2265625
10:27:36,91282CLD1,TSRYS5850288,D,S,C,2024-08-27,1000000.00,3.756392,102.2265625
10:27:36,91282CLD1,TSRYS5850288,D,S,C,2024-08-27,1000000.00,3.756392,102.2265625
10:27:36,91282CLD1,TSRYS5850288,D,S,C,2024-08-27,1000000.00,3.756363,102.2267375
10:27:36,91282CLD1,TSRYS5850288,D,S,C,2024-08-27,1000000.00,3.756363,102.2267375
10:27:36,91282CLD1,TSRYS5850288,D,S,C,2024-08-27,1000000.00,3.756392,102.2265625
10:27:41,91282CLD1,TSRYS5850288,D,S,C,2024-08-27,500000.00,3.756392,102.2265625
10:27:47,91282CLD1,TSRYS5850288,D,S,C,2024-08-27,1000000.00,3.754798,102.236328125
10:27:48,91282CLD1,TSRYS5850288,D,S,D,2024-08-27,1000000.00,3.754798,102.236328125
10:27:51,91282CLD1,TSRYS5850288,D,B,C,2024-08-27,1000000.00,3.756408,102.2264625
10:27:51,91282CLD1,TSRYS5850288,D,S,D,2024-08-27,1000000.00,3.756392,102.2265625
10:27:51,91282CLD1,TSRYS5850288,D,S,D,2024-08-27,1000000.00,3.755117,102.234375
10:27:51,91282CLD1,TSRYS5850288,D,S,D,2024-08-27,1000000.00,3.755117,102.234375
10:27:51,91282CLD1,TSRYS5850288,D,S,D,2024-08-27,1000000.00,3.755117,102.234375
10:27:51,91282CLD1,TSRYS5850288,D,S,D,2024-08-27,1000000.00,3.756392,102.2265625
10:27:51,91282CLD1,TSRYS5850288,D,S,C,2024-08-27,1000000.00,3.755117,102.234375
10:27:52,91282CLD1,TSRYS5850288,D,S,D,2024-08-27,1000000.00,3.756392,102.2265625
10:27:52,91282CLD1,TSRYS5850288,D,S,D,2024-08-27,1000000.00,3.756392,102.2265625
10:27:56,91282CLD1,TSRYS5850288,D,S,T,2024-08-27,1000000.00,3.756392,102.2265625
10:27:56,91282CLD1,TSRYS5850288,D,S,T,2024-08-27,1000000.00,3.756392,102.2265625
10:27:56,91282CLD1,TSRYS5850288,D,S,D,2024-08-27,1000000.00,3.756392,102.2265625
10:28:04,91282CLD1,TSRYS5850288,D,S,T,2024-08-27,1000000.00,3.756392,102.2265625
10:28:04,91282CLD1,TSRYS5850288,D,S,T,2024-08-27,3000000.00,3.756392,102.2265625
10:28:04,91282CLD1,TSRYS5850288,D,S,T,2024-08-27,2000000.00,3.756392,102.2265625
10:28:04,91282CLD1,TSRYS5850288,D,S,T,2024-08-27,1000000.00,3.756392,102.2265625
10:28:04,91282CLD1,TSRYS5850288,D,S,T,2024-08-27,3000000.00,3.756392,102.2265625
10:28:04,91282CLD1,TSRYS5850288,D,S,T,2024-08-27,1000000.00,3.756392,102.2265625
10:28:04,91282CLD1,TSRYS5850288,D,S,T,2024-08-27,1000000.00,3.756392,102.2265625
10:28:04,91282CLD1,TSRYS5850288,D,S,T,2024-08-27,1000000.00,3.756392,102.2265625
10:28:21,91282CLD1,TSRYS5850288,D,S,C,2024-08-27,1000000.00,3.755068,102.234675
10:28:21,91282CLD1,TSRYS5850288,D,B,C,2024-08-27,1000000.00,3.755117,102.234375
10:28:21,91282CLD1,TSRYS5850288,D,B,C,2024-08-27,1000000.00,3.755117,102.234375
10:28:21,91282CLD1,TSRYS5850288,D,S,D,2024-08-27,1000000.00,3.755117,102.234375
10:28:21,91282CLD1,TSRYS5850288,D,B,C,2024-08-27,1000000.00,3.755117,102.234375
10:28:21,91282CLD1,TSRYS5850288,D,S,D,2024-08-27,1000000.00,3.755117,102.234375
10:28:26,91282CLD1,TSRYS5850288,D,B,C,2024-08-27,1000000.00,3.756392,102.2265625
10:28:36,91282CLD1,TSRYS5850288,D,B,C,2024-08-27,1000000.00,3.756425,102.2263625
10:28:36,91282CLD1,TSRYS5850288,D,S,D,2024-08-27,1000000.00,3.756392,102.2265625
10:28:36,91282CLD1,TSRYS5850288,D,S,D,2024-08-27,3000000.00,3.756392,102.2265625
10:28:36,91282CLD1,TSRYS5850288,D,S,C,2024-08-27,2000000.00,3.756363,102.2267375
10:28:36,91282CLD1,TSRYS5850288,D,S,C,2024-08-27,1000000.00,3.756363,102.2267375
10:28:36,91282CLD1,TSRYS5850288,D,S,D,2024-08-27,1000000.00,3.756392,102.2265625
10:28:36,91282CLD1,TSRYS5850288,D,S,C,2024-08-27,1000000.00,3.756392,102.2265625
10:28:36,91282CLD1,TSRYS5850288,D,B,C,2024-08-27,1000000.00,3.756392,102.2265625
10:28:36,91282CLD1,TSRYS5850288,D,S,D,2024-08-27,1000000.00,3.756368,102.2267125
10:28:36,91282CLD1,TSRYS5850288,D,S,D,2024-08-27,1000000.00,3.756392,102.2265625
10:28:36,91282CLD1,TSRYS5850288,D,S,D,2024-08-27,1000000.00,3.756392,102.2265625
10:28:36,91282CLD1,TSRYS5850288,D,S,D,2024-08-27,1000000.00,3.756392,102.2265625
10:28:48,91282CLD1,TSRYS5850288,D,S,T,2024-08-27,1000000.00,3.756392,102.2265625
10:28:48,91282CLD1,TSRYS5850288,D,S,T,2024-08-27,1000000.00,3.756392,102.2265625
10:28:48,91282CLD1,TSRYS5850288,D,S,T,2024-08-27,1000000.00,3.756392,102.2265625
10:28:49,91282CLD1,TSRYS5850288,D,S,D,2024-08-27,1000000.00,3.756392,102.2265625
10:28:49,91282CLD1,TSRYS5850288,D,S,D,2024-08-27,1000000.00,3.756392,102.2265625
10:28:49,91282CLD1,TSRYS5850288,D,S,D,2024-08-27,2000000.00,3.756073,102.228515625
10:28:50,91282CLD1,TSRYS5850288,D,S,C,2024-08-27,2000000.00,3.755754,102.23046875
10:28:53,91282CLD1,TSRYS5850288,D,S,T,2024-08-27,1000000.00,3.756392,102.2265625
10:28:55,91282CLD1,TSRYS5850288,D,S,T,2024-08-27,1000000.00,3.756392,102.2265625
10:28:59,91282CLD1,TSRYS5850288,D,S,D,2024-08-27,1000000.00,3.756392,102.2265625
10:29:00,91282CLD1,TSRYS5850288,D,S,T,2024-08-27,1000000.00,3.756392,102.2265625
10:29:05,91282CLD1,TSRYS5850288,D,S,C,2024-08-27,1000000.00,3.756392,102.2265625
10:29:08,91282CLD1,TSRYS5850288,D,S,T,2024-08-27,2000000.00,3.755754,102.23046875
10:29:10,91282CLD1,TSRYS5850288,D,S,T,2024-08-27,2000000.00,3.756073,102.228515625
10:29:20,91282CLD1,TSRYS5850288,D,S,C,2024-08-27,1000000.00,3.756392,102.2265625
10:29:20,91282CLD1,TSRYS5850288,D,S,D,2024-08-27,1000000.00,3.756368,102.2267125
10:29:25,91282CLD1,TSRYS5850288,D,S,D,2024-08-27,33000000.00,3.753869,102.24202
10:29:25,91282CLD1,TSRYS5850288,D,B,A,2024-08-27,33000000.00,3.753869,102.24202
10:29:26,91282CLD1,TSRYS5850288,D,S,D,2024-08-27,33000000.00,3.754391,102.23882
10:29:26,91282CLD1,TSRYS5850288,D,B,A,2024-08-27,33000000.00,3.754391,102.23882
10:29:37,91282CLD1,TSRYS5850288,D,S,C,2024-08-27,1000000.00,3.756363,102.2267375
10:29:37,91282CLD1,TSRYS5850288,D,S,C,2024-08-27,1000000.00,3.756363,102.2267375
10:29:37,91282CLD1,TSRYS5850288,D,S,D,2024-08-27,1000000.00,3.756368,102.2267125
10:29:52,91282CLD1,TSRYS5850288,D,S,D,2024-08-27,1000000.00,3.756368,102.2267125
10:29:55,91282CLD1,TSRYS5850288,D,S,T,2024-08-27,1000000.00,3.755117,102.234375
10:29:55,91282CLD1,TSRYS5850288,D,S,T,2024-08-27,2000000.00,3.755117,102.234375
10:29:55,91282CLD1,TSRYS5850288,D,S,T,2024-08-27,2000000.00,3.755117,102.234375
10:29:55,91282CLD1,TSRYS5850288,D,S,T,2024-08-27,1000000.00,3.755117,102.234375
10:29:55,91282CLD1,TSRYS5850288,D,S,T,2024-08-27,2000000.00,3.755117,102.234375
10:29:55,91282CLD1,TSRYS5850288,D,S,T,2024-08-27,2000000.00,3.755117,102.234375
10:29:55,91282CLD1,TSRYS5850288,D,S,T,2024-08-27,2000000.00,3.755117,102.234375
10:29:55,91282CLD1,TSRYS5850288,D,S,T,2024-08-27,1000000.00,3.755117,102.234375
10:29:55,91282CLD1,TSRYS5850288,D,S,T,2024-08-27,1000000.00,3.755117,102.234375
10:29:55,91282CLD1,TSRYS5850288,D,S,T,2024-08-27,1000000.00,3.755117,102.234375
10:29:55,91282CLD1,TSRYS5850288,D,S,T,2024-08-27,1000000.00,3.755117,102.234375
10:29:55,91282CLD1,TSRYS5850288,D,S,T,2024-08-27,1000000.00,3.755117,102.234375
10:29:55,91282CLD1,TSRYS5850288,D,S,D,2024-08-27,1000000.00,3.755117,102.234375
10:29:55,91282CLD1,TSRYS5850288,D,S,T,2024-08-27,2000000.00,3.755117,102.234375
10:29:55,91282CLD1,TSRYS5850288,D,S,T,2024-08-27,2000000.00,3.755117,102.234375
10:29:56,91282CLD1,TSRYS5850288,D,S,T,2024-08-27,1000000.00,3.755117,102.234375
10:29:56,91282CLD1,TSRYS5850288,D,S,T,2024-08-27,2000000.00,3.754798,102.236328125
10:29:56,91282CLD1,TSRYS5850288,D,S,T,2024-08-27,1000000.00,3.754798,102.236328125
10:29:56,91282CLD1,TSRYS5850288,D,S,D,2024-08-27,1000000.00,3.755117,102.234375
10:29:56,91282CLD1,TSRYS5850288,D,S,T,2024-08-27,1000000.00,3.754798,102.236328125
10:29:56,91282CLD1,TSRYS5850288,D,S,T,2024-08-27,1000000.00,3.755117,102.234375
10:29:56,91282CLD1,TSRYS5850288,D,S,D,2024-08-27,1000000.00,3.754798,102.236328125
10:29:56,91282CLD1,TSRYS5850288,D,S,T,2024-08-27,2000000.00,3.755117,102.234375
10:29:56,91282CLD1,TSRYS5850288,D,S,T,2024-08-27,2000000.00,3.754798,102.236328125
10:29:56,91282CLD1,TSRYS5850288,D,S,D,2024-08-27,1000000.00,3.755117,102.234375
10:29:56,91282CLD1,TSRYS5850288,D,S,D,2024-08-27,2000000.00,3.755117,102.234375
10:29:56,91282CLD1,TSRYS5850288,D,S,T,2024-08-27,2000000.00,3.755117,102.234375
10:29:56,91282CLD1,TSRYS5850288,D,S,T,2024-08-27,2000000.00,3.754798,102.236328125
10:29:56,91282CLD1,TSRYS5850288,D,S,T,2024-08-27,2000000.00,3.754798,102.236328125
10:29:56,91282CLD1,TSRYS5850288,D,S,D,2024-08-27,1000000.00,3.755117,102.234375
10:29:56,91282CLD1,TSRYS5850288,D,S,T,2024-08-27,1000000.00,3.755117,102.234375
10:29:56,91282CLD1,TSRYS5850288,D,S,D,2024-08-27,1000000.00,3.754798,102.236328125
10:29:56,91282CLD1,TSRYS5850288,D,S,D,2024-08-27,1000000.00,3.754798,102.236328125
10:29:56,91282CLD1,TSRYS5850288,D,B,C,2024-08-27,1000000.00,3.754798,102.236328125
10:29:56,91282CLD1,TSRYS5850288,D,S,D,2024-08-27,1000000.00,3.754798,102.236328125
10:29:56,91282CLD1,TSRYS5850288,D,B,C,2024-08-27,1000000.00,3.755117,102.234375
10:29:56,91282CLD1,TSRYS5850288,D,B,C,2024-08-27,1000000.00,3.754798,102.236328125
10:29:56,91282CLD1,TSRYS5850288,D,S,D,2024-08-27,1000000.00,3.754798,102.236328125
10:29:56,91282CLD1,TSRYS5850288,D,S,D,2024-08-27,1000000.00,3.754798,102.236328125
10:29:56,91282CLD1,TSRYS5850288,D,S,C,2024-08-27,1000000.00,3.755436,102.232421875
10:29:56,91282CLD1,TSRYS5850288,D,S,C,2024-08-27,1000000.00,3.755436,102.232421875
10:29:56,91282CLD1,TSRYS5850288,D,S,D,2024-08-27,1000000.00,3.755117,102.234375
10:29:56,91282CLD1,TSRYS5850288,D,S,D,2024-08-27,1000000.00,3.7551,102.234475
10:29:56,91282CLD1,TSRYS5850288,D,S,D,2024-08-27,2000000.00,3.755117,102.234375
10:29:56,91282CLD1,TSRYS5850288,D,S,D,2024-08-27,1000000.00,3.7551,102.234475
10:29:56,91282CLD1,TSRYS5850288,D,S,T,2024-08-27,1000000.00,3.755117,102.234375
10:29:57,91282CLD1,TSRYS5850288,D,S,D,2024-08-27,3000000.00,3.7551,102.234475
10:29:57,91282CLD1,TSRYS5850288,D,S,D,2024-08-27,1000000.00,3.7551,102.234475
10:29:57,91282CLD1,TSRYS5850288,D,S,T,2024-08-27,1000000.00,3.755117,102.234375
10:29:57,91282CLD1,TSRYS5850288,D,S,D,2024-08-27,1000000.00,3.755117,102.234375
10:29:57,91282CLD1,TSRYS5850288,D,S,D,2024-08-27,2000000.00,3.7551,102.234475
10:29:57,91282CLD1,TSRYS5850288,D,S,T,2024-08-27,1000000.00,3.755117,102.234375
10:29:57,91282CLD1,TSRYS5850288,D,S,D,2024-08-27,1000000.00,3.754798,102.236328125
10:29:57,91282CLD1,TSRYS5850288,D,S,T,2024-08-27,1000000.00,3.755117,102.234375
10:29:57,91282CLD1,TSRYS5850288,D,S,T,2024-08-27,2000000.00,3.754798,102.236328125
10:29:57,91282CLD1,TSRYS5850288,D,S,D,2024-08-27,1000000.00,3.7551,102.234475
10:29:57,91282CLD1,TSRYS5850288,D,S,T,2024-08-27,1000000.00,3.755117,102.234375
10:29:57,91282CLD1,TSRYS5850288,D,S,D,2024-08-27,1000000.00,3.7551,102.234475
10:29:57,91282CLD1,TSRYS5850288,D,B,C,2024-08-27,1000000.00,3.754798,102.236328125
10:29:58,91282CLD1,TSRYS5850288,D,S,T,2024-08-27,1000000.00,3.755117,102.234375
10:29:58,91282CLD1,TSRYS5850288,D,S,D,2024-08-27,2000000.00,3.755117,102.234375
10:29:58,91282CLD1,TSRYS5850288,D,S,D,2024-08-27,1000000.00,3.754798,102.236328125
10:29:58,91282CLD1,TSRYS5850288,D,S,D,2024-08-27,1000000.00,3.754798,102.236328125
10:29:58,91282CLD1,TSRYS5850288,D,S,T,2024-08-27,1000000.00,3.755117,102.234375
10:29:58,91282CLD1,TSRYS5850288,D,B,C,2024-08-27,1000000.00,3.754798,102.236328125
10:29:58,91282CLD1,TSRYS5850288,D,S,T,2024-08-27,1000000.00,3.755117,102.234375
10:29:58,91282CLD1,TSRYS5850288,D,S,T,2024-08-27,1000000.00,3.755117,102.234375
10:29:58,91282CLD1,TSRYS5850288,D,S,T,2024-08-27,1000000.00,3.755117,102.234375
10:29:58,91282CLD1,TSRYS5850288,D,S,D,2024-08-27,2000000.00,3.755117,102.234375
10:29:59,91282CLD1,TSRYS5850288,D,S,T,2024-08-27,1000000.00,3.755117,102.234375
10:29:59,91282CLD1,TSRYS5850288,D,S,T,2024-08-27,1000000.00,3.755117,102.234375
10:29:59,91282CLD1,TSRYS5850288,D,S,T,2024-08-27,1000000.00,3.755117,102.234375
10:29:59,91282CLD1,TSRYS5850288,D,S,T,2024-08-27,1000000.00,3.754798,102.236328125
10:29:59,91282CLD1,TSRYS5850288,D,S,T,2024-08-27,1000000.00,3.755117,102.234375
10:29:59,91282CLD1,TSRYS5850288,D,S,T,2024-08-27,1000000.00,3.755117,102.234375
10:29:59,91282CLD1,TSRYS5850288,D,S,T,2024-08-27,1000000.00,3.755117,102.234375
10:29:59,91282CLD1,TSRYS5850288,D,S,T,2024-08-27,1000000.00,3.755117,102.234375
10:30:00,91282CLD1,TSRYS5850288,D,S,T,2024-08-27,1000000.00,3.755117,102.234375
10:30:00,91282CLD1,TSRYS5850288,D,S,T,2024-08-27,1000000.00,3.755117,102.234375
10:30:00,91282CLD1,TSRYS5850288,D,S,T,2024-08-27,1000000.00,3.755117,102.234375
10:30:00,91282CLD1,TSRYS5850288,D,S,T,2024-08-27,1000000.00,3.755117,102.234375
10:30:00,91282CLD1,TSRYS5850288,D,S,T,2024-08-27,1000000.00,3.755117,102.234375
10:30:00,91282CLD1,TSRYS5850288,D,S,T,2024-08-27,1000000.00,3.755117,102.234375
10:30:00,91282CLD1,TSRYS5850288,D,S,T,2024-08-27,3000000.00,3.755117,102.234375
10:30:00,91282CLD1,TSRYS5850288,D,S,D,2024-08-27,1000000.00,3.755117,102.234375
10:30:00,91282CLD1,TSRYS5850288,D,S,D,2024-08-27,1000000.00,3.755117,102.234375
10:30:00,91282CLD1,TSRYS5850288,D,S,D,2024-08-27,2000000.00,3.755117,102.234375
10:30:00,91282CLD1,TSRYS5850288,D,S,D,2024-08-27,2000000.00,3.755117,102.234375
10:30:00,91282CLD1,TSRYS5850288,D,S,T,2024-08-27,1000000.00,3.755117,102.234375
10:30:00,91282CLD1,TSRYS5850288,D,S,D,2024-08-27,2000000.00,3.755117,102.234375
10:30:00,91282CLD1,TSRYS5850288,D,S,D,2024-08-27,2000000.00,3.755117,102.234375
10:30:00,91282CLD1,TSRYS5850288,D,S,D,2024-08-27,2000000.00,3.755117,102.234375
10:30:00,91282CLD1,TSRYS5850288,D,S,D,2024-08-27,1000000.00,3.755117,102.234375
10:30:00,91282CLD1,TSRYS5850288,D,S,D,2024-08-27,1000000.00,3.755117,102.234375
10:30:00,91282CLD1,TSRYS5850288,D,S,D,2024-08-27,1000000.00,3.755117,102.234375
10:30:00,91282CLD1,TSRYS5850288,D,B,C,2024-08-27,1000000.00,3.755117,102.234375
10:30:00,91282CLD1,TSRYS5850288,D,S,D,2024-08-27,1000000.00,3.755117,102.234375
10:30:00,91282CLD1,TSRYS5850288,D,S,T,2024-08-27,1000000.00,3.755117,102.234375
10:30:00,91282CLD1,TSRYS5850288,D,S,D,2024-08-27,1000000.00,3.755117,102.234375
10:30:00,91282CLD1,TSRYS5850288,D,S,T,2024-08-27,1000000.00,3.755117,102.234375
10:30:00,91282CLD1,TSRYS5850288,D,S,D,2024-08-27,1000000.00,3.755117,102.234375
10:30:00,91282CLD1,TSRYS5850288,D,S,D,2024-08-27,1000000.00,3.755117,102.234375
10:30:01,91282CLD1,TSRYS5850288,D,S,T,2024-08-27,1000000.00,3.755117,102.234375
10:30:01,91282CLD1,TSRYS5850288,D,S,D,2024-08-27,1000000.00,3.755117,102.234375
10:30:01,91282CLD1,TSRYS5850288,D,S,D,2024-08-27,2000000.00,3.755117,102.234375
10:30:01,91282CLD1,TSRYS5850288,D,S,T,2024-08-27,1000000.00,3.755117,102.234375
10:30:01,91282CLD1,TSRYS5850288,D,S,D,2024-08-27,2000000.00,3.755117,102.234375
10:30:01,91282CLD1,TSRYS5850288,D,B,C,2024-08-27,1000000.00,3.755117,102.234375
10:30:01,91282CLD1,TSRYS5850288,D,S,D,2024-08-27,1000000.00,3.755117,102.234375
10:30:01,91282CLD1,TSRYS5850288,D,S,T,2024-08-27,1000000.00,3.755117,102.234375
10:30:01,91282CLD1,TSRYS5850288,D,S,D,2024-08-27,2000000.00,3.755117,102.234375
10:30:01,91282CLD1,TSRYS5850288,D,S,D,2024-08-27,2000000.00,3.755117,102.234375
10:30:01,91282CLD1,TSRYS5850288,D,S,T,2024-08-27,1000000.00,3.755117,102.234375
10:30:01,91282CLD1,TSRYS5850288,D,S,D,2024-08-27,2000000.00,3.754798,102.236328125
10:30:01,91282CLD1,TSRYS5850288,D,S,D,2024-08-27,1000000.00,3.754798,102.236328125
10:30:01,91282CLD1,TSRYS5850288,D,S,D,2024-08-27,1000000.00,3.754798,102.236328125
10:30:01,91282CLD1,TSRYS5850288,D,S,D,2024-08-27,1000000.00,3.755117,102.234375
10:30:01,91282CLD1,TSRYS5850288,D,S,D,2024-08-27,1000000.00,3.755117,102.234375
10:30:01,91282CLD1,TSRYS5850288,D,S,D,2024-08-27,1000000.00,3.755117,102.234375
10:30:01,91282CLD1,TSRYS5850288,D,B,C,2024-08-27,2000000.00,3.754798,102.236328125
10:30:01,91282CLD1,TSRYS5850288,D,S,D,2024-08-27,2000000.00,3.754798,102.236328125
10:30:01,91282CLD1,TSRYS5850288,D,B,C,2024-08-27,2000000.00,3.754798,102.236328125
10:30:01,91282CLD1,TSRYS5850288,D,S,D,2024-08-27,2000000.00,3.754798,102.236328125
10:30:01,91282CLD1,TSRYS5850288,D,B,C,2024-08-27,1000000.00,3.754798,102.236328125
10:30:01,91282CLD1,TSRYS5850288,D,S,D,2024-08-27,1000000.00,3.754798,102.236328125
10:30:01,91282CLD1,TSRYS5850288,D,S,D,2024-08-27,2000000.00,3.754798,102.236328125
10:30:01,91282CLD1,TSRYS5850288,D,B,C,2024-08-27,2000000.00,3.754798,102.236328125
10:30:01,91282CLD1,TSRYS5850288,D,S,D,2024-08-27,2000000.00,3.754798,102.236328125
10:30:01,91282CLD1,TSRYS5850288,D,B,C,2024-08-27,1000000.00,3.754798,102.236328125
10:30:01,91282CLD1,TSRYS5850288,D,S,D,2024-08-27,1000000.00,3.754798,102.236328125
10:30:01,91282CLD1,TSRYS5850288,D,B,C,2024-08-27,1000000.00,3.754798,102.236328125
10:30:01,91282CLD1,TSRYS5850288,D,S,D,2024-08-27,2000000.00,3.754798,102.236328125
10:30:01,91282CLD1,TSRYS5850288,D,B,C,2024-08-27,1000000.00,3.754798,102.236328125
10:30:01,91282CLD1,TSRYS5850288,D,S,D,2024-08-27,2000000.00,3.754798,102.236328125
10:30:02,91282CLD1,TSRYS5850288,D,S,D,2024-08-27,2000000.00,3.754798,102.236328125
10:30:02,91282CLD1,TSRYS5850288,D,S,D,2024-08-27,1000000.00,3.754798,102.236328125
10:30:02,91282CLD1,TSRYS5850288,D,B,C,2024-08-27,1000000.00,3.754798,102.236328125
10:30:02,91282CLD1,TSRYS5850288,D,S,D,2024-08-27,2000000.00,3.754798,102.236328125
10:30:02,91282CLD1,TSRYS5850288,D,S,D,2024-08-27,2000000.00,3.754798,102.236328125
10:30:02,91282CLD1,TSRYS5850288,D,S,D,2024-08-27,1000000.00,3.754798,102.236328125
10:30:02,91282CLD1,TSRYS5850288,D,S,D,2024-08-27,1000000.00,3.754798,102.236328125
10:30:02,91282CLD1,TSRYS5850288,D,S,D,2024-08-27,1000000.00,3.754798,102.236328125
10:30:03,91282CLD1,TSRYS5850288,D,S,D,2024-08-27,1000000.00,3.755117,102.234375
10:30:03,91282CLD1,TSRYS5850288,D,S,C,2024-08-27,1000000.00,3.755117,102.234375
10:30:03,91282CLD1,TSRYS5850288,D,B,C,2024-08-27,1000000.00,3.754798,102.236328125
10:30:03,91282CLD1,TSRYS5850288,D,S,D,2024-08-27,2000000.00,3.754798,102.236328125
10:30:03,91282CLD1,TSRYS5850288,D,S,C,2024-08-27,1000000.00,3.755117,102.234375
10:30:03,91282CLD1,TSRYS5850288,D,S,D,2024-08-27,1000000.00,3.754798,102.236328125
10:30:04,91282CLD1,TSRYS5850288,D,S,T,2024-08-27,1000000.00,3.754798,102.236328125
10:30:04,91282CLD1,TSRYS5850288,D,S,T,2024-08-27,1000000.00,3.755117,102.234375
10:30:05,91282CLD1,TSRYS5850288,D,S,D,2024-08-27,2000000.00,3.754798,102.236328125
10:30:05,91282CLD1,TSRYS5850288,D,S,T,2024-08-27,2000000.00,3.754798,102.236328125
10:30:05,91282CLD1,TSRYS5850288,D,S,T,2024-08-27,1000000.00,3.754798,102.236328125
10:30:05,91282CLD1,TSRYS5850288,D,S,T,2024-08-27,1000000.00,3.755117,102.234375
10:30:05,91282CLD1,TSRYS5850288,D,S,T,2024-08-27,1000000.00,3.755117,102.234375
10:30:06,91282CLD1,TSRYS5850288,D,S,D,2024-08-27,1000000.00,3.754798,102.236328125
10:30:06,91282CLD1,TSRYS5850288,D,S,D,2024-08-27,1000000.00,3.754798,102.236328125
10:30:06,91282CLD1,TSRYS5850288,D,S,T,2024-08-27,1000000.00,3.755117,102.234375
10:30:06,91282CLD1,TSRYS5850288,D,S,T,2024-08-27,1000000.00,3.754798,102.236328125
10:30:06,91282CLD1,TSRYS5850288,D,S,T,2024-08-27,2000000.00,3.755117,102.234375
10:30:06,91282CLD1,TSRYS5850288,D,S,T,2024-08-27,1000000.00,3.755117,102.234375
10:30:07,91282CLD1,TSRYS5850288,D,S,T,2024-08-27,1000000.00,3.754798,102.236328125
10:30:07,91282CLD1,TSRYS5850288,D,S,T,2024-08-27,1000000.00,3.755117,102.234375
10:30:07,91282CLD1,TSRYS5850288,D,S,D,2024-08-27,1000000.00,3.755117,102.234375
10:30:07,91282CLD1,TSRYS5850288,D,S,T,2024-08-27,1000000.00,3.754798,102.236328125
10:30:07,91282CLD1,TSRYS5850288,D,S,T,2024-08-27,1000000.00,3.754798,102.236328125
10:30:07,91282CLD1,TSRYS5850288,D,S,T,2024-08-27,1000000.00,3.754798,102.236328125
10:30:07,91282CLD1,TSRYS5850288,D,S,T,2024-08-27,1000000.00,3.754798,102.236328125
10:30:07,91282CLD1,TSRYS5850288,D,S,T,2024-08-27,1000000.00,3.754798,102.236328125
10:30:07,91282CLD1,TSRYS5850288,D,S,T,2024-08-27,1000000.00,3.754798,102.236328125
10:30:07,91282CLD1,TSRYS5850288,D,S,D,2024-08-27,2000000.00,3.755117,102.234375
10:30:07,91282CLD1,TSRYS5850288,D,S,D,2024-08-27,1000000.00,3.756392,102.2265625
10:30:07,91282CLD1,TSRYS5850288,D,B,C,2024-08-27,1000000.00,3.756425,102.2263625
10:30:07,91282CLD1,TSRYS5850288,D,B,C,2024-08-27,1000000.00,3.756392,102.2265625
10:30:07,91282CLD1,TSRYS5850288,D,S,D,2024-08-27,1000000.00,3.756368,102.2267125
10:30:07,91282CLD1,TSRYS5850288,D,S,D,2024-08-27,1000000.00,3.754798,102.236328125
10:30:07,91282CLD1,TSRYS5850288,D,B,C,2024-08-27,1000000.00,3.756392,102.2265625
10:30:07,91282CLD1,TSRYS5850288,D,B,C,2024-08-27,1000000.00,3.756392,102.2265625
10:30:07,91282CLD1,TSRYS5850288,D,S,D,2024-08-27,1000000.00,3.756368,102.2267125
10:30:07,91282CLD1,TSRYS5850288,D,S,T,2024-08-27,2000000.00,3.755133,102.234275
10:30:07,91282CLD1,TSRYS5850288,D,S,D,2024-08-27,2000000.00,3.754798,102.236328125
10:30:07,91282CLD1,TSRYS5850288,D,S,D,2024-08-27,1000000.00,3.754798,102.236328125
10:30:07,91282CLD1,TSRYS5850288,D,S,D,2024-08-27,1000000.00,3.755117,102.234375
10:30:07,91282CLD1,TSRYS5850288,D,S,D,2024-08-27,1000000.00,3.754798,102.236328125
10:30:07,91282CLD1,TSRYS5850288,D,S,T,2024-08-27,1000000.00,3.755133,102.234275
10:30:07,91282CLD1,TSRYS5850288,D,S,T,2024-08-27,1000000.00,3.755133,102.234275
10:30:07,91282CLD1,TSRYS5850288,D,S,T,2024-08-27,1000000.00,3.755133,102.234275
10:30:07,91282CLD1,TSRYS5850288,D,S,T,2024-08-27,1000000.00,3.755133,102.234275
10:30:07,91282CLD1,TSRYS5850288,D,S,C,2024-08-27,1000000.00,3.755117,102.234375
10:30:07,91282CLD1,TSRYS5850288,D,S,D,2024-08-27,1000000.00,3.755117,102.234375
10:30:08,91282CLD1,TSRYS5850288,D,S,D,2024-08-27,1000000.00,3.755117,102.234375
10:30:08,91282CLD1,TSRYS5850288,D,S,C,2024-08-27,1000000.00,3.755117,102.234375
10:30:08,91282CLD1,TSRYS5850288,D,S,C,2024-08-27,1000000.00,3.755117,102.234375
10:30:08,91282CLD1,TSRYS5850288,D,S,D,2024-08-27,1000000.00,3.7551,102.234475
10:30:09,91282CLD1,TSRYS5850288,D,S,D,2024-08-27,1000000.00,3.754798,102.236328125
10:30:09,91282CLD1,TSRYS5850288,D,S,D,2024-08-27,2000000.00,3.754798,102.236328125
10:30:09,91282CLD1,TSRYS5850288,D,S,D,2024-08-27,1000000.00,3.754798,102.236328125
10:30:09,91282CLD1,TSRYS5850288,D,S,D,2024-08-27,1000000.00,3.754798,102.236328125
10:30:12,91282CLD1,TSRYS5850288,D,S,D,2024-08-27,1000000.00,3.754798,102.236328125
10:30:12,91282CLD1,TSRYS5850288,D,S,D,2024-08-27,1000000.00,3.754798,102.236328125
10:30:12,91282CLD1,TSRYS5850288,D,S,D,2024-08-27,1000000.00,3.754798,102.236328125
10:30:12,91282CLD1,TSRYS5850288,D,S,D,2024-08-27,1000000.00,3.754798,102.236328125
10:30:12,91282CLD1,TSRYS5850288,D,S,D,2024-08-27,1000000.00,3.754798,102.236328125
10:30:12,91282CLD1,TSRYS5850288,D,B,C,2024-08-27,1000000.00,3.754798,102.236328125
10:30:12,91282CLD1,TSRYS5850288,D,S,D,2024-08-27,1000000.00,3.754798,102.236328125
10:30:12,91282CLD1,TSRYS5850288,D,S,D,2024-08-27,1000000.00,3.754798,102.236328125
10:30:12,91282CLD1,TSRYS5850288,D,B,C,2024-08-27,1000000.00,3.754798,102.236328125
10:30:12,91282CLD1,TSRYS5850288,D,S,D,2024-08-27,1000000.00,3.754798,102.236328125
10:30:12,91282CLD1,TSRYS5850288,D,B,C,2024-08-27,1000000.00,3.754798,102.236328125
10:30:12,91282CLD1,TSRYS5850288,D,S,D,2024-08-27,1000000.00,3.754798,102.236328125
10:30:12,91282CLD1,TSRYS5850288,D,S,D,2024-08-27,1000000.00,3.754798,102.236328125
10:30:12,91282CLD1,TSRYS5850288,D,S,D,2024-08-27,1000000.00,3.754798,102.236328125
10:30:12,91282CLD1,TSRYS5850288,D,S,D,2024-08-27,1000000.00,3.754798,102.236328125
10:30:20,91282CLD1,TSRYS5850288,D,S,T,2024-08-27,2000000.00,3.75703,102.22265625
10:30:21,91282CLD1,TSRYS5850288,D,S,T,2024-08-27,2000000.00,3.75703,102.22265625
10:30:22,91282CLD1,TSRYS5850288,D,S,T,2024-08-27,2000000.00,3.75703,102.22265625
10:30:22,91282CLD1,TSRYS5850288,D,S,D,2024-08-27,1000000.00,3.755117,102.234375
10:30:22,91282CLD1,TSRYS5850288,D,S,C,2024-08-27,1000000.00,3.755117,102.234375
10:30:22,91282CLD1,TSRYS5850288,D,S,D,2024-08-27,1000000.00,3.755117,102.234375
10:30:22,91282CLD1,TSRYS5850288,D,S,D,2024-08-27,1000000.00,3.755117,102.234375
10:30:22,91282CLD1,TSRYS5850288,D,S,D,2024-08-27,1000000.00,3.755092,102.234525
10:30:22,91282CLD1,TSRYS5850288,D,S,C,2024-08-27,1000000.00,3.755117,102.234375
10:30:22,91282CLD1,TSRYS5850288,D,S,C,2024-08-27,1000000.00,3.755117,102.234375
10:30:22,91282CLD1,TSRYS5850288,D,S,C,2024-08-27,1000000.00,3.755117,102.234375
10:30:22,91282CLD1,TSRYS5850288,D,S,C,2024-08-27,1000000.00,3.755117,102.234375
10:30:22,91282CLD1,TSRYS5850288,D,S,D,2024-08-27,1000000.00,3.755092,102.234525
10:30:22,91282CLD1,TSRYS5850288,D,S,D,2024-08-27,1000000.00,3.755092,102.234525
10:30:22,91282CLD1,TSRYS5850288,D,S,C,2024-08-27,1000000.00,3.755436,102.23242187
10:30:23,91282CLD1,TSRYS5850288,D,B,C,2024-08-27,1000000.00,3.75703,102.22265625
10:30:23,91282CLD1,TSRYS5850288,D,S,D,2024-08-27,1000000.00,3.75703,102.22265625
10:30:23,91282CLD1,TSRYS5850288,D,B,C,2024-08-27,1000000.00,3.75703,102.22265625
10:30:23,91282CLD1,TSRYS5850288,D,S,D,2024-08-27,1000000.00,3.75703,102.22265625
10:30:23,91282CLD1,TSRYS5850288,D,S,D,2024-08-27,1000000.00,3.75703,102.22265625
10:30:23,91282CLD1,TSRYS5850288,D,S,D,2024-08-27,1000000.00,3.75703,102.22265625
10:30:24,91282CLD1,TSRYS5850288,D,S,T,2024-08-27,1000000.00,3.755436,102.23242187
10:30:24,91282CLD1,TSRYS5850288,D,S,C,2024-08-27,1000000.00,3.755436,102.23242187
10:30:25,91282CLD1,TSRYS5850288,D,S,T,2024-08-27,1000000.00,3.755436,102.23242187
10:30:25,91282CLD1,TSRYS5850288,D,S,T,2024-08-27,2000000.00,3.75703,102.22265625
10:30:25,91282CLD1,TSRYS5850288,D,S,T,2024-08-27,2000000.00,3.75703,102.22265625
10:30:25,91282CLD1,TSRYS5850288,D,S,T,2024-08-27,1000000.00,3.75703,102.22265625
10:30:25,91282CLD1,TSRYS5850288,D,S,D,2024-08-27,1000000.00,3.75703,102.22265625
10:30:25,91282CLD1,TSRYS5850288,D,S,D,2024-08-27,2000000.00,3.75703,102.22265625
10:30:26,91282CLD1,TSRYS5850288,D,S,D,2024-08-27,2000000.00,3.75703,102.22265625
10:30:27,91282CLD1,TSRYS5850288,D,S,D,2024-08-27,2000000.00,3.75703,102.22265625
10:30:27,91282CLD1,TSRYS5850288,D,S,T,2024-08-27,2000000.00,3.754798,102.23632812
10:30:28,91282CLD1,TSRYS5850288,D,S,T,2024-08-27,2000000.00,3.75703,102.22265625
10:30:28,91282CLD1,TSRYS5850288,D,S,T,2024-08-27,1000000.00,3.75703,102.22265625
10:30:28,91282CLD1,TSRYS5850288,D,S,T,2024-08-27,1000000.00,3.75703,102.22265625
10:30:28,91282CLD1,TSRYS5850288,D,S,T,2024-08-27,1000000.00,3.75703,102.22265625
10:30:28,91282CLD1,TSRYS5850288,D,S,T,2024-08-27,1000000.00,3.75703,102.22265625
10:30:28,91282CLD1,TSRYS5850288,D,S,T,2024-08-27,1000000.00,3.75703,102.22265625
10:30:28,91282CLD1,TSRYS5850288,D,S,D,2024-08-27,1000000.00,3.75703,102.22265625
10:30:28,91282CLD1,TSRYS5850288,D,B,C,2024-08-27,1000000.00,3.75703,102.22265625
10:30:28,91282CLD1,TSRYS5850288,D,S,D,2024-08-27,1000000.00,3.75703,102.22265625
10:30:28,91282CLD1,TSRYS5850288,D,B,C,2024-08-27,1000000.00,3.75703,102.22265625
10:30:28,91282CLD1,TSRYS5850288,D,B,C,2024-08-27,2000000.00,3.75703,102.22265625
10:30:28,91282CLD1,TSRYS5850288,D,S,D,2024-08-27,2000000.00,3.75703,102.22265625
10:30:28,91282CLD1,TSRYS5850288,D,B,C,2024-08-27,2000000.00,3.75703,102.22265625
10:30:28,91282CLD1,TSRYS5850288,D,S,D,2024-08-27,1000000.00,3.75703,102.22265625
10:30:28,91282CLD1,TSRYS5850288,D,S,D,2024-08-27,2000000.00,3.75703,102.22265625
10:30:28,91282CLD1,TSRYS5850288,D,B,C,2024-08-27,1000000.00,3.75703,102.22265625
10:30:28,91282CLD1,TSRYS5850288,D,S,D,2024-08-27,1000000.00,3.75703,102.22265625
10:30:28,91282CLD1,TSRYS5850288,D,S,D,2024-08-27,1000000.00,3.75703,102.22265625
10:30:28,91282CLD1,TSRYS5850288,D,B,C,2024-08-27,1000000.00,3.75703,102.22265625
10:30:28,91282CLD1,TSRYS5850288,D,S,D,2024-08-27,1000000.00,3.75703,102.22265625
10:30:29,91282CLD1,TSRYS5850288,D,S,T,2024-08-27,1000000.00,3.754798,102.23632812
10:30:29,91282CLD1,TSRYS5850288,D,S,D,2024-08-27,1000000.00,3.75703,102.22265625
10:30:29,91282CLD1,TSRYS5850288,D,B,C,2024-08-27,1000000.00,3.75703,102.22265625
10:30:30,91282CLD1,TSRYS5850288,D,S,D,2024-08-27,1000000.00,3.75703,102.22265625
10:30:30,91282CLD1,TSRYS5850288,D,S,D,2024-08-27,2000000.00,3.75703,102.22265625
10:30:30,91282CLD1,TSRYS5850288,D,S,D,2024-08-27,2000000.00,3.75703,102.22265625
10:30:30,91282CLD1,TSRYS5850288,D,S,D,2024-08-27,1000000.00,3.75703,102.22265625
10:30:30,91282CLD1,TSRYS5850288,D,B,C,2024-08-27,1000000.00,3.75703,102.22265625
10:30:30,91282CLD1,TSRYS5850288,D,S,D,2024-08-27,1000000.00,3.75703,102.22265625
10:30:33,91282CLD1,TSRYS5850288,D,S,D,2024-08-27,2000000.00,3.75703,102.22265625
10:30:33,91282CLD1,TSRYS5850288,D,S,D,2024-08-27,1000000.00,3.75703,102.22265625
10:30:33,91282CLD1,TSRYS5850288,D,S,D,2024-08-27,1000000.00,3.75703,102.22265625
10:30:33,91282CLD1,TSRYS5850288,D,S,D,2024-08-27,1000000.00,3.75703,102.22265625
10:30:33,91282CLD1,TSRYS5850288,D,S,D,2024-08-27,1000000.00,3.75703,102.22265625
10:30:33,91282CLD1,TSRYS5850288,D,B,C,2024-08-27,1000000.00,3.75703,102.22265625
10:30:33,91282CLD1,TSRYS5850288,D,S,D,2024-08-27,1000000.00,3.75703,102.22265625
10:30:33,91282CLD1,TSRYS5850288,D,B,C,2024-08-27,1000000.00,3.75703,102.22265625
10:30:33,91282CLD1,TSRYS5850288,D,S,D,2024-08-27,1000000.00,3.75703,102.22265625
10:30:33,91282CLD1,TSRYS5850288,D,S,D,2024-08-27,1000000.00,3.75703,102.22265625
10:30:33,91282CLD1,TSRYS5850288,D,B,C,2024-08-27,1000000.00,3.75703,102.22265625
10:30:33,91282CLD1,TSRYS5850288,D,S,D,2024-08-27,1000000.00,3.75703,102.22265625
10:30:34,91282CLD1,TSRYS5850288,D,S,T,2024-08-27,2000000.00,3.754798,102.23632812
10:30:36,91282CLD1,TSRYS5850288,D,S,T,2024-08-27,2000000.00,3.754798,102.23632812
10:30:37,91282CLD1,TSRYS5850288,D,S,D,2024-08-27,1000000.00,3.755092,102.234525
10:30:37,91282CLD1,TSRYS5850288,D,S,D,2024-08-27,1000000.00,3.755092,102.234525
10:30:37,91282CLD1,TSRYS5850288,D,S,D,2024-08-27,1000000.00,3.755092,102.234525
10:30:37,91282CLD1,TSRYS5850288,D,S,D,2024-08-27,1000000.00,3.755092,102.234525
10:30:37,91282CLD1,TSRYS5850288,D,S,D,2024-08-27,1000000.00,3.755092,102.234525
10:30:37,91282CLD1,TSRYS5850288,D,S,D,2024-08-27,1000000.00,3.755092,102.234525
10:30:37,91282CLD1,TSRYS5850288,D,S,D,2024-08-27,1000000.00,3.755092,102.234525
10:30:37,91282CLD1,TSRYS5850288,D,S,D,2024-08-27,2000000.00,3.755117,102.234375
10:30:37,91282CLD1,TSRYS5850288,D,B,C,2024-08-27,1000000.00,3.755117,102.234375
10:30:37,91282CLD1,TSRYS5850288,D,S,D,2024-08-27,1000000.00,3.755117,102.234375
10:30:37,91282CLD1,TSRYS5850288,D,B,C,2024-08-27,1000000.00,3.755117,102.234375
10:30:37,91282CLD1,TSRYS5850288,D,B,C,2024-08-27,1000000.00,3.755117,102.234375
10:30:37,91282CLD1,TSRYS5850288,D,S,D,2024-08-27,1000000.00,3.755117,102.234375
10:30:37,91282CLD1,TSRYS5850288,D,S,D,2024-08-27,1000000.00,3.755117,102.234375
10:30:37,91282CLD1,TSRYS5850288,D,S,T,2024-08-27,2000000.00,3.754798,102.23632812
10:30:38,91282CLD1,TSRYS5850288,D,S,D,2024-08-27,2000000.00,3.75703,102.22265625
10:30:38,91282CLD1,TSRYS5850288,D,S,C,2024-08-27,2000000.00,3.756073,102.228515625
10:30:38,91282CLD1,TSRYS5850288,D,B,C,2024-08-27,2000000.00,3.75703,102.22265625
10:30:38,91282CLD1,TSRYS5850288,D,S,T,2024-08-27,1000000.00,3.756392,102.2265625
10:30:38,91282CLD1,TSRYS5850288,D,S,T,2024-08-27,1000000.00,3.754798,102.23632812
10:30:38,91282CLD1,TSRYS5850288,D,S,T,2024-08-27,1000000.00,3.754798,102.23632812
10:30:38,91282CLD1,TSRYS5850288,D,S,C,2024-08-27,1000000.00,3.756073,102.228515625
10:30:38,91282CLD1,TSRYS5850288,D,S,D,2024-08-27,1000000.00,3.756073,102.228515625
10:30:40,91282CLD1,TSRYS5850288,D,S,D,2024-08-27,1000000.00,3.756392,102.2265625
10:30:41,91282CLD1,TSRYS5850288,D,S,T,2024-08-27,1000000.00,3.756392,102.2265625
10:30:41,91282CLD1,TSRYS5850288,D,S,T,2024-08-27,1000000.00,3.756392,102.2265625
10:30:41,91282CLD1,TSRYS5850288,D,S,D,2024-08-27,2000000.00,3.756073,102.228515625
10:30:43,91282CLD1,TSRYS5850288,D,S,T,2024-08-27,1000000.00,3.754798,102.23632812
10:30:44,91282CLD1,TSRYS5850288,D,S,T,2024-08-27,1000000.00,3.754798,102.23632812
10:30:45,91282CLD1,TSRYS5850288,D,S,T,2024-08-27,1000000.00,3.756073,102.228515625
10:30:45,91282CLD1,TSRYS5850288,D,S,T,2024-08-27,2000000.00,3.756073,102.228515625
10:30:45,91282CLD1,TSRYS5850288,D,S,T,2024-08-27,1000000.00,3.756073,102.228515625
10:30:47,91282CLD1,TSRYS5850288,D,S,T,2024-08-27,1000000.00,3.754798,102.23632812
10:30:48,91282CLD1,TSRYS5850288,D,S,D,2024-08-27,2000000.00,3.756073,102.228515625
10:30:49,91282CLD1,TSRYS5850288,D,S,T,2024-08-27,1000000.00,3.754798,102.23632812
10:30:50,91282CLD1,TSRYS5850288,D,S,T,2024-08-27,2000000.00,3.756073,102.228515625
10:30:52,91282CLD1,TSRYS5850288,D,S,D,2024-08-27,1000000.00,3.756368,102.2267125
10:30:52,91282CLD1,TSRYS5850288,D,S,D,2024-08-27,2000000.00,3.756392,102.2265625
10:30:52,91282CLD1,TSRYS5850288,D,B,C,2024-08-27,2000000.00,3.756425,102.2263625
10:30:52,91282CLD1,TSRYS5850288,D,B,C,2024-08-27,1000000.00,3.755754,102.23046875
10:30:52,91282CLD1,TSRYS5850288,D,B,C,2024-08-27,1000000.00,3.756425,102.2263625
10:30:52,91282CLD1,TSRYS5850288,D,S,D,2024-08-27,1000000.00,3.755754,102.23046875
10:30:54,91282CLD1,TSRYS5850288,D,S,D,2024-08-27,1000000.00,3.755117,102.234375
10:30:54,91282CLD1,TSRYS5850288,D,B,C,2024-08-27,1000000.00,3.754798,102.23632812
10:30:56,91282CLD1,TSRYS5850288,D,S,T,2024-08-27,2000000.00,3.756073,102.228515625
10:31:07,91282CLD1,TSRYS5850288,D,B,C,2024-08-27,1000000.00,3.756425,102.2263625
10:31:07,91282CLD1,TSRYS5850288,D,S,D,2024-08-27,1000000.00,3.756392,102.2265625
10:31:07,91282CLD1,TSRYS5850288,D,S,D,2024-08-27,1000000.00,3.756368,102.2267125
10:31:07,91282CLD1,TSRYS5850288,D,S,D,2024-08-27,1000000.00,3.756392,102.2265625
10:31:07,91282CLD1,TSRYS5850288,D,S,D,2024-08-27,1000000.00,3.756392,102.2265625
10:31:11,91282CLD1,TSRYS5850288,D,S,T,2024-08-27,1000000.00,3.756392,102.2265625
10:31:11,91282CLD1,TSRYS5850288,D,S,T,2024-08-27,1000000.00,3.756392,102.2265625
10:31:12,91282CLD1,TSRYS5850288,D,S,D,2024-08-27,2000000.00,3.756073,102.228515625
10:31:12,91282CLD1,TSRYS5850288,D,S,C,2024-08-27,1000000.00,3.756073,102.228515625
10:31:13,91282CLD1,TSRYS5850288,D,S,T,2024-08-27,2000000.00,3.756073,102.228515625
10:31:13,91282CLD1,TSRYS5850288,D,S,C,2024-08-27,1000000.00,3.756073,102.228515625
10:31:15,91282CLD1,TSRYS5850288,D,S,C,2024-08-27,3000000.00,3.755754,102.23046875
10:31:18,91282CLD1,TSRYS5850288,D,S,D,2024-08-27,1000000.00,3.756711,102.224609375
10:31:18,91282CLD1,TSRYS5850288,D,S,T,2024-08-27,1000000.00,3.756073,102.228515625
10:31:18,91282CLD1,TSRYS5850288,D,S,T,2024-08-27,1000000.00,3.756073,102.228515625
10:31:19,91282CLD1,TSRYS5850288,D,S,C,2024-08-27,1000000.00,3.756711,102.224609375
10:31:40,91282CLD1,TSRYS5850288,D,S,D,2024-08-27,1000000.00,3.756368,102.2267125
10:31:49,91282CLD1,TSRYS5850288,D,S,T,2024-08-27,1000000.00,3.756392,102.2265625
10:31:50,91282CLD1,TSRYS5850288,D,S,T,2024-08-27,1000000.00,3.756073,102.228515625
10:31:50,91282CLD1,TSRYS5850288,D,S,T,2024-08-27,1000000.00,3.756392,102.2265625
10:31:54,91282CLD1,TSRYS5850288,D,S,T,2024-08-27,1000000.00,3.756392,102.2265625
10:31:54,91282CLD1,TSRYS5850288,D,S,D,2024-08-27,1000000.00,3.756073,102.228515625
10:31:54,91282CLD1,TSRYS5850288,D,S,D,2024-08-27,1000000.00,3.756392,102.2265625
10:32:07,91282CLD1,TSRYS5850288,D,S,D,2024-08-27,1000000.00,3.756392,102.2265625
10:32:07,91282CLD1,TSRYS5850288,D,S,D,2024-08-27,1000000.00,3.756392,102.2265625
10:32:07,91282CLD1,TSRYS5850288,D,B,C,2024-08-27,1000000.00,3.756392,102.2265625
10:32:22,91282CLD1,TSRYS5850288,D,S,T,2024-08-27,1000000.00,3.755515,102.231938
10:32:23,91282CLD1,TSRYS5850288,D,S,D,2024-08-27,25000.00,3.755117,102.234375
10:32:24,91282CLD1,TSRYS5850288,D,S,D,2024-08-27,15000.00,3.755117,102.234375
10:32:24,91282CLD1,TSRYS5850288,D,B,A,2024-08-27,15000.00,3.755117,102.234375
10:32:25,91282CLD1,TSRYS5850288,D,S,D,2024-08-27,1000000.00,3.756368,102.2267125
10:32:25,91282CLD1,TSRYS5850288,D,B,C,2024-08-27,1000000.00,3.756392,102.2265625
10:32:25,91282CLD1,TSRYS5850288,D,S,D,2024-08-27,1000000.00,3.756392,102.2265625
10:32:25,91282CLD1,TSRYS5850288,D,B,C,2024-08-27,1000000.00,3.756392,102.2265625
10:32:28,91282CLD1,TSRYS5850288,D,S,T,2024-08-27,1000000.00,3.756392,102.2265625
10:32:28,91282CLD1,TSRYS5850288,D,S,T,2024-08-27,2000000.00,3.75703,102.22265625
10:32:28,91282CLD1,TSRYS5850288,D,S,D,2024-08-27,1000000.00,3.75703,102.22265625
10:32:28,91282CLD1,TSRYS5850288,D,S,T,2024-08-27,2000000.00,3.756392,102.2265625
10:32:28,91282CLD1,TSRYS5850288,D,S,T,2024-08-27,1000000.00,3.756392,102.2265625
10:32:28,91282CLD1,TSRYS5850288,D,S,D,2024-08-27,1000000.00,3.75703,102.22265625
10:32:28,91282CLD1,TSRYS5850288,D,S,D,2024-08-27,2000000.00,3.75703,102.22265625
10:32:33,91282CLD1,TSRYS5850288,D,S,D,2024-08-27,2000000.00,3.756392,102.2265625
10:32:34,91282CLD1,TSRYS5850288,D,S,D,2024-08-27,140000.00,3.755117,102.234375
10:32:34,91282CLD1,TSRYS5850288,D,S,D,2024-08-27,515000.00,3.755117,102.234375
10:32:35,91282CLD1,TSRYS5850288,D,S,D,2024-08-27,1000000.00,3.756915,102.2233563
10:32:37,91282CLD1,TSRYS5850288,D,S,C,2024-08-27,1000000.00,3.755515,102.231938
10:32:37,91282CLD1,TSRYS5850288,D,S,D,2024-08-27,1000000.00,3.755515,102.231938
10:32:40,91282CLD1,TSRYS5850288,D,S,D,2024-08-27,1000000.00,3.756368,102.2267125
10:32:40,91282CLD1,TSRYS5850288,D,B,C,2024-08-27,1000000.00,3.756416,102.2264125
10:32:40,91282CLD1,TSRYS5850288,D,S,D,2024-08-27,1000000.00,3.756392,102.2265625
10:32:40,91282CLD1,TSRYS5850288,D,S,C,2024-08-27,2000000.00,3.756363,102.2267375
10:32:40,91282CLD1,TSRYS5850288,D,B,C,2024-08-27,1000000.00,3.756416,102.2264125
10:32:40,91282CLD1,TSRYS5850288,D,B,C,2024-08-27,2000000.00,3.756416,102.2264125
10:32:40,91282CLD1,TSRYS5850288,D,S,D,2024-08-27,1000000.00,3.756392,102.2265625
10:32:40,91282CLD1,TSRYS5850288,D,S,D,2024-08-27,1000000.00,3.756392,102.2265625
10:32:40,91282CLD1,TSRYS5850288,D,S,D,2024-08-27,1000000.00,3.756392,102.2265625
10:32:40,91282CLD1,TSRYS5850288,D,B,C,2024-08-27,1000000.00,3.756392,102.2265625
10:32:40,91282CLD1,TSRYS5850288,D,S,D,2024-08-27,495000.00,3.755117,102.234375
10:32:40,91282CLD1,TSRYS5850288,D,S,D,2024-08-27,495000.00,3.755117,102.234375
10:33:08,91282CLD1,TSRYS5850288,D,S,D,2024-08-27,1000000.00,3.755515,102.231938
10:33:21,91282CLD1,TSRYS5850288,D,S,D,2024-08-27,1000000.00,3.756392,102.2265625
10:33:21,91282CLD1,TSRYS5850288,D,B,C,2024-08-27,1000000.00,3.756392,102.2265625
10:33:21,91282CLD1,TSRYS5850288,D,S,D,2024-08-27,1000000.00,3.756392,102.2265625
10:33:21,91282CLD1,TSRYS5850288,D,S,D,2024-08-27,1000000.00,3.756392,102.2265625
10:33:21,91282CLD1,TSRYS5850288,D,B,C,2024-08-27,1000000.00,3.756392,102.2265625
10:33:23,91282CLD1,TSRYS5850288,D,B,C,2024-08-27,2000000.00,3.75703,102.22265625
10:33:23,91282CLD1,TSRYS5850288,D,S,D,2024-08-27,2000000.00,3.75703,102.22265625
10:33:24,91282CLD1,TSRYS5850288,D,S,T,2024-08-27,2000000.00,3.75703,102.22265625
10:33:24,91282CLD1,TSRYS5850288,D,S,T,2024-08-27,1000000.00,3.757667,102.21875
10:33:24,91282CLD1,TSRYS5850288,D,S,T,2024-08-27,1000000.00,3.75703,102.22265625
10:33:24,91282CLD1,TSRYS5850288,D,S,T,2024-08-27,1000000.00,3.75703,102.22265625
10:33:24,91282CLD1,TSRYS5850288,D,S,D,2024-08-27,1000000.00,3.75703,102.22265625
10:33:24,91282CLD1,TSRYS5850288,D,S,D,2024-08-27,1000000.00,3.75703,102.22265625
10:33:24,91282CLD1,TSRYS5850288,D,S,D,2024-08-27,1000000.00,3.757667,102.21875
10:33:24,91282CLD1,TSRYS5850288,D,B,C,2024-08-27,1000000.00,3.7577,102.21855
10:33:25,91282CLD1,TSRYS5850288,D,B,C,2024-08-27,132800000.00,3.8344,101.75
10:33:26,91282CLD1,TSRYS5850288,D,S,D,2024-08-27,31400000.00,3.756392,102.2265625
10:33:28,91282CLD1,TSRYS5850288,D,S,D,2024-08-27,665000.00,3.755117,102.234375
10:33:29,91282CLD1,TSRYS5850288,D,S,D,2024-08-27,2000000.00,3.75703,102.22265625
10:33:29,91282CLD1,TSRYS5850288,D,B,C,2024-08-27,1000000.00,3.75703,102.22265625
10:33:29,91282CLD1,TSRYS5850288,D,S,D,2024-08-27,1000000.00,3.75703,102.22265625
10:33:29,91282CLD1,TSRYS5850288,D,S,D,2024-08-27,1000000.00,3.75703,102.22265625
10:33:29,91282CLD1,TSRYS5850288,D,B,C,2024-08-27,1000000.00,3.75703,102.22265625
10:33:29,91282CLD1,TSRYS5850288,D,S,D,2024-08-27,1000000.00,3.75703,102.22265625
10:33:29,91282CLD1,TSRYS5850288,D,S,D,2024-08-27,1000000.00,3.75703,102.22265625
10:33:36,91282CLD1,TSRYS5850288,D,S,D,2024-08-27,1000000.00,3.756392,102.2265625
10:33:39,91282CLD1,TSRYS5850288,D,B,C,2024-08-27,1000000.00,3.75703,102.22265625
10:33:42,91282CLD1,TSRYS5850288,D,S,D,2024-08-27,7450000.00,3.755117,102.234375
10:33:42,91282CLD1,TSRYS5850288,D,S,D,2024-08-27,660000.00,3.755117,102.234375
10:33:43,91282CLD1,TSRYS5850288,D,S,D,2024-08-27,155000.00,3.755117,102.234375
10:33:46,91282CLD1,TSRYS5850288,D,S,D,2024-08-27,1000000.00,3.755117,102.234375
10:34:01,91282CLD1,TSRYS5850288,D,S,D,2024-08-27,1000000.00,3.75703,102.22265625
10:34:04,91282CLD1,TSRYS5850288,D,S,T,2024-08-27,1000000.00,3.75703,102.22265625
10:34:05,91282CLD1,TSRYS5850288,D,S,D,2024-08-27,1000000.00,3.75703,102.22265625
10:34:05,91282CLD1,TSRYS5850288,D,S,D,2024-08-27,1000000.00,3.75703,102.22265625
10:34:05,91282CLD1,TSRYS5850288,D,S,D,2024-08-27,1000000.00,3.75703,102.22265625
10:34:05,91282CLD1,TSRYS5850288,D,S,D,2024-08-27,1000000.00,3.75703,102.22265625
10:34:05,91282CLD1,TSRYS5850288,D,S,D,2024-08-27,1000000.00,3.75703,102.22265625
10:34:06,91282CLD1,TSRYS5850288,D,S,D,2024-08-27,1000000.00,3.75703,102.22265625
10:34:06,91282CLD1,TSRYS5850288,D,S,D,2024-08-27,1000000.00,3.75703,102.22265625
10:34:06,91282CLD1,TSRYS5850288,D,S,D,2024-08-27,1000000.00,3.75703,102.22265625
10:34:06,91282CLD1,TSRYS5850288,D,S,C,2024-08-27,1000000.00,3.757667,102.21875
10:34:07,91282CLD1,TSRYS5850288,D,S,C,2024-08-27,1000000.00,3.756711,102.224609375
10:34:07,91282CLD1,TSRYS5850288,D,S,C,2024-08-27,1000000.00,3.756711,102.224609375
10:34:17,91282CLD1,TSRYS5850288,D,S,D,2024-08-27,110000.00,3.755117,102.234375
10:34:17,91282CLD1,TSRYS5850288,D,S,D,2024-08-27,5000000.00,3.757095,102.22225625
10:34:17,91282CLD1,TSRYS5850288,D,S,D,2024-08-27,500000.00,3.75703,102.22265625
10:34:18,91282CLD1,TSRYS5850288,D,S,D,2024-08-27,1260000.00,3.755117,102.234375
10:34:18,91282CLD1,TSRYS5850288,D,S,D,2024-08-27,1420000.00,3.755117,102.234375
10:34:18,91282CLD1,TSRYS5850288,D,S,D,2024-08-27,40000.00,3.755117,102.234375
10:34:19,91282CLD1,TSRYS5850288,D,S,D,2024-08-27,40000.00,3.755117,102.234375
10:34:19,91282CLD1,TSRYS5850288,D,S,D,2024-08-27,505000.00,3.755117,102.234375
10:34:20,91282CLD1,TSRYS5850288,D,S,D,2024-08-27,1250000.00,3.755117,102.234375
10:34:21,91282CLD1,TSRYS5850288,D,S,D,2024-08-27,1000000.00,3.757349,102.220703125
10:34:21,91282CLD1,TSRYS5850288,D,S,T,2024-08-27,1000000.00,3.757667,102.21875
10:34:21,91282CLD1,TSRYS5850288,D,S,T,2024-08-27,1000000.00,3.757667,102.21875
10:34:21,91282CLD1,TSRYS5850288,D,S,T,2024-08-27,1000000.00,3.757667,102.21875
10:34:21,91282CLD1,TSRYS5850288,D,S,T,2024-08-27,1000000.00,3.757667,102.21875
10:34:21,91282CLD1,TSRYS5850288,D,S,C,2024-08-27,1000000.00,3.757651,102.21885
10:34:23,91282CLD1,TSRYS5850288,D,S,T,2024-08-27,1000000.00,3.757667,102.21875
10:34:24,91282CLD1,TSRYS5850288,D,S,T,2024-08-27,1000000.00,3.757349,102.220703125
10:34:24,91282CLD1,TSRYS5850288,D,S,D,2024-08-27,35000.00,3.755117,102.234375
10:34:24,91282CLD1,TSRYS5850288,D,S,D,2024-08-27,1470000.00,3.755117,102.234375
10:34:25,91282CLD1,TSRYS5850288,D,S,D,2024-08-27,35000.00,3.755117,102.234375
10:34:25,91282CLD1,TSRYS5850288,D,S,D,2024-08-27,70000.00,3.755117,102.234375
10:34:26,91282CLD1,TSRYS5850288,D,S,D,2024-08-27,1160000.00,3.755117,102.234375
10:34:26,91282CLD1,TSRYS5850288,D,S,D,2024-08-27,870000.00,3.755117,102.234375
10:34:26,91282CLD1,TSRYS5850288,D,S,C,2024-08-27,1000000.00,3.757667,102.218925
10:34:27,91282CLD1,TSRYS5850288,D,S,D,2024-08-27,485000.00,3.755117,102.234375
10:34:28,91282CLD1,TSRYS5850288,D,S,D,2024-08-27,9613000.00,3.757593,102.21920386939
10:34:28,91282CLD1,TSRYS5850288,D,S,D,2024-08-27,660000.00,3.755117,102.234375
10:34:28,91282CLD1,TSRYS5850288,D,S,D,2024-08-27,390000.00,3.755117,102.234375
10:34:28,91282CLD1,TSRYS5850288,D,S,D,2024-08-27,405000.00,3.755117,102.234375
10:34:31,91282CLD1,TSRYS5850288,D,S,T,2024-08-27,1000000.00,3.758943,102.2109375
10:34:31,91282CLD1,TSRYS5850288,D,S,T,2024-08-27,1000000.00,3.758305,102.21484375
10:34:32,91282CLD1,TSRYS5850288,D,S,D,2024-08-27,1000000.00,3.758305,102.21484375
10:34:33,91282CLD1,TSRYS5850288,D,B,A,2024-08-27,41000.00,3.757157,102.221875
10:34:34,91282CLD1,TSRYS5850288,D,S,D,2024-08-27,2000000.00,3.759581,102.20703125
10:34:35,91282CLD1,TSRYS5850288,D,B,A,2024-08-27,26000.00,3.757157,102.221875
10:34:36,91282CLD1,TSRYS5850288,D,S,T,2024-08-27,9500000.00,3.8344,101.75
10:34:36,91282CLD1,TSRYS5850288,D,S,T,2024-08-27,12350000.00,3.8344,101.75
10:34:36,91282CLD1,TSRYS5850288,D,S,T,2024-08-27,14250000.00,3.8344,101.75
10:34:39,91282CLD1,TSRYS5850288,D,S,D,2024-08-27,50000.00,3.755117,102.234375
10:34:39,91282CLD1,TSRYS5850288,D,S,D,2024-08-27,35000.00,3.755117,102.234375
10:34:40,91282CLD1,TSRYS5850288,D,S,T,2024-08-27,1000000.00,3.760219,102.203125
10:34:40,91282CLD1,TSRYS5850288,D,S,T,2024-08-27,1000000.00,3.760219,102.203125
10:34:40,91282CLD1,TSRYS5850288,D,S,T,2024-08-27,3000000.00,3.760219,102.203125
10:34:40,91282CLD1,TSRYS5850288,D,S,T,2024-08-27,1000000.00,3.760219,102.203125
10:34:40,91282CLD1,TSRYS5850288,D,S,D,2024-08-27,1000000.00,3.760219,102.203125
10:34:40,91282CLD1,TSRYS5850288,D,B,A,2024-08-27,44000.00,3.757157,102.221875
10:34:44,91282CLD1,TSRYS5850288,D,S,T,2024-08-27,1000000.00,3.760219,102.203125
10:34:45,91282CLD1,TSRYS5850288,D,S,T,2024-08-27,1000000.00,3.760219,102.203125
10:34:47,91282CLD1,TSRYS5850288,D,B,A,2024-08-27,4000.00,3.757157,102.221875
10:34:49,91282CLD1,TSRYS5850288,D,S,D,2024-08-27,1000000.00,3.761494,102.1953125
10:34:51,91282CLD1,TSRYS5850288,D,S,D,2024-08-27,1000000.00,3.760856,102.19921875
10:34:51,91282CLD1,TSRYS5850288,D,S,D,2024-08-27,1000000.00,3.760856,102.19921875
10:34:51,91282CLD1,TSRYS5850288,D,S,D,2024-08-27,2000000.00,3.760856,102.19921875
10:34:51,91282CLD1,TSRYS5850288,D,S,D,2024-08-27,2000000.00,3.760856,102.19921875
10:34:52,91282CLD1,TSRYS5850288,D,S,D,2024-08-27,2000000.00,3.760856,102.19921875
10:34:52,91282CLD1,TSRYS5850288,D,S,D,2024-08-27,2000000.00,3.760856,102.19921875
10:34:52,91282CLD1,TSRYS5850288,D,S,D,2024-08-27,2000000.00,3.760856,102.19921875
10:34:52,91282CLD1,TSRYS5850288,D,S,D,2024-08-27,2000000.00,3.760856,102.19921875
10:34:52,91282CLD1,TSRYS5850288,D,S,D,2024-08-27,1000000.00,3.760537,102.201171875
10:34:53,91282CLD1,TSRYS5850288,D,B,C,2024-08-27,1000000.00,3.760537,102.201171875
10:34:53,91282CLD1,TSRYS5850288,D,S,D,2024-08-27,2000000.00,3.761494,102.1953125
10:34:53,91282CLD1,TSRYS5850288,D,S,D,2024-08-27,1000000.00,3.756392,102.2265625
10:34:53,91282CLD1,TSRYS5850288,D,B,C,2024-08-27,1000000.00,3.756392,102.2265625
10:34:55,91282CLD1,TSRYS5850288,D,S,D,2024-08-27,2000000.00,3.760856,102.19921875
10:35:00,91282CLD1,TSRYS5850288,D,S,T,2024-08-27,2000000.00,3.760856,102.19921875
10:35:00,91282CLD1,TSRYS5850288,D,S,T,2024-08-27,2000000.00,3.760856,102.19921875
10:35:00,91282CLD1,TSRYS5850288,D,S,T,2024-08-27,2000000.00,3.760856,102.19921875
10:35:00,91282CLD1,TSRYS5850288,D,S,T,2024-08-27,2000000.00,3.760856,102.19921875
10:35:00,91282CLD1,TSRYS5850288,D,S,T,2024-08-27,2000000.00,3.760856,102.19921875
10:35:00,91282CLD1,TSRYS5850288,D,S,T,2024-08-27,2000000.00,3.760856,102.19921875
10:35:00,91282CLD1,TSRYS5850288,D,S,T,2024-08-27,2000000.00,3.760856,102.19921875
10:35:03,91282CLD1,TSRYS5850288,D,S,C,2024-08-27,1000000.00,3.761175,102.197265625
10:35:03,91282CLD1,TSRYS5850288,D,S,D,2024-08-27,1000000.00,3.761175,102.197265625
10:35:07,91282CLD1,TSRYS5850288,D,S,D,2024-08-27,1000000.00,3.761494,102.1953125
10:35:07,91282CLD1,TSRYS5850288,D,S,T,2024-08-27,2000000.00,3.761494,102.1953125
10:35:08,91282CLD1,TSRYS5850288,D,B,C,2024-08-27,1000000.00,3.760856,102.19921875
10:35:08,91282CLD1,TSRYS5850288,D,S,D,2024-08-27,1000000.00,3.757667,102.21875
10:35:08,91282CLD1,TSRYS5850288,D,S,D,2024-08-27,1000000.00,3.757667,102.21875
10:35:11,91282CLD1,TSRYS5850288,D,S,D,2024-08-27,2000000.00,3.75703,102.22265625
10:35:11,91282CLD1,TSRYS5850288,D,S,T,2024-08-27,1000000.00,3.75703,102.22265625
10:35:11,91282CLD1,TSRYS5850288,D,S,T,2024-08-27,1000000.00,3.75703,102.22265625
10:35:11,91282CLD1,TSRYS5850288,D,S,T,2024-08-27,1000000.00,3.75703,102.22265625
10:35:12,91282CLD1,TSRYS5850288,D,B,C,2024-08-27,1000000.00,3.760856,102.19921875
10:35:12,91282CLD1,TSRYS5850288,D,S,C,2024-08-27,1000000.00,3.762132,102.19140625
10:35:13,91282CLD1,TSRYS5850288,D,S,D,2024-08-27,2000000.00,3.75703,102.22265625
10:35:14,91282CLD1,TSRYS5850288,D,S,D,2024-08-27,1000000.00,3.761813,102.193359375
10:35:15,91282CLD1,TSRYS5850288,D,S,T,2024-08-27,1000000.00,3.75703,102.22265625
10:35:15,91282CLD1,TSRYS5850288,D,S,D,2024-08-27,2000000.00,3.75703,102.22265625
10:35:15,91282CLD1,TSRYS5850288,D,S,T,2024-08-27,1000000.00,3.75703,102.22265625
10:35:16,91282CLD1,TSRYS5850288,D,S,D,2024-08-27,2000000.00,3.762132,102.19140625
10:35:17,91282CLD1,TSRYS5850288,D,S,D,2024-08-27,2000000.00,3.75703,102.22265625
10:35:18,91282CLD1,TSRYS5850288,D,S,T,2024-08-27,1000000.00,3.762132,102.19140625
10:35:18,91282CLD1,TSRYS5850288,D,S,C,2024-08-27,32300000.00,3.762067,102.19180625
10:35:19,91282CLD1,TSRYS5850288,D,S,D,2024-08-27,4000000.00,3.75703,102.22265625
10:35:19,91282CLD1,TSRYS5850288,D,S,D,2024-08-27,3000000.00,3.75703,102.22265625
10:35:22,91282CLD1,TSRYS5850288,D,S,T,2024-08-27,1000000.00,3.760219,102.203125
10:35:22,91282CLD1,TSRYS5850288,D,S,T,2024-08-27,1000000.00,3.760219,102.203125
10:35:23,91282CLD1,TSRYS5850288,D,S,D,2024-08-27,2000000.00,3.760856,102.19921875
10:35:23,91282CLD1,TSRYS5850288,D,S,C,2024-08-27,2000000.00,3.760521,102.201271875
10:35:23,91282CLD1,TSRYS5850288,D,S,D,2024-08-27,1000000.00,3.760856,102.19921875
10:35:23,91282CLD1,TSRYS5850288,D,S,T,2024-08-27,1000000.00,3.75703,102.22265625
10:35:23,91282CLD1,TSRYS5850288,D,S,D,2024-08-27,1000000.00,3.760856,102.19921875
10:35:23,91282CLD1,TSRYS5850288,D,S,T,2024-08-27,1000000.00,3.75703,102.22265625
10:35:23,91282CLD1,TSRYS5850288,D,S,T,2024-08-27,1000000.00,3.75703,102.22265625
10:35:23,91282CLD1,TSRYS5850288,D,S,D,2024-08-27,2000000.00,3.7599,102.205078125
10:35:23,91282CLD1,TSRYS5850288,D,S,D,2024-08-27,1000000.00,3.7599,102.205078125
10:35:23,91282CLD1,TSRYS5850288,D,S,C,2024-08-27,1000000.00,3.760537,102.201171875
10:35:23,91282CLD1,TSRYS5850288,D,S,C,2024-08-27,1000000.00,3.757667,102.21875
10:35:23,91282CLD1,TSRYS5850288,D,B,C,2024-08-27,1000000.00,3.760537,102.201171875
10:35:23,91282CLD1,TSRYS5850288,D,S,D,2024-08-27,1000000.00,3.758943,102.2109375
10:35:24,91282CLD1,TSRYS5850288,D,S,D,2024-08-27,1000000.00,3.760219,102.203125
10:35:24,91282CLD1,TSRYS5850288,D,S,D,2024-08-27,1000000.00,3.760219,102.203125
10:35:24,91282CLD1,TSRYS5850288,D,S,D,2024-08-27,3000000.00,3.760219,102.203125
10:35:24,91282CLD1,TSRYS5850288,D,S,D,2024-08-27,1000000.00,3.760219,102.203125
10:35:24,91282CLD1,TSRYS5850288,D,S,D,2024-08-27,1000000.00,3.760219,102.203125
10:35:24,91282CLD1,TSRYS5850288,D,S,D,2024-08-27,1000000.00,3.760856,102.19921875
10:35:24,91282CLD1,TSRYS5850288,D,S,D,2024-08-27,2000000.00,3.75703,102.22265625
10:35:24,91282CLD1,TSRYS5850288,D,S,C,2024-08-27,1000000.00,3.760856,102.19921875
10:35:28,91282CLD1,TSRYS5850288,D,S,T,2024-08-27,32300000.00,,102.19180625
10:35:29,91282CLD1,TSRYS5850288,D,S,T,2024-08-27,1000000.00,3.760219,102.203125
10:35:29,91282CLD1,TSRYS5850288,D,S,T,2024-08-27,1000000.00,3.760856,102.19921875
10:35:29,91282CLD1,TSRYS5850288,D,S,T,2024-08-27,2000000.00,3.760537,102.201171875
10:35:29,91282CLD1,TSRYS5850288,D,S,T,2024-08-27,2000000.00,3.760856,102.19921875
10:35:29,91282CLD1,TSRYS5850288,D,S,T,2024-08-27,1000000.00,3.760856,102.19921875
10:35:38,91282CLD1,TSRYS5850288,D,B,C,2024-08-27,1000000.00,3.758943,102.2109375
10:35:38,91282CLD1,TSRYS5850288,D,S,D,2024-08-27,1000000.00,3.758943,102.2109375
10:35:39,91282CLD1,TSRYS5850288,D,S,D,2024-08-27,1000000.00,3.761494,102.1953125
10:35:39,91282CLD1,TSRYS5850288,D,B,C,2024-08-27,1000000.00,3.761494,102.1953125
10:35:40,91282CLD1,TSRYS5850288,D,S,T,2024-08-27,1000000.00,3.758943,102.2109375
10:35:40,91282CLD1,TSRYS5850288,D,S,D,2024-08-27,2000000.00,3.757667,102.21875
10:35:41,91282CLD1,TSRYS5850288,D,S,D,2024-08-27,1000000.00,3.757667,102.21875
10:35:41,91282CLD1,TSRYS5850288,D,S,D,2024-08-27,1000000.00,3.757667,102.21875
10:35:41,91282CLD1,TSRYS5850288,D,S,D,2024-08-27,2000000.00,3.758305,102.21484375
10:35:42,91282CLD1,TSRYS5850288,D,S,D,2024-08-27,2000000.00,3.758305,102.21484375
10:35:43,91282CLD1,TSRYS5850288,D,S,C,2024-08-27,150000000.00,3.755498,102.23204
10:35:45,91282CLD1,TSRYS5850288,D,S,D,2024-08-27,2000000.00,3.758305,102.21484375
10:35:46,91282CLD1,TSRYS5850288,D,S,T,2024-08-27,2000000.00,3.758305,102.21484375
10:35:46,91282CLD1,TSRYS5850288,D,S,T,2024-08-27,2000000.00,3.758305,102.21484375
10:35:49,91282CLD1,TSRYS5850288,D,S,D,2024-08-27,1000000.00,3.758624,102.212890625
10:35:57,91282CLD1,TSRYS5850288,D,S,D,2024-08-27,2000000.00,3.761494,102.1953125
10:35:57,91282CLD1,TSRYS5850288,D,B,C,2024-08-27,1000000.00,3.761519,102.1951625
10:35:57,91282CLD1,TSRYS5850288,D,B,C,2024-08-27,1000000.00,3.761519,102.1951625
10:35:57,91282CLD1,TSRYS5850288,D,S,C,2024-08-27,1000000.00,3.761494,102.1953125
10:35:57,91282CLD1,TSRYS5850288,D,S,D,2024-08-27,1000000.00,3.761494,102.1953125
10:35:57,91282CLD1,TSRYS5850288,D,S,D,2024-08-27,1000000.00,3.758305,102.21484375
10:35:58,91282CLD1,TSRYS5850288,D,B,C,2024-08-27,1000000.00,3.757667,102.21875
10:35:59,91282CLD1,TSRYS5850288,D,B,C,2024-08-27,2000000.00,3.757667,102.21875
10:36:00,91282CLD1,TSRYS5850288,D,B,C,2024-08-27,1000000.00,3.757667,102.21875
10:36:00,91282CLD1,TSRYS5850288,D,S,D,2024-08-27,145000.00,3.757217,102.221508621
10:36:00,91282CLD1,TSRYS5850288,D,S,D,2024-08-27,145000.00,3.757667,102.21875
10:36:01,91282CLD1,TSRYS5850288,D,B,C,2024-08-27,1000000.00,3.757667,102.21875
10:36:04,91282CLD1,TSRYS5850288,D,S,D,2024-08-27,540000.00,3.758305,102.21484375
10:36:08,91282CLD1,TSRYS5850288,D,S,T,2024-08-27,1000000.00,3.758943,102.2109375
10:36:08,91282CLD1,TSRYS5850288,D,S,D,2024-08-27,1000000.00,3.759581,102.20703125
10:36:08,91282CLD1,TSRYS5850288,D,S,D,2024-08-27,1000000.00,3.759581,102.20703125
10:36:08,91282CLD1,TSRYS5850288,D,S,D,2024-08-27,1000000.00,3.759581,102.20703125
10:36:08,91282CLD1,TSRYS5850288,D,S,D,2024-08-27,1000000.00,3.759581,102.20703125
10:36:08,91282CLD1,TSRYS5850288,D,S,D,2024-08-27,1000000.00,3.759581,102.20703125
10:36:11,91282CLD1,TSRYS5850288,D,B,C,2024-08-27,1000000.00,3.761519,102.1951625
10:36:11,91282CLD1,TSRYS5850288,D,S,D,2024-08-27,1000000.00,3.761494,102.1953125
10:36:11,91282CLD1,TSRYS5850288,D,S,D,2024-08-27,1000000.00,3.760219,102.203125
10:36:11,91282CLD1,TSRYS5850288,D,S,D,2024-08-27,1000000.00,3.760219,102.203125
10:36:11,91282CLD1,TSRYS5850288,D,S,D,2024-08-27,1000000.00,3.760219,102.203125
10:36:11,91282CLD1,TSRYS5850288,D,S,D,2024-08-27,1000000.00,3.760219,102.203125
10:36:11,91282CLD1,TSRYS5850288,D,B,C,2024-08-27,1000000.00,3.760259,102.202875
10:36:11,91282CLD1,TSRYS5850288,D,B,C,2024-08-27,1000000.00,3.760219,102.203125
10:36:11,91282CLD1,TSRYS5850288,D,B,C,2024-08-27,1000000.00,3.760219,102.203125
10:36:12,91282CLD1,TSRYS5850288,D,S,D,2024-08-27,1000000.00,3.760219,102.203125
10:36:12,91282CLD1,TSRYS5850288,D,B,C,2024-08-27,1000000.00,3.760219,102.203125
10:36:12,91282CLD1,TSRYS5850288,D,S,D,2024-08-27,1000000.00,3.75703,102.22265625
10:36:12,91282CLD1,TSRYS5850288,D,S,D,2024-08-27,1000000.00,3.75703,102.22265625
10:36:12,91282CLD1,TSRYS5850288,D,S,D,2024-08-27,1000000.00,3.75703,102.22265625
10:36:12,91282CLD1,TSRYS5850288,D,S,D,2024-08-27,2000000.00,3.75703,102.22265625
10:36:14,91282CLD1,TSRYS5850288,D,S,D,2024-08-27,1000000.00,3.75703,102.22265625
10:36:14,91282CLD1,TSRYS5850288,D,S,D,2024-08-27,1000000.00,3.75703,102.22265625
10:36:14,91282CLD1,TSRYS5850288,D,S,C,2024-08-27,1000000.00,3.757986,102.21679687
10:36:14,91282CLD1,TSRYS5850288,D,S,D,2024-08-27,2000000.00,3.757986,102.21679687
10:36:14,91282CLD1,TSRYS5850288,D,S,D,2024-08-27,1000000.00,3.757986,102.21679687
10:36:14,91282CLD1,TSRYS5850288,D,S,D,2024-08-27,2000000.00,3.757986,102.21679687
10:36:14,91282CLD1,TSRYS5850288,D,B,C,2024-08-27,3000000.00,3.756556,102.22556
10:36:16,91282CLD1,TSRYS5850288,D,S,D,2024-08-27,1000000.00,3.757986,102.21679687
10:36:16,91282CLD1,TSRYS5850288,D,S,T,2024-08-27,1000000.00,3.756711,102.22460937
10:36:16,91282CLD1,TSRYS5850288,D,S,D,2024-08-27,2000000.00,3.757986,102.21679687
10:36:16,91282CLD1,TSRYS5850288,D,S,D,2024-08-27,1000000.00,3.757986,102.21679687
10:36:18,91282CLD1,TSRYS5850288,D,S,T,2024-08-27,1000000.00,3.756711,102.22460937
10:36:18,91282CLD1,TSRYS5850288,D,S,C,2024-08-27,1000000.00,3.756711,102.22460937
10:36:20,91282CLD1,TSRYS5850288,D,S,D,2024-08-27,1000000.00,3.757986,102.21679687
10:36:21,91282CLD1,TSRYS5850288,D,S,T,2024-08-27,1000000.00,3.758943,102.2109375
10:36:21,91282CLD1,TSRYS5850288,D,S,D,2024-08-27,2000000.00,3.757986,102.21679687
10:36:21,91282CLD1,TSRYS5850288,D,S,C,2024-08-27,1000000.00,3.757986,102.21679687
10:36:24,91282CLD1,TSRYS5850288,D,S,T,2024-08-27,1000000.00,3.758943,102.2109375
10:36:25,91282CLD1,TSRYS5850288,D,S,T,2024-08-27,1000000.00,3.75703,102.22265625
10:36:25,91282CLD1,TSRYS5850288,D,S,T,2024-08-27,1000000.00,3.75703,102.22265625
10:36:25,91282CLD1,TSRYS5850288,D,S,T,2024-08-27,1000000.00,3.756711,102.224609375
10:36:25,91282CLD1,TSRYS5850288,D,S,T,2024-08-27,2000000.00,3.757667,102.21875
10:36:25,91282CLD1,TSRYS5850288,D,S,T,2024-08-27,1000000.00,3.757667,102.21875
10:36:25,91282CLD1,TSRYS5850288,D,S,T,2024-08-27,2000000.00,3.757667,102.21875
10:36:25,91282CLD1,TSRYS5850288,D,S,T,2024-08-27,2000000.00,3.757667,102.21875
10:36:25,91282CLD1,TSRYS5850288,D,S,T,2024-08-27,1000000.00,3.757667,102.21875
10:36:25,91282CLD1,TSRYS5850288,D,S,T,2024-08-27,1000000.00,3.756392,102.2265625
10:36:25,91282CLD1,TSRYS5850288,D,S,T,2024-08-27,1000000.00,3.756392,102.2265625
10:36:25,91282CLD1,TSRYS5850288,D,S,T,2024-08-27,1000000.00,3.758943,102.2109375
10:36:25,91282CLD1,TSRYS5850288,D,S,T,2024-08-27,1000000.00,3.757667,102.21875
10:36:25,91282CLD1,TSRYS5850288,D,S,T,2024-08-27,1000000.00,3.756392,102.2265625
10:36:26,91282CLD1,TSRYS5850288,D,S,C,2024-08-27,1000000.00,3.758289,102.21494375
10:36:26,91282CLD1,TSRYS5850288,D,S,T,2024-08-27,1000000.00,3.756392,102.2265625
10:36:26,91282CLD1,TSRYS5850288,D,S,T,2024-08-27,1000000.00,3.756392,102.2265625
10:36:26,91282CLD1,TSRYS5850288,D,S,T,2024-08-27,1000000.00,3.756392,102.2265625
10:36:26,91282CLD1,TSRYS5850288,D,S,D,2024-08-27,1000000.00,3.756711,102.224609375
10:36:26,91282CLD1,TSRYS5850288,D,S,T,2024-08-27,1000000.00,3.758305,102.21484375
10:36:26,91282CLD1,TSRYS5850288,D,S,D,2024-08-27,1000000.00,3.760219,102.203125
10:36:26,91282CLD1,TSRYS5850288,D,S,D,2024-08-27,1000000.00,3.760219,102.203125
10:36:27,91282CLD1,TSRYS5850288,D,S,D,2024-08-27,1000000.00,3.758943,102.2109375
10:36:27,91282CLD1,TSRYS5850288,D,B,C,2024-08-27,1000000.00,3.758992,102.2106375
10:36:27,91282CLD1,TSRYS5850288,D,B,C,2024-08-27,1000000.00,3.757667,102.21875
10:36:27,91282CLD1,TSRYS5850288,D,S,D,2024-08-27,1000000.00,3.758943,102.2109375
10:36:27,91282CLD1,TSRYS5850288,D,B,A,2024-08-27,600000.00,3.757667,102.21875
10:36:27,91282CLD1,TSRYS5850288,D,S,D,2024-08-27,1000000.00,3.757667,102.21875
10:36:27,91282CLD1,TSRYS5850288,D,S,C,2024-08-27,1000000.00,3.756711,102.224609375
10:36:27,91282CLD1,TSRYS5850288,D,B,A,2024-08-27,100000.00,3.757667,102.21875
10:36:28,91282CLD1,TSRYS5850288,D,S,T,2024-08-27,1000000.00,3.757667,102.21875
10:36:28,91282CLD1,TSRYS5850288,D,S,T,2024-08-27,1000000.00,3.757667,102.21875
10:36:28,91282CLD1,TSRYS5850288,D,S,T,2024-08-27,1000000.00,3.755117,102.234375
10:36:28,91282CLD1,TSRYS5850288,D,S,T,2024-08-27,1000000.00,3.755117,102.234375
10:36:28,91282CLD1,TSRYS5850288,D,S,D,2024-08-27,1000000.00,3.757667,102.21875
10:36:28,91282CLD1,TSRYS5850288,D,S,D,2024-08-27,68000000.00,3.756626,102.22513
10:36:28,91282CLD1,TSRYS5850288,D,S,C,2024-08-27,1000000.00,3.75703,102.22265625
10:36:28,91282CLD1,TSRYS5850288,D,S,D,2024-08-27,1000000.00,3.75703,102.22265625
10:36:28,91282CLD1,TSRYS5850288,D,B,C,2024-08-27,1000000.00,3.757046,102.22255625
10:36:29,91282CLD1,TSRYS5850288,D,S,C,2024-08-27,1000000.00,3.75703,102.22265625
10:36:30,91282CLD1,TSRYS5850288,D,S,C,2024-08-27,1000000.00,3.75703,102.22265625
10:36:30,91282CLD1,TSRYS5850288,D,S,C,2024-08-27,1000000.00,3.75703,102.22265625
10:36:30,91282CLD1,TSRYS5850288,D,S,C,2024-08-27,1000000.00,3.756711,102.224609375
10:36:30,91282CLD1,TSRYS5850288,D,S,T,2024-08-27,1000000.00,3.75703,102.22265625
10:36:31,91282CLD1,TSRYS5850288,D,S,C,2024-08-27,2000000.00,3.757667,102.21895
10:36:31,91282CLD1,TSRYS5850288,D,S,C,2024-08-27,1000000.00,3.757667,102.21895
10:36:31,91282CLD1,TSRYS5850288,D,S,C,2024-08-27,1000000.00,3.757667,102.21895
10:36:31,91282CLD1,TSRYS5850288,D,B,C,2024-08-27,1000000.00,3.757667,102.21875
10:36:31,91282CLD1,TSRYS5850288,D,S,C,2024-08-27,1000000.00,3.757667,102.21895
10:36:31,91282CLD1,TSRYS5850288,D,B,C,2024-08-27,1000000.00,3.757667,102.21875
10:36:31,91282CLD1,TSRYS5850288,D,S,C,2024-08-27,1000000.00,3.757667,102.21895
10:36:31,91282CLD1,TSRYS5850288,D,S,T,2024-08-27,1000000.00,3.75703,102.22265625
10:36:32,91282CLD1,TSRYS5850288,D,S,T,2024-08-27,1000000.00,3.755117,102.234375
10:36:32,91282CLD1,TSRYS5850288,D,S,T,2024-08-27,1000000.00,3.755117,102.234375
10:36:32,91282CLD1,TSRYS5850288,D,S,T,2024-08-27,1000000.00,3.754479,102.23828125
10:36:32,91282CLD1,TSRYS5850288,D,S,T,2024-08-27,1000000.00,3.755117,102.234375
10:36:32,91282CLD1,TSRYS5850288,D,S,D,2024-08-27,2000000.00,3.755754,102.23046875
10:36:32,91282CLD1,TSRYS5850288,D,S,D,2024-08-27,1000000.00,3.755436,102.232421875
10:36:33,91282CLD1,TSRYS5850288,D,S,C,2024-08-27,1000000.00,3.755738,102.23056875
10:36:33,91282CLD1,TSRYS5850288,D,B,C,2024-08-27,1000000.00,3.755754,102.23046875
10:36:33,91282CLD1,TSRYS5850288,D,S,T,2024-08-27,1000000.00,3.755117,102.234375
10:36:34,91282CLD1,TSRYS5850288,D,S,T,2024-08-27,1000000.00,3.757667,102.21875
10:36:34,91282CLD1,TSRYS5850288,D,S,T,2024-08-27,1000000.00,3.757667,102.21875
10:36:34,91282CLD1,TSRYS5850288,D,S,T,2024-08-27,1000000.00,3.757667,102.21875
10:36:34,91282CLD1,TSRYS5850288,D,S,T,2024-08-27,1000000.00,3.757667,102.21875
10:36:34,91282CLD1,TSRYS5850288,D,S,T,2024-08-27,1000000.00,3.757667,102.21875
10:36:34,91282CLD1,TSRYS5850288,D,S,T,2024-08-27,2000000.00,3.755754,102.23046875
10:36:34,91282CLD1,TSRYS5850288,D,S,T,2024-08-27,1000000.00,3.755436,102.232421875
10:36:35,91282CLD1,TSRYS5850288,D,B,C,2024-08-27,1000000.00,3.756392,102.2265625
10:36:35,91282CLD1,TSRYS5850288,D,S,D,2024-08-27,1000000.00,3.756392,102.2265625
10:36:35,91282CLD1,TSRYS5850288,D,S,D,2024-08-27,1000000.00,3.756392,102.2265625
10:36:36,91282CLD1,TSRYS5850288,D,S,A,2024-08-27,36000.00,3.754862,102.2359375
10:36:36,91282CLD1,TSRYS5850288,D,S,C,2024-08-27,1000000.00,3.754479,102.23828125
10:36:38,91282CLD1,TSRYS5850288,D,S,T,2024-08-27,1000000.00,3.753842,102.2421875
10:36:39,91282CLD1,TSRYS5850288,D,S,A,2024-08-27,25000.00,3.754862,102.2359375
10:36:41,91282CLD1,TSRYS5850288,D,B,C,2024-08-27,1000000.00,3.7599,102.20507812
10:36:41,91282CLD1,TSRYS5850288,D,B,C,2024-08-27,2000000.00,3.7599,102.20507812
10:36:42,91282CLD1,TSRYS5850288,D,S,T,2024-08-27,1000000.00,3.752566,102.25
10:36:43,91282CLD1,TSRYS5850288,D,B,C,2024-08-27,1000000.00,3.7599,102.20507812
10:36:43,91282CLD1,TSRYS5850288,D,B,C,2024-08-27,1000000.00,3.7599,102.20507812
10:36:45,91282CLD1,TSRYS5850288,D,B,C,2024-08-27,1000000.00,3.7599,102.20507812
10:36:45,91282CLD1,TSRYS5850288,D,B,C,2024-08-27,1000000.00,3.7599,102.20507812
10:36:47,91282CLD1,TSRYS5850288,D,S,T,2024-08-27,1000000.00,3.752566,102.25
10:36:52,91282CLD1,TSRYS5850288,D,S,T,2024-08-27,1000000.00,3.751292,102.2578125
10:36:52,91282CLD1,TSRYS5850288,D,S,T,2024-08-27,1000000.00,3.751292,102.2578125
10:36:52,91282CLD1,TSRYS5850288,D,S,D,2024-08-27,2000000.00,3.75161,102.255859375
10:36:52,91282CLD1,TSRYS5850288,D,S,D,2024-08-27,1000000.00,3.75161,102.255859375
10:36:52,91282CLD1,TSRYS5850288,D,S,T,2024-08-27,1000000.00,3.751292,102.2578125
10:36:52,91282CLD1,TSRYS5850288,D,S,T,2024-08-27,1000000.00,3.751292,102.2578125
10:36:52,91282CLD1,TSRYS5850288,D,S,T,2024-08-27,1000000.00,3.751292,102.2578125
10:36:52,91282CLD1,TSRYS5850288,D,S,C,2024-08-27,1000000.00,3.75161,102.255859375
10:36:52,91282CLD1,TSRYS5850288,D,S,C,2024-08-27,2000000.00,3.75161,102.255859375
10:36:54,91282CLD1,TSRYS5850288,D,S,D,2024-08-27,2000000.00,3.751292,102.2578125
10:36:54,91282CLD1,TSRYS5850288,D,S,D,2024-08-27,1000000.00,3.758943,102.2109375
10:36:54,91282CLD1,TSRYS5850288,D,S,C,2024-08-27,1000000.00,3.756392,102.2265625
10:36:56,91282CLD1,TSRYS5850288,D,S,T,2024-08-27,2000000.00,3.751292,102.2578125
10:36:56,91282CLD1,TSRYS5850288,D,S,T,2024-08-27,1000000.00,3.751292,102.2578125
10:36:56,91282CLD1,TSRYS5850288,D,S,T,2024-08-27,1000000.00,3.751292,102.2578125
10:36:56,91282CLD1,TSRYS5850288,D,S,T,2024-08-27,1000000.00,3.751292,102.2578125
10:36:59,91282CLD1,TSRYS5850288,D,B,C,2024-08-27,2900000.00,3.758943,102.2109375
10:37:01,91282CLD1,TSRYS5850288,D,S,T,2024-08-27,1000000.00,3.75161,102.255859375
10:37:01,91282CLD1,TSRYS5850288,D,S,C,2024-08-27,1000000.00,3.75161,102.255859375
10:37:03,91282CLD1,TSRYS5850288,D,S,D,2024-08-27,5000000.00,3.751292,102.2578125
10:37:04,91282CLD1,TSRYS5850288,D,S,T,2024-08-27,1000000.00,3.751292,102.2578125
10:37:04,91282CLD1,TSRYS5850288,D,S,T,2024-08-27,2000000.00,3.751292,102.2578125
10:37:08,91282CLD1,TSRYS5850288,D,S,T,2024-08-27,5000000.00,3.751292,102.2578125
10:37:08,91282CLD1,TSRYS5850288,D,S,D,2024-08-27,1000000.00,3.755436,102.23242187
10:37:09,91282CLD1,TSRYS5850288,D,S,D,2024-08-27,1000000.00,3.758943,102.2109375
10:37:09,91282CLD1,TSRYS5850288,D,S,D,2024-08-27,1000000.00,3.758943,102.2109375
10:37:09,91282CLD1,TSRYS5850288,D,S,C,2024-08-27,1000000.00,3.757643,102.2189
10:37:09,91282CLD1,TSRYS5850288,D,B,C,2024-08-27,1000000.00,3.757708,102.2185
10:37:09,91282CLD1,TSRYS5850288,D,S,C,2024-08-27,1000000.00,3.757643,102.2189
10:37:09,91282CLD1,TSRYS5850288,D,B,C,2024-08-27,1000000.00,3.757692,102.2186
10:37:09,91282CLD1,TSRYS5850288,D,B,C,2024-08-27,1000000.00,3.757704,102.218525
10:37:09,91282CLD1,TSRYS5850288,D,S,C,2024-08-27,1000000.00,3.757643,102.2189
10:37:09,91282CLD1,TSRYS5850288,D,B,C,2024-08-27,1000000.00,3.757667,102.21875
10:37:09,91282CLD1,TSRYS5850288,D,S,C,2024-08-27,1000000.00,3.756392,102.2265625
10:37:09,91282CLD1,TSRYS5850288,D,S,C,2024-08-27,1000000.00,3.757643,102.2189
10:37:09,91282CLD1,TSRYS5850288,D,B,C,2024-08-27,1000000.00,3.757667,102.21875
10:37:09,91282CLD1,TSRYS5850288,D,S,C,2024-08-27,1000000.00,3.757643,102.2189
10:37:09,91282CLD1,TSRYS5850288,D,S,C,2024-08-27,1000000.00,3.757643,102.2189
10:37:09,91282CLD1,TSRYS5850288,D,B,C,2024-08-27,2000000.00,3.7577,102.21855
10:37:09,91282CLD1,TSRYS5850288,D,B,C,2024-08-27,1000000.00,3.757667,102.21875
10:37:09,91282CLD1,TSRYS5850288,D,B,C,2024-08-27,1000000.00,3.757708,102.2185
10:37:09,91282CLD1,TSRYS5850288,D,S,C,2024-08-27,1000000.00,3.756392,102.2265625
10:37:09,91282CLD1,TSRYS5850288,D,S,C,2024-08-27,1000000.00,3.757643,102.2189
10:37:09,91282CLD1,TSRYS5850288,D,S,C,2024-08-27,1000000.00,3.757643,102.2189
10:37:09,91282CLD1,TSRYS5850288,D,S,C,2024-08-27,1000000.00,3.757643,102.2189
10:37:09,91282CLD1,TSRYS5850288,D,S,C,2024-08-27,1000000.00,3.757643,102.2189
10:37:09,91282CLD1,TSRYS5850288,D,S,C,2024-08-27,1000000.00,3.758918,102.2110875
10:37:09,91282CLD1,TSRYS5850288,D,S,C,2024-08-27,1000000.00,3.756392,102.2265625
10:37:09,91282CLD1,TSRYS5850288,D,S,C,2024-08-27,2000000.00,3.757643,102.2189
10:37:09,91282CLD1,TSRYS5850288,D,S,C,2024-08-27,1000000.00,3.757643,102.2189
10:37:09,91282CLD1,TSRYS5850288,D,S,C,2024-08-27,2000000.00,3.757643,102.2189
10:37:10,91282CLD1,TSRYS5850288,D,S,C,2024-08-27,1000000.00,3.757643,102.2189
10:37:10,91282CLD1,TSRYS5850288,D,B,C,2024-08-27,1000000.00,3.757667,102.21875
10:37:10,91282CLD1,TSRYS5850288,D,S,C,2024-08-27,1000000.00,3.756392,102.2265625
10:37:10,91282CLD1,TSRYS5850288,D,B,C,2024-08-27,1000000.00,3.756421,102.2263875
10:37:10,91282CLD1,TSRYS5850288,D,B,C,2024-08-27,1000000.00,3.757667,102.21875
10:37:10,91282CLD1,TSRYS5850288,D,B,C,2024-08-27,1000000.00,3.757708,102.2185
10:37:10,91282CLD1,TSRYS5850288,D,B,C,2024-08-27,1000000.00,3.758984,102.2106875
10:37:10,91282CLD1,TSRYS5850288,D,S,C,2024-08-27,2000000.00,3.757643,102.2189
10:37:10,91282CLD1,TSRYS5850288,D,S,D,2024-08-27,1000000.00,3.755117,102.234375
10:37:10,91282CLD1,TSRYS5850288,D,S,D,2024-08-27,1000000.00,3.755117,102.234375
10:37:10,91282CLD1,TSRYS5850288,D,S,D,2024-08-27,1000000.00,3.753842,102.2421875
10:37:10,91282CLD1,TSRYS5850288,D,S,D,2024-08-27,2000000.00,3.753842,102.2421875
10:37:10,91282CLD1,TSRYS5850288,D,B,C,2024-08-27,2000000.00,3.753866,102.2420375
10:37:11,91282CLD1,TSRYS5850288,D,S,T,2024-08-27,1000000.00,3.751292,102.2578125
10:37:11,91282CLD1,TSRYS5850288,D,S,D,2024-08-27,2000000.00,3.750973,102.259765625
10:37:12,91282CLD1,TSRYS5850288,D,S,D,2024-08-27,1000000.00,3.750973,102.259765625
10:37:12,91282CLD1,TSRYS5850288,D,B,C,2024-08-27,1000000.00,3.750973,102.259765625
10:37:12,91282CLD1,TSRYS5850288,D,S,D,2024-08-27,1000000.00,3.751292,102.2578125
10:37:12,91282CLD1,TSRYS5850288,D,S,D,2024-08-27,2000000.00,3.751292,102.2578125
10:37:12,91282CLD1,TSRYS5850288,D,S,D,2024-08-27,1000000.00,3.751292,102.2578125
10:37:12,91282CLD1,TSRYS5850288,D,S,D,2024-08-27,1000000.00,3.750973,102.259765625
10:37:12,91282CLD1,TSRYS5850288,D,S,C,2024-08-27,1000000.00,3.751292,102.2578125
10:37:12,91282CLD1,TSRYS5850288,D,S,D,2024-08-27,1000000.00,3.750973,102.259765625
10:37:12,91282CLD1,TSRYS5850288,D,S,D,2024-08-27,1000000.00,3.750973,102.259765625
10:37:12,91282CLD1,TSRYS5850288,D,S,D,2024-08-27,1000000.00,3.750973,102.259765625
10:37:18,91282CLD1,TSRYS5850288,D,B,C,2024-08-27,49700000.00,3.8344,101.75
10:37:18,91282CLD1,TSRYS5850288,D,S,D,2024-08-27,49700000.00,3.8344,101.75
10:37:18,91282CLD1,TSRYS5850288,D,S,T,2024-08-27,1000000.00,3.751292,102.2578125
10:37:18,91282CLD1,TSRYS5850288,D,S,T,2024-08-27,2000000.00,3.750973,102.259765625
10:37:20,91282CLD1,TSRYS5850288,D,S,D,2024-08-27,2000000.00,3.750973,102.259765625
10:37:20,91282CLD1,TSRYS5850288,D,S,C,2024-08-27,1000000.00,3.750973,102.259765625
10:37:20,91282CLD1,TSRYS5850288,D,S,C,2024-08-27,1000000.00,3.750973,102.259765625
10:37:20,91282CLD1,TSRYS5850288,D,S,C,2024-08-27,1000000.00,3.750973,102.259765625
10:37:20,91282CLD1,TSRYS5850288,D,S,C,2024-08-27,1000000.00,3.750973,102.259765625
10:37:21,91282CLD1,TSRYS5850288,D,S,D,2024-08-27,1000000.00,3.750654,102.26171875
10:37:21,91282CLD1,TSRYS5850288,D,S,C,2024-08-27,2000000.00,3.750973,102.259765625
10:37:24,91282CLD1,TSRYS5850288,D,B,C,2024-08-27,1000000.00,3.75161,102.25585937
10:37:24,91282CLD1,TSRYS5850288,D,B,C,2024-08-27,2000000.00,3.75161,102.25585937
10:37:24,91282CLD1,TSRYS5850288,D,S,T,2024-08-27,1000000.00,3.750973,102.259765625
10:37:24,91282CLD1,TSRYS5850288,D,S,T,2024-08-27,2000000.00,3.750973,102.259765625
10:37:24,91282CLD1,TSRYS5850288,D,S,T,2024-08-27,1000000.00,3.750654,102.26171875
10:37:24,91282CLD1,TSRYS5850288,D,S,T,2024-08-27,1000000.00,3.750973,102.259765625
10:37:24,91282CLD1,TSRYS5850288,D,S,T,2024-08-27,1000000.00,3.750973,102.259765625
10:37:25,91282CLD1,TSRYS5850288,D,S,D,2024-08-27,2000000.00,3.750973,102.259765625
10:37:25,91282CLD1,TSRYS5850288,D,S,C,2024-08-27,1000000.00,3.758918,102.2110875
10:37:25,91282CLD1,TSRYS5850288,D,B,C,2024-08-27,1000000.00,3.756433,102.2263125
10:37:25,91282CLD1,TSRYS5850288,D,S,C,2024-08-27,1000000.00,3.757643,102.2189
10:37:25,91282CLD1,TSRYS5850288,D,B,C,2024-08-27,1000000.00,3.758943,102.2109375
10:37:25,91282CLD1,TSRYS5850288,D,S,C,2024-08-27,1000000.00,3.758918,102.2110875
10:37:25,91282CLD1,TSRYS5850288,D,S,D,2024-08-27,1000000.00,3.756392,102.2265625
10:37:25,91282CLD1,TSRYS5850288,D,S,D,2024-08-27,1000000.00,3.756392,102.2265625
10:37:25,91282CLD1,TSRYS5850288,D,B,C,2024-08-27,1000000.00,3.756433,102.2263125
10:37:25,91282CLD1,TSRYS5850288,D,S,D,2024-08-27,1000000.00,3.755117,102.234375
10:37:25,91282CLD1,TSRYS5850288,D,S,C,2024-08-27,1000000.00,3.75255,102.2501
10:37:25,91282CLD1,TSRYS5850288,D,S,D,2024-08-27,1000000.00,3.752566,102.25
10:37:26,91282CLD1,TSRYS5850288,D,B,C,2024-08-27,1000000.00,3.75161,102.25585937
10:37:26,91282CLD1,TSRYS5850288,D,B,C,2024-08-27,1000000.00,3.75161,102.25585937
10:37:27,91282CLD1,TSRYS5850288,D,S,D,2024-08-27,1000000.00,3.758943,102.2109375
10:37:28,91282CLD1,TSRYS5850288,D,B,C,2024-08-27,1000000.00,3.75161,102.25585937
10:37:31,91282CLD1,TSRYS5850288,D,S,T,2024-08-27,2000000.00,3.750973,102.259765625
10:37:31,91282CLD1,TSRYS5850288,D,S,T,2024-08-27,1000000.00,3.750973,102.259765625
10:37:31,91282CLD1,TSRYS5850288,D,S,T,2024-08-27,2000000.00,3.750973,102.259765625
10:37:34,91282CLD1,TSRYS5850288,D,B,C,2024-08-27,1000000.00,3.750973,102.25976562
10:37:35,91282CLD1,TSRYS5850288,D,S,C,2024-08-27,1000000.00,3.750654,102.26171875
10:37:37,91282CLD1,TSRYS5850288,D,B,C,2024-08-27,1000000.00,3.750973,102.25976562
10:37:37,91282CLD1,TSRYS5850288,D,B,C,2024-08-27,1000000.00,3.750973,102.25976562
10:37:40,91282CLD1,TSRYS5850288,D,S,T,2024-08-27,9940000.00,3.8344,101.75
10:37:41,91282CLD1,TSRYS5850288,D,S,D,2024-08-27,9940000.00,3.8344,101.75
10:37:43,91282CLD1,TSRYS5850288,D,S,C,2024-08-27,1000000.00,3.756392,102.2265625
10:37:43,91282CLD1,TSRYS5850288,D,S,C,2024-08-27,1000000.00,3.756392,102.2265625
10:37:43,91282CLD1,TSRYS5850288,D,B,C,2024-08-27,1000000.00,3.756392,102.2265625
10:37:43,91282CLD1,TSRYS5850288,D,S,D,2024-08-27,1000000.00,3.756392,102.2265625
10:37:43,91282CLD1,TSRYS5850288,D,B,C,2024-08-27,1000000.00,3.756392,102.2265625
10:37:43,91282CLD1,TSRYS5850288,D,S,D,2024-08-27,1000000.00,3.756392,102.2265625
10:37:43,91282CLD1,TSRYS5850288,D,B,C,2024-08-27,1000000.00,3.756392,102.2265625
10:37:44,91282CLD1,TSRYS5850288,D,S,C,2024-08-27,1000000.00,3.751263,102.2579875
10:37:44,91282CLD1,TSRYS5850288,D,S,C,2024-08-27,1000000.00,3.751263,102.2579875
10:37:44,91282CLD1,TSRYS5850288,D,S,C,2024-08-27,1000000.00,3.751263,102.2579875
10:37:44,91282CLD1,TSRYS5850288,D,S,C,2024-08-27,1000000.00,3.751275,102.2579125
10:37:44,91282CLD1,TSRYS5850288,D,S,C,2024-08-27,1000000.00,3.751275,102.2579125
10:37:44,91282CLD1,TSRYS5850288,D,S,D,2024-08-27,1000000.00,3.751292,102.2578125
10:37:44,91282CLD1,TSRYS5850288,D,S,C,2024-08-27,1000000.00,3.751263,102.2579875
10:37:44,91282CLD1,TSRYS5850288,D,S,C,2024-08-27,1000000.00,3.751263,102.2579875
10:37:44,91282CLD1,TSRYS5850288,D,S,D,2024-08-27,2000000.00,3.751292,102.2578125
10:37:44,91282CLD1,TSRYS5850288,D,S,C,2024-08-27,1000000.00,3.751263,102.2579875
10:37:45,91282CLD1,TSRYS5850288,D,S,T,2024-08-27,1000000.00,3.751292,102.2578125
10:37:45,91282CLD1,TSRYS5850288,D,S,T,2024-08-27,1000000.00,3.751292,102.2578125
10:37:48,91282CLD1,TSRYS5850288,D,B,C,2024-08-27,1000000.00,3.761813,102.19335937
10:37:49,91282CLD1,TSRYS5850288,D,B,C,2024-08-27,1000000.00,3.761813,102.19335937
10:37:49,91282CLD1,TSRYS5850288,D,B,C,2024-08-27,1000000.00,3.761813,102.19335937
10:37:51,91282CLD1,TSRYS5850288,D,B,C,2024-08-27,2000000.00,3.761813,102.19335937
10:37:51,91282CLD1,TSRYS5850288,D,B,C,2024-08-27,1000000.00,3.761813,102.19335937
10:37:51,91282CLD1,TSRYS5850288,D,S,C,2024-08-27,2900000.00,3.757667,102.21875
10:37:55,91282CLD1,TSRYS5850288,D,B,C,2024-08-27,1000000.00,3.761813,102.19335937
10:37:55,91282CLD1,TSRYS5850288,D,B,C,2024-08-27,2000000.00,3.761813,102.19335937
10:37:56,91282CLD1,TSRYS5850288,D,B,C,2024-08-27,1000000.00,3.761813,102.19335937
10:37:56,91282CLD1,TSRYS5850288,D,S,D,2024-08-27,1000000.00,3.757667,102.21875
10:37:56,91282CLD1,TSRYS5850288,D,S,C,2024-08-27,1000000.00,3.757667,102.21875
10:37:56,91282CLD1,TSRYS5850288,D,S,D,2024-08-27,1000000.00,3.757667,102.21875
10:37:56,91282CLD1,TSRYS5850288,D,S,C,2024-08-27,1000000.00,3.757643,102.2189
10:37:57,91282CLD1,TSRYS5850288,D,S,C,2024-08-27,1000000.00,3.751292,102.2578125
10:37:57,91282CLD1,TSRYS5850288,D,B,C,2024-08-27,1000000.00,3.751292,102.2578125
10:37:57,91282CLD1,TSRYS5850288,D,S,D,2024-08-27,1000000.00,3.751292,102.2578125
10:37:57,91282CLD1,TSRYS5850288,D,B,C,2024-08-27,1000000.00,3.751292,102.2578125
10:37:57,91282CLD1,TSRYS5850288,D,S,D,2024-08-27,1000000.00,3.751292,102.2578125
10:37:57,91282CLD1,TSRYS5850288,D,B,C,2024-08-27,1000000.00,3.751292,102.2578125
10:37:57,91282CLD1,TSRYS5850288,D,B,C,2024-08-27,1000000.00,3.751292,102.2578125
10:37:57,91282CLD1,TSRYS5850288,D,S,D,2024-08-27,1000000.00,3.751292,102.2578125
10:37:57,91282CLD1,TSRYS5850288,D,S,C,2024-08-27,1000000.00,3.751267,102.2579625
10:38:00,91282CLD1,TSRYS5850288,D,S,T,2024-08-27,1000000.00,3.750017,102.265625
10:38:12,91282CLD1,TSRYS5850288,D,B,C,2024-08-27,1000000.00,3.756425,102.2263625
10:38:12,91282CLD1,TSRYS5850288,D,S,D,2024-08-27,1000000.00,3.756392,102.2265625
10:38:17,91282CLD1,TSRYS5850288,D,S,C,2024-08-27,1000000.00,3.760537,102.20117187
10:38:27,91282CLD1,TSRYS5850288,D,S,D,2024-08-27,1000000.00,3.757667,102.21875
10:38:27,91282CLD1,TSRYS5850288,D,S,C,2024-08-27,1000000.00,3.757667,102.21875
10:38:28,91282CLD1,TSRYS5850288,D,S,D,2024-08-27,1000000.00,3.751292,102.2578125
10:38:28,91282CLD1,TSRYS5850288,D,S,C,2024-08-27,1000000.00,3.751263,102.2579875
10:38:28,91282CLD1,TSRYS5850288,D,S,T,2024-08-27,1000000.00,3.750017,102.265625
10:38:30,91282CLD1,TSRYS5850288,D,S,D,2024-08-27,2000000.00,3.750017,102.265625
10:38:31,91282CLD1,TSRYS5850288,D,S,T,2024-08-27,1000000.00,3.750017,102.265625
10:38:35,91282CLD1,TSRYS5850288,D,S,D,2024-08-27,1000000.00,3.750017,102.265625
10:38:36,91282CLD1,TSRYS5850288,D,S,T,2024-08-27,1000000.00,3.750973,102.259765625
10:38:36,91282CLD1,TSRYS5850288,D,S,T,2024-08-27,1000000.00,3.750973,102.259765625
10:38:36,91282CLD1,TSRYS5850288,D,S,D,2024-08-27,1000000.00,3.750973,102.259765625
10:38:36,91282CLD1,TSRYS5850288,D,S,T,2024-08-27,1000000.00,3.751292,102.2578125
10:38:36,91282CLD1,TSRYS5850288,D,S,T,2024-08-27,1000000.00,3.751292,102.2578125
10:38:36,91282CLD1,TSRYS5850288,D,S,T,2024-08-27,1000000.00,3.751292,102.2578125
10:38:39,91282CLD1,TSRYS5850288,D,S,T,2024-08-27,9950000.00,3.8344,101.75
10:38:41,91282CLD1,TSRYS5850288,D,S,D,2024-08-27,1000000.00,3.750973,102.259765625
10:38:41,91282CLD1,TSRYS5850288,D,S,D,2024-08-27,1000000.00,3.750973,102.259765625
10:38:42,91282CLD1,TSRYS5850288,D,S,C,2024-08-27,1000000.00,3.756392,102.2265625
10:38:42,91282CLD1,TSRYS5850288,D,B,C,2024-08-27,1000000.00,3.756408,102.2264625
10:38:42,91282CLD1,TSRYS5850288,D,B,C,2024-08-27,2000000.00,3.756416,102.2264125
10:38:42,91282CLD1,TSRYS5850288,D,S,D,2024-08-27,2000000.00,3.756392,102.2265625
10:38:42,91282CLD1,TSRYS5850288,D,B,C,2024-08-27,1000000.00,3.757692,102.2186
10:38:42,91282CLD1,TSRYS5850288,D,S,C,2024-08-27,1000000.00,3.757643,102.2189
10:38:42,91282CLD1,TSRYS5850288,D,B,C,2024-08-27,1000000.00,3.757667,102.21875
10:38:42,91282CLD1,TSRYS5850288,D,B,C,2024-08-27,1000000.00,3.757692,102.2186
10:38:43,91282CLD1,TSRYS5850288,D,S,D,2024-08-27,1000000.00,3.755117,102.234375
10:38:43,91282CLD1,TSRYS5850288,D,S,D,2024-08-27,1000000.00,3.755117,102.234375
10:38:43,91282CLD1,TSRYS5850288,D,S,D,2024-08-27,1000000.00,3.755117,102.234375
10:38:43,91282CLD1,TSRYS5850288,D,S,D,2024-08-27,1000000.00,3.750017,102.265625
10:38:48,91282CLD1,TSRYS5850288,D,S,C,2024-08-27,1000000.00,3.750335,102.263671875
10:38:48,91282CLD1,TSRYS5850288,D,S,D,2024-08-27,1000000.00,3.750335,102.263671875
10:38:59,91282CLD1,TSRYS5850288,D,S,T,2024-08-27,1000000.00,3.750017,102.265625
10:39:07,91282CLD1,TSRYS5850288,D,S,T,2024-08-27,1000000.00,3.750017,102.265625
10:39:07,91282CLD1,TSRYS5850288,D,S,T,2024-08-27,1000000.00,3.750017,102.265625
10:39:08,91282CLD1,TSRYS5850288,D,B,C,2024-08-27,2000000.00,3.750335,102.26367187
10:39:08,91282CLD1,TSRYS5850288,D,B,C,2024-08-27,1000000.00,3.750335,102.26367187
10:39:10,91282CLD1,TSRYS5850288,D,B,C,2024-08-27,1000000.00,3.750335,102.26367187
10:39:10,91282CLD1,TSRYS5850288,D,B,C,2024-08-27,2000000.00,3.750335,102.26367187
10:39:12,91282CLD1,TSRYS5850288,D,B,C,2024-08-27,1000000.00,3.750335,102.26367187
10:39:13,91282CLD1,TSRYS5850288,D,B,C,2024-08-27,1000000.00,3.750017,102.265625
10:39:13,91282CLD1,TSRYS5850288,D,S,D,2024-08-27,1000000.00,3.750017,102.265625
10:39:13,91282CLD1,TSRYS5850288,D,S,D,2024-08-27,1000000.00,3.750017,102.265625
10:39:13,91282CLD1,TSRYS5850288,D,B,C,2024-08-27,1000000.00,3.750017,102.265625
10:39:13,91282CLD1,TSRYS5850288,D,S,D,2024-08-27,1000000.00,3.750017,102.265625
10:39:13,91282CLD1,TSRYS5850288,D,S,D,2024-08-27,1000000.00,3.751292,102.2578125
10:39:13,91282CLD1,TSRYS5850288,D,S,C,2024-08-27,1000000.00,3.751292,102.2578125
10:39:13,91282CLD1,TSRYS5850288,D,S,C,2024-08-27,1000000.00,3.751243,102.2581125
10:39:14,91282CLD1,TSRYS5850288,D,S,D,2024-08-27,1000000.00,3.749379,102.26953125
10:39:14,91282CLD1,TSRYS5850288,D,S,D,2024-08-27,1000000.00,3.749379,102.26953125
10:39:18,91282CLD1,TSRYS5850288,D,S,D,2024-08-27,1000000.00,3.758943,102.2109375
10:39:18,91282CLD1,TSRYS5850288,D,S,D,2024-08-27,1000000.00,3.749379,102.26953125
10:39:18,91282CLD1,TSRYS5850288,D,S,D,2024-08-27,1000000.00,3.749379,102.26953125
10:39:23,91282CLD1,TSRYS5850288,D,S,T,2024-08-27,1000000.00,3.750017,102.265625
10:39:23,91282CLD1,TSRYS5850288,D,S,T,2024-08-27,1000000.00,3.750017,102.265625
10:39:24,91282CLD1,TSRYS5850288,D,B,C,2024-08-27,430000.00,3.750017,102.265625
10:39:28,91282CLD1,TSRYS5850288,D,B,C,2024-08-27,1000000.00,3.750017,102.265625
10:39:28,91282CLD1,TSRYS5850288,D,S,D,2024-08-27,1000000.00,3.750017,102.265625
10:39:28,91282CLD1,TSRYS5850288,D,S,D,2024-08-27,1000000.00,3.750017,102.265625
10:39:29,91282CLD1,TSRYS5850288,D,S,T,2024-08-27,2000000.00,3.750017,102.265625
10:39:38,91282CLD1,TSRYS5850288,D,S,D,2024-08-27,1000000.00,3.758943,102.2109375
10:39:43,91282CLD1,TSRYS5850288,D,S,D,2024-08-27,1000000.00,3.750017,102.265625
10:39:43,91282CLD1,TSRYS5850288,D,S,C,2024-08-27,1000000.00,3.74998,102.26585
10:39:43,91282CLD1,TSRYS5850288,D,B,C,2024-08-27,1000000.00,3.750017,102.265625
10:39:43,91282CLD1,TSRYS5850288,D,S,D,2024-08-27,1000000.00,3.750017,102.265625
10:39:45,91282CLD1,TSRYS5850288,D,S,D,2024-08-27,100000.00,3.750654,102.26171875
10:39:48,91282CLD1,TSRYS5850288,D,S,D,2024-08-27,1000000.00,3.757667,102.21875
10:39:51,91282CLD1,TSRYS5850288,D,S,C,2024-08-27,100000.00,3.750654,102.26171875
10:39:57,91282CLD1,TSRYS5850288,D,B,C,2024-08-27,1000000.00,3.750017,102.265625
10:39:57,91282CLD1,TSRYS5850288,D,S,D,2024-08-27,1000000.00,3.750017,102.265625
10:39:57,91282CLD1,TSRYS5850288,D,S,D,2024-08-27,1000000.00,3.750017,102.265625
10:39:57,91282CLD1,TSRYS5850288,D,S,D,2024-08-27,1000000.00,3.750017,102.265625
10:39:57,91282CLD1,TSRYS5850288,D,S,C,2024-08-27,2000000.00,3.749992,102.265775
10:39:59,91282CLD1,TSRYS5850288,D,S,T,2024-08-27,1000000.00,3.750335,102.263671875
10:39:59,91282CLD1,TSRYS5850288,D,S,D,2024-08-27,2000000.00,3.750335,102.263671875
10:40:00,91282CLD1,TSRYS5850288,D,S,D,2024-08-27,2000000.00,3.750335,102.263671875
10:40:04,91282CLD1,TSRYS5850288,D,S,D,2024-08-27,1000000.00,3.750335,102.263671875
10:40:06,91282CLD1,TSRYS5850288,D,S,D,2024-08-27,1000000.00,3.750335,102.263671875
10:40:06,91282CLD1,TSRYS5850288,D,S,D,2024-08-27,1000000.00,3.750335,102.263671875
10:40:12,91282CLD1,TSRYS5850288,D,S,T,2024-08-27,1000000.00,3.750017,102.265625
10:40:20,91282CLD1,TSRYS5850288,D,S,C,2024-08-27,1000000.00,3.750017,102.265625
10:40:20,91282CLD1,TSRYS5850288,D,S,C,2024-08-27,1000000.00,3.750017,102.265625
10:40:20,91282CLD1,TSRYS5850288,D,S,C,2024-08-27,1000000.00,3.750017,102.265625
10:40:21,91282CLD1,TSRYS5850288,D,S,T,2024-08-27,1000000.00,3.750017,102.265625
10:40:21,91282CLD1,TSRYS5850288,D,S,T,2024-08-27,1000000.00,3.750017,102.265625
10:40:21,91282CLD1,TSRYS5850288,D,S,T,2024-08-27,1000000.00,3.750017,102.265625
10:40:21,91282CLD1,TSRYS5850288,D,S,T,2024-08-27,1000000.00,3.750017,102.265625
10:40:22,91282CLD1,TSRYS5850288,D,S,T,2024-08-27,1000000.00,3.750017,102.265625
10:40:22,91282CLD1,TSRYS5850288,D,S,T,2024-08-27,1000000.00,3.750017,102.265625
10:40:22,91282CLD1,TSRYS5850288,D,S,D,2024-08-27,1000000.00,3.749061,102.271484375
10:40:23,91282CLD1,TSRYS5850288,D,S,T,2024-08-27,1000000.00,3.750017,102.265625
10:40:23,91282CLD1,TSRYS5850288,D,S,T,2024-08-27,1000000.00,3.750017,102.265625
10:40:24,91282CLD1,TSRYS5850288,D,B,C,2024-08-27,1000000.00,3.749061,102.271484375
10:40:24,91282CLD1,TSRYS5850288,D,S,C,2024-08-27,1000000.00,3.749061,102.271484375
10:40:26,91282CLD1,TSRYS5850288,D,S,C,2024-08-27,1000000.00,3.750017,102.265625
10:40:27,91282CLD1,TSRYS5850288,D,S,D,2024-08-27,2000000.00,3.750017,102.265625
10:40:29,91282CLD1,TSRYS5850288,D,S,D,2024-08-27,1000000.00,3.749061,102.271484375
10:40:36,91282CLD1,TSRYS5850288,D,S,D,2024-08-27,64600000.00,3.8344,101.75
10:40:39,91282CLD1,TSRYS5850288,D,S,D,2024-08-27,1000000.00,3.751292,102.2578125
10:40:41,91282CLD1,TSRYS5850288,D,S,D,2024-08-27,1000000.00,3.750017,102.265625
10:40:48,91282CLD1,TSRYS5850288,D,S,D,2024-08-27,2000000.00,3.751292,102.2578125
10:40:49,91282CLD1,TSRYS5850288,D,S,D,2024-08-27,1000000.00,3.751292,102.2578125
10:40:52,91282CLD1,TSRYS5850288,D,S,T,2024-08-27,64600000.00,3.8344,101.75
10:40:55,91282CLD1,TSRYS5850288,D,B,C,2024-08-27,50000000.00,3.7618,102.19344
10:40:58,91282CLD1,TSRYS5850288,D,S,C,2024-08-27,1000000.00,3.749976,102.265875
10:40:58,91282CLD1,TSRYS5850288,D,S,C,2024-08-27,1000000.00,3.75,102.265725
10:40:58,91282CLD1,TSRYS5850288,D,S,C,2024-08-27,1000000.00,3.749976,102.265875
10:40:58,91282CLD1,TSRYS5850288,D,S,C,2024-08-27,1000000.00,3.749976,102.265875
10:40:58,91282CLD1,TSRYS5850288,D,S,D,2024-08-27,1000000.00,3.750017,102.265625
10:40:58,91282CLD1,TSRYS5850288,D,B,C,2024-08-27,1000000.00,3.750017,102.265625
10:40:58,91282CLD1,TSRYS5850288,D,S,C,2024-08-27,1000000.00,3.749976,102.265875
10:40:58,91282CLD1,TSRYS5850288,D,B,C,2024-08-27,1000000.00,3.750017,102.265625
10:40:59,91282CLD1,TSRYS5850288,D,S,T,2024-08-27,1000000.00,3.748742,102.2734375
10:40:59,91282CLD1,TSRYS5850288,D,S,D,2024-08-27,1000000.00,3.748742,102.2734375
10:41:00,91282CLD1,TSRYS5850288,D,S,C,2024-08-27,1000000.00,3.748423,102.275390625
10:41:04,91282CLD1,TSRYS5850288,D,S,C,2024-08-27,1000000.00,3.748423,102.275390625
10:41:04,91282CLD1,TSRYS5850288,D,S,D,2024-08-27,1000000.00,3.749061,102.271484375
10:41:04,91282CLD1,TSRYS5850288,D,S,D,2024-08-27,1000000.00,3.749061,102.271484375
10:41:04,91282CLD1,TSRYS5850288,D,S,D,2024-08-27,1000000.00,3.749061,102.271484375
10:41:04,91282CLD1,TSRYS5850288,D,S,C,2024-08-27,1000000.00,3.749061,102.271484375
10:41:04,91282CLD1,TSRYS5850288,D,S,C,2024-08-27,1000000.00,3.749061,102.271484375
10:41:04,91282CLD1,TSRYS5850288,D,S,D,2024-08-27,1000000.00,3.748742,102.2734375
10:41:04,91282CLD1,TSRYS5850288,D,S,D,2024-08-27,1000000.00,3.748742,102.2734375
10:41:04,91282CLD1,TSRYS5850288,D,S,C,2024-08-27,1000000.00,3.748742,102.2734375
10:41:04,91282CLD1,TSRYS5850288,D,S,C,2024-08-27,1000000.00,3.748742,102.2734375
10:41:07,91282CLD1,TSRYS5850288,D,S,T,2024-08-27,1000000.00,3.748423,102.275390625
10:41:09,91282CLD1,TSRYS5850288,D,S,D,2024-08-27,1000000.00,3.751292,102.2578125
10:41:10,91282CLD1,TSRYS5850288,D,S,T,2024-08-27,1000000.00,3.748742,102.2734375
10:41:10,91282CLD1,TSRYS5850288,D,S,D,2024-08-27,1000000.00,3.748742,102.2734375
10:41:12,91282CLD1,TSRYS5850288,D,S,D,2024-08-27,6250000.00,3.748742,102.2734375
10:41:13,91282CLD1,TSRYS5850288,D,S,T,2024-08-27,1000000.00,3.748423,102.275390625
10:41:15,91282CLD1,TSRYS5850288,D,S,T,2024-08-27,1000000.00,3.748742,102.2734375
10:41:16,91282CLD1,TSRYS5850288,D,S,C,2024-08-27,1000000.00,3.749061,102.271484375
10:41:16,91282CLD1,TSRYS5850288,D,S,C,2024-08-27,1000000.00,3.749061,102.271484375
10:41:16,91282CLD1,TSRYS5850288,D,S,C,2024-08-27,1000000.00,3.749061,102.271484375
10:41:18,91282CLD1,TSRYS5850288,D,S,D,2024-08-27,1000000.00,3.749061,102.271484375
10:41:18,91282CLD1,TSRYS5850288,D,S,D,2024-08-27,1000000.00,3.749061,102.271484375
10:41:19,91282CLD1,TSRYS5850288,D,B,C,2024-08-27,7000000.00,3.748105,102.27734375
10:41:20,91282CLD1,TSRYS5850288,D,S,T,2024-08-27,1000000.00,3.747467,102.28125
10:41:24,91282CLD1,TSRYS5850288,D,S,T,2024-08-27,1000000.00,3.747467,102.28125
10:41:26,91282CLD1,TSRYS5850288,D,B,C,2024-08-27,67164000.00,3.758943,102.2109375
10:41:26,91282CLD1,TSRYS5850288,D,S,D,2024-08-27,67164000.00,3.758943,102.2109375
10:41:27,91282CLD1,TSRYS5850288,D,S,A,2024-08-27,60000.00,3.747467,102.28125
10:41:28,91282CLD1,TSRYS5850288,D,S,D,2024-08-27,1000000.00,3.751292,102.2578125
10:41:30,91282CLD1,TSRYS5850288,D,S,C,2024-08-27,1000000.00,3.749061,102.27148437
10:41:30,91282CLD1,TSRYS5850288,D,S,C,2024-08-27,1000000.00,3.749061,102.27148437
10:41:30,91282CLD1,TSRYS5850288,D,S,C,2024-08-27,1000000.00,3.749061,102.27148437
10:41:30,91282CLD1,TSRYS5850288,D,S,C,2024-08-27,1000000.00,3.749061,102.27148437
10:41:30,91282CLD1,TSRYS5850288,D,S,C,2024-08-27,1000000.00,3.749061,102.27148437
10:41:31,91282CLD1,TSRYS5850288,D,S,C,2024-08-27,1000000.00,3.749061,102.27148437
10:41:31,91282CLD1,TSRYS5850288,D,S,C,2024-08-27,1000000.00,3.749061,102.27148437
10:41:33,91282CLD1,TSRYS5850288,D,S,T,2024-08-27,1000000.00,3.749061,102.27148437
10:41:34,91282CLD1,TSRYS5850288,D,S,T,2024-08-27,1000000.00,3.749061,102.27148437
10:41:34,91282CLD1,TSRYS5850288,D,S,C,2024-08-27,1000000.00,3.749061,102.27148437
10:41:35,91282CLD1,TSRYS5850288,D,S,D,2024-08-27,1000000.00,3.749061,102.27148437
10:41:35,91282CLD1,TSRYS5850288,D,S,T,2024-08-27,1000000.00,3.749061,102.27148437
10:41:35,91282CLD1,TSRYS5850288,D,S,C,2024-08-27,1000000.00,3.749061,102.27148437
10:41:35,91282CLD1,TSRYS5850288,D,S,D,2024-08-27,1000000.00,3.749061,102.27148437
10:41:37,91282CLD1,TSRYS5850288,D,S,T,2024-08-27,1000000.00,3.749061,102.27148437
10:41:37,91282CLD1,TSRYS5850288,D,S,D,2024-08-27,1000000.00,3.749061,102.27148437
10:41:37,91282CLD1,TSRYS5850288,D,S,T,2024-08-27,1000000.00,3.749061,102.27148437
10:41:38,91282CLD1,TSRYS5850288,D,S,D,2024-08-27,1000000.00,3.747786,102.279296875
10:41:38,91282CLD1,TSRYS5850288,D,S,D,2024-08-27,1000000.00,3.747786,102.279296875
10:41:38,91282CLD1,TSRYS5850288,D,S,D,2024-08-27,1000000.00,3.747786,102.279296875
10:41:39,91282CLD1,TSRYS5850288,D,S,C,2024-08-27,1000000.00,3.748742,102.2734375
10:41:39,91282CLD1,TSRYS5850288,D,S,C,2024-08-27,1000000.00,3.748742,102.2734375
10:41:39,91282CLD1,TSRYS5850288,D,S,T,2024-08-27,1000000.00,3.748742,102.2734375
10:41:39,91282CLD1,TSRYS5850288,D,S,T,2024-08-27,1000000.00,3.748742,102.2734375
10:41:40,91282CLD1,TSRYS5850288,D,S,D,2024-08-27,1000000.00,3.747786,102.279296875
10:41:40,91282CLD1,TSRYS5850288,D,B,C,2024-08-27,1000000.00,3.747786,102.279296875
10:41:41,91282CLD1,TSRYS5850288,D,S,T,2024-08-27,1000000.00,3.748742,102.2734375
10:41:42,91282CLD1,TSRYS5850288,D,S,T,2024-08-27,1000000.00,3.748742,102.2734375
10:41:42,91282CLD1,TSRYS5850288,D,S,C,2024-08-27,1000000.00,3.748742,102.2734375
10:41:43,91282CLD1,TSRYS5850288,D,S,D,2024-08-27,1000000.00,3.748742,102.2734375
10:41:43,91282CLD1,TSRYS5850288,D,S,C,2024-08-27,1000000.00,3.748742,102.2734375
10:41:43,91282CLD1,TSRYS5850288,D,S,C,2024-08-27,1000000.00,3.748742,102.2734375
10:41:43,91282CLD1,TSRYS5850288,D,S,D,2024-08-27,1000000.00,3.749061,102.27148437
10:41:43,91282CLD1,TSRYS5850288,D,S,C,2024-08-27,1000000.00,3.749061,102.27148437
10:41:44,91282CLD1,TSRYS5850288,D,S,C,2024-08-27,1000000.00,3.749061,102.27148437
10:41:44,91282CLD1,TSRYS5850288,D,S,C,2024-08-27,1000000.00,3.749061,102.27148437
10:41:44,91282CLD1,TSRYS5850288,D,S,T,2024-08-27,1000000.00,3.748742,102.2734375
10:41:45,91282CLD1,TSRYS5850288,D,S,C,2024-08-27,2000000.00,3.749061,102.271484375
10:41:45,91282CLD1,TSRYS5850288,D,S,C,2024-08-27,2000000.00,3.749061,102.271484375
10:41:45,91282CLD1,TSRYS5850288,D,S,C,2024-08-27,1000000.00,3.749061,102.271484375
10:41:46,91282CLD1,TSRYS5850288,D,S,D,2024-08-27,1000000.00,3.749061,102.271484375
10:41:46,91282CLD1,TSRYS5850288,D,S,D,2024-08-27,1000000.00,3.749061,102.271484375
10:41:46,91282CLD1,TSRYS5850288,D,S,D,2024-08-27,1000000.00,3.749061,102.271484375
10:41:46,91282CLD1,TSRYS5850288,D,S,D,2024-08-27,2000000.00,3.749061,102.271484375
10:41:47,91282CLD1,TSRYS5850288,D,S,C,2024-08-27,1000000.00,3.749061,102.27148437
10:41:47,91282CLD1,TSRYS5850288,D,S,C,2024-08-27,1000000.00,3.749061,102.27148437
10:41:47,91282CLD1,TSRYS5850288,D,S,D,2024-08-27,1000000.00,3.749061,102.27148437
10:41:47,91282CLD1,TSRYS5850288,D,S,D,2024-08-27,2000000.00,3.749061,102.271484375
10:41:48,91282CLD1,TSRYS5850288,D,S,D,2024-08-27,2000000.00,3.749061,102.271484375
10:41:48,91282CLD1,TSRYS5850288,D,S,D,2024-08-27,2000000.00,3.749061,102.271484375
10:41:48,91282CLD1,TSRYS5850288,D,S,C,2024-08-27,1000000.00,3.749061,102.27148437
10:41:48,91282CLD1,TSRYS5850288,D,S,T,2024-08-27,1000000.00,3.749061,102.27148437
10:41:48,91282CLD1,TSRYS5850288,D,S,D,2024-08-27,2000000.00,3.749061,102.271484375
10:41:48,91282CLD1,TSRYS5850288,D,S,D,2024-08-27,1000000.00,3.749061,102.271484375
10:41:48,91282CLD1,TSRYS5850288,D,S,D,2024-08-27,1000000.00,3.750017,102.265625
10:41:50,91282CLD1,TSRYS5850288,D,S,T,2024-08-27,1000000.00,3.749061,102.27148437
10:41:50,91282CLD1,TSRYS5850288,D,S,D,2024-08-27,1000000.00,3.749061,102.27148437
10:41:50,91282CLD1,TSRYS5850288,D,S,T,2024-08-27,1000000.00,3.749061,102.27148437
10:41:50,91282CLD1,TSRYS5850288,D,S,C,2024-08-27,1000000.00,3.749061,102.27148437
10:41:50,91282CLD1,TSRYS5850288,D,S,C,2024-08-27,1000000.00,3.749061,102.27148437
10:41:52,91282CLD1,TSRYS5850288,D,S,T,2024-08-27,1000000.00,3.749061,102.27148437
10:41:52,91282CLD1,TSRYS5850288,D,S,T,2024-08-27,1000000.00,3.749061,102.27148437
10:41:52,91282CLD1,TSRYS5850288,D,S,D,2024-08-27,1000000.00,3.749061,102.27148437
10:41:53,91282CLD1,TSRYS5850288,D,S,D,2024-08-27,1000000.00,3.749061,102.27148437
10:41:53,91282CLD1,TSRYS5850288,D,S,D,2024-08-27,1000000.00,3.749061,102.271484375
10:41:54,91282CLD1,TSRYS5850288,D,S,D,2024-08-27,1000000.00,3.749061,102.271484375
10:41:55,91282CLD1,TSRYS5850288,D,S,T,2024-08-27,1000000.00,3.749061,102.271484375
10:41:55,91282CLD1,TSRYS5850288,D,S,C,2024-08-27,1000000.00,3.747786,102.27929687
10:41:55,91282CLD1,TSRYS5850288,D,S,T,2024-08-27,2000000.00,3.749061,102.271484375
10:41:58,91282CLD1,TSRYS5850288,D,B,C,2024-08-27,1000000.00,3.747492,102.2811
10:41:58,91282CLD1,TSRYS5850288,D,S,C,2024-08-27,1000000.00,3.747467,102.28125
10:41:58,91282CLD1,TSRYS5850288,D,S,D,2024-08-27,1000000.00,3.747467,102.28125
10:41:58,91282CLD1,TSRYS5850288,D,S,D,2024-08-27,1000000.00,3.747467,102.28125
10:41:59,91282CLD1,TSRYS5850288,D,S,D,2024-08-27,1000000.00,3.750017,102.265625
10:41:59,91282CLD1,TSRYS5850288,D,S,D,2024-08-27,1000000.00,3.750017,102.265625
10:41:59,91282CLD1,TSRYS5850288,D,S,D,2024-08-27,1000000.00,3.749061,102.271484375
10:42:00,91282CLD1,TSRYS5850288,D,S,T,2024-08-27,1000000.00,3.749061,102.271484375
10:42:00,91282CLD1,TSRYS5850288,D,S,T,2024-08-27,2000000.00,3.749061,102.271484375
10:42:00,91282CLD1,TSRYS5850288,D,S,T,2024-08-27,1000000.00,3.749061,102.271484375
10:42:04,91282CLD1,TSRYS5850288,D,S,D,2024-08-27,1000000.00,3.747786,102.27929687
10:42:06,91282CLD1,TSRYS5850288,D,S,T,2024-08-27,1000000.00,3.749061,102.271484375
10:42:06,91282CLD1,TSRYS5850288,D,S,T,2024-08-27,2000000.00,3.749061,102.271484375
10:42:06,91282CLD1,TSRYS5850288,D,S,T,2024-08-27,1000000.00,3.749061,102.271484375
10:42:06,91282CLD1,TSRYS5850288,D,S,T,2024-08-27,1000000.00,3.749061,102.271484375
10:42:06,91282CLD1,TSRYS5850288,D,S,D,2024-08-27,50000000.00,3.749783,102.26706
10:42:14,91282CLD1,TSRYS5850288,D,S,T,2024-08-27,1000000.00,3.748742,102.2734375
10:42:17,91282CLD1,TSRYS5850288,D,S,T,2024-08-27,1000000.00,3.748742,102.2734375
10:42:23,91282CLD1,TSRYS5850288,D,S,T,2024-08-27,1000000.00,3.748742,102.2734375
10:42:23,91282CLD1,TSRYS5850288,D,S,T,2024-08-27,2000000.00,3.749061,102.271484375
10:42:23,91282CLD1,TSRYS5850288,D,S,T,2024-08-27,2000000.00,3.749061,102.271484375
10:42:23,91282CLD1,TSRYS5850288,D,S,T,2024-08-27,1000000.00,3.749061,102.271484375
10:42:23,91282CLD1,TSRYS5850288,D,S,T,2024-08-27,1000000.00,3.749061,102.271484375
10:42:23,91282CLD1,TSRYS5850288,D,S,T,2024-08-27,2000000.00,3.749061,102.271484375
10:42:23,91282CLD1,TSRYS5850288,D,S,T,2024-08-27,2000000.00,3.749061,102.271484375
10:42:37,91282CLD1,TSRYS5850288,D,S,T,2024-08-27,3000000.00,3.750335,102.263671875
10:42:37,91282CLD1,TSRYS5850288,D,S,D,2024-08-27,1000000.00,3.750017,102.265625
10:42:38,91282CLD1,TSRYS5850288,D,S,D,2024-08-27,1000000.00,3.750017,102.265625
10:42:42,91282CLD1,TSRYS5850288,D,S,D,2024-08-27,3000000.00,3.750335,102.263671875
10:42:42,91282CLD1,TSRYS5850288,D,S,D,2024-08-27,1000000.00,3.748742,102.2734375
10:42:42,91282CLD1,TSRYS5850288,D,S,D,2024-08-27,1000000.00,3.749698,102.267578125
10:42:42,91282CLD1,TSRYS5850288,D,S,T,2024-08-27,1000000.00,3.750017,102.265625
10:42:42,91282CLD1,TSRYS5850288,D,S,T,2024-08-27,1000000.00,3.750017,102.265625
10:42:42,91282CLD1,TSRYS5850288,D,S,T,2024-08-27,1000000.00,3.750017,102.265625
10:42:42,91282CLD1,TSRYS5850288,D,S,C,2024-08-27,1000000.00,3.749698,102.267578125
10:42:57,91282CLD1,TSRYS5850288,D,S,D,2024-08-27,1000000.00,3.748742,102.2734375
10:42:57,91282CLD1,TSRYS5850288,D,S,C,2024-08-27,1000000.00,3.748742,102.2734375
10:42:57,91282CLD1,TSRYS5850288,D,B,C,2024-08-27,1000000.00,3.748742,102.2734375
10:42:57,91282CLD1,TSRYS5850288,D,S,D,2024-08-27,1000000.00,3.748742,102.2734375
10:42:59,91282CLD1,TSRYS5850288,D,S,D,2024-08-27,1000000.00,3.751292,102.2578125
10:43:00,91282CLD1,TSRYS5850288,D,S,T,2024-08-27,1000000.00,3.750017,102.265625
10:43:14,91282CLD1,TSRYS5850288,D,S,D,2024-08-27,1000000.00,3.748742,102.2734375
10:43:14,91282CLD1,TSRYS5850288,D,S,D,2024-08-27,1000000.00,3.750017,102.265625
10:43:14,91282CLD1,TSRYS5850288,D,B,C,2024-08-27,1000000.00,3.750017,102.265625
10:43:16,91282CLD1,TSRYS5850288,D,B,C,2024-08-27,11423000.00,3.748742,102.2734375
10:43:19,91282CLD1,TSRYS5850288,D,S,D,2024-08-27,1000000.00,3.750017,102.265625
10:43:19,91282CLD1,TSRYS5850288,D,S,D,2024-08-27,1000000.00,3.750017,102.265625
10:43:19,91282CLD1,TSRYS5850288,D,S,D,2024-08-27,1000000.00,3.750017,102.265625
10:43:20,91282CLD1,TSRYS5850288,D,S,D,2024-08-27,1000000.00,3.750017,102.265625
10:43:29,91282CLD1,TSRYS5850288,D,S,D,2024-08-27,2000000.00,3.750017,102.265625
10:43:29,91282CLD1,TSRYS5850288,D,S,D,2024-08-27,1000000.00,3.750017,102.265625
10:43:29,91282CLD1,TSRYS5850288,D,S,D,2024-08-27,1000000.00,3.748742,102.2734375
10:43:29,91282CLD1,TSRYS5850288,D,S,D,2024-08-27,1000000.00,3.750017,102.265625
10:43:36,91282CLD1,TSRYS5850288,D,S,D,2024-08-27,1000000.00,3.749698,102.267578125
10:43:39,91282CLD1,TSRYS5850288,D,S,D,2024-08-27,1000000.00,3.747467,102.28125
10:43:40,91282CLD1,TSRYS5850288,D,S,D,2024-08-27,1000000.00,3.748742,102.2734375
10:43:44,91282CLD1,TSRYS5850288,D,S,D,2024-08-27,1000000.00,3.750017,102.265625
10:43:44,91282CLD1,TSRYS5850288,D,S,D,2024-08-27,1000000.00,3.750017,102.265625
10:43:49,91282CLD1,TSRYS5850288,D,S,T,2024-08-27,1000000.00,3.750017,102.265625
10:43:49,91282CLD1,TSRYS5850288,D,S,T,2024-08-27,1000000.00,3.750017,102.265625
10:43:58,91282CLD1,TSRYS5850288,D,S,D,2024-08-27,1000000.00,3.750017,102.265625
10:44:03,91282CLD1,TSRYS5850288,D,B,C,2024-08-27,1000000.00,3.749698,102.26757812
10:44:06,91282CLD1,TSRYS5850288,D,S,D,2024-08-27,9900000.00,3.8344,101.75
10:44:09,91282CLD1,TSRYS5850288,D,S,D,2024-08-27,1000000.00,3.748742,102.2734375
10:44:09,91282CLD1,TSRYS5850288,D,S,D,2024-08-27,1000000.00,3.748742,102.2734375
10:44:13,91282CLD1,TSRYS5850288,D,S,D,2024-08-27,1000000.00,3.750017,102.265625
10:44:15,91282CLD1,TSRYS5850288,D,S,D,2024-08-27,1000000.00,3.750335,102.263671875
10:44:15,91282CLD1,TSRYS5850288,D,S,D,2024-08-27,1000000.00,3.750335,102.263671875
10:44:15,91282CLD1,TSRYS5850288,D,S,T,2024-08-27,1000000.00,3.750335,102.263671875
10:44:16,91282CLD1,TSRYS5850288,D,S,D,2024-08-27,1000000.00,3.750335,102.263671875
10:44:16,91282CLD1,TSRYS5850288,D,S,T,2024-08-27,1000000.00,3.749698,102.267578125
10:44:16,91282CLD1,TSRYS5850288,D,S,T,2024-08-27,1000000.00,3.749698,102.267578125
10:44:16,91282CLD1,TSRYS5850288,D,S,D,2024-08-27,1000000.00,3.749698,102.267578125
10:44:19,91282CLD1,TSRYS5850288,D,S,D,2024-08-27,1000000.00,3.750017,102.265625
10:44:20,91282CLD1,TSRYS5850288,D,S,D,2024-08-27,1000000.00,3.750017,102.265625
10:44:20,91282CLD1,TSRYS5850288,D,S,D,2024-08-27,1000000.00,3.750335,102.263671875
10:44:20,91282CLD1,TSRYS5850288,D,S,T,2024-08-27,1000000.00,3.750017,102.265625
10:44:21,91282CLD1,TSRYS5850288,D,S,D,2024-08-27,1000000.00,3.749698,102.267578125
10:44:21,91282CLD1,TSRYS5850288,D,S,D,2024-08-27,1000000.00,3.749698,102.267578125
10:44:24,91282CLD1,TSRYS5850288,D,S,T,2024-08-27,1000000.00,3.750017,102.265625
10:44:24,91282CLD1,TSRYS5850288,D,S,T,2024-08-27,1000000.00,3.750017,102.265625
10:44:24,91282CLD1,TSRYS5850288,D,S,T,2024-08-27,1000000.00,3.750017,102.265625
10:44:25,91282CLD1,TSRYS5850288,D,S,D,2024-08-27,1000000.00,3.750017,102.265625
10:44:25,91282CLD1,TSRYS5850288,D,B,C,2024-08-27,1000000.00,3.750017,102.265625
10:44:25,91282CLD1,TSRYS5850288,D,S,D,2024-08-27,1000000.00,3.750017,102.265625
10:44:28,91282CLD1,TSRYS5850288,D,S,C,2024-08-27,1000000.00,3.749968,102.265925
10:44:28,91282CLD1,TSRYS5850288,D,B,C,2024-08-27,1000000.00,3.750017,102.265625
10:44:28,91282CLD1,TSRYS5850288,D,S,D,2024-08-27,1000000.00,3.750017,102.265625
10:44:44,91282CLD1,TSRYS5850288,D,S,D,2024-08-27,1000000.00,3.750017,102.265625
10:44:45,91282CLD1,TSRYS5850288,D,S,C,2024-08-27,32300000.00,3.760917,102.198848
10:44:46,91282CLD1,TSRYS5850288,D,S,T,2024-08-27,1000000.00,3.750017,102.265625
10:44:46,91282CLD1,TSRYS5850288,D,S,D,2024-08-27,1000000.00,3.750017,102.265625
10:44:46,91282CLD1,TSRYS5850288,D,B,C,2024-08-27,1000000.00,3.750017,102.265625
10:44:49,91282CLD1,TSRYS5850288,D,S,D,2024-08-27,1000000.00,3.750017,102.265625
10:44:49,91282CLD1,TSRYS5850288,D,S,D,2024-08-27,1000000.00,3.750017,102.265625
10:44:50,91282CLD1,TSRYS5850288,D,S,D,2024-08-27,1000000.00,3.750017,102.265625
10:44:50,91282CLD1,TSRYS5850288,D,S,D,2024-08-27,1000000.00,3.750017,102.265625
10:44:51,91282CLD1,TSRYS5850288,D,S,T,2024-08-27,1000000.00,3.750017,102.265625
10:45:01,91282CLD1,TSRYS5850288,D,S,D,2024-08-27,1000000.00,3.750017,102.265625
10:45:01,91282CLD1,TSRYS5850288,D,S,D,2024-08-27,1000000.00,3.750017,102.265625
10:45:01,91282CLD1,TSRYS5850288,D,B,C,2024-08-27,1000000.00,3.750017,102.265625
10:45:01,91282CLD1,TSRYS5850288,D,S,D,2024-08-27,1000000.00,3.750017,102.265625
10:45:01,91282CLD1,TSRYS5850288,D,S,D,2024-08-27,1000000.00,3.750017,102.265625
10:45:12,91282CLD1,TSRYS5850288,D,S,T,2024-08-27,1000000.00,3.748742,102.2734375
10:45:12,91282CLD1,TSRYS5850288,D,S,D,2024-08-27,1000000.00,3.748742,102.2734375
10:45:13,91282CLD1,TSRYS5850288,D,S,D,2024-08-27,1000000.00,3.749061,102.271484375
10:45:13,91282CLD1,TSRYS5850288,D,S,T,2024-08-27,1000000.00,3.748742,102.2734375
10:45:13,91282CLD1,TSRYS5850288,D,S,D,2024-08-27,1000000.00,3.749061,102.271484375
10:45:13,91282CLD1,TSRYS5850288,D,S,T,2024-08-27,1000000.00,3.749061,102.271484375
10:45:14,91282CLD1,TSRYS5850288,D,S,D,2024-08-27,1000000.00,3.749061,102.271484375
10:45:16,91282CLD1,TSRYS5850288,D,S,D,2024-08-27,1000000.00,3.750017,102.265625
10:45:17,91282CLD1,TSRYS5850288,D,S,D,2024-08-27,1000000.00,3.749061,102.271484375
10:45:19,91282CLD1,TSRYS5850288,D,S,T,2024-08-27,1000000.00,3.748742,102.2734375
10:45:19,91282CLD1,TSRYS5850288,D,S,D,2024-08-27,1000000.00,3.748742,102.2734375
10:45:20,91282CLD1,TSRYS5850288,D,S,D,2024-08-27,1000000.00,3.748742,102.2734375
10:45:20,91282CLD1,TSRYS5850288,D,B,C,2024-08-27,3000000.00,3.750335,102.26367187
10:45:21,91282CLD1,TSRYS5850288,D,S,T,2024-08-27,1000000.00,3.748742,102.2734375
10:45:22,91282CLD1,TSRYS5850288,D,B,C,2024-08-27,3000000.00,3.750335,102.26367187
10:45:22,91282CLD1,TSRYS5850288,D,B,C,2024-08-27,1000000.00,3.750335,102.26367187
10:45:23,91282CLD1,TSRYS5850288,D,S,T,2024-08-27,1000000.00,3.748742,102.2734375
10:45:24,91282CLD1,TSRYS5850288,D,S,D,2024-08-27,2000000.00,3.748742,102.2734375
10:45:28,91282CLD1,TSRYS5850288,D,S,D,2024-08-27,1000000.00,3.748742,102.2734375
10:45:28,91282CLD1,TSRYS5850288,D,S,D,2024-08-27,4000000.00,3.748742,102.2734375
10:45:28,91282CLD1,TSRYS5850288,D,S,D,2024-08-27,1000000.00,3.748742,102.2734375
10:45:29,91282CLD1,TSRYS5850288,D,S,D,2024-08-27,5000000.00,3.748742,102.2734375
10:45:30,91282CLD1,TSRYS5850288,D,S,D,2024-08-27,1000000.00,3.748742,102.2734375
10:45:30,91282CLD1,TSRYS5850288,D,S,D,2024-08-27,1000000.00,3.748742,102.2734375
10:45:35,91282CLD1,TSRYS5850288,D,S,T,2024-08-27,1000000.00,3.748742,102.2734375
10:45:41,91282CLD1,TSRYS5850288,D,S,C,2024-08-27,1000000.00,3.749698,102.267578125
10:45:42,91282CLD1,TSRYS5850288,D,B,C,2024-08-27,1000000.00,3.749698,102.267578125
10:45:42,91282CLD1,TSRYS5850288,D,S,T,2024-08-27,1000000.00,3.750017,102.265625
10:45:43,91282CLD1,TSRYS5850288,D,S,D,2024-08-27,1000000.00,3.749698,102.267578125
10:45:43,91282CLD1,TSRYS5850288,D,S,D,2024-08-27,1000000.00,3.748742,102.2734375
10:45:47,91282CLD1,TSRYS5850288,D,S,D,2024-08-27,1000000.00,3.749698,102.267578125
10:45:47,91282CLD1,TSRYS5850288,D,S,C,2024-08-27,1000000.00,3.749698,102.267578125
10:45:58,91282CLD1,TSRYS5850288,D,S,D,2024-08-27,1000000.00,3.748742,102.2734375
10:45:58,91282CLD1,TSRYS5850288,D,S,D,2024-08-27,1000000.00,3.748742,102.2734375
10:45:58,91282CLD1,TSRYS5850288,D,S,D,2024-08-27,1000000.00,3.748742,102.2734375
10:46:07,91282CLD1,TSRYS5850288,D,S,T,2024-08-27,1000000.00,3.750017,102.265625
10:46:07,91282CLD1,TSRYS5850288,D,S,T,2024-08-27,2000000.00,3.750042,102.265473
10:46:07,91282CLD1,TSRYS5850288,D,S,T,2024-08-27,1000000.00,3.750017,102.265625
10:46:07,91282CLD1,TSRYS5850288,D,S,T,2024-08-27,1000000.00,3.750042,102.265473
10:46:11,91282CLD1,TSRYS5850288,D,S,D,2024-08-27,1000000.00,3.749379,102.26953125
10:46:11,91282CLD1,TSRYS5850288,D,B,C,2024-08-27,1000000.00,3.749396,102.26943125
10:46:11,91282CLD1,TSRYS5850288,D,B,C,2024-08-27,2000000.00,3.749396,102.26943125
10:46:11,91282CLD1,TSRYS5850288,D,S,D,2024-08-27,2000000.00,3.749379,102.26953125
10:46:11,91282CLD1,TSRYS5850288,D,B,C,2024-08-27,1000000.00,3.749396,102.26943125
10:46:11,91282CLD1,TSRYS5850288,D,S,D,2024-08-27,1000000.00,3.749379,102.26953125
10:46:12,91282CLD1,TSRYS5850288,D,B,C,2024-08-27,1000000.00,3.749396,102.26943125
10:46:12,91282CLD1,TSRYS5850288,D,S,D,2024-08-27,1000000.00,3.749379,102.26953125
10:46:12,91282CLD1,TSRYS5850288,D,S,D,2024-08-27,1000000.00,3.748742,102.2734375
10:46:13,91282CLD1,TSRYS5850288,D,S,D,2024-08-27,1000000.00,3.750017,102.265625
10:46:15,91282CLD1,TSRYS5850288,D,B,C,2024-08-27,1000000.00,3.748742,102.2734375
10:46:15,91282CLD1,TSRYS5850288,D,S,D,2024-08-27,1000000.00,3.748742,102.2734375
10:46:15,91282CLD1,TSRYS5850288,D,S,D,2024-08-27,1000000.00,3.748742,102.2734375
10:46:16,91282CLD1,TSRYS5850288,D,B,C,2024-08-27,2000000.00,3.749379,102.26953125
10:46:16,91282CLD1,TSRYS5850288,D,S,D,2024-08-27,2000000.00,3.749379,102.26953125
10:46:16,91282CLD1,TSRYS5850288,D,B,C,2024-08-27,1000000.00,3.749379,102.26953125
10:46:16,91282CLD1,TSRYS5850288,D,S,D,2024-08-27,1000000.00,3.749379,102.26953125
10:46:16,91282CLD1,TSRYS5850288,D,B,C,2024-08-27,1000000.00,3.749379,102.26953125
10:46:16,91282CLD1,TSRYS5850288,D,S,D,2024-08-27,1000000.00,3.749379,102.26953125
10:46:16,91282CLD1,TSRYS5850288,D,B,C,2024-08-27,1000000.00,3.749379,102.26953125
10:46:16,91282CLD1,TSRYS5850288,D,S,D,2024-08-27,1000000.00,3.749379,102.26953125
10:46:19,91282CLD1,TSRYS5850288,D,S,D,2024-08-27,1331000.00,3.749088,102.27131486795
10:46:20,91282CLD1,TSRYS5850288,D,S,T,2024-08-27,1000000.00,3.748742,102.2734375
10:46:31,91282CLD1,TSRYS5850288,D,S,T,2024-08-27,1000000.00,3.750017,102.265625
10:46:32,91282CLD1,TSRYS5850288,D,S,T,2024-08-27,1000000.00,3.750335,102.263671875
10:46:34,91282CLD1,TSRYS5850288,D,S,D,2024-08-27,1000000.00,3.750335,102.263671875
10:46:35,91282CLD1,TSRYS5850288,D,S,D,2024-08-27,24000000.00,3.74997,102.26591
10:46:42,91282CLD1,TSRYS5850288,D,S,D,2024-08-27,9900000.00,3.8344,101.75
10:46:46,91282CLD1,TSRYS5850288,D,S,C,2024-08-27,1000000.00,3.750654,102.26171875
10:46:46,91282CLD1,TSRYS5850288,D,S,D,2024-08-27,1000000.00,3.750654,102.26171875
10:46:46,91282CLD1,TSRYS5850288,D,B,C,2024-08-27,1000000.00,3.750654,102.26171875
10:46:48,91282CLD1,TSRYS5850288,D,S,D,2024-08-27,1000000.00,3.750017,102.265625
10:46:48,91282CLD1,TSRYS5850288,D,S,C,2024-08-27,1000000.00,3.750017,102.265625
10:46:49,91282CLD1,TSRYS5850288,D,S,C,2024-08-27,1000000.00,3.750017,102.265625
10:46:49,91282CLD1,TSRYS5850288,D,S,T,2024-08-27,1000000.00,3.750017,102.265625
10:46:49,91282CLD1,TSRYS5850288,D,S,D,2024-08-27,1000000.00,3.750017,102.265625
10:46:50,91282CLD1,TSRYS5850288,D,S,D,2024-08-27,1000000.00,3.750017,102.265625
10:46:51,91282CLD1,TSRYS5850288,D,B,C,2024-08-27,1000000.00,3.750033,102.265525
10:46:51,91282CLD1,TSRYS5850288,D,B,C,2024-08-27,1000000.00,3.750033,102.265525
10:46:51,91282CLD1,TSRYS5850288,D,S,D,2024-08-27,2000000.00,3.750017,102.265625
10:46:51,91282CLD1,TSRYS5850288,D,B,C,2024-08-27,1000000.00,3.750033,102.265525
10:46:51,91282CLD1,TSRYS5850288,D,B,C,2024-08-27,1000000.00,3.750033,102.265525
10:46:51,91282CLD1,TSRYS5850288,D,S,C,2024-08-27,2000000.00,3.750017,102.265625
10:46:54,91282CLD1,TSRYS5850288,D,S,C,2024-08-27,1000000.00,3.750017,102.265625
10:46:56,91282CLD1,TSRYS5850288,D,B,C,2024-08-27,1000000.00,3.750017,102.265625
10:46:56,91282CLD1,TSRYS5850288,D,S,C,2024-08-27,1000000.00,3.750017,102.265625
10:46:56,91282CLD1,TSRYS5850288,D,B,C,2024-08-27,1000000.00,3.750017,102.265625
10:46:56,91282CLD1,TSRYS5850288,D,S,C,2024-08-27,1000000.00,3.750017,102.265625
10:46:56,91282CLD1,TSRYS5850288,D,B,C,2024-08-27,1000000.00,3.750017,102.265625
10:46:56,91282CLD1,TSRYS5850288,D,S,C,2024-08-27,1000000.00,3.750017,102.265625
10:46:56,91282CLD1,TSRYS5850288,D,B,C,2024-08-27,1000000.00,3.750017,102.265625
10:46:56,91282CLD1,TSRYS5850288,D,S,C,2024-08-27,1000000.00,3.750017,102.265625
10:46:56,91282CLD1,TSRYS5850288,D,B,C,2024-08-27,1000000.00,3.749698,102.26757812
10:46:56,91282CLD1,TSRYS5850288,D,S,D,2024-08-27,1000000.00,3.750017,102.265625
10:46:56,91282CLD1,TSRYS5850288,D,B,C,2024-08-27,2000000.00,3.750033,102.265525
10:46:57,91282CLD1,TSRYS5850288,D,S,D,2024-08-27,1000000.00,3.750017,102.265625
10:47:01,91282CLD1,TSRYS5850288,D,S,D,2024-08-27,1000000.00,3.750017,102.265625
10:47:01,91282CLD1,TSRYS5850288,D,B,C,2024-08-27,1000000.00,3.750017,102.265625
10:47:01,91282CLD1,TSRYS5850288,D,S,D,2024-08-27,1000000.00,3.750017,102.265625
10:47:01,91282CLD1,TSRYS5850288,D,B,C,2024-08-27,1000000.00,3.750017,102.265625
10:47:01,91282CLD1,TSRYS5850288,D,B,C,2024-08-27,1000000.00,3.750017,102.265625
10:47:01,91282CLD1,TSRYS5850288,D,S,C,2024-08-27,1000000.00,3.750017,102.265625
10:47:14,91282CLD1,TSRYS5850288,D,B,C,2024-08-27,1000000.00,3.750017,102.265625
10:47:14,91282CLD1,TSRYS5850288,D,S,D,2024-08-27,490000.00,3.748609,102.274253827
10:47:14,91282CLD1,TSRYS5850288,D,S,C,2024-08-27,1000000.00,3.750017,102.265625
10:47:14,91282CLD1,TSRYS5850288,D,S,D,2024-08-27,1000000.00,3.750017,102.265625
10:47:22,91282CLD1,TSRYS5850288,D,S,D,2024-08-27,490000.00,3.748742,102.2734375
10:47:30,91282CLD1,TSRYS5850288,D,S,D,2024-08-27,1000000.00,3.750017,102.265625
10:47:30,91282CLD1,TSRYS5850288,D,S,D,2024-08-27,1000000.00,3.750017,102.265625
10:47:30,91282CLD1,TSRYS5850288,D,B,C,2024-08-27,1000000.00,3.750054,102.265398
10:47:30,91282CLD1,TSRYS5850288,D,B,C,2024-08-27,1000000.00,3.750054,102.265398
10:47:30,91282CLD1,TSRYS5850288,D,S,D,2024-08-27,1000000.00,3.750017,102.265625
10:47:30,91282CLD1,TSRYS5850288,D,B,C,2024-08-27,1000000.00,3.750054,102.265398
10:47:30,91282CLD1,TSRYS5850288,D,B,C,2024-08-27,1000000.00,3.750054,102.265398
10:47:30,91282CLD1,TSRYS5850288,D,S,C,2024-08-27,1000000.00,3.750017,102.265625
10:47:30,91282CLD1,TSRYS5850288,D,B,C,2024-08-27,1000000.00,3.750054,102.265398
10:47:30,91282CLD1,TSRYS5850288,D,S,D,2024-08-27,1000000.00,3.750017,102.265625
10:47:30,91282CLD1,TSRYS5850288,D,S,C,2024-08-27,1000000.00,3.750017,102.265625
10:47:30,91282CLD1,TSRYS5850288,D,B,C,2024-08-27,1000000.00,3.750054,102.265398
10:47:30,91282CLD1,TSRYS5850288,D,B,C,2024-08-27,1000000.00,3.749396,102.26943125
10:47:31,91282CLD1,TSRYS5850288,D,S,D,2024-08-27,1000000.00,3.749379,102.26953125
10:47:31,91282CLD1,TSRYS5850288,D,B,C,2024-08-27,1000000.00,3.749396,102.26943125
10:47:31,91282CLD1,TSRYS5850288,D,S,D,2024-08-27,1000000.00,3.749379,102.26953125
10:47:31,91282CLD1,TSRYS5850288,D,B,C,2024-08-27,1000000.00,3.749396,102.26943125
10:47:31,91282CLD1,TSRYS5850288,D,S,D,2024-08-27,1000000.00,3.749379,102.26953125
10:47:31,91282CLD1,TSRYS5850288,D,B,C,2024-08-27,1000000.00,3.749396,102.26943125
10:47:31,91282CLD1,TSRYS5850288,D,S,D,2024-08-27,1000000.00,3.749379,102.26953125
10:47:31,91282CLD1,TSRYS5850288,D,S,T,2024-08-27,1000000.00,3.748742,102.2734375
10:47:31,91282CLD1,TSRYS5850288,D,S,T,2024-08-27,1000000.00,3.748742,102.2734375
10:47:31,91282CLD1,TSRYS5850288,D,S,T,2024-08-27,1000000.00,3.748742,102.2734375
10:47:31,91282CLD1,TSRYS5850288,D,S,T,2024-08-27,1000000.00,3.748742,102.2734375
10:47:34,91282CLD1,TSRYS5850288,D,S,C,2024-08-27,1000000.00,3.748742,102.2734375
10:47:35,91282CLD1,TSRYS5850288,D,B,C,2024-08-27,1000000.00,3.749379,102.26953125
10:47:35,91282CLD1,TSRYS5850288,D,S,D,2024-08-27,1000000.00,3.749379,102.26953125
10:47:35,91282CLD1,TSRYS5850288,D,B,C,2024-08-27,1000000.00,3.749379,102.26953125
10:47:35,91282CLD1,TSRYS5850288,D,S,D,2024-08-27,1000000.00,3.749379,102.26953125
10:47:35,91282CLD1,TSRYS5850288,D,B,C,2024-08-27,1000000.00,3.749379,102.26953125
10:47:35,91282CLD1,TSRYS5850288,D,S,D,2024-08-27,1000000.00,3.749379,102.26953125
10:47:35,91282CLD1,TSRYS5850288,D,B,C,2024-08-27,1000000.00,3.749379,102.26953125
10:47:35,91282CLD1,TSRYS5850288,D,S,D,2024-08-27,1000000.00,3.749379,102.26953125
10:47:35,91282CLD1,TSRYS5850288,D,S,D,2024-08-27,1000000.00,3.749379,102.26953125
10:47:35,91282CLD1,TSRYS5850288,D,B,C,2024-08-27,1000000.00,3.749379,102.26953125
10:47:35,91282CLD1,TSRYS5850288,D,S,D,2024-08-27,1000000.00,3.749379,102.26953125
10:47:35,91282CLD1,TSRYS5850288,D,B,C,2024-08-27,1000000.00,3.749379,102.26953125
10:47:37,91282CLD1,TSRYS5850288,D,S,D,2024-08-27,1000000.00,3.750654,102.26171875
10:47:42,91282CLD1,TSRYS5850288,D,S,D,2024-08-27,1000000.00,3.749379,102.26953125
10:47:43,91282CLD1,TSRYS5850288,D,B,C,2024-08-27,1000000.00,3.749396,102.26943125
10:47:44,91282CLD1,TSRYS5850288,D,S,C,2024-08-27,730000.00,3.749314,102.26993125
10:47:44,91282CLD1,TSRYS5850288,D,B,C,2024-08-27,1000000.00,3.749396,102.26943125
10:47:44,91282CLD1,TSRYS5850288,D,S,D,2024-08-27,1000000.00,3.749379,102.26953125
10:47:44,91282CLD1,TSRYS5850288,D,B,C,2024-08-27,1000000.00,3.749396,102.26943125
10:47:45,91282CLD1,TSRYS5850288,D,S,C,2024-08-27,1000000.00,3.749347,102.26973125
10:47:45,91282CLD1,TSRYS5850288,D,S,D,2024-08-27,1000000.00,3.751292,102.2578125
10:47:45,91282CLD1,TSRYS5850288,D,B,C,2024-08-27,1000000.00,3.751292,102.2578125
10:47:45,91282CLD1,TSRYS5850288,D,B,C,2024-08-27,1000000.00,3.751316,102.2576625
10:47:45,91282CLD1,TSRYS5850288,D,S,C,2024-08-27,1000000.00,3.751292,102.2578125
10:47:45,91282CLD1,TSRYS5850288,D,B,C,2024-08-27,1000000.00,3.751316,102.2576625
10:47:45,91282CLD1,TSRYS5850288,D,B,C,2024-08-27,1000000.00,3.751316,102.2576625
10:47:45,91282CLD1,TSRYS5850288,D,S,D,2024-08-27,1000000.00,3.751292,102.2578125
10:47:45,91282CLD1,TSRYS5850288,D,B,C,2024-08-27,1000000.00,3.751316,102.2576625
10:47:45,91282CLD1,TSRYS5850288,D,S,C,2024-08-27,1000000.00,3.751292,102.2578125
10:47:45,91282CLD1,TSRYS5850288,D,S,C,2024-08-27,1000000.00,3.751292,102.2578125
10:47:45,91282CLD1,TSRYS5850288,D,S,C,2024-08-27,1000000.00,3.750017,102.265625
10:47:45,91282CLD1,TSRYS5850288,D,B,C,2024-08-27,1000000.00,3.750054,102.265398
10:47:47,91282CLD1,TSRYS5850288,D,B,C,2024-08-27,1000000.00,3.749379,102.26953125
10:47:47,91282CLD1,TSRYS5850288,D,S,D,2024-08-27,1000000.00,3.749379,102.26953125
10:47:48,91282CLD1,TSRYS5850288,D,S,T,2024-08-27,1000000.00,3.750017,102.265625
10:47:48,91282CLD1,TSRYS5850288,D,S,T,2024-08-27,1000000.00,3.750017,102.265625
10:47:48,91282CLD1,TSRYS5850288,D,S,T,2024-08-27,1000000.00,3.750017,102.265625
10:47:48,91282CLD1,TSRYS5850288,D,S,T,2024-08-27,1000000.00,3.750017,102.265625
10:47:48,91282CLD1,TSRYS5850288,D,S,T,2024-08-27,1000000.00,3.750017,102.265625
10:47:48,91282CLD1,TSRYS5850288,D,S,T,2024-08-27,1000000.00,3.750017,102.265625
10:47:48,91282CLD1,TSRYS5850288,D,S,T,2024-08-27,1000000.00,3.750017,102.265625
10:47:48,91282CLD1,TSRYS5850288,D,S,T,2024-08-27,1000000.00,3.750017,102.265625
10:47:48,91282CLD1,TSRYS5850288,D,S,T,2024-08-27,1000000.00,3.750017,102.265625
10:47:48,91282CLD1,TSRYS5850288,D,S,T,2024-08-27,1000000.00,3.750017,102.265625
10:47:48,91282CLD1,TSRYS5850288,D,S,D,2024-08-27,1000000.00,3.750017,102.265625
10:47:49,91282CLD1,TSRYS5850288,D,S,D,2024-08-27,1000000.00,3.750017,102.265625
10:47:49,91282CLD1,TSRYS5850288,D,S,D,2024-08-27,1000000.00,3.750017,102.265625
10:47:49,91282CLD1,TSRYS5850288,D,S,D,2024-08-27,1000000.00,3.750017,102.265625
10:47:49,91282CLD1,TSRYS5850288,D,B,C,2024-08-27,1000000.00,3.749379,102.26953125
10:47:49,91282CLD1,TSRYS5850288,D,S,D,2024-08-27,1000000.00,3.749379,102.26953125
10:47:49,91282CLD1,TSRYS5850288,D,B,C,2024-08-27,1000000.00,3.750017,102.265625
10:47:49,91282CLD1,TSRYS5850288,D,S,D,2024-08-27,1000000.00,3.750017,102.265625
10:47:49,91282CLD1,TSRYS5850288,D,B,C,2024-08-27,1000000.00,3.750017,102.265625
10:47:49,91282CLD1,TSRYS5850288,D,S,D,2024-08-27,1000000.00,3.750017,102.265625
10:47:50,91282CLD1,TSRYS5850288,D,B,C,2024-08-27,1000000.00,3.750017,102.265625
10:47:50,91282CLD1,TSRYS5850288,D,S,D,2024-08-27,1000000.00,3.750017,102.265625
10:47:50,91282CLD1,TSRYS5850288,D,S,T,2024-08-27,1000000.00,3.750017,102.265625
10:47:50,91282CLD1,TSRYS5850288,D,S,D,2024-08-27,1000000.00,3.750017,102.265625
10:47:50,91282CLD1,TSRYS5850288,D,S,T,2024-08-27,1000000.00,3.750017,102.265625
10:47:50,91282CLD1,TSRYS5850288,D,S,D,2024-08-27,1000000.00,3.750017,102.265625
10:47:50,91282CLD1,TSRYS5850288,D,S,D,2024-08-27,1000000.00,3.750017,102.265625
10:47:50,91282CLD1,TSRYS5850288,D,B,C,2024-08-27,1000000.00,3.750049,102.265425
10:47:51,91282CLD1,TSRYS5850288,D,S,D,2024-08-27,1000000.00,3.750017,102.265625
10:47:51,91282CLD1,TSRYS5850288,D,S,D,2024-08-27,1000000.00,3.750017,102.265625
10:47:51,91282CLD1,TSRYS5850288,D,B,C,2024-08-27,1000000.00,3.750049,102.265425
10:47:51,91282CLD1,TSRYS5850288,D,S,D,2024-08-27,1000000.00,3.750017,102.265625
10:47:51,91282CLD1,TSRYS5850288,D,S,D,2024-08-27,1000000.00,3.750017,102.265625
10:47:52,91282CLD1,TSRYS5850288,D,S,D,2024-08-27,1000000.00,3.750017,102.265625
10:47:52,91282CLD1,TSRYS5850288,D,S,D,2024-08-27,1000000.00,3.750017,102.265625
10:47:53,91282CLD1,TSRYS5850288,D,S,D,2024-08-27,1000000.00,3.750017,102.265625
10:47:53,91282CLD1,TSRYS5850288,D,S,D,2024-08-27,1000000.00,3.750017,102.265625
10:47:57,91282CLD1,TSRYS5850288,D,S,T,2024-08-27,2000000.00,3.750017,102.265625
10:47:57,91282CLD1,TSRYS5850288,D,S,T,2024-08-27,1000000.00,3.750017,102.265625
10:47:57,91282CLD1,TSRYS5850288,D,S,T,2024-08-27,1000000.00,3.750017,102.265625
10:47:57,91282CLD1,TSRYS5850288,D,S,T,2024-08-27,1000000.00,3.750017,102.265625
10:47:57,91282CLD1,TSRYS5850288,D,S,T,2024-08-27,1000000.00,3.750017,102.265625
10:47:57,91282CLD1,TSRYS5850288,D,S,T,2024-08-27,1000000.00,3.750017,102.265625
10:47:57,91282CLD1,TSRYS5850288,D,S,D,2024-08-27,1000000.00,3.750017,102.265625
10:47:57,91282CLD1,TSRYS5850288,D,S,D,2024-08-27,1000000.00,3.750017,102.265625
10:47:57,91282CLD1,TSRYS5850288,D,B,C,2024-08-27,1000000.00,3.750017,102.265625
10:47:58,91282CLD1,TSRYS5850288,D,S,D,2024-08-27,1000000.00,3.750017,102.265625
10:47:58,91282CLD1,TSRYS5850288,D,B,C,2024-08-27,1000000.00,3.750017,102.265625
10:47:58,91282CLD1,TSRYS5850288,D,S,D,2024-08-27,1000000.00,3.750017,102.265625
10:47:58,91282CLD1,TSRYS5850288,D,B,C,2024-08-27,1000000.00,3.750017,102.265625
10:47:58,91282CLD1,TSRYS5850288,D,S,D,2024-08-27,1000000.00,3.750017,102.265625
10:47:58,91282CLD1,TSRYS5850288,D,S,D,2024-08-27,1000000.00,3.750017,102.265625
10:47:58,91282CLD1,TSRYS5850288,D,S,D,2024-08-27,1000000.00,3.750017,102.265625
10:47:59,91282CLD1,TSRYS5850288,D,S,D,2024-08-27,1000000.00,3.750017,102.265625
10:47:59,91282CLD1,TSRYS5850288,D,S,D,2024-08-27,1000000.00,3.750017,102.265625
10:47:59,91282CLD1,TSRYS5850288,D,S,D,2024-08-27,1000000.00,3.750017,102.265625
10:47:59,91282CLD1,TSRYS5850288,D,B,C,2024-08-27,2000000.00,3.750017,102.265625
10:47:59,91282CLD1,TSRYS5850288,D,S,D,2024-08-27,1000000.00,3.750017,102.265625
10:47:59,91282CLD1,TSRYS5850288,D,S,D,2024-08-27,1000000.00,3.750017,102.265625
10:47:59,91282CLD1,TSRYS5850288,D,B,C,2024-08-27,1000000.00,3.750017,102.265625
10:48:00,91282CLD1,TSRYS5850288,D,S,D,2024-08-27,1000000.00,3.750017,102.265625
10:48:00,91282CLD1,TSRYS5850288,D,B,C,2024-08-27,1000000.00,3.750017,102.265625
10:48:00,91282CLD1,TSRYS5850288,D,S,D,2024-08-27,1000000.00,3.750017,102.265625
10:48:00,91282CLD1,TSRYS5850288,D,B,C,2024-08-27,1000000.00,3.750017,102.265625
10:48:00,91282CLD1,TSRYS5850288,D,S,D,2024-08-27,1000000.00,3.750017,102.265625
10:48:00,91282CLD1,TSRYS5850288,D,S,D,2024-08-27,1000000.00,3.750017,102.265625
10:48:00,91282CLD1,TSRYS5850288,D,S,D,2024-08-27,1000000.00,3.750017,102.265625
10:48:01,91282CLD1,TSRYS5850288,D,B,C,2024-08-27,1000000.00,3.750017,102.265625
10:48:01,91282CLD1,TSRYS5850288,D,S,D,2024-08-27,1000000.00,3.750017,102.265625
10:48:01,91282CLD1,TSRYS5850288,D,S,T,2024-08-27,1000000.00,3.750017,102.265625
10:48:01,91282CLD1,TSRYS5850288,D,B,C,2024-08-27,1000000.00,3.750017,102.265625
10:48:01,91282CLD1,TSRYS5850288,D,S,D,2024-08-27,1000000.00,3.750017,102.265625
10:48:01,91282CLD1,TSRYS5850288,D,B,C,2024-08-27,1000000.00,3.750017,102.265625
10:48:02,91282CLD1,TSRYS5850288,D,B,C,2024-08-27,1000000.00,3.750017,102.265625
10:48:02,91282CLD1,TSRYS5850288,D,S,D,2024-08-27,1000000.00,3.750017,102.265625
10:48:02,91282CLD1,TSRYS5850288,D,S,D,2024-08-27,1000000.00,3.750017,102.265625
10:48:04,91282CLD1,TSRYS5850288,D,S,T,2024-08-27,1000000.00,3.750017,102.265625
10:48:04,91282CLD1,TSRYS5850288,D,S,T,2024-08-27,1000000.00,3.750017,102.265625
10:48:04,91282CLD1,TSRYS5850288,D,S,T,2024-08-27,1000000.00,3.750017,102.265625
10:48:10,91282CLD1,TSRYS5850288,D,S,T,2024-08-27,1000000.00,3.750017,102.265625
10:48:17,91282CLD1,TSRYS5850288,D,S,C,2024-08-27,1000000.00,3.748742,102.2734375
10:48:17,91282CLD1,TSRYS5850288,D,S,C,2024-08-27,1000000.00,3.748742,102.2734375
10:48:17,91282CLD1,TSRYS5850288,D,S,D,2024-08-27,1000000.00,3.748742,102.2734375
10:48:19,91282CLD1,TSRYS5850288,D,S,T,2024-08-27,1000000.00,3.750017,102.265625
10:48:20,91282CLD1,TSRYS5850288,D,S,T,2024-08-27,1000000.00,3.750017,102.265625
10:48:30,91282CLD1,TSRYS5850288,D,S,D,2024-08-27,1000000.00,3.750017,102.265625
10:48:30,91282CLD1,TSRYS5850288,D,S,D,2024-08-27,1000000.00,3.750017,102.265625
10:48:30,91282CLD1,TSRYS5850288,D,B,C,2024-08-27,1000000.00,3.750017,102.265625
10:48:30,91282CLD1,TSRYS5850288,D,S,C,2024-08-27,1000000.00,3.750017,102.265625
10:48:30,91282CLD1,TSRYS5850288,D,S,C,2024-08-27,1000000.00,3.750017,102.265625
10:48:30,91282CLD1,TSRYS5850288,D,B,C,2024-08-27,1000000.00,3.750017,102.265625
10:48:30,91282CLD1,TSRYS5850288,D,S,C,2024-08-27,1000000.00,3.750017,102.265625
10:48:30,91282CLD1,TSRYS5850288,D,B,C,2024-08-27,1000000.00,3.750017,102.265625
10:48:30,91282CLD1,TSRYS5850288,D,S,C,2024-08-27,1000000.00,3.750017,102.265625
10:48:34,91282CLD1,TSRYS5850288,D,S,D,2024-08-27,115000.00,3.749698,102.267578125
10:48:34,91282CLD1,TSRYS5850288,D,S,D,2024-08-27,115000.00,3.74913,102.271056386
10:48:37,91282CLD1,TSRYS5850288,D,S,A,2024-08-27,10951000.00,3.750017,102.265625
10:48:39,91282CLD1,TSRYS5850288,D,S,A,2024-08-27,10951000.00,3.750017,102.265625
10:48:45,91282CLD1,TSRYS5850288,D,S,D,2024-08-27,1000000.00,3.750017,102.265625
10:49:02,91282CLD1,TSRYS5850288,D,S,T,2024-08-27,1000000.00,3.7446,102.298828125
10:49:02,91282CLD1,TSRYS5850288,D,S,D,2024-08-27,1000000.00,3.744918,102.296875
10:49:02,91282CLD1,TSRYS5850288,D,S,D,2024-08-27,2000000.00,3.746193,102.2890625
10:49:03,91282CLD1,TSRYS5850288,D,S,D,2024-08-27,1000000.00,3.746193,102.2890625
10:49:03,91282CLD1,TSRYS5850288,D,B,C,2024-08-27,1000000.00,3.746193,102.2890625
10:49:03,91282CLD1,TSRYS5850288,D,S,C,2024-08-27,2000000.00,3.746193,102.2890625
10:49:03,91282CLD1,TSRYS5850288,D,S,C,2024-08-27,1000000.00,3.744918,102.296875
10:49:03,91282CLD1,TSRYS5850288,D,S,C,2024-08-27,2000000.00,3.746193,102.2890625
10:49:04,91282CLD1,TSRYS5850288,D,S,D,2024-08-27,6000000.00,3.744918,102.296875
10:49:04,91282CLD1,TSRYS5850288,D,S,C,2024-08-27,2000000.00,3.746193,102.2890625
10:49:04,91282CLD1,TSRYS5850288,D,S,D,2024-08-27,2000000.00,3.744918,102.296875
10:49:04,91282CLD1,TSRYS5850288,D,S,C,2024-08-27,1000000.00,3.746193,102.2890625
10:49:04,91282CLD1,TSRYS5850288,D,S,D,2024-08-27,1000000.00,3.744918,102.296875
10:49:04,91282CLD1,TSRYS5850288,D,S,D,2024-08-27,1000000.00,3.746193,102.2890625
10:49:06,91282CLD1,TSRYS5850288,D,S,T,2024-08-27,1000000.00,3.745237,102.294921875
10:49:06,91282CLD1,TSRYS5850288,D,S,T,2024-08-27,1000000.00,3.745237,102.294921875
10:49:06,91282CLD1,TSRYS5850288,D,S,T,2024-08-27,1000000.00,3.745237,102.294921875
10:49:06,91282CLD1,TSRYS5850288,D,S,C,2024-08-27,1000000.00,3.7446,102.298828125
10:49:07,91282CLD1,TSRYS5850288,D,B,C,2024-08-27,1000000.00,3.7446,102.298828125
10:49:07,91282CLD1,TSRYS5850288,D,S,C,2024-08-27,1000000.00,3.7446,102.298828125
10:49:07,91282CLD1,TSRYS5850288,D,S,D,2024-08-27,10000000.00,3.744918,102.296875
10:49:08,91282CLD1,TSRYS5850288,D,S,T,2024-08-27,1000000.00,3.746193,102.2890625
10:49:09,91282CLD1,TSRYS5850288,D,S,T,2024-08-27,1000000.00,3.746193,102.2890625
10:49:09,91282CLD1,TSRYS5850288,D,S,T,2024-08-27,1000000.00,3.746193,102.2890625
10:49:11,91282CLD1,TSRYS5850288,D,S,T,2024-08-27,1000000.00,3.745556,102.29296875
10:49:11,91282CLD1,TSRYS5850288,D,S,T,2024-08-27,1000000.00,3.745556,102.29296875
10:49:11,91282CLD1,TSRYS5850288,D,S,T,2024-08-27,1000000.00,3.745237,102.294921875
10:49:11,91282CLD1,TSRYS5850288,D,S,T,2024-08-27,1000000.00,3.745556,102.29296875
10:49:11,91282CLD1,TSRYS5850288,D,S,T,2024-08-27,1000000.00,3.745237,102.294921875
10:49:11,91282CLD1,TSRYS5850288,D,S,D,2024-08-27,1000000.00,3.745237,102.294921875
10:49:11,91282CLD1,TSRYS5850288,D,S,D,2024-08-27,1000000.00,3.745237,102.294921875
10:49:11,91282CLD1,TSRYS5850288,D,B,C,2024-08-27,1000000.00,3.745237,102.294921875
10:49:11,91282CLD1,TSRYS5850288,D,S,D,2024-08-27,1000000.00,3.745237,102.294921875
10:49:12,91282CLD1,TSRYS5850288,D,S,T,2024-08-27,2000000.00,3.746193,102.2890625
10:49:12,91282CLD1,TSRYS5850288,D,S,T,2024-08-27,2000000.00,3.746193,102.2890625
10:49:12,91282CLD1,TSRYS5850288,D,S,T,2024-08-27,1000000.00,3.746193,102.2890625
10:49:12,91282CLD1,TSRYS5850288,D,S,T,2024-08-27,2000000.00,3.746193,102.2890625
10:49:12,91282CLD1,TSRYS5850288,D,S,T,2024-08-27,2000000.00,3.746193,102.2890625
10:49:12,91282CLD1,TSRYS5850288,D,S,T,2024-08-27,1000000.00,3.746193,102.2890625
10:49:12,91282CLD1,TSRYS5850288,D,S,T,2024-08-27,1000000.00,3.746193,102.2890625
10:49:12,91282CLD1,TSRYS5850288,D,S,T,2024-08-27,1000000.00,3.746193,102.2890625
10:49:12,91282CLD1,TSRYS5850288,D,B,C,2024-08-27,1000000.00,3.745556,102.29296875
10:49:12,91282CLD1,TSRYS5850288,D,S,D,2024-08-27,1000000.00,3.745539,102.29306875
10:49:13,91282CLD1,TSRYS5850288,D,S,D,2024-08-27,1000000.00,3.745539,102.29306875
10:49:13,91282CLD1,TSRYS5850288,D,S,D,2024-08-27,1000000.00,3.745539,102.29306875
10:49:13,91282CLD1,TSRYS5850288,D,S,D,2024-08-27,1000000.00,3.745539,102.29306875
10:49:13,91282CLD1,TSRYS5850288,D,B,C,2024-08-27,1000000.00,3.745237,102.294921875
10:49:13,91282CLD1,TSRYS5850288,D,S,D,2024-08-27,1000000.00,3.745221,102.295021875
10:49:13,91282CLD1,TSRYS5850288,D,S,D,2024-08-27,1000000.00,3.745221,102.295021875
10:49:13,91282CLD1,TSRYS5850288,D,B,C,2024-08-27,1000000.00,3.745237,102.294921875
10:49:14,91282CLD1,TSRYS5850288,D,S,D,2024-08-27,1000000.00,3.745221,102.295021875
10:49:14,91282CLD1,TSRYS5850288,D,B,C,2024-08-27,1000000.00,3.745237,102.294921875
10:49:14,91282CLD1,TSRYS5850288,D,S,D,2024-08-27,1000000.00,3.745221,102.295021875
10:49:14,91282CLD1,TSRYS5850288,D,S,D,2024-08-27,1000000.00,3.745221,102.295021875
10:49:14,91282CLD1,TSRYS5850288,D,S,D,2024-08-27,1000000.00,3.745221,102.295021875
10:49:14,91282CLD1,TSRYS5850288,D,S,C,2024-08-27,1000000.00,3.749992,102.265775
10:49:14,91282CLD1,TSRYS5850288,D,S,C,2024-08-27,1000000.00,3.749992,102.265775
10:49:16,91282CLD1,TSRYS5850288,D,B,C,2024-08-27,1000000.00,3.74683,102.28515625
10:49:17,91282CLD1,TSRYS5850288,D,S,D,2024-08-27,1000000.00,3.74683,102.28515625
10:49:17,91282CLD1,TSRYS5850288,D,S,T,2024-08-27,1000000.00,3.74683,102.28515625
10:49:18,91282CLD1,TSRYS5850288,D,S,D,2024-08-27,1000000.00,3.74683,102.28515625
10:49:18,91282CLD1,TSRYS5850288,D,S,T,2024-08-27,1000000.00,3.746193,102.2890625
10:49:18,91282CLD1,TSRYS5850288,D,B,C,2024-08-27,1000000.00,3.746193,102.2890625
10:49:18,91282CLD1,TSRYS5850288,D,S,D,2024-08-27,1000000.00,3.746193,102.2890625
10:49:18,91282CLD1,TSRYS5850288,D,B,C,2024-08-27,1000000.00,3.746193,102.2890625
10:49:18,91282CLD1,TSRYS5850288,D,S,D,2024-08-27,1000000.00,3.746193,102.2890625
10:49:19,91282CLD1,TSRYS5850288,D,S,D,2024-08-27,1000000.00,3.746193,102.2890625
10:49:20,91282CLD1,TSRYS5850288,D,S,D,2024-08-27,2000000.00,3.746193,102.2890625
10:49:21,91282CLD1,TSRYS5850288,D,S,T,2024-08-27,1000000.00,3.747467,102.28125
10:49:24,91282CLD1,TSRYS5850288,D,S,T,2024-08-27,1000000.00,3.746193,102.2890625
10:49:24,91282CLD1,TSRYS5850288,D,S,T,2024-08-27,1000000.00,3.746193,102.2890625
10:49:24,91282CLD1,TSRYS5850288,D,S,T,2024-08-27,2000000.00,3.746193,102.2890625
10:49:26,91282CLD1,TSRYS5850288,D,S,T,2024-08-27,1000000.00,3.746193,102.2890625
10:49:29,91282CLD1,TSRYS5850288,D,S,D,2024-08-27,1000000.00,3.746193,102.2890625
10:49:29,91282CLD1,TSRYS5850288,D,S,D,2024-08-27,1000000.00,3.746193,102.2890625
10:49:48,91282CLD1,TSRYS5850288,D,S,D,2024-08-27,1000000.00,3.746193,102.2890625
10:49:48,91282CLD1,TSRYS5850288,D,S,D,2024-08-27,1000000.00,3.746193,102.2890625
10:49:48,91282CLD1,TSRYS5850288,D,S,D,2024-08-27,1000000.00,3.746193,102.2890625
10:49:48,91282CLD1,TSRYS5850288,D,S,C,2024-08-27,1000000.00,3.74616,102.2892625
10:49:48,91282CLD1,TSRYS5850288,D,S,D,2024-08-27,1000000.00,3.746193,102.2890625
10:49:53,91282CLD1,TSRYS5850288,D,S,T,2024-08-27,1000000.00,3.746193,102.2890625
10:49:56,91282CLD1,TSRYS5850288,D,S,T,2024-08-27,1000000.00,3.747467,102.28125
10:49:56,91282CLD1,TSRYS5850288,D,S,T,2024-08-27,1000000.00,3.747467,102.28125
10:49:56,91282CLD1,TSRYS5850288,D,S,T,2024-08-27,1000000.00,3.747467,102.28125
10:49:56,91282CLD1,TSRYS5850288,D,S,T,2024-08-27,1000000.00,3.747467,102.28125
10:49:56,91282CLD1,TSRYS5850288,D,S,D,2024-08-27,4000000.00,3.747467,102.28125
10:49:56,91282CLD1,TSRYS5850288,D,S,D,2024-08-27,3000000.00,3.747467,102.28125
10:49:56,91282CLD1,TSRYS5850288,D,S,D,2024-08-27,3000000.00,3.747467,102.28125
10:50:03,91282CLD1,TSRYS5850288,D,S,C,2024-08-27,1000000.00,3.744918,102.296875
10:50:03,91282CLD1,TSRYS5850288,D,B,C,2024-08-27,1000000.00,3.744959,102.296625
10:50:03,91282CLD1,TSRYS5850288,D,S,C,2024-08-27,1000000.00,3.747467,102.28125
10:50:03,91282CLD1,TSRYS5850288,D,S,C,2024-08-27,1000000.00,3.74616,102.2892625
10:50:03,91282CLD1,TSRYS5850288,D,S,C,2024-08-27,1000000.00,3.74616,102.2892625
10:50:03,91282CLD1,TSRYS5850288,D,B,C,2024-08-27,1000000.00,3.746193,102.2890625
10:50:03,91282CLD1,TSRYS5850288,D,B,C,2024-08-27,1000000.00,3.746193,102.2890625
10:50:03,91282CLD1,TSRYS5850288,D,S,D,2024-08-27,1000000.00,3.746193,102.2890625
10:50:11,91282CLD1,TSRYS5850288,D,S,D,2024-08-27,10000000.00,3.747467,102.28125
10:50:18,91282CLD1,TSRYS5850288,D,B,C,2024-08-27,1000000.00,3.744959,102.296625
10:50:18,91282CLD1,TSRYS5850288,D,S,C,2024-08-27,1000000.00,3.744918,102.296875
10:50:18,91282CLD1,TSRYS5850288,D,S,T,2024-08-27,1000000.00,3.748742,102.2734375
10:50:22,91282CLD1,TSRYS5850288,D,B,C,2024-08-27,150MM+,3.8344,101.75
10:50:23,91282CLD1,TSRYS5850288,D,S,T,2024-08-27,1000000.00,3.748742,102.2734375
10:50:23,91282CLD1,TSRYS5850288,D,S,T,2024-08-27,2000000.00,3.748742,102.2734375
10:50:23,91282CLD1,TSRYS5850288,D,S,A,2024-08-27,2500000.00,3.747965,102.27734375
10:50:28,91282CLD1,TSRYS5850288,D,S,T,2024-08-27,1000000.00,3.748742,102.2734375
10:50:28,91282CLD1,TSRYS5850288,D,S,T,2024-08-27,1000000.00,3.748742,102.2734375
10:50:31,91282CLD1,TSRYS5850288,D,B,C,2024-08-27,1000000.00,3.744943,102.296725
10:50:31,91282CLD1,TSRYS5850288,D,S,C,2024-08-27,1000000.00,3.744918,102.296875
10:50:31,91282CLD1,TSRYS5850288,D,B,C,2024-08-27,1000000.00,3.744943,102.296725
10:50:31,91282CLD1,TSRYS5850288,D,S,C,2024-08-27,1000000.00,3.744918,102.296875
10:50:31,91282CLD1,TSRYS5850288,D,S,D,2024-08-27,1000000.00,3.746193,102.2890625
10:50:31,91282CLD1,TSRYS5850288,D,B,C,2024-08-27,1000000.00,3.747467,102.28125
10:50:31,91282CLD1,TSRYS5850288,D,B,C,2024-08-27,1000000.00,3.747467,102.28125
10:50:31,91282CLD1,TSRYS5850288,D,S,D,2024-08-27,1000000.00,3.747467,102.28125
10:50:31,91282CLD1,TSRYS5850288,D,S,C,2024-08-27,1000000.00,3.747427,102.2815
10:50:31,91282CLD1,TSRYS5850288,D,S,C,2024-08-27,1000000.00,3.747427,102.2815
10:50:31,91282CLD1,TSRYS5850288,D,S,C,2024-08-27,1000000.00,3.747427,102.2815
10:50:31,91282CLD1,TSRYS5850288,D,S,D,2024-08-27,1000000.00,3.747467,102.28125
10:50:31,91282CLD1,TSRYS5850288,D,S,D,2024-08-27,1000000.00,3.747467,102.28125
10:50:46,91282CLD1,TSRYS5850288,D,S,C,2024-08-27,1000000.00,3.748718,102.2735875
10:50:46,91282CLD1,TSRYS5850288,D,S,C,2024-08-27,1000000.00,3.748718,102.2735875
10:50:46,91282CLD1,TSRYS5850288,D,S,D,2024-08-27,2000000.00,3.748742,102.2734375
10:50:46,91282CLD1,TSRYS5850288,D,S,C,2024-08-27,1000000.00,3.748705,102.2736625
10:50:49,91282CLD1,TSRYS5850288,D,S,C,2024-08-27,1000000.00,3.750335,102.263671875
10:50:50,91282CLD1,TSRYS5850288,D,S,D,2024-08-27,1000000.00,3.750335,102.263671875
10:50:50,91282CLD1,TSRYS5850288,D,B,C,2024-08-27,1000000.00,3.750335,102.263671875
10:51:01,91282CLD1,TSRYS5850288,D,S,C,2024-08-27,1000000.00,3.748705,102.2736625
10:51:06,91282CLD1,TSRYS5850288,D,S,D,2024-08-27,14250000.00,3.8344,101.75
10:51:06,91282CLD1,TSRYS5850288,D,S,D,2024-08-27,9500000.00,3.8344,101.75
10:51:06,91282CLD1,TSRYS5850288,D,S,D,2024-08-27,12350000.00,3.8344,101.75
10:51:09,91282CLD1,TSRYS5850288,D,S,D,2024-08-27,1000000.00,3.750017,102.265625
10:51:09,91282CLD1,TSRYS5850288,D,S,D,2024-08-27,6000000.00,3.750017,102.265625
10:51:09,91282CLD1,TSRYS5850288,D,S,D,2024-08-27,1000000.00,3.750017,102.265625
10:51:09,91282CLD1,TSRYS5850288,D,B,C,2024-08-27,2000000.00,3.750017,102.265625
10:51:09,91282CLD1,TSRYS5850288,D,S,T,2024-08-27,1000000.00,3.750017,102.265625
10:51:10,91282CLD1,TSRYS5850288,D,S,D,2024-08-27,1000000.00,3.750017,102.265625
10:51:10,91282CLD1,TSRYS5850288,D,S,D,2024-08-27,10000000.00,3.750017,102.265625
10:51:10,91282CLD1,TSRYS5850288,D,S,D,2024-08-27,1000000.00,3.750017,102.265625
10:51:10,91282CLD1,TSRYS5850288,D,B,C,2024-08-27,1000000.00,3.750017,102.265625
10:51:31,91282CLD1,TSRYS5850288,D,S,T,2024-08-27,1000000.00,3.750017,102.265625
10:51:33,91282CLD1,TSRYS5850288,D,B,C,2024-08-27,2000000.00,3.750049,102.265425
10:51:33,91282CLD1,TSRYS5850288,D,S,D,2024-08-27,2000000.00,3.750017,102.265625
10:51:33,91282CLD1,TSRYS5850288,D,B,C,2024-08-27,1000000.00,3.750049,102.265425
10:51:33,91282CLD1,TSRYS5850288,D,S,D,2024-08-27,1000000.00,3.750017,102.265625
10:51:53,91282CLD1,TSRYS5850288,D,S,C,2024-08-27,1000000.00,3.748742,102.2734375
10:52:00,91282CLD1,TSRYS5850288,D,S,T,2024-08-27,1000000.00,3.748742,102.2734375
10:52:17,91282CLD1,TSRYS5850288,D,S,D,2024-08-27,1000000.00,3.750017,102.265625
10:52:17,91282CLD1,TSRYS5850288,D,S,D,2024-08-27,2000000.00,3.748742,102.2734375
10:52:17,91282CLD1,TSRYS5850288,D,B,C,2024-08-27,2000000.00,3.748766,102.2732875
10:52:30,91282CLD1,TSRYS5850288,D,S,D,2024-08-27,200000.00,3.750654,102.26171875
10:52:31,91282CLD1,TSRYS5850288,D,S,C,2024-08-27,1000000.00,3.748742,102.2734375
10:52:49,91282CLD1,TSRYS5850288,D,S,C,2024-08-27,1000000.00,3.750017,102.265625
10:52:49,91282CLD1,TSRYS5850288,D,B,C,2024-08-27,1000000.00,3.750041,102.265475
10:52:49,91282CLD1,TSRYS5850288,D,B,C,2024-08-27,1000000.00,3.750041,102.265475
10:52:49,91282CLD1,TSRYS5850288,D,S,D,2024-08-27,1000000.00,3.750017,102.265625
10:52:53,91282CLD1,TSRYS5850288,D,S,T,2024-08-27,1000000.00,3.748742,102.2734375
10:53:32,91282CLD1,TSRYS5850288,D,S,T,2024-08-27,1000000.00,3.749379,102.26953125
10:53:32,91282CLD1,TSRYS5850288,D,S,T,2024-08-27,1000000.00,3.749379,102.26953125
10:53:32,91282CLD1,TSRYS5850288,D,S,T,2024-08-27,4000000.00,3.749061,102.271484375
10:53:32,91282CLD1,TSRYS5850288,D,S,T,2024-08-27,1000000.00,3.749379,102.26953125
10:53:32,91282CLD1,TSRYS5850288,D,S,T,2024-08-27,4000000.00,3.749061,102.271484375
10:53:32,91282CLD1,TSRYS5850288,D,S,D,2024-08-27,1000000.00,3.749379,102.26953125
10:53:32,91282CLD1,TSRYS5850288,D,S,D,2024-08-27,1000000.00,3.749379,102.26953125
10:53:32,91282CLD1,TSRYS5850288,D,B,C,2024-08-27,1000000.00,3.749379,102.26953125
10:53:32,91282CLD1,TSRYS5850288,D,S,D,2024-08-27,1000000.00,3.749363,102.26963125
10:53:32,91282CLD1,TSRYS5850288,D,S,D,2024-08-27,1000000.00,3.749363,102.26963125
10:53:33,91282CLD1,TSRYS5850288,D,S,D,2024-08-27,1000000.00,3.749363,102.26963125
10:53:33,91282CLD1,TSRYS5850288,D,B,C,2024-08-27,1000000.00,3.749412,102.26933125
10:53:33,91282CLD1,TSRYS5850288,D,S,D,2024-08-27,1000000.00,3.749363,102.26963125
10:53:35,91282CLD1,TSRYS5850288,D,S,T,2024-08-27,1000000.00,3.749379,102.26953125
10:53:35,91282CLD1,TSRYS5850288,D,S,T,2024-08-27,1000000.00,3.749379,102.26953125
10:53:35,91282CLD1,TSRYS5850288,D,S,T,2024-08-27,1000000.00,3.748742,102.2734375
10:53:35,91282CLD1,TSRYS5850288,D,S,T,2024-08-27,1000000.00,3.749379,102.26953125
10:53:35,91282CLD1,TSRYS5850288,D,S,T,2024-08-27,1000000.00,3.749379,102.26953125
10:53:37,91282CLD1,TSRYS5850288,D,B,C,2024-08-27,4000000.00,3.749379,102.26953125
10:53:37,91282CLD1,TSRYS5850288,D,S,D,2024-08-27,4000000.00,3.749379,102.26953125
10:53:37,91282CLD1,TSRYS5850288,D,S,D,2024-08-27,1000000.00,3.749379,102.26953125
10:53:37,91282CLD1,TSRYS5850288,D,S,D,2024-08-27,4000000.00,3.749061,102.271484375
10:53:37,91282CLD1,TSRYS5850288,D,S,D,2024-08-27,1000000.00,3.749379,102.26953125
10:53:37,91282CLD1,TSRYS5850288,D,S,D,2024-08-27,4000000.00,3.749061,102.271484375
10:53:37,91282CLD1,TSRYS5850288,D,B,C,2024-08-27,1000000.00,3.748742,102.2734375
10:53:37,91282CLD1,TSRYS5850288,D,S,D,2024-08-27,1000000.00,3.748742,102.2734375
10:53:37,91282CLD1,TSRYS5850288,D,S,D,2024-08-27,1000000.00,3.749379,102.26953125
10:53:37,91282CLD1,TSRYS5850288,D,S,D,2024-08-27,1000000.00,3.748742,102.2734375
10:53:37,91282CLD1,TSRYS5850288,D,S,D,2024-08-27,5000000.00,3.748742,102.2734375
10:53:39,91282CLD1,TSRYS5850288,D,S,D,2024-08-27,1000000.00,3.748742,102.2734375
10:53:46,91282CLD1,TSRYS5850288,D,S,D,2024-08-27,1000000.00,3.748742,102.2734375
10:53:47,91282CLD1,TSRYS5850288,D,S,T,2024-08-27,1000000.00,3.750017,102.265625
10:53:47,91282CLD1,TSRYS5850288,D,S,T,2024-08-27,1000000.00,3.750017,102.265625
10:53:55,91282CLD1,TSRYS5850288,D,S,T,2024-08-27,1000000.00,3.750017,102.265625
10:53:55,91282CLD1,TSRYS5850288,D,S,D,2024-08-27,1000000.00,3.750017,102.265625
10:54:03,91282CLD1,TSRYS5850288,D,S,T,2024-08-27,1000000.00,3.750017,102.265625
10:54:03,91282CLD1,TSRYS5850288,D,S,D,2024-08-27,1000000.00,3.749379,102.26953125
10:54:03,91282CLD1,TSRYS5850288,D,B,C,2024-08-27,1000000.00,3.749379,102.26953125
10:54:24,91282CLD1,TSRYS5850288,D,S,T,2024-08-27,1000000.00,3.750017,102.265625
10:54:33,91282CLD1,TSRYS5850288,D,S,D,2024-08-27,1000000.00,3.750017,102.265625
10:54:33,91282CLD1,TSRYS5850288,D,B,C,2024-08-27,1000000.00,3.750041,102.265475
10:54:33,91282CLD1,TSRYS5850288,D,B,C,2024-08-27,1000000.00,3.750041,102.265475
10:54:33,91282CLD1,TSRYS5850288,D,S,D,2024-08-27,1000000.00,3.750017,102.265625
10:54:33,91282CLD1,TSRYS5850288,D,S,D,2024-08-27,1000000.00,3.750017,102.265625
10:54:33,91282CLD1,TSRYS5850288,D,S,D,2024-08-27,1000000.00,3.750017,102.265625
10:54:36,91282CLD1,TSRYS5850288,D,S,D,2024-08-27,1000000.00,3.750017,102.265625
10:54:36,91282CLD1,TSRYS5850288,D,S,T,2024-08-27,1000000.00,3.750017,102.265625
10:54:36,91282CLD1,TSRYS5850288,D,S,D,2024-08-27,2000000.00,3.750017,102.265625
10:54:38,91282CLD1,TSRYS5850288,D,B,C,2024-08-27,7200000.00,3.749379,102.26953125
10:54:42,91282CLD1,TSRYS5850288,D,S,T,2024-08-27,2000000.00,3.750017,102.265625
10:54:47,91282CLD1,TSRYS5850288,D,S,D,2024-08-27,1000000.00,3.749698,102.267578125
10:54:47,91282CLD1,TSRYS5850288,D,S,D,2024-08-27,1000000.00,3.749379,102.26953125
10:54:47,91282CLD1,TSRYS5850288,D,S,C,2024-08-27,1000000.00,3.749379,102.26953125
10:54:48,91282CLD1,TSRYS5850288,D,S,D,2024-08-27,1000000.00,3.749992,102.265777
10:54:50,91282CLD1,TSRYS5850288,D,S,D,2024-08-27,1000000.00,3.749698,102.267578125
10:54:54,91282CLD1,TSRYS5850288,D,S,T,2024-08-27,1000000.00,3.749698,102.267578125
10:55:03,91282CLD1,TSRYS5850288,D,S,D,2024-08-27,1000000.00,3.750017,102.265625
10:55:32,91282CLD1,TSRYS5850288,D,B,C,2024-08-27,1000000.00,3.750049,102.265425
10:55:33,91282CLD1,TSRYS5850288,D,S,T,2024-08-27,2000000.00,3.750017,102.265625
10:55:35,91282CLD1,TSRYS5850288,D,S,D,2024-08-27,1000000.00,3.750017,102.265625
10:55:39,91282CLD1,TSRYS5850288,D,S,T,2024-08-27,1000000.00,3.750017,102.265625
10:55:46,91282CLD1,TSRYS5850288,D,S,D,2024-08-27,9950000.00,3.8344,101.75
10:55:47,91282CLD1,TSRYS5850288,D,S,C,2024-08-27,5000.00,3.747467,102.28125
10:55:47,91282CLD1,TSRYS5850288,D,S,D,2024-08-27,1000000.00,3.750017,102.265625
10:55:48,91282CLD1,TSRYS5850288,D,S,D,2024-08-27,1000000.00,3.748423,102.275390625
10:55:48,91282CLD1,TSRYS5850288,D,S,D,2024-08-27,1000000.00,3.748423,102.275390625
10:55:49,91282CLD1,TSRYS5850288,D,S,D,2024-08-27,5000.00,3.747467,102.28125
10:55:52,91282CLD1,TSRYS5850288,D,S,D,2024-08-27,2000000.00,3.748423,102.275390625
10:55:52,91282CLD1,TSRYS5850288,D,S,D,2024-08-27,2000000.00,3.748742,102.2734375
10:55:52,91282CLD1,TSRYS5850288,D,S,C,2024-08-27,1000000.00,3.748742,102.2734375
10:55:52,91282CLD1,TSRYS5850288,D,S,D,2024-08-27,1000000.00,3.748742,102.2734375
10:55:54,91282CLD1,TSRYS5850288,D,S,T,2024-08-27,2000000.00,3.748742,102.2734375
10:55:55,91282CLD1,TSRYS5850288,D,S,T,2024-08-27,1000000.00,3.748742,102.2734375
10:55:55,91282CLD1,TSRYS5850288,D,S,T,2024-08-27,1000000.00,3.748742,102.2734375
10:55:55,91282CLD1,TSRYS5850288,D,S,T,2024-08-27,2000000.00,3.748423,102.275390625
10:55:55,91282CLD1,TSRYS5850288,D,S,T,2024-08-27,1000000.00,3.748742,102.2734375
10:55:55,91282CLD1,TSRYS5850288,D,S,T,2024-08-27,1000000.00,3.748742,102.2734375
10:56:06,91282CLD1,TSRYS5850288,D,S,D,2024-08-27,2000000.00,3.747467,102.28125
10:56:06,91282CLD1,TSRYS5850288,D,S,D,2024-08-27,2000000.00,3.747467,102.28125
10:56:08,91282CLD1,TSRYS5850288,D,S,D,2024-08-27,735000.00,3.746193,102.289062
10:56:08,91282CLD1,TSRYS5850288,D,S,D,2024-08-27,735000.00,3.746193,102.2890625
10:56:20,91282CLD1,TSRYS5850288,D,S,D,2024-08-27,1000000.00,3.750017,102.265625
10:56:20,91282CLD1,TSRYS5850288,D,S,D,2024-08-27,2000000.00,3.750017,102.265625
10:56:33,91282CLD1,TSRYS5850288,D,S,D,2024-08-27,2000000.00,3.747467,102.28125
10:56:34,91282CLD1,TSRYS5850288,D,S,T,2024-08-27,1000000.00,3.747467,102.28125
10:56:35,91282CLD1,TSRYS5850288,D,S,D,2024-08-27,1000000.00,3.747467,102.28125
10:56:40,91282CLD1,TSRYS5850288,D,S,D,2024-08-27,1000000.00,3.747467,102.28125
10:56:42,91282CLD1,TSRYS5850288,D,S,T,2024-08-27,1000000.00,3.747467,102.28125
10:56:46,91282CLD1,TSRYS5850288,D,S,D,2024-08-27,1000000.00,3.747467,102.28125
10:56:46,91282CLD1,TSRYS5850288,D,S,C,2024-08-27,1000000.00,3.747786,102.279296875
10:56:46,91282CLD1,TSRYS5850288,D,B,C,2024-08-27,1000000.00,3.747467,102.28125
10:56:47,91282CLD1,TSRYS5850288,D,B,C,2024-08-27,1000000.00,3.747786,102.279296875
10:56:47,91282CLD1,TSRYS5850288,D,S,D,2024-08-27,1000000.00,3.747786,102.279296875
10:56:50,91282CLD1,TSRYS5850288,D,S,D,2024-08-27,1000000.00,3.748742,102.2734375
10:56:50,91282CLD1,TSRYS5850288,D,S,D,2024-08-27,1000000.00,3.748742,102.2734375
10:56:50,91282CLD1,TSRYS5850288,D,B,C,2024-08-27,1000000.00,3.747492,102.2811
10:56:50,91282CLD1,TSRYS5850288,D,S,D,2024-08-27,2000000.00,3.747467,102.28125
10:56:50,91282CLD1,TSRYS5850288,D,B,C,2024-08-27,2000000.00,3.747492,102.2811
10:56:50,91282CLD1,TSRYS5850288,D,S,D,2024-08-27,1000000.00,3.747467,102.28125
10:57:02,91282CLD1,TSRYS5850288,D,S,T,2024-08-27,1000000.00,3.747467,102.28125
10:57:03,91282CLD1,TSRYS5850288,D,S,C,2024-08-27,1000000.00,3.747467,102.28125
10:57:03,91282CLD1,TSRYS5850288,D,B,C,2024-08-27,1000000.00,3.747492,102.2811
10:57:03,91282CLD1,TSRYS5850288,D,B,C,2024-08-27,1000000.00,3.747492,102.2811
10:57:03,91282CLD1,TSRYS5850288,D,S,C,2024-08-27,1000000.00,3.747467,102.28125
10:57:03,91282CLD1,TSRYS5850288,D,S,C,2024-08-27,1000000.00,3.747435,102.28145
10:57:06,91282CLD1,TSRYS5850288,D,S,T,2024-08-27,1000000.00,3.747467,102.28125
10:57:11,91282CLD1,TSRYS5850288,D,S,D,2024-08-27,1000000.00,3.74683,102.28515625
10:57:13,91282CLD1,TSRYS5850288,D,S,D,2024-08-27,1000000.00,3.74683,102.28515625
10:57:14,91282CLD1,TSRYS5850288,D,S,T,2024-08-27,5000000.00,3.748791,102.2731375
10:57:18,91282CLD1,TSRYS5850288,D,S,D,2024-08-27,1000000.00,3.747467,102.28125
10:57:18,91282CLD1,TSRYS5850288,D,B,C,2024-08-27,1000000.00,3.747492,102.2811
10:57:18,91282CLD1,TSRYS5850288,D,B,C,2024-08-27,1000000.00,3.747492,102.2811
10:57:18,91282CLD1,TSRYS5850288,D,S,D,2024-08-27,1000000.00,3.747467,102.28125
10:57:31,91282CLD1,TSRYS5850288,D,S,A,2024-08-27,2000000.00,3.747467,102.28125
10:57:35,91282CLD1,TSRYS5850288,D,S,D,2024-08-27,1000000.00,3.747467,102.28125
10:57:50,91282CLD1,TSRYS5850288,D,S,D,2024-08-27,1000000.00,3.747467,102.28125
10:57:50,91282CLD1,TSRYS5850288,D,B,C,2024-08-27,1000000.00,3.747467,102.28125
10:57:50,91282CLD1,TSRYS5850288,D,B,C,2024-08-27,1000000.00,3.747467,102.28125
10:57:50,91282CLD1,TSRYS5850288,D,S,D,2024-08-27,1000000.00,3.747467,102.28125
10:57:50,91282CLD1,TSRYS5850288,D,S,D,2024-08-27,1000000.00,3.747467,102.28125
10:57:50,91282CLD1,TSRYS5850288,D,S,D,2024-08-27,1000000.00,3.747467,102.28125
10:57:50,91282CLD1,TSRYS5850288,D,B,C,2024-08-27,1000000.00,3.747467,102.28125
10:57:50,91282CLD1,TSRYS5850288,D,S,D,2024-08-27,1000000.00,3.747467,102.28125
10:57:50,91282CLD1,TSRYS5850288,D,B,C,2024-08-27,1000000.00,3.747467,102.28125
10:57:50,91282CLD1,TSRYS5850288,D,S,D,2024-08-27,1000000.00,3.747467,102.28125
10:57:50,91282CLD1,TSRYS5850288,D,S,D,2024-08-27,1000000.00,3.747467,102.28125
10:57:50,91282CLD1,TSRYS5850288,D,B,C,2024-08-27,1000000.00,3.747467,102.28125
10:58:04,91282CLD1,TSRYS5850288,D,S,D,2024-08-27,5000000.00,3.746765,102.28555625
10:58:04,91282CLD1,TSRYS5850288,D,S,T,2024-08-27,1000000.00,3.746193,102.2890625
10:58:04,91282CLD1,TSRYS5850288,D,S,D,2024-08-27,2000000.00,3.746193,102.2890625
10:58:04,91282CLD1,TSRYS5850288,D,S,D,2024-08-27,1000000.00,3.746193,102.2890625
10:58:05,91282CLD1,TSRYS5850288,D,S,D,2024-08-27,2000000.00,3.746193,102.2890625
10:58:09,91282CLD1,TSRYS5850288,D,S,T,2024-08-27,1000000.00,3.746193,102.2890625
10:58:10,91282CLD1,TSRYS5850288,D,S,D,2024-08-27,1000000.00,3.746193,102.2890625
10:58:14,91282CLD1,TSRYS5850288,D,S,T,2024-08-27,1000000.00,3.746193,102.2890625
10:58:15,91282CLD1,TSRYS5850288,D,S,T,2024-08-27,1000000.00,3.746193,102.2890625
10:58:15,91282CLD1,TSRYS5850288,D,S,D,2024-08-27,1000000.00,3.747149,102.283203125
10:58:15,91282CLD1,TSRYS5850288,D,B,C,2024-08-27,1000000.00,3.747149,102.283203125
10:58:25,91282CLD1,TSRYS5850288,D,S,T,2024-08-27,1000000.00,3.746193,102.2890625
10:58:25,91282CLD1,TSRYS5850288,D,S,T,2024-08-27,2000000.00,3.746193,102.2890625
10:58:25,91282CLD1,TSRYS5850288,D,S,D,2024-08-27,150MM+,3.76277,102.1875
10:58:25,91282CLD1,TSRYS5850288,D,S,D,2024-08-27,1000000.00,3.746193,102.2890625
10:58:25,91282CLD1,TSRYS5850288,D,S,D,2024-08-27,1000000.00,3.746193,102.2890625
10:58:26,91282CLD1,TSRYS5850288,D,S,T,2024-08-27,1000000.00,3.744918,102.296875
10:58:27,91282CLD1,TSRYS5850288,D,S,T,2024-08-27,1000000.00,3.744918,102.296875
10:58:28,91282CLD1,TSRYS5850288,D,S,C,2024-08-27,1000000.00,3.7446,102.298828125
10:58:29,91282CLD1,TSRYS5850288,D,S,T,2024-08-27,1000000.00,3.746193,102.2890625
10:58:29,91282CLD1,TSRYS5850288,D,S,T,2024-08-27,1000000.00,3.746193,102.2890625
10:58:29,91282CLD1,TSRYS5850288,D,S,D,2024-08-27,1000000.00,3.7446,102.298828125
10:58:30,91282CLD1,TSRYS5850288,D,B,C,2024-08-27,1000000.00,3.7446,102.298828125
10:58:33,91282CLD1,TSRYS5850288,D,S,D,2024-08-27,990000.00,3.746193,102.2890625
10:58:41,91282CLD1,TSRYS5850288,D,S,D,2024-08-27,2000000.00,3.743644,102.3046875
10:58:41,91282CLD1,TSRYS5850288,D,S,T,2024-08-27,1000000.00,3.743963,102.302734375
10:58:41,91282CLD1,TSRYS5850288,D,S,T,2024-08-27,1000000.00,3.743963,102.302734375
10:58:41,91282CLD1,TSRYS5850288,D,S,T,2024-08-27,2000000.00,3.744918,102.296875
10:58:42,91282CLD1,TSRYS5850288,D,S,T,2024-08-27,2000000.00,3.743644,102.3046875
10:58:44,91282CLD1,TSRYS5850288,D,S,T,2024-08-27,1000000.00,3.743644,102.3046875
10:58:45,91282CLD1,TSRYS5850288,D,S,D,2024-08-27,1000000.00,3.743963,102.302734375
10:58:45,91282CLD1,TSRYS5850288,D,S,D,2024-08-27,1000000.00,3.743963,102.302734375
10:58:45,91282CLD1,TSRYS5850288,D,S,T,2024-08-27,1000000.00,3.744918,102.296875
10:58:45,91282CLD1,TSRYS5850288,D,S,T,2024-08-27,1000000.00,3.743644,102.3046875
10:58:46,91282CLD1,TSRYS5850288,D,S,T,2024-08-27,1000000.00,3.744918,102.296875
10:58:50,91282CLD1,TSRYS5850288,D,S,D,2024-08-27,1000000.00,3.744918,102.296875
10:58:51,91282CLD1,TSRYS5850288,D,S,D,2024-08-27,1000000.00,3.744918,102.296875
10:59:04,91282CLD1,TSRYS5850288,D,S,D,2024-08-27,4000000.00,3.746193,102.2890625
10:59:04,91282CLD1,TSRYS5850288,D,S,D,2024-08-27,1000000.00,3.746193,102.2890625
10:59:04,91282CLD1,TSRYS5850288,D,S,D,2024-08-27,4000000.00,3.746193,102.2890625
10:59:04,91282CLD1,TSRYS5850288,D,S,D,2024-08-27,1000000.00,3.746193,102.2890625
10:59:04,91282CLD1,TSRYS5850288,D,S,D,2024-08-27,1000000.00,3.746193,102.2890625
10:59:04,91282CLD1,TSRYS5850288,D,S,C,2024-08-27,1000000.00,3.746193,102.2890625
10:59:04,91282CLD1,TSRYS5850288,D,S,D,2024-08-27,1000000.00,3.746193,102.2890625
10:59:05,91282CLD1,TSRYS5850288,D,S,T,2024-08-27,1000000.00,3.744918,102.296875
10:59:05,91282CLD1,TSRYS5850288,D,S,T,2024-08-27,1000000.00,3.744918,102.296875
10:59:06,91282CLD1,TSRYS5850288,D,S,T,2024-08-27,2000000.00,3.746193,102.2890625
10:59:09,91282CLD1,TSRYS5850288,D,S,T,2024-08-27,2000000.00,3.746193,102.2890625
10:59:11,91282CLD1,TSRYS5850288,D,S,T,2024-08-27,1000000.00,3.746193,102.2890625
10:59:14,91282CLD1,TSRYS5850288,D,S,T,2024-08-27,4000000.00,3.746193,102.2890625
10:59:15,91282CLD1,TSRYS5850288,D,S,T,2024-08-27,1000000.00,3.746193,102.2890625
10:59:19,91282CLD1,TSRYS5850288,D,B,C,2024-08-27,1000000.00,3.74623,102.2888375
10:59:19,91282CLD1,TSRYS5850288,D,S,D,2024-08-27,1000000.00,3.746193,102.2890625
10:59:19,91282CLD1,TSRYS5850288,D,S,D,2024-08-27,2000000.00,3.746193,102.2890625
10:59:19,91282CLD1,TSRYS5850288,D,B,C,2024-08-27,2000000.00,3.74623,102.2888375
10:59:19,91282CLD1,TSRYS5850288,D,S,D,2024-08-27,1000000.00,3.746193,102.2890625
10:59:19,91282CLD1,TSRYS5850288,D,S,D,2024-08-27,1000000.00,3.746193,102.2890625
10:59:19,91282CLD1,TSRYS5850288,D,S,C,2024-08-27,1000000.00,3.746193,102.2890625
10:59:19,91282CLD1,TSRYS5850288,D,S,D,2024-08-27,2000000.00,3.746193,102.2890625
10:59:19,91282CLD1,TSRYS5850288,D,S,D,2024-08-27,1000000.00,3.746193,102.2890625
10:59:19,91282CLD1,TSRYS5850288,D,S,D,2024-08-27,1000000.00,3.744918,102.296875
10:59:19,91282CLD1,TSRYS5850288,D,S,D,2024-08-27,1000000.00,3.744918,102.296875
10:59:19,91282CLD1,TSRYS5850288,D,S,D,2024-08-27,1000000.00,3.744918,102.296875
10:59:19,91282CLD1,TSRYS5850288,D,S,D,2024-08-27,2000000.00,3.744918,102.296875
10:59:19,91282CLD1,TSRYS5850288,D,S,D,2024-08-27,1000000.00,3.744918,102.296875
10:59:19,91282CLD1,TSRYS5850288,D,B,C,2024-08-27,1000000.00,3.744918,102.296875
10:59:20,91282CLD1,TSRYS5850288,D,S,D,2024-08-27,1000000.00,3.744918,102.296875
10:59:22,91282CLD1,TSRYS5850288,D,S,T,2024-08-27,4000000.00,3.746193,102.2890625
10:59:23,91282CLD1,TSRYS5850288,D,S,D,2024-08-27,2000000.00,3.744281,102.30078125
10:59:25,91282CLD1,TSRYS5850288,D,S,T,2024-08-27,1000000.00,3.746193,102.2890625
10:59:30,91282CLD1,TSRYS5850288,D,S,D,2024-08-27,150MM+,3.76277,102.1875
10:59:34,91282CLD1,TSRYS5850288,D,S,T,2024-08-27,1000000.00,3.744918,102.296875
10:59:34,91282CLD1,TSRYS5850288,D,S,T,2024-08-27,1000000.00,3.744918,102.296875
10:59:34,91282CLD1,TSRYS5850288,D,S,T,2024-08-27,1000000.00,3.744918,102.296875
10:59:34,91282CLD1,TSRYS5850288,D,S,T,2024-08-27,1000000.00,3.744918,102.296875
10:59:34,91282CLD1,TSRYS5850288,D,S,T,2024-08-27,2000000.00,3.744918,102.296875
10:59:35,91282CLD1,TSRYS5850288,D,S,T,2024-08-27,1000000.00,3.744918,102.296875
10:59:37,91282CLD1,TSRYS5850288,D,S,C,2024-08-27,1000000.00,3.74362,102.3048375
10:59:37,91282CLD1,TSRYS5850288,D,S,C,2024-08-27,2000000.00,3.74362,102.3048375
10:59:37,91282CLD1,TSRYS5850288,D,S,D,2024-08-27,1000000.00,3.743644,102.3046875
10:59:37,91282CLD1,TSRYS5850288,D,S,T,2024-08-27,1000000.00,3.744918,102.296875
10:59:37,91282CLD1,TSRYS5850288,D,S,T,2024-08-27,1000000.00,3.744918,102.296875
10:59:39,91282CLD1,TSRYS5850288,D,S,T,2024-08-27,1000000.00,3.744918,102.296875
10:59:39,91282CLD1,TSRYS5850288,D,S,T,2024-08-27,1000000.00,3.744918,102.296875
10:59:39,91282CLD1,TSRYS5850288,D,S,T,2024-08-27,1000000.00,3.744918,102.296875
10:59:39,91282CLD1,TSRYS5850288,D,S,T,2024-08-27,1000000.00,3.744918,102.296875
10:59:42,91282CLD1,TSRYS5850288,D,S,T,2024-08-27,1000000.00,3.744918,102.296875
10:59:43,91282CLD1,TSRYS5850288,D,S,T,2024-08-27,1000000.00,3.744918,102.296875
10:59:44,91282CLD1,TSRYS5850288,D,S,T,2024-08-27,1000000.00,3.744918,102.296875
10:59:44,91282CLD1,TSRYS5850288,D,S,T,2024-08-27,1000000.00,3.744918,102.296875
10:59:44,91282CLD1,TSRYS5850288,D,S,T,2024-08-27,1000000.00,3.744918,102.296875
10:59:44,91282CLD1,TSRYS5850288,D,S,T,2024-08-27,1000000.00,3.744918,102.296875
10:59:44,91282CLD1,TSRYS5850288,D,S,T,2024-08-27,1000000.00,3.744918,102.296875
10:59:44,91282CLD1,TSRYS5850288,D,S,T,2024-08-27,1000000.00,3.744918,102.296875
10:59:44,91282CLD1,TSRYS5850288,D,S,T,2024-08-27,1000000.00,3.744918,102.296875
10:59:48,91282CLD1,TSRYS5850288,D,S,T,2024-08-27,1000000.00,3.744918,102.296875
10:59:48,91282CLD1,TSRYS5850288,D,S,T,2024-08-27,1000000.00,3.744918,102.296875
10:59:48,91282CLD1,TSRYS5850288,D,S,T,2024-08-27,1000000.00,3.744918,102.296875
10:59:48,91282CLD1,TSRYS5850288,D,S,T,2024-08-27,1000000.00,3.744918,102.296875
10:59:48,91282CLD1,TSRYS5850288,D,S,T,2024-08-27,1000000.00,3.744918,102.296875
10:59:48,91282CLD1,TSRYS5850288,D,S,T,2024-08-27,1000000.00,3.744918,102.296875
10:59:48,91282CLD1,TSRYS5850288,D,S,T,2024-08-27,1000000.00,3.744918,102.296875
10:59:49,91282CLD1,TSRYS5850288,D,S,T,2024-08-27,1000000.00,3.744918,102.296875
10:59:49,91282CLD1,TSRYS5850288,D,S,T,2024-08-27,1000000.00,3.744918,102.296875
10:59:49,91282CLD1,TSRYS5850288,D,S,T,2024-08-27,1000000.00,3.744918,102.296875
10:59:49,91282CLD1,TSRYS5850288,D,S,T,2024-08-27,1000000.00,3.744918,102.296875
10:59:49,91282CLD1,TSRYS5850288,D,S,T,2024-08-27,1000000.00,3.744918,102.296875
10:59:49,91282CLD1,TSRYS5850288,D,S,T,2024-08-27,1000000.00,3.744918,102.296875
10:59:50,91282CLD1,TSRYS5850288,D,S,T,2024-08-27,1000000.00,3.744918,102.296875
10:59:50,91282CLD1,TSRYS5850288,D,S,T,2024-08-27,1000000.00,3.744918,102.296875
10:59:50,91282CLD1,TSRYS5850288,D,S,T,2024-08-27,1000000.00,3.744918,102.296875
10:59:50,91282CLD1,TSRYS5850288,D,S,T,2024-08-27,1000000.00,3.744918,102.296875
10:59:50,91282CLD1,TSRYS5850288,D,S,T,2024-08-27,1000000.00,3.744918,102.296875
10:59:50,91282CLD1,TSRYS5850288,D,S,T,2024-08-27,1000000.00,3.744918,102.296875
10:59:50,91282CLD1,TSRYS5850288,D,S,T,2024-08-27,1000000.00,3.744918,102.296875
10:59:50,91282CLD1,TSRYS5850288,D,S,T,2024-08-27,1000000.00,3.744918,102.296875
10:59:50,91282CLD1,TSRYS5850288,D,S,T,2024-08-27,1000000.00,3.744918,102.296875
10:59:50,91282CLD1,TSRYS5850288,D,S,T,2024-08-27,1000000.00,3.744918,102.296875
10:59:50,91282CLD1,TSRYS5850288,D,S,T,2024-08-27,1000000.00,3.744918,102.296875
10:59:50,91282CLD1,TSRYS5850288,D,S,T,2024-08-27,1000000.00,3.744918,102.296875
10:59:50,91282CLD1,TSRYS5850288,D,S,T,2024-08-27,1000000.00,3.744918,102.296875
10:59:50,91282CLD1,TSRYS5850288,D,S,T,2024-08-27,1000000.00,3.744918,102.296875
10:59:50,91282CLD1,TSRYS5850288,D,S,T,2024-08-27,1000000.00,3.744918,102.296875
10:59:52,91282CLD1,TSRYS5850288,D,S,D,2024-08-27,1000000.00,3.744918,102.296875
10:59:52,91282CLD1,TSRYS5850288,D,S,D,2024-08-27,1000000.00,3.744918,102.296875
10:59:54,91282CLD1,TSRYS5850288,D,S,T,2024-08-27,1000000.00,3.744918,102.296875
10:59:54,91282CLD1,TSRYS5850288,D,S,T,2024-08-27,1000000.00,3.744918,102.296875
10:59:57,91282CLD1,TSRYS5850288,D,S,T,2024-08-27,1000000.00,3.744918,102.296875
10:59:57,91282CLD1,TSRYS5850288,D,S,T,2024-08-27,1000000.00,3.744918,102.296875
10:59:57,91282CLD1,TSRYS5850288,D,S,T,2024-08-27,1000000.00,3.744918,102.296875
10:59:57,91282CLD1,TSRYS5850288,D,S,T,2024-08-27,1000000.00,3.744918,102.296875
10:59:59,91282CLD1,TSRYS5850288,D,S,T,2024-08-27,2000000.00,3.744918,102.296875
10:59:59,91282CLD1,TSRYS5850288,D,S,T,2024-08-27,1000000.00,3.744918,102.296875
10:59:59,91282CLD1,TSRYS5850288,D,S,C,2024-08-27,1000000.00,3.744918,102.296875
10:59:59,91282CLD1,TSRYS5850288,D,S,C,2024-08-27,1000000.00,3.744918,102.296875
10:59:59,91282CLD1,TSRYS5850288,D,S,T,2024-08-27,1000000.00,3.744918,102.296875
10:59:59,91282CLD1,TSRYS5850288,D,S,T,2024-08-27,1000000.00,3.744918,102.296875
10:59:59,91282CLD1,TSRYS5850288,D,S,T,2024-08-27,1000000.00,3.744918,102.296875
10:59:59,91282CLD1,TSRYS5850288,D,S,T,2024-08-27,1000000.00,3.744918,102.296875
11:00:00,91282CLD1,TSRYS5850288,D,S,T,2024-08-27,1000000.00,3.744918,102.296875
11:00:00,91282CLD1,TSRYS5850288,D,S,T,2024-08-27,1000000.00,3.744918,102.296875
11:00:00,91282CLD1,TSRYS5850288,D,S,T,2024-08-27,1000000.00,3.744918,102.296875
11:00:00,91282CLD1,TSRYS5850288,D,S,T,2024-08-27,1000000.00,3.744918,102.296875
11:00:03,91282CLD1,TSRYS5850288,D,S,D,2024-08-27,1000000.00,3.745556,102.29296875
11:00:03,91282CLD1,TSRYS5850288,D,S,T,2024-08-27,1000000.00,3.745556,102.29296875
11:00:03,91282CLD1,TSRYS5850288,D,S,T,2024-08-27,1000000.00,3.746193,102.2890625
11:00:04,91282CLD1,TSRYS5850288,D,S,T,2024-08-27,2000000.00,3.744918,102.296875
11:00:04,91282CLD1,TSRYS5850288,D,S,T,2024-08-27,1000000.00,3.744918,102.296875
11:00:04,91282CLD1,TSRYS5850288,D,S,T,2024-08-27,1000000.00,3.744918,102.296875
11:00:04,91282CLD1,TSRYS5850288,D,S,T,2024-08-27,1000000.00,3.744918,102.296875
11:00:04,91282CLD1,TSRYS5850288,D,S,T,2024-08-27,1000000.00,3.744918,102.296875
11:00:04,91282CLD1,TSRYS5850288,D,S,T,2024-08-27,1000000.00,3.744918,102.296875
11:00:04,91282CLD1,TSRYS5850288,D,S,T,2024-08-27,1000000.00,3.744918,102.296875
11:00:04,91282CLD1,TSRYS5850288,D,S,T,2024-08-27,1000000.00,3.744918,102.296875
11:00:04,91282CLD1,TSRYS5850288,D,S,T,2024-08-27,2000000.00,3.744918,102.296875
11:00:04,91282CLD1,TSRYS5850288,D,S,T,2024-08-27,1000000.00,3.744918,102.296875
11:00:04,91282CLD1,TSRYS5850288,D,S,T,2024-08-27,1000000.00,3.744918,102.296875
11:00:04,91282CLD1,TSRYS5850288,D,S,T,2024-08-27,1000000.00,3.745556,102.29296875
11:00:04,91282CLD1,TSRYS5850288,D,S,T,2024-08-27,1000000.00,3.745556,102.29296875
11:00:05,91282CLD1,TSRYS5850288,D,S,C,2024-08-27,1000000.00,3.744918,102.296875
11:00:07,91282CLD1,TSRYS5850288,D,S,D,2024-08-27,1000000.00,3.745556,102.29296875
11:00:07,91282CLD1,TSRYS5850288,D,S,C,2024-08-27,1000000.00,3.744918,102.296875
11:00:07,91282CLD1,TSRYS5850288,D,S,D,2024-08-27,1000000.00,3.744918,102.296875
11:00:07,91282CLD1,TSRYS5850288,D,S,C,2024-08-27,1000000.00,3.744918,102.296875
11:00:07,91282CLD1,TSRYS5850288,D,S,C,2024-08-27,2000000.00,3.744918,102.296875
11:00:07,91282CLD1,TSRYS5850288,D,S,C,2024-08-27,1000000.00,3.744918,102.296875
11:00:07,91282CLD1,TSRYS5850288,D,S,C,2024-08-27,1000000.00,3.744918,102.296875
11:00:07,91282CLD1,TSRYS5850288,D,S,C,2024-08-27,1000000.00,3.744878,102.297125
11:00:07,91282CLD1,TSRYS5850288,D,S,T,2024-08-27,2000000.00,3.744918,102.296875
11:00:07,91282CLD1,TSRYS5850288,D,S,T,2024-08-27,1000000.00,3.744918,102.296875
11:00:07,91282CLD1,TSRYS5850288,D,S,T,2024-08-27,1000000.00,3.744918,102.296875
11:00:07,91282CLD1,TSRYS5850288,D,S,T,2024-08-27,1000000.00,3.744918,102.296875
11:00:08,91282CLD1,TSRYS5850288,D,S,T,2024-08-27,1000000.00,3.744918,102.296875
11:00:08,91282CLD1,TSRYS5850288,D,S,D,2024-08-27,1000000.00,3.745556,102.29296875
11:00:08,91282CLD1,TSRYS5850288,D,S,T,2024-08-27,2000000.00,3.744918,102.296875
11:00:08,91282CLD1,TSRYS5850288,D,S,T,2024-08-27,1000000.00,3.746193,102.2890625
11:00:08,91282CLD1,TSRYS5850288,D,S,T,2024-08-27,1000000.00,3.746193,102.2890625
11:00:08,91282CLD1,TSRYS5850288,D,S,T,2024-08-27,2000000.00,3.746193,102.2890625
11:00:08,91282CLD1,TSRYS5850288,D,S,T,2024-08-27,1000000.00,3.746193,102.2890625
11:00:08,91282CLD1,TSRYS5850288,D,S,T,2024-08-27,1000000.00,3.746193,102.2890625
11:00:08,91282CLD1,TSRYS5850288,D,S,T,2024-08-27,1000000.00,3.744918,102.296875
11:00:11,91282CLD1,TSRYS5850288,D,S,C,2024-08-27,13470000.00,3.747467,102.28125
11:00:16,91282CLD1,TSRYS5850288,D,S,T,2024-08-27,1000000.00,3.747786,102.279296875
11:00:16,91282CLD1,TSRYS5850288,D,S,T,2024-08-27,1000000.00,3.747467,102.28125
11:00:16,91282CLD1,TSRYS5850288,D,S,T,2024-08-27,1000000.00,3.747467,102.28125
11:00:16,91282CLD1,TSRYS5850288,D,S,T,2024-08-27,2000000.00,3.747467,102.28125
11:00:16,91282CLD1,TSRYS5850288,D,S,T,2024-08-27,1000000.00,3.747467,102.28125
11:00:16,91282CLD1,TSRYS5850288,D,S,T,2024-08-27,2000000.00,3.747467,102.28125
11:00:16,91282CLD1,TSRYS5850288,D,S,T,2024-08-27,2000000.00,3.747467,102.28125
11:00:16,91282CLD1,TSRYS5850288,D,S,T,2024-08-27,1000000.00,3.747467,102.28125
11:00:16,91282CLD1,TSRYS5850288,D,S,T,2024-08-27,1000000.00,3.747467,102.28125
11:00:16,91282CLD1,TSRYS5850288,D,S,T,2024-08-27,1000000.00,3.747467,102.28125
11:00:16,91282CLD1,TSRYS5850288,D,S,T,2024-08-27,2000000.00,3.747467,102.28125
11:00:16,91282CLD1,TSRYS5850288,D,S,T,2024-08-27,1000000.00,3.747467,102.28125
11:00:16,91282CLD1,TSRYS5850288,D,S,T,2024-08-27,1000000.00,3.747467,102.28125
11:00:16,91282CLD1,TSRYS5850288,D,S,T,2024-08-27,1000000.00,3.747467,102.28125
11:00:16,91282CLD1,TSRYS5850288,D,S,T,2024-08-27,2000000.00,3.747467,102.28125
11:00:16,91282CLD1,TSRYS5850288,D,S,T,2024-08-27,1000000.00,3.747467,102.28125
11:00:16,91282CLD1,TSRYS5850288,D,S,T,2024-08-27,1000000.00,3.747467,102.28125
11:00:16,91282CLD1,TSRYS5850288,D,S,T,2024-08-27,3000000.00,3.747467,102.28125
11:00:16,91282CLD1,TSRYS5850288,D,S,T,2024-08-27,1000000.00,3.747467,102.28125
11:00:16,91282CLD1,TSRYS5850288,D,S,T,2024-08-27,1000000.00,3.747467,102.28125
11:00:16,91282CLD1,TSRYS5850288,D,S,T,2024-08-27,1000000.00,3.747467,102.28125
11:00:16,91282CLD1,TSRYS5850288,D,S,D,2024-08-27,2000000.00,3.747149,102.283203125
11:00:16,91282CLD1,TSRYS5850288,D,S,D,2024-08-27,2000000.00,3.747467,102.28125
11:00:16,91282CLD1,TSRYS5850288,D,S,D,2024-08-27,2000000.00,3.747149,102.283203125
11:00:17,91282CLD1,TSRYS5850288,D,S,D,2024-08-27,2000000.00,3.747467,102.28125
11:00:17,91282CLD1,TSRYS5850288,D,S,T,2024-08-27,1000000.00,3.747467,102.28125
11:00:17,91282CLD1,TSRYS5850288,D,S,T,2024-08-27,1000000.00,3.748742,102.2734375
11:00:18,91282CLD1,TSRYS5850288,D,S,D,2024-08-27,2000000.00,3.747467,102.28125
11:00:19,91282CLD1,TSRYS5850288,D,S,C,2024-08-27,2000000.00,3.747467,102.28125
11:00:21,91282CLD1,TSRYS5850288,D,S,C,2024-08-27,1000000.00,3.74777,102.279396875
11:00:22,91282CLD1,TSRYS5850288,D,S,D,2024-08-27,1000000.00,3.744918,102.296875
11:00:22,91282CLD1,TSRYS5850288,D,S,C,2024-08-27,1000000.00,3.744878,102.297125
11:00:22,91282CLD1,TSRYS5850288,D,S,C,2024-08-27,1000000.00,3.744886,102.297075
11:00:22,91282CLD1,TSRYS5850288,D,S,C,2024-08-27,1000000.00,3.744878,102.297125
11:00:22,91282CLD1,TSRYS5850288,D,S,C,2024-08-27,1000000.00,3.744918,102.296875
11:00:22,91282CLD1,TSRYS5850288,D,S,C,2024-08-27,1000000.00,3.744918,102.296875
11:00:22,91282CLD1,TSRYS5850288,D,S,D,2024-08-27,3532000.00,3.744918,102.296875
11:00:22,91282CLD1,TSRYS5850288,D,S,C,2024-08-27,1000000.00,3.744918,102.296875
11:00:22,91282CLD1,TSRYS5850288,D,S,C,2024-08-27,1000000.00,3.744918,102.296875
11:00:22,91282CLD1,TSRYS5850288,D,S,C,2024-08-27,1000000.00,3.744878,102.297125
11:00:22,91282CLD1,TSRYS5850288,D,S,C,2024-08-27,1000000.00,3.747451,102.28135
11:00:22,91282CLD1,TSRYS5850288,D,S,C,2024-08-27,1000000.00,3.744886,102.297075
11:00:22,91282CLD1,TSRYS5850288,D,S,C,2024-08-27,1000000.00,3.747467,102.28125
11:00:22,91282CLD1,TSRYS5850288,D,S,D,2024-08-27,2000000.00,3.747467,102.28125
11:00:22,91282CLD1,TSRYS5850288,D,S,D,2024-08-27,1000000.00,3.744918,102.296875
11:00:22,91282CLD1,TSRYS5850288,D,S,C,2024-08-27,1000000.00,3.744878,102.297125
11:00:22,91282CLD1,TSRYS5850288,D,S,C,2024-08-27,1000000.00,3.744878,102.297125
11:00:22,91282CLD1,TSRYS5850288,D,S,D,2024-08-27,1000000.00,3.744918,102.296875
11:00:22,91282CLD1,TSRYS5850288,D,S,C,2024-08-27,1000000.00,3.744918,102.296875
11:00:22,91282CLD1,TSRYS5850288,D,S,D,2024-08-27,1000000.00,3.744918,102.296875
11:00:22,91282CLD1,TSRYS5850288,D,S,C,2024-08-27,1000000.00,3.748742,102.2734375
11:00:23,91282CLD1,TSRYS5850288,D,S,C,2024-08-27,1000000.00,3.748742,102.2734375
11:00:24,91282CLD1,TSRYS5850288,D,S,D,2024-08-27,1241000.00,3.746193,102.2890625
11:00:24,91282CLD1,TSRYS5850288,D,S,T,2024-08-27,1000000.00,3.748742,102.2734375
11:00:24,91282CLD1,TSRYS5850288,D,S,T,2024-08-27,1000000.00,3.748742,102.2734375
11:00:24,91282CLD1,TSRYS5850288,D,S,T,2024-08-27,1000000.00,3.748742,102.2734375
11:00:24,91282CLD1,TSRYS5850288,D,S,D,2024-08-27,1000000.00,3.747467,102.28125
11:00:24,91282CLD1,TSRYS5850288,D,S,D,2024-08-27,2291000.00,3.744918,102.296875
11:00:24,91282CLD1,TSRYS5850288,D,S,D,2024-08-27,1000000.00,3.747467,102.28125
11:00:25,91282CLD1,TSRYS5850288,D,S,T,2024-08-27,1000000.00,3.748742,102.2734375
11:00:26,91282CLD1,TSRYS5850288,D,S,T,2024-08-27,2000000.00,3.748742,102.2734375
11:00:26,91282CLD1,TSRYS5850288,D,S,T,2024-08-27,1000000.00,3.748742,102.2734375
11:00:26,91282CLD1,TSRYS5850288,D,S,T,2024-08-27,2000000.00,3.748742,102.2734375
11:00:26,91282CLD1,TSRYS5850288,D,S,T,2024-08-27,1000000.00,3.748742,102.2734375
11:00:26,91282CLD1,TSRYS5850288,D,S,T,2024-08-27,1000000.00,3.748742,102.2734375
11:00:26,91282CLD1,TSRYS5850288,D,S,T,2024-08-27,1000000.00,3.748742,102.2734375
11:00:26,91282CLD1,TSRYS5850288,D,S,T,2024-08-27,1000000.00,3.748742,102.2734375
11:00:26,91282CLD1,TSRYS5850288,D,S,T,2024-08-27,1000000.00,3.748742,102.2734375
11:00:32,91282CLD1,TSRYS5850288,D,S,D,2024-08-27,1000000.00,3.748105,102.27734375
11:00:32,91282CLD1,TSRYS5850288,D,B,C,2024-08-27,1000000.00,3.748105,102.27734375
11:00:33,91282CLD1,TSRYS5850288,D,S,D,2024-08-27,1000000.00,3.748105,102.27734375
11:00:33,91282CLD1,TSRYS5850288,D,B,C,2024-08-27,1000000.00,3.748105,102.27734375
11:00:34,91282CLD1,TSRYS5850288,D,S,C,2024-08-27,1000000.00,3.744918,102.296875
11:00:34,91282CLD1,TSRYS5850288,D,S,C,2024-08-27,1000000.00,3.744918,102.296875
11:00:34,91282CLD1,TSRYS5850288,D,S,C,2024-08-27,1000000.00,3.744886,102.297075
11:00:34,91282CLD1,TSRYS5850288,D,S,C,2024-08-27,1000000.00,3.744918,102.296875
11:00:34,91282CLD1,TSRYS5850288,D,S,D,2024-08-27,1000000.00,3.744918,102.296875
11:00:34,91282CLD1,TSRYS5850288,D,S,C,2024-08-27,1000000.00,3.744918,102.296875
11:00:34,91282CLD1,TSRYS5850288,D,S,C,2024-08-27,1000000.00,3.744918,102.296875
11:00:34,91282CLD1,TSRYS5850288,D,S,D,2024-08-27,1000000.00,3.744918,102.296875
11:00:34,91282CLD1,TSRYS5850288,D,S,C,2024-08-27,1000000.00,3.744918,102.296875
11:00:35,91282CLD1,TSRYS5850288,D,S,C,2024-08-27,1000000.00,3.744918,102.296875
11:00:35,91282CLD1,TSRYS5850288,D,S,C,2024-08-27,1000000.00,3.744918,102.296875
11:00:35,91282CLD1,TSRYS5850288,D,S,D,2024-08-27,1000000.00,3.744918,102.296875
11:00:35,91282CLD1,TSRYS5850288,D,S,D,2024-08-27,1000000.00,3.744918,102.296875
11:00:35,91282CLD1,TSRYS5850288,D,S,C,2024-08-27,1000000.00,3.744918,102.296875
11:00:35,91282CLD1,TSRYS5850288,D,S,D,2024-08-27,1000000.00,3.744918,102.296875
11:00:35,91282CLD1,TSRYS5850288,D,S,C,2024-08-27,1000000.00,3.744918,102.296875
11:00:35,91282CLD1,TSRYS5850288,D,S,C,2024-08-27,1000000.00,3.744918,102.296875
11:00:35,91282CLD1,TSRYS5850288,D,S,C,2024-08-27,1000000.00,3.744918,102.296875
11:00:35,91282CLD1,TSRYS5850288,D,S,D,2024-08-27,1000000.00,3.748105,102.27734375
11:00:35,91282CLD1,TSRYS5850288,D,B,C,2024-08-27,1000000.00,3.748105,102.27734375
11:00:36,91282CLD1,TSRYS5850288,D,S,D,2024-08-27,1000000.00,3.748105,102.27734375
11:00:37,91282CLD1,TSRYS5850288,D,B,C,2024-08-27,1000000.00,3.748105,102.27734375
11:00:38,91282CLD1,TSRYS5850288,D,S,D,2024-08-27,1000000.00,3.748722,102.2735625
11:00:38,91282CLD1,TSRYS5850288,D,B,C,2024-08-27,1000000.00,3.748742,102.2734375
11:00:38,91282CLD1,TSRYS5850288,D,S,D,2024-08-27,1000000.00,3.748722,102.2735625
11:00:38,91282CLD1,TSRYS5850288,D,B,C,2024-08-27,1000000.00,3.748742,102.2734375
11:00:43,91282CLD1,TSRYS5850288,D,S,D,2024-08-27,1000000.00,3.748742,102.2734375
11:00:43,91282CLD1,TSRYS5850288,D,B,C,2024-08-27,1000000.00,3.748742,102.2734375
11:00:43,91282CLD1,TSRYS5850288,D,S,D,2024-08-27,1000000.00,3.748742,102.2734375
11:00:43,91282CLD1,TSRYS5850288,D,B,C,2024-08-27,1000000.00,3.748742,102.2734375
11:00:48,91282CLD1,TSRYS5850288,D,S,T,2024-08-27,1000000.00,3.748775,102.2732375
11:00:48,91282CLD1,TSRYS5850288,D,S,T,2024-08-27,1000000.00,3.748775,102.2732375
11:00:49,91282CLD1,TSRYS5850288,D,S,T,2024-08-27,2000000.00,3.747467,102.28125
11:00:49,91282CLD1,TSRYS5850288,D,S,D,2024-08-27,3000000.00,3.747467,102.28125
11:00:50,91282CLD1,TSRYS5850288,D,S,D,2024-08-27,1000000.00,3.744918,102.296875
11:00:50,91282CLD1,TSRYS5850288,D,S,D,2024-08-27,1000000.00,3.744918,102.296875
11:00:50,91282CLD1,TSRYS5850288,D,S,C,2024-08-27,1000000.00,3.744886,102.297075
11:00:50,91282CLD1,TSRYS5850288,D,S,C,2024-08-27,1000000.00,3.744886,102.297075
11:00:50,91282CLD1,TSRYS5850288,D,S,C,2024-08-27,1000000.00,3.744886,102.297075
11:00:50,91282CLD1,TSRYS5850288,D,S,C,2024-08-27,1000000.00,3.744918,102.296875
11:00:50,91282CLD1,TSRYS5850288,D,S,C,2024-08-27,1000000.00,3.744918,102.296875
11:00:50,91282CLD1,TSRYS5850288,D,S,C,2024-08-27,1000000.00,3.744918,102.296875
11:00:50,91282CLD1,TSRYS5850288,D,S,C,2024-08-27,1000000.00,3.744918,102.296875
11:00:50,91282CLD1,TSRYS5850288,D,S,D,2024-08-27,1000000.00,3.744918,102.296875
11:00:50,91282CLD1,TSRYS5850288,D,S,C,2024-08-27,1000000.00,3.744918,102.296875
11:00:50,91282CLD1,TSRYS5850288,D,S,C,2024-08-27,1000000.00,3.744886,102.297075
11:00:50,91282CLD1,TSRYS5850288,D,S,C,2024-08-27,1000000.00,3.74487,102.297175
11:00:50,91282CLD1,TSRYS5850288,D,S,D,2024-08-27,1000000.00,3.744918,102.296875
11:00:50,91282CLD1,TSRYS5850288,D,S,D,2024-08-27,1000000.00,3.744918,102.296875
11:00:50,91282CLD1,TSRYS5850288,D,S,D,2024-08-27,1000000.00,3.744918,102.296875
11:00:50,91282CLD1,TSRYS5850288,D,S,C,2024-08-27,1000000.00,3.744886,102.297075
11:00:50,91282CLD1,TSRYS5850288,D,S,C,2024-08-27,2000000.00,3.744918,102.296875
11:00:50,91282CLD1,TSRYS5850288,D,S,D,2024-08-27,1000000.00,3.746193,102.2890625
11:00:50,91282CLD1,TSRYS5850288,D,S,C,2024-08-27,1000000.00,3.746144,102.2893625
11:00:50,91282CLD1,TSRYS5850288,D,S,C,2024-08-27,2000000.00,3.746168,102.2892125
11:00:50,91282CLD1,TSRYS5850288,D,S,C,2024-08-27,1000000.00,3.746164,102.2892375
11:00:50,91282CLD1,TSRYS5850288,D,S,C,2024-08-27,1000000.00,3.746193,102.2890625
11:00:51,91282CLD1,TSRYS5850288,D,S,C,2024-08-27,1000000.00,3.746193,102.2890625
11:01:00,91282CLD1,TSRYS5850288,D,S,T,2024-08-27,1000000.00,3.747467,102.28125
11:01:00,91282CLD1,TSRYS5850288,D,S,T,2024-08-27,1000000.00,3.747467,102.28125
11:01:06,91282CLD1,TSRYS5850288,D,S,C,2024-08-27,1000000.00,3.744918,102.296875
11:01:06,91282CLD1,TSRYS5850288,D,S,D,2024-08-27,1000000.00,3.744918,102.296875
11:01:06,91282CLD1,TSRYS5850288,D,S,C,2024-08-27,1000000.00,3.744886,102.297075
11:01:06,91282CLD1,TSRYS5850288,D,S,D,2024-08-27,1000000.00,3.744918,102.296875
11:01:06,91282CLD1,TSRYS5850288,D,S,C,2024-08-27,1000000.00,3.744918,102.296875
11:01:06,91282CLD1,TSRYS5850288,D,S,C,2024-08-27,1000000.00,3.744918,102.296875
11:01:06,91282CLD1,TSRYS5850288,D,S,C,2024-08-27,1000000.00,3.744918,102.296875
11:01:06,91282CLD1,TSRYS5850288,D,S,C,2024-08-27,1000000.00,3.744918,102.296875
11:01:06,91282CLD1,TSRYS5850288,D,S,C,2024-08-27,1000000.00,3.744886,102.297075
11:01:06,91282CLD1,TSRYS5850288,D,S,D,2024-08-27,1000000.00,3.747467,102.28125
11:01:06,91282CLD1,TSRYS5850288,D,S,C,2024-08-27,1000000.00,3.747439,102.281425
11:01:06,91282CLD1,TSRYS5850288,D,S,C,2024-08-27,3000000.00,3.747439,102.281425
11:01:06,91282CLD1,TSRYS5850288,D,S,D,2024-08-27,1000000.00,3.747467,102.28125
11:01:06,91282CLD1,TSRYS5850288,D,S,C,2024-08-27,1000000.00,3.747467,102.28125
11:01:08,91282CLD1,TSRYS5850288,D,S,C,2024-08-27,25000.00,3.74237,102.3125
11:01:09,91282CLD1,TSRYS5850288,D,S,D,2024-08-27,1470000.00,3.749519,102.26953125
11:01:10,91282CLD1,TSRYS5850288,D,S,T,2024-08-27,1000000.00,3.748742,102.2734375
11:01:16,91282CLD1,TSRYS5850288,D,S,T,2024-08-27,1000000.00,3.748742,102.2734375
11:01:22,91282CLD1,TSRYS5850288,D,S,T,2024-08-27,3000000.00,3.747467,102.28125
11:01:24,91282CLD1,TSRYS5850288,D,S,T,2024-08-27,4000000.00,3.747467,102.28125
11:01:24,91282CLD1,TSRYS5850288,D,S,C,2024-08-27,2000000.00,3.744918,102.296875
11:01:24,91282CLD1,TSRYS5850288,D,S,D,2024-08-27,2000000.00,3.744918,102.296875
11:01:24,91282CLD1,TSRYS5850288,D,S,C,2024-08-27,1000000.00,3.744886,102.297075
11:01:24,91282CLD1,TSRYS5850288,D,S,D,2024-08-27,1000000.00,3.744918,102.296875
11:01:24,91282CLD1,TSRYS5850288,D,S,C,2024-08-27,2000000.00,3.744894,102.297025
11:01:24,91282CLD1,TSRYS5850288,D,S,D,2024-08-27,1000000.00,3.744918,102.296875
11:01:24,91282CLD1,TSRYS5850288,D,S,C,2024-08-27,1000000.00,3.744886,102.297075
11:01:24,91282CLD1,TSRYS5850288,D,S,D,2024-08-27,1000000.00,3.744918,102.296875
11:01:24,91282CLD1,TSRYS5850288,D,S,D,2024-08-27,6000000.00,3.747467,102.28125
11:01:24,91282CLD1,TSRYS5850288,D,B,C,2024-08-27,6000000.00,3.747467,102.28125
11:01:25,91282CLD1,TSRYS5850288,D,B,C,2024-08-27,1000000.00,3.748775,102.2732375
11:01:25,91282CLD1,TSRYS5850288,D,S,D,2024-08-27,1000000.00,3.748742,102.2734375
11:01:25,91282CLD1,TSRYS5850288,D,S,D,2024-08-27,1000000.00,3.747467,102.28125
11:01:25,91282CLD1,TSRYS5850288,D,B,C,2024-08-27,1000000.00,3.747467,102.28125
11:01:25,91282CLD1,TSRYS5850288,D,S,T,2024-08-27,2000000.00,3.747467,102.28125
11:01:26,91282CLD1,TSRYS5850288,D,S,D,2024-08-27,1000000.00,3.746193,102.2890625
11:01:26,91282CLD1,TSRYS5850288,D,S,D,2024-08-27,1000000.00,3.745556,102.29296875
11:01:26,91282CLD1,TSRYS5850288,D,S,T,2024-08-27,1000000.00,3.747467,102.28125
11:01:26,91282CLD1,TSRYS5850288,D,S,D,2024-08-27,2000000.00,3.747467,102.28125
11:01:27,91282CLD1,TSRYS5850288,D,B,A,2024-08-27,2000000.00,3.747467,102.28125
11:01:35,91282CLD1,TSRYS5850288,D,S,D,2024-08-27,1000000.00,3.746193,102.2890625
11:01:35,91282CLD1,TSRYS5850288,D,S,D,2024-08-27,1000000.00,3.743644,102.3046875
11:01:35,91282CLD1,TSRYS5850288,D,S,D,2024-08-27,1000000.00,3.744281,102.30078125
11:01:36,91282CLD1,TSRYS5850288,D,S,D,2024-08-27,1000000.00,3.744281,102.30078125
11:01:37,91282CLD1,TSRYS5850288,D,S,D,2024-08-27,1000000.00,3.744918,102.296875
11:01:37,91282CLD1,TSRYS5850288,D,S,D,2024-08-27,1000000.00,3.744918,102.296875
11:01:37,91282CLD1,TSRYS5850288,D,S,D,2024-08-27,1000000.00,3.744918,102.296875
11:01:37,91282CLD1,TSRYS5850288,D,S,D,2024-08-27,1000000.00,3.744918,102.296875
11:01:37,91282CLD1,TSRYS5850288,D,S,D,2024-08-27,2000000.00,3.744918,102.296875
11:01:37,91282CLD1,TSRYS5850288,D,S,C,2024-08-27,1000000.00,3.747467,102.28125
11:01:37,91282CLD1,TSRYS5850288,D,S,D,2024-08-27,2000000.00,3.747467,102.28125
11:01:37,91282CLD1,TSRYS5850288,D,S,C,2024-08-27,1000000.00,3.747467,102.28125
11:01:37,91282CLD1,TSRYS5850288,D,S,C,2024-08-27,1000000.00,3.747467,102.28125
11:01:37,91282CLD1,TSRYS5850288,D,S,D,2024-08-27,1000000.00,3.747467,102.28125
11:01:37,91282CLD1,TSRYS5850288,D,S,D,2024-08-27,1000000.00,3.748742,102.2734375
11:01:37,91282CLD1,TSRYS5850288,D,S,C,2024-08-27,1000000.00,3.748701,102.2736875
11:01:37,91282CLD1,TSRYS5850288,D,S,D,2024-08-27,1000000.00,3.748742,102.2734375
11:01:38,91282CLD1,TSRYS5850288,D,S,D,2024-08-27,1000000.00,3.748742,102.2734375
11:01:38,91282CLD1,TSRYS5850288,D,S,D,2024-08-27,1000000.00,3.748742,102.2734375
11:01:38,91282CLD1,TSRYS5850288,D,S,D,2024-08-27,4000000.00,3.747467,102.28125
11:01:38,91282CLD1,TSRYS5850288,D,S,D,2024-08-27,1000000.00,3.747467,102.28125
11:01:38,91282CLD1,TSRYS5850288,D,S,D,2024-08-27,2000000.00,3.747467,102.28125
11:01:38,91282CLD1,TSRYS5850288,D,S,D,2024-08-27,1000000.00,3.747467,102.28125
11:01:38,91282CLD1,TSRYS5850288,D,S,D,2024-08-27,2000000.00,3.747467,102.28125
11:01:38,91282CLD1,TSRYS5850288,D,B,C,2024-08-27,1000000.00,3.747467,102.28125
11:01:38,91282CLD1,TSRYS5850288,D,S,T,2024-08-27,1000000.00,3.748105,102.27734375
11:01:38,91282CLD1,TSRYS5850288,D,B,C,2024-08-27,1000000.00,3.747467,102.28125
11:01:38,91282CLD1,TSRYS5850288,D,S,D,2024-08-27,1000000.00,3.747467,102.28125
11:01:38,91282CLD1,TSRYS5850288,D,S,C,2024-08-27,1000000.00,3.747467,102.28125
11:01:38,91282CLD1,TSRYS5850288,D,S,D,2024-08-27,1000000.00,3.747467,102.28125
11:01:38,91282CLD1,TSRYS5850288,D,B,C,2024-08-27,1000000.00,3.748775,102.2732375
11:01:38,91282CLD1,TSRYS5850288,D,S,D,2024-08-27,1000000.00,3.748742,102.2734375
11:01:38,91282CLD1,TSRYS5850288,D,S,D,2024-08-27,9000.00,3.748505,102.27489218696
11:01:38,91282CLD1,TSRYS5850288,D,S,D,2024-08-27,1000000.00,3.748105,102.27734375
11:01:42,91282CLD1,TSRYS5850288,D,S,D,2024-08-27,1000000.00,3.747467,102.28125
11:01:45,91282CLD1,TSRYS5850288,D,S,D,2024-08-27,1000000.00,3.748105,102.27734375
11:01:45,91282CLD1,TSRYS5850288,D,B,C,2024-08-27,1000000.00,3.748105,102.27734375
11:01:45,91282CLD1,TSRYS5850288,D,S,D,2024-08-27,1000000.00,3.743644,102.3046875
11:01:46,91282CLD1,TSRYS5850288,D,S,D,2024-08-27,1000000.00,3.746193,102.2890625
11:01:46,91282CLD1,TSRYS5850288,D,S,D,2024-08-27,1000000.00,3.746193,102.2890625
11:01:53,91282CLD1,TSRYS5850288,D,S,D,2024-08-27,6070000.00,3.748742,102.2734375
11:01:53,91282CLD1,TSRYS5850288,D,S,C,2024-08-27,1000000.00,3.748713,102.2736125
11:01:53,91282CLD1,TSRYS5850288,D,S,C,2024-08-27,1000000.00,3.748742,102.2734375
11:02:03,91282CLD1,TSRYS5850288,D,S,D,2024-08-27,1000000.00,3.748105,102.27734375
11:02:03,91282CLD1,TSRYS5850288,D,B,C,2024-08-27,1000000.00,3.748105,102.27734375
11:02:03,91282CLD1,TSRYS5850288,D,S,T,2024-08-27,1000000.00,3.748105,102.27734375
11:02:03,91282CLD1,TSRYS5850288,D,S,D,2024-08-27,1000000.00,3.748105,102.27734375
11:02:03,91282CLD1,TSRYS5850288,D,S,T,2024-08-27,1000000.00,3.748105,102.27734375
11:02:03,91282CLD1,TSRYS5850288,D,B,C,2024-08-27,1000000.00,3.748105,102.27734375
11:02:03,91282CLD1,TSRYS5850288,D,S,D,2024-08-27,1000000.00,3.748105,102.27734375
11:02:03,91282CLD1,TSRYS5850288,D,S,D,2024-08-27,1000000.00,3.748105,102.27734375
11:02:04,91282CLD1,TSRYS5850288,D,S,D,2024-08-27,1000000.00,3.748105,102.27734375
11:02:04,91282CLD1,TSRYS5850288,D,B,C,2024-08-27,1000000.00,3.748105,102.27734375
11:02:05,91282CLD1,TSRYS5850288,D,S,D,2024-08-27,1000000.00,3.748105,102.27734375
11:02:05,91282CLD1,TSRYS5850288,D,B,C,2024-08-27,1000000.00,3.748105,102.27734375
11:02:06,91282CLD1,TSRYS5850288,D,S,D,2024-08-27,1000000.00,3.746193,102.2890625
11:02:06,91282CLD1,TSRYS5850288,D,S,D,2024-08-27,1000000.00,3.746193,102.2890625
11:02:06,91282CLD1,TSRYS5850288,D,S,D,2024-08-27,1000000.00,3.74455,102.2991365132
11:02:06,91282CLD1,TSRYS5850288,D,S,D,2024-08-27,1000000.00,3.74455,102.2991365132
11:02:06,91282CLD1,TSRYS5850288,D,S,D,2024-08-27,1000000.00,3.748105,102.27734375
11:02:06,91282CLD1,TSRYS5850288,D,B,C,2024-08-27,1000000.00,3.748105,102.27734375
11:02:08,91282CLD1,TSRYS5850288,D,S,C,2024-08-27,1000000.00,3.748742,102.2734375
11:02:09,91282CLD1,TSRYS5850288,D,S,D,2024-08-27,1000000.00,3.748742,102.2734375
11:02:09,91282CLD1,TSRYS5850288,D,S,D,2024-08-27,1000000.00,3.748742,102.2734375
11:02:09,91282CLD1,TSRYS5850288,D,S,T,2024-08-27,1000000.00,3.748105,102.27734375
11:02:09,91282CLD1,TSRYS5850288,D,S,D,2024-08-27,1000000.00,3.748105,102.27734375
11:02:10,91282CLD1,TSRYS5850288,D,S,T,2024-08-27,1000000.00,3.748105,102.27734375
11:02:10,91282CLD1,TSRYS5850288,D,B,C,2024-08-27,1000000.00,3.748105,102.27734375
11:02:11,91282CLD1,TSRYS5850288,D,S,T,2024-08-27,1000000.00,3.748105,102.27734375
11:02:11,91282CLD1,TSRYS5850288,D,S,D,2024-08-27,1000000.00,3.748105,102.27734375
11:02:11,91282CLD1,TSRYS5850288,D,S,T,2024-08-27,1000000.00,3.748105,102.27734375
11:02:13,91282CLD1,TSRYS5850288,D,S,D,2024-08-27,1000000.00,3.748105,102.27734375
11:02:13,91282CLD1,TSRYS5850288,D,B,C,2024-08-27,1000000.00,3.748121,102.27724375
11:02:14,91282CLD1,TSRYS5850288,D,S,D,2024-08-27,1000000.00,3.748105,102.27734375
11:02:14,91282CLD1,TSRYS5850288,D,S,D,2024-08-27,1000000.00,3.748105,102.27734375
11:02:14,91282CLD1,TSRYS5850288,D,S,D,2024-08-27,1000000.00,3.748105,102.27734375
11:02:14,91282CLD1,TSRYS5850288,D,B,C,2024-08-27,20000000.00,3.750654,102.26171875
11:02:21,91282CLD1,TSRYS5850288,D,S,C,2024-08-27,1000000.00,3.747443,102.2814
11:02:21,91282CLD1,TSRYS5850288,D,S,C,2024-08-27,1000000.00,3.747443,102.2814
11:02:21,91282CLD1,TSRYS5850288,D,S,C,2024-08-27,2000000.00,3.747427,102.2815
11:02:21,91282CLD1,TSRYS5850288,D,S,C,2024-08-27,1000000.00,3.747443,102.2814
11:02:26,91282CLD1,TSRYS5850288,D,S,D,2024-08-27,1000000.00,3.746193,102.2890625
11:02:26,91282CLD1,TSRYS5850288,D,S,D,2024-08-27,1000000.00,3.746193,102.2890625
11:02:34,91282CLD1,TSRYS5850288,D,S,C,2024-08-27,11000000.00,3.758404,102.21424
11:02:34,91282CLD1,TSRYS5850288,D,S,C,2024-08-27,15000000.00,3.758404,102.21424
11:02:34,91282CLD1,TSRYS5850288,D,S,C,2024-08-27,20000000.00,3.758404,102.21424
11:02:34,91282CLD1,TSRYS5850288,D,S,C,2024-08-27,7000000.00,3.758404,102.21424
11:02:34,91282CLD1,TSRYS5850288,D,S,C,2024-08-27,23000000.00,3.758404,102.21424
11:02:34,91282CLD1,TSRYS5850288,D,S,C,2024-08-27,14000000.00,3.758404,102.21424
11:02:36,91282CLD1,TSRYS5850288,D,S,D,2024-08-27,1000000.00,3.746193,102.2890625
11:02:36,91282CLD1,TSRYS5850288,D,S,D,2024-08-27,1000000.00,3.746193,102.2890625
11:02:36,91282CLD1,TSRYS5850288,D,S,C,2024-08-27,15000000.00,3.758404,102.21424
11:02:37,91282CLD1,TSRYS5850288,D,S,C,2024-08-27,2000000.00,3.748718,102.2735875
11:02:37,91282CLD1,TSRYS5850288,D,S,C,2024-08-27,2000000.00,3.748709,102.2736375
11:02:37,91282CLD1,TSRYS5850288,D,S,C,2024-08-27,1000000.00,3.748718,102.2735875
11:02:37,91282CLD1,TSRYS5850288,D,S,C,2024-08-27,1000000.00,3.748742,102.2734375
11:02:37,91282CLD1,TSRYS5850288,D,S,C,2024-08-27,1000000.00,3.748742,102.2734375
11:02:38,91282CLD1,TSRYS5850288,D,S,D,2024-08-27,1000000.00,3.747149,102.283203125
11:02:39,91282CLD1,TSRYS5850288,D,S,C,2024-08-27,1000000.00,3.747149,102.283203125
11:02:39,91282CLD1,TSRYS5850288,D,S,D,2024-08-27,4850000.00,3.74237,102.3125
11:02:46,91282CLD1,TSRYS5850288,D,S,D,2024-08-27,1000000.00,3.74683,102.28515625
11:02:46,91282CLD1,TSRYS5850288,D,S,D,2024-08-27,1000000.00,3.74683,102.28515625
11:02:46,91282CLD1,TSRYS5850288,D,S,D,2024-08-27,1000000.00,3.74683,102.28515625
11:02:46,91282CLD1,TSRYS5850288,D,S,D,2024-08-27,1000000.00,3.74683,102.28515625
11:02:48,91282CLD1,TSRYS5850288,D,S,C,2024-08-27,26000000.00,3.761274,102.19666
11:02:56,91282CLD1,TSRYS5850288,D,S,D,2024-08-27,1000000.00,3.74683,102.28515625
11:02:56,91282CLD1,TSRYS5850288,D,S,D,2024-08-27,1000000.00,3.74683,102.28515625
11:02:56,91282CLD1,TSRYS5850288,D,S,D,2024-08-27,1000000.00,3.74683,102.28515625
11:03:06,91282CLD1,TSRYS5850288,D,S,D,2024-08-27,1000000.00,3.74683,102.28515625
11:03:06,91282CLD1,TSRYS5850288,D,S,D,2024-08-27,1000000.00,3.74683,102.28515625
11:03:06,91282CLD1,TSRYS5850288,D,S,D,2024-08-27,1000000.00,3.74683,102.28515625
11:03:06,91282CLD1,TSRYS5850288,D,S,D,2024-08-27,1000000.00,3.74683,102.28515625
11:03:10,91282CLD1,TSRYS5850288,D,B,C,2024-08-27,1000000.00,3.747467,102.28125
11:03:10,91282CLD1,TSRYS5850288,D,S,D,2024-08-27,1000000.00,3.747467,102.28125
11:03:12,91282CLD1,TSRYS5850288,D,S,D,2024-08-27,4850000.00,3.74237,102.3125
11:03:12,91282CLD1,TSRYS5850288,D,S,T,2024-08-27,1000000.00,3.747467,102.28125
11:03:12,91282CLD1,TSRYS5850288,D,S,C,2024-08-27,12000000.00,3.762432,102.18957
11:03:16,91282CLD1,TSRYS5850288,D,S,D,2024-08-27,1000000.00,3.74683,102.28515625
11:03:16,91282CLD1,TSRYS5850288,D,S,D,2024-08-27,1000000.00,3.74683,102.28515625
11:03:16,91282CLD1,TSRYS5850288,D,S,D,2024-08-27,1000000.00,3.74683,102.28515625
11:03:16,91282CLD1,TSRYS5850288,D,S,D,2024-08-27,1000000.00,3.74683,102.28515625
11:03:17,91282CLD1,TSRYS5850288,D,S,T,2024-08-27,1000000.00,3.747467,102.28125
11:03:26,91282CLD1,TSRYS5850288,D,S,D,2024-08-27,1000000.00,3.74683,102.28515625
11:03:26,91282CLD1,TSRYS5850288,D,S,D,2024-08-27,1000000.00,3.74683,102.28515625
11:03:26,91282CLD1,TSRYS5850288,D,S,D,2024-08-27,1000000.00,3.74683,102.28515625
11:03:28,91282CLD1,TSRYS5850288,D,S,D,2024-08-27,2000000.00,3.747467,102.28125
11:03:39,91282CLD1,TSRYS5850288,D,S,D,2024-08-27,1000000.00,3.747467,102.28125
11:03:46,91282CLD1,TSRYS5850288,D,S,D,2024-08-27,1000000.00,3.748742,102.2734375
11:03:51,91282CLD1,TSRYS5850288,D,S,T,2024-08-27,1000000.00,3.747467,102.28125
11:03:54,91282CLD1,TSRYS5850288,D,S,D,2024-08-27,1000000.00,3.747467,102.28125
11:04:00,91282CLD1,TSRYS5850288,D,S,T,2024-08-27,2000000.00,3.746193,102.2890625
11:04:04,91282CLD1,TSRYS5850288,D,S,T,2024-08-27,1000000.00,3.745556,102.29296875
11:04:04,91282CLD1,TSRYS5850288,D,S,D,2024-08-27,2000000.00,3.745556,102.29296875
11:04:05,91282CLD1,TSRYS5850288,D,S,T,2024-08-27,1000000.00,3.746193,102.2890625
11:04:05,91282CLD1,TSRYS5850288,D,S,D,2024-08-27,1000000.00,3.746193,102.2890625
11:04:06,91282CLD1,TSRYS5850288,D,S,D,2024-08-27,1000000.00,3.745556,102.29296875
11:04:10,91282CLD1,TSRYS5850288,D,S,T,2024-08-27,1000000.00,3.746193,102.2890625
11:04:23,91282CLD1,TSRYS5850288,D,S,D,2024-08-27,1000000.00,3.747467,102.28125
11:04:24,91282CLD1,TSRYS5850288,D,S,D,2024-08-27,1000000.00,3.746193,102.2890625
11:04:24,91282CLD1,TSRYS5850288,D,S,D,2024-08-27,2000000.00,3.746193,102.2890625
11:04:24,91282CLD1,TSRYS5850288,D,S,D,2024-08-27,1000000.00,3.746193,102.2890625
11:04:24,91282CLD1,TSRYS5850288,D,B,C,2024-08-27,1000000.00,3.746193,102.2890625
11:04:24,91282CLD1,TSRYS5850288,D,S,D,2024-08-27,1000000.00,3.746193,102.2890625
11:04:24,91282CLD1,TSRYS5850288,D,B,C,2024-08-27,1000000.00,3.746234,102.2888125
11:04:30,91282CLD1,TSRYS5850288,D,S,D,2024-08-27,1000000.00,3.7446,102.298828125
11:04:30,91282CLD1,TSRYS5850288,D,S,D,2024-08-27,2000000.00,3.7446,102.298828125
11:04:31,91282CLD1,TSRYS5850288,D,S,D,2024-08-27,1000000.00,3.7446,102.298828125
11:04:31,91282CLD1,TSRYS5850288,D,S,D,2024-08-27,2000000.00,3.7446,102.298828125
11:04:32,91282CLD1,TSRYS5850288,D,S,T,2024-08-27,1000000.00,3.744918,102.296875
11:04:33,91282CLD1,TSRYS5850288,D,S,T,2024-08-27,1000000.00,3.744918,102.296875
11:04:33,91282CLD1,TSRYS5850288,D,S,T,2024-08-27,1000000.00,3.744918,102.296875
11:04:34,91282CLD1,TSRYS5850288,D,S,T,2024-08-27,4000000.00,3.744918,102.296875
11:04:34,91282CLD1,TSRYS5850288,D,S,T,2024-08-27,2000000.00,3.744918,102.296875
11:04:34,91282CLD1,TSRYS5850288,D,S,T,2024-08-27,1000000.00,3.744918,102.296875
11:04:34,91282CLD1,TSRYS5850288,D,S,T,2024-08-27,1000000.00,3.744918,102.296875
11:04:34,91282CLD1,TSRYS5850288,D,S,T,2024-08-27,4000000.00,3.744918,102.296875
11:04:35,91282CLD1,TSRYS5850288,D,S,D,2024-08-27,1000000.00,3.744918,102.296875
11:04:35,91282CLD1,TSRYS5850288,D,S,A,2024-08-27,360000.00,3.744281,102.30078125
11:04:37,91282CLD1,TSRYS5850288,D,S,D,2024-08-27,1000000.00,3.748742,102.2734375
11:04:37,91282CLD1,TSRYS5850288,D,S,T,2024-08-27,4000000.00,3.744918,102.296875
11:04:44,91282CLD1,TSRYS5850288,D,S,C,2024-08-27,13300000.00,3.744281,102.30078125
11:04:47,91282CLD1,TSRYS5850288,D,S,D,2024-08-27,1000000.00,3.748742,102.2734375
11:04:47,91282CLD1,TSRYS5850288,D,S,D,2024-08-27,1000000.00,3.748742,102.2734375
11:04:47,91282CLD1,TSRYS5850288,D,S,D,2024-08-27,1000000.00,3.748742,102.2734375
11:04:47,91282CLD1,TSRYS5850288,D,S,D,2024-08-27,1000000.00,3.748742,102.2734375
11:04:57,91282CLD1,TSRYS5850288,D,S,D,2024-08-27,1000000.00,3.748742,102.2734375
11:04:57,91282CLD1,TSRYS5850288,D,S,D,2024-08-27,1000000.00,3.748742,102.2734375
11:04:57,91282CLD1,TSRYS5850288,D,S,D,2024-08-27,1000000.00,3.748742,102.2734375
11:05:07,91282CLD1,TSRYS5850288,D,S,D,2024-08-27,1000000.00,3.748742,102.2734375
11:05:07,91282CLD1,TSRYS5850288,D,S,D,2024-08-27,1000000.00,3.748742,102.2734375
11:05:07,91282CLD1,TSRYS5850288,D,S,D,2024-08-27,1000000.00,3.748742,102.2734375
11:05:07,91282CLD1,TSRYS5850288,D,S,D,2024-08-27,1000000.00,3.748742,102.2734375
11:05:07,91282CLD1,TSRYS5850288,D,S,D,2024-08-27,1000000.00,3.748742,102.2734375
11:05:08,91282CLD1,TSRYS5850288,D,S,D,2024-08-27,1000000.00,3.746193,102.2890625
11:05:08,91282CLD1,TSRYS5850288,D,B,C,2024-08-27,1000000.00,3.746234,102.2888125
11:05:08,91282CLD1,TSRYS5850288,D,S,D,2024-08-27,4000000.00,3.744918,102.296875
11:05:08,91282CLD1,TSRYS5850288,D,S,C,2024-08-27,1000000.00,3.744918,102.296875
11:05:08,91282CLD1,TSRYS5850288,D,S,D,2024-08-27,1000000.00,3.744918,102.296875
11:05:08,91282CLD1,TSRYS5850288,D,S,D,2024-08-27,4000000.00,3.744918,102.296875
11:05:08,91282CLD1,TSRYS5850288,D,S,D,2024-08-27,1000000.00,3.744918,102.296875
11:05:08,91282CLD1,TSRYS5850288,D,B,C,2024-08-27,1000000.00,3.744918,102.296875
11:05:08,91282CLD1,TSRYS5850288,D,S,D,2024-08-27,1000000.00,3.744918,102.296875
11:05:08,91282CLD1,TSRYS5850288,D,S,C,2024-08-27,1000000.00,3.744894,102.297025
11:05:08,91282CLD1,TSRYS5850288,D,B,C,2024-08-27,1000000.00,3.744918,102.296875
11:05:08,91282CLD1,TSRYS5850288,D,S,C,2024-08-27,4000000.00,3.744894,102.297025
11:05:08,91282CLD1,TSRYS5850288,D,S,C,2024-08-27,1000000.00,3.744894,102.297025
11:05:08,91282CLD1,TSRYS5850288,D,S,D,2024-08-27,2000000.00,3.744918,102.296875
11:05:17,91282CLD1,TSRYS5850288,D,S,D,2024-08-27,1000000.00,3.748742,102.2734375
11:05:17,91282CLD1,TSRYS5850288,D,S,D,2024-08-27,1000000.00,3.748742,102.2734375
11:05:24,91282CLD1,TSRYS5850288,D,S,D,2024-08-27,1000000.00,3.745556,102.29296875
11:05:26,91282CLD1,TSRYS5850288,D,S,T,2024-08-27,1000000.00,3.745556,102.29296875
11:05:31,91282CLD1,TSRYS5850288,D,S,D,2024-08-27,2000000.00,3.745556,102.29296875
11:05:31,91282CLD1,TSRYS5850288,D,S,T,2024-08-27,1000000.00,3.746193,102.2890625
11:05:47,91282CLD1,TSRYS5850288,D,S,A,2024-08-27,16000.00,3.745938,102.290625
11:05:51,91282CLD1,TSRYS5850288,D,S,T,2024-08-27,2000000.00,3.745556,102.29296875
11:05:51,91282CLD1,TSRYS5850288,D,S,T,2024-08-27,2000000.00,3.745556,102.29296875
11:05:54,91282CLD1,TSRYS5850288,D,S,D,2024-08-27,2000000.00,3.745556,102.29296875
11:05:54,91282CLD1,TSRYS5850288,D,S,D,2024-08-27,2000000.00,3.745556,102.29296875
11:05:57,91282CLD1,TSRYS5850288,D,S,D,2024-08-27,1000000.00,3.745556,102.29296875
11:05:57,91282CLD1,TSRYS5850288,D,S,D,2024-08-27,1000000.00,3.748105,102.27734375
11:05:57,91282CLD1,TSRYS5850288,D,S,T,2024-08-27,1000000.00,3.745556,102.29296875
11:05:57,91282CLD1,TSRYS5850288,D,S,D,2024-08-27,1000000.00,3.745556,102.29296875
11:05:57,91282CLD1,TSRYS5850288,D,S,D,2024-08-27,1000000.00,3.748105,102.27734375
11:05:57,91282CLD1,TSRYS5850288,D,S,T,2024-08-27,1000000.00,3.745556,102.29296875
11:05:58,91282CLD1,TSRYS5850288,D,S,D,2024-08-27,1000000.00,3.745556,102.29296875
11:05:58,91282CLD1,TSRYS5850288,D,S,T,2024-08-27,1000000.00,3.745556,102.29296875
11:05:58,91282CLD1,TSRYS5850288,D,S,D,2024-08-27,1000000.00,3.745556,102.29296875
11:05:58,91282CLD1,TSRYS5850288,D,S,T,2024-08-27,1000000.00,3.745556,102.29296875
11:06:02,91282CLD1,TSRYS5850288,D,S,T,2024-08-27,1000000.00,3.746193,102.2890625
11:06:02,91282CLD1,TSRYS5850288,D,S,T,2024-08-27,1000000.00,3.746193,102.2890625
11:06:07,91282CLD1,TSRYS5850288,D,S,A,2024-08-27,3000000.00,3.745556,102.29296875
11:06:07,91282CLD1,TSRYS5850288,D,S,A,2024-08-27,3000000.00,3.745556,102.29296875
11:06:10,91282CLD1,TSRYS5850288,D,B,C,2024-08-27,1000000.00,3.744943,102.296725
11:06:10,91282CLD1,TSRYS5850288,D,B,C,2024-08-27,1000000.00,3.744943,102.296725
11:06:10,91282CLD1,TSRYS5850288,D,B,C,2024-08-27,1000000.00,3.744943,102.296725
11:06:10,91282CLD1,TSRYS5850288,D,B,C,2024-08-27,1000000.00,3.744943,102.296725
11:06:10,91282CLD1,TSRYS5850288,D,S,D,2024-08-27,1000000.00,3.744918,102.296875
11:06:10,91282CLD1,TSRYS5850288,D,S,D,2024-08-27,1000000.00,3.744918,102.296875
11:06:11,91282CLD1,TSRYS5850288,D,S,C,2024-08-27,1000000.00,3.745874,102.291015625
11:06:11,91282CLD1,TSRYS5850288,D,S,D,2024-08-27,1000000.00,3.746193,102.2890625
11:06:12,91282CLD1,TSRYS5850288,D,B,C,2024-08-27,1000000.00,3.745874,102.291015625
11:06:13,91282CLD1,TSRYS5850288,D,S,D,2024-08-27,1000000.00,3.745874,102.291015625
11:06:28,91282CLD1,TSRYS5850288,D,S,D,2024-08-27,1000000.00,3.748105,102.27734375
11:06:29,91282CLD1,TSRYS5850288,D,S,D,2024-08-27,2000000.00,3.744918,102.296875
11:06:34,91282CLD1,TSRYS5850288,D,B,C,2024-08-27,14400000.00,3.744918,102.296875
11:06:36,91282CLD1,TSRYS5850288,D,S,D,2024-08-27,2000000.00,3.743963,102.302734375
11:06:39,91282CLD1,TSRYS5850288,D,S,T,2024-08-27,2000000.00,3.743963,102.302734375
11:06:41,91282CLD1,TSRYS5850288,D,S,D,2024-08-27,2000000.00,3.744281,102.30078125
11:06:41,91282CLD1,TSRYS5850288,D,S,D,2024-08-27,1000000.00,3.746193,102.2890625
11:06:43,91282CLD1,TSRYS5850288,D,S,T,2024-08-27,1000000.00,3.744918,102.296875
11:06:43,91282CLD1,TSRYS5850288,D,S,D,2024-08-27,1000000.00,3.7446,102.298828125
11:06:43,91282CLD1,TSRYS5850288,D,S,D,2024-08-27,1000000.00,3.7446,102.298828125
11:06:44,91282CLD1,TSRYS5850288,D,B,C,2024-08-27,1000000.00,3.7446,102.298828125
11:06:49,91282CLD1,TSRYS5850288,D,S,T,2024-08-27,1000000.00,3.744918,102.296875
11:06:51,91282CLD1,TSRYS5850288,D,S,D,2024-08-27,1000000.00,3.7446,102.298828125
11:06:51,91282CLD1,TSRYS5850288,D,S,D,2024-08-27,1000000.00,3.7446,102.298828125
11:06:52,91282CLD1,TSRYS5850288,D,S,D,2024-08-27,6800000.00,3.744281,102.30078125
11:06:58,91282CLD1,TSRYS5850288,D,S,D,2024-08-27,136000.00,3.744918,102.296875
11:07:14,91282CLD1,TSRYS5850288,D,S,T,2024-08-27,1000000.00,3.743681,102.30446
11:07:14,91282CLD1,TSRYS5850288,D,S,T,2024-08-27,1000000.00,3.743681,102.30446
11:07:14,91282CLD1,TSRYS5850288,D,S,T,2024-08-27,1000000.00,3.743681,102.30446
11:07:16,91282CLD1,TSRYS5850288,D,B,C,2024-08-27,6800000.00,3.744281,102.30078125
11:07:16,91282CLD1,TSRYS5850288,D,S,D,2024-08-27,6800000.00,3.744281,102.30078125
11:07:24,91282CLD1,TSRYS5850288,D,S,D,2024-08-27,1000000.00,3.744918,102.296875
11:07:42,91282CLD1,TSRYS5850288,D,S,D,2024-08-27,1000000.00,3.743644,102.3046875
11:07:50,91282CLD1,TSRYS5850288,D,S,D,2024-08-27,1000000.00,3.7446,102.298828125
11:07:51,91282CLD1,TSRYS5850288,D,S,D,2024-08-27,1000000.00,3.744918,102.296875
11:07:51,91282CLD1,TSRYS5850288,D,S,D,2024-08-27,1000000.00,3.744918,102.296875
11:07:54,91282CLD1,TSRYS5850288,D,S,T,2024-08-27,1000000.00,3.744918,102.296875
11:07:54,91282CLD1,TSRYS5850288,D,S,T,2024-08-27,1000000.00,3.743681,102.30446
11:07:54,91282CLD1,TSRYS5850288,D,S,T,2024-08-27,1000000.00,3.743681,102.30446
11:07:56,91282CLD1,TSRYS5850288,D,S,D,2024-08-27,2000000.00,3.7446,102.298828125
11:07:57,91282CLD1,TSRYS5850288,D,S,D,2024-08-27,1000000.00,3.743644,102.3046875
11:07:57,91282CLD1,TSRYS5850288,D,S,C,2024-08-27,1000000.00,3.743644,102.3046875
11:07:58,91282CLD1,TSRYS5850288,D,S,D,2024-08-27,435000.00,3.744853,102.297275
11:07:58,91282CLD1,TSRYS5850288,D,S,C,2024-08-27,435000.00,3.744853,102.297275
11:08:02,91282CLD1,TSRYS5850288,D,S,T,2024-08-27,1000000.00,3.744918,102.296875
11:08:09,91282CLD1,TSRYS5850288,D,S,D,2024-08-27,1000000.00,3.744918,102.296875
11:08:09,91282CLD1,TSRYS5850288,D,S,C,2024-08-27,4500000.00,3.744918,102.296875
11:08:27,91282CLD1,TSRYS5850288,D,S,C,2024-08-27,1000000.00,3.743644,102.3046875
11:08:27,91282CLD1,TSRYS5850288,D,S,D,2024-08-27,1000000.00,3.743644,102.3046875
11:08:27,91282CLD1,TSRYS5850288,D,S,D,2024-08-27,1000000.00,3.74489,102.297052
11:08:37,91282CLD1,TSRYS5850288,D,S,T,2024-08-27,1000000.00,3.744951,102.296675
11:08:37,91282CLD1,TSRYS5850288,D,S,T,2024-08-27,2000000.00,3.744951,102.296675
11:09:02,91282CLD1,TSRYS5850288,D,S,D,2024-08-27,1470000.00,3.752566,102.25
11:09:10,91282CLD1,TSRYS5850288,D,S,D,2024-08-27,1000000.00,3.74489,102.297052
11:09:11,91282CLD1,TSRYS5850288,D,S,D,2024-08-27,2000000.00,3.744918,102.296875
11:09:11,91282CLD1,TSRYS5850288,D,S,D,2024-08-27,1000000.00,3.744918,102.296875
11:09:11,91282CLD1,TSRYS5850288,D,B,C,2024-08-27,1000000.00,3.744943,102.296725
11:09:11,91282CLD1,TSRYS5850288,D,S,D,2024-08-27,1000000.00,3.744918,102.296875
11:09:44,91282CLD1,TSRYS5850288,D,S,D,2024-08-27,848000.00,3.746193,102.2890625
11:10:11,91282CLD1,TSRYS5850288,D,S,C,2024-08-27,1000000.00,3.744894,102.297025
11:10:11,91282CLD1,TSRYS5850288,D,B,C,2024-08-27,1000000.00,3.744918,102.296875
11:10:12,91282CLD1,TSRYS5850288,D,S,T,2024-08-27,1000000.00,3.744918,102.296875
11:10:14,91282CLD1,TSRYS5850288,D,S,T,2024-08-27,1000000.00,3.743644,102.3046875
11:10:24,91282CLD1,TSRYS5850288,D,S,T,2024-08-27,1000000.00,3.74237,102.3125
11:10:24,91282CLD1,TSRYS5850288,D,S,D,2024-08-27,2000000.00,3.74237,102.3125
11:10:25,91282CLD1,TSRYS5850288,D,S,D,2024-08-27,1000000.00,3.74237,102.3125
11:10:25,91282CLD1,TSRYS5850288,D,S,D,2024-08-27,2000000.00,3.74237,102.3125
11:10:27,91282CLD1,TSRYS5850288,D,S,T,2024-08-27,1000000.00,3.74237,102.3125
11:10:27,91282CLD1,TSRYS5850288,D,S,D,2024-08-27,5000000.00,3.74237,102.3125
11:10:28,91282CLD1,TSRYS5850288,D,S,T,2024-08-27,2000000.00,3.74237,102.3125
11:10:29,91282CLD1,TSRYS5850288,D,B,C,2024-08-27,1000000.00,3.744935,102.296775
11:10:29,91282CLD1,TSRYS5850288,D,S,C,2024-08-27,1000000.00,3.744894,102.297025
11:10:37,91282CLD1,TSRYS5850288,D,S,T,2024-08-27,1000000.00,3.741096,102.3203125
11:10:44,91282CLD1,TSRYS5850288,D,S,D,2024-08-27,1000000.00,3.743644,102.3046875
11:11:09,91282CLD1,TSRYS5850288,D,B,C,2024-08-27,41000000.00,3.743072,102.30819375
11:11:09,91282CLD1,TSRYS5850288,D,S,D,2024-08-27,1000000.00,3.74237,102.3125
11:11:14,91282CLD1,TSRYS5850288,D,S,T,2024-08-27,1000000.00,3.74237,102.3125
11:11:14,91282CLD1,TSRYS5850288,D,S,T,2024-08-27,1000000.00,3.74237,102.3125
11:11:14,91282CLD1,TSRYS5850288,D,S,D,2024-08-27,2000000.00,3.74237,102.3125
11:11:14,91282CLD1,TSRYS5850288,D,S,D,2024-08-27,1000000.00,3.74237,102.3125
11:11:14,91282CLD1,TSRYS5850288,D,S,T,2024-08-27,1000000.00,3.74237,102.3125
11:11:14,91282CLD1,TSRYS5850288,D,S,C,2024-08-27,1000000.00,3.742333,102.312727
11:11:14,91282CLD1,TSRYS5850288,D,S,D,2024-08-27,1000000.00,3.741096,102.3203125
11:11:15,91282CLD1,TSRYS5850288,D,S,D,2024-08-27,1000000.00,3.744918,102.296875
11:11:28,91282CLD1,TSRYS5850288,D,S,T,2024-08-27,1000000.00,3.74237,102.3125
11:11:28,91282CLD1,TSRYS5850288,D,S,T,2024-08-27,2000000.00,3.74237,102.3125
11:11:28,91282CLD1,TSRYS5850288,D,S,T,2024-08-27,1000000.00,3.74237,102.3125
11:11:28,91282CLD1,TSRYS5850288,D,S,T,2024-08-27,1000000.00,3.742052,102.314453125
11:11:28,91282CLD1,TSRYS5850288,D,S,T,2024-08-27,1000000.00,3.742052,102.314453125
11:11:28,91282CLD1,TSRYS5850288,D,S,D,2024-08-27,2000000.00,3.741733,102.31640625
11:11:28,91282CLD1,TSRYS5850288,D,S,D,2024-08-27,1000000.00,3.742052,102.314453125
11:11:28,91282CLD1,TSRYS5850288,D,S,D,2024-08-27,2000000.00,3.741733,102.31640625
11:11:28,91282CLD1,TSRYS5850288,D,S,C,2024-08-27,1000000.00,3.742052,102.314453125
11:11:29,91282CLD1,TSRYS5850288,D,S,D,2024-08-27,1000000.00,3.74237,102.3125
11:11:29,91282CLD1,TSRYS5850288,D,B,C,2024-08-27,1000000.00,3.742403,102.3123
11:11:29,91282CLD1,TSRYS5850288,D,S,T,2024-08-27,1000000.00,3.743007,102.30859375
11:11:31,91282CLD1,TSRYS5850288,D,S,C,2024-08-27,1000000.00,3.742052,102.314453125
11:11:31,91282CLD1,TSRYS5850288,D,S,T,2024-08-27,1000000.00,3.74237,102.3125
11:11:31,91282CLD1,TSRYS5850288,D,S,C,2024-08-27,1000000.00,3.742052,102.314453125
11:11:33,91282CLD1,TSRYS5850288,D,S,D,2024-08-27,2000000.00,3.74237,102.3125
11:11:34,91282CLD1,TSRYS5850288,D,S,T,2024-08-27,2000000.00,3.74237,102.3125
11:11:34,91282CLD1,TSRYS5850288,D,S,T,2024-08-27,1000000.00,3.742689,102.310546875
11:11:37,91282CLD1,TSRYS5850288,D,S,D,2024-08-27,1000000.00,3.743007,102.30859375
11:11:38,91282CLD1,TSRYS5850288,D,S,D,2024-08-27,1000000.00,3.742689,102.310546875
11:11:40,91282CLD1,TSRYS5850288,D,S,T,2024-08-27,2000000.00,3.74237,102.3125
11:11:40,91282CLD1,TSRYS5850288,D,S,T,2024-08-27,2000000.00,3.74237,102.3125
11:11:40,91282CLD1,TSRYS5850288,D,S,D,2024-08-27,2000000.00,3.742689,102.310546875
11:11:40,91282CLD1,TSRYS5850288,D,S,T,2024-08-27,2000000.00,3.742689,102.310546875
11:11:40,91282CLD1,TSRYS5850288,D,S,T,2024-08-27,2000000.00,3.74237,102.3125
11:11:40,91282CLD1,TSRYS5850288,D,S,D,2024-08-27,2000000.00,3.74237,102.3125
11:11:40,91282CLD1,TSRYS5850288,D,B,C,2024-08-27,1000000.00,3.74237,102.3125
11:11:40,91282CLD1,TSRYS5850288,D,S,D,2024-08-27,1000000.00,3.74237,102.3125
11:11:40,91282CLD1,TSRYS5850288,D,B,C,2024-08-27,1000000.00,3.74237,102.3125
11:11:40,91282CLD1,TSRYS5850288,D,S,D,2024-08-27,1000000.00,3.74237,102.3125
11:11:40,91282CLD1,TSRYS5850288,D,S,T,2024-08-27,2000000.00,3.74237,102.3125
11:11:42,91282CLD1,TSRYS5850288,D,S,C,2024-08-27,1000000.00,3.742337,102.3127
11:11:42,91282CLD1,TSRYS5850288,D,S,D,2024-08-27,1000000.00,3.74237,102.3125
11:11:43,91282CLD1,TSRYS5850288,D,S,T,2024-08-27,1000000.00,3.74237,102.3125
11:11:43,91282CLD1,TSRYS5850288,D,S,T,2024-08-27,2000000.00,3.74237,102.3125
11:11:43,91282CLD1,TSRYS5850288,D,S,T,2024-08-27,1000000.00,3.74237,102.3125
11:11:43,91282CLD1,TSRYS5850288,D,S,D,2024-08-27,2000000.00,3.74237,102.3125
11:11:43,91282CLD1,TSRYS5850288,D,S,D,2024-08-27,1000000.00,3.74237,102.3125
11:11:44,91282CLD1,TSRYS5850288,D,S,D,2024-08-27,2000000.00,3.74237,102.3125
11:11:44,91282CLD1,TSRYS5850288,D,S,D,2024-08-27,2000000.00,3.74237,102.3125
11:11:45,91282CLD1,TSRYS5850288,D,S,T,2024-08-27,1000000.00,3.74237,102.3125
11:11:45,91282CLD1,TSRYS5850288,D,S,T,2024-08-27,1000000.00,3.74237,102.3125
11:11:45,91282CLD1,TSRYS5850288,D,S,D,2024-08-27,1000000.00,3.74237,102.3125
11:11:45,91282CLD1,TSRYS5850288,D,S,D,2024-08-27,1000000.00,3.74237,102.3125
11:11:45,91282CLD1,TSRYS5850288,D,S,T,2024-08-27,2000000.00,3.74237,102.3125
11:11:45,91282CLD1,TSRYS5850288,D,S,T,2024-08-27,1000000.00,3.74237,102.3125
11:11:45,91282CLD1,TSRYS5850288,D,S,T,2024-08-27,1000000.00,3.74237,102.3125
11:11:45,91282CLD1,TSRYS5850288,D,S,D,2024-08-27,2000000.00,3.74237,102.3125
11:11:46,91282CLD1,TSRYS5850288,D,S,D,2024-08-27,1000000.00,3.74237,102.3125
11:11:46,91282CLD1,TSRYS5850288,D,S,D,2024-08-27,1000000.00,3.74237,102.3125
11:11:46,91282CLD1,TSRYS5850288,D,S,D,2024-08-27,1000000.00,3.74237,102.3125
11:11:47,91282CLD1,TSRYS5850288,D,S,T,2024-08-27,1000000.00,3.74237,102.3125
11:11:48,91282CLD1,TSRYS5850288,D,S,D,2024-08-27,1000000.00,3.74237,102.3125
11:11:48,91282CLD1,TSRYS5850288,D,B,C,2024-08-27,1000000.00,3.74237,102.3125
11:11:48,91282CLD1,TSRYS5850288,D,S,D,2024-08-27,1000000.00,3.74237,102.3125
11:11:48,91282CLD1,TSRYS5850288,D,B,C,2024-08-27,1000000.00,3.74237,102.3125
11:11:48,91282CLD1,TSRYS5850288,D,S,D,2024-08-27,1000000.00,3.74237,102.3125
11:11:48,91282CLD1,TSRYS5850288,D,B,C,2024-08-27,1000000.00,3.74237,102.3125
11:11:48,91282CLD1,TSRYS5850288,D,S,T,2024-08-27,1000000.00,3.74237,102.3125
11:11:49,91282CLD1,TSRYS5850288,D,S,T,2024-08-27,1000000.00,3.74237,102.3125
11:11:49,91282CLD1,TSRYS5850288,D,S,T,2024-08-27,2000000.00,3.74237,102.3125
11:11:49,91282CLD1,TSRYS5850288,D,S,D,2024-08-27,1000000.00,3.745556,102.29296875
11:11:51,91282CLD1,TSRYS5850288,D,S,C,2024-08-27,99400000.00,3.8344,101.75
11:11:52,91282CLD1,TSRYS5850288,D,S,T,2024-08-27,2000000.00,3.74237,102.3125
11:11:52,91282CLD1,TSRYS5850288,D,S,T,2024-08-27,1000000.00,3.74237,102.3125
11:11:52,91282CLD1,TSRYS5850288,D,S,D,2024-08-27,2000000.00,3.74237,102.3125
11:11:52,91282CLD1,TSRYS5850288,D,S,D,2024-08-27,1000000.00,3.74237,102.3125
11:11:52,91282CLD1,TSRYS5850288,D,S,T,2024-08-27,1000000.00,3.74237,102.3125
11:11:57,91282CLD1,TSRYS5850288,D,S,C,2024-08-27,1000000.00,3.742346,102.31265
11:11:57,91282CLD1,TSRYS5850288,D,S,C,2024-08-27,1000000.00,3.742346,102.31265
11:11:57,91282CLD1,TSRYS5850288,D,S,C,2024-08-27,1000000.00,3.742346,102.31265
11:11:57,91282CLD1,TSRYS5850288,D,B,C,2024-08-27,1000000.00,3.74237,102.3125
11:11:57,91282CLD1,TSRYS5850288,D,S,C,2024-08-27,2000000.00,3.742346,102.31265
11:11:57,91282CLD1,TSRYS5850288,D,B,C,2024-08-27,1000000.00,3.74237,102.3125
11:11:57,91282CLD1,TSRYS5850288,D,S,C,2024-08-27,1000000.00,3.742346,102.31265
11:11:57,91282CLD1,TSRYS5850288,D,S,C,2024-08-27,1000000.00,3.742346,102.31265
11:11:57,91282CLD1,TSRYS5850288,D,S,C,2024-08-27,1000000.00,3.742346,102.31265
11:11:57,91282CLD1,TSRYS5850288,D,B,C,2024-08-27,1000000.00,3.742395,102.31235
11:11:57,91282CLD1,TSRYS5850288,D,S,C,2024-08-27,1000000.00,3.74237,102.3125
11:11:57,91282CLD1,TSRYS5850288,D,S,T,2024-08-27,1000000.00,3.743007,102.30859375
11:11:58,91282CLD1,TSRYS5850288,D,S,D,2024-08-27,1000000.00,3.743007,102.30859375
11:11:59,91282CLD1,TSRYS5850288,D,S,T,2024-08-27,2000000.00,3.74237,102.3125
11:12:00,91282CLD1,TSRYS5850288,D,S,D,2024-08-27,1000000.00,3.745556,102.29296875
11:12:08,91282CLD1,TSRYS5850288,D,S,T,2024-08-27,1000000.00,3.741096,102.3203125
11:12:08,91282CLD1,TSRYS5850288,D,S,T,2024-08-27,1000000.00,3.741096,102.3203125
11:12:08,91282CLD1,TSRYS5850288,D,S,T,2024-08-27,2000000.00,3.741096,102.3203125
11:12:09,91282CLD1,TSRYS5850288,D,S,T,2024-08-27,1000000.00,3.74237,102.3125
11:12:09,91282CLD1,TSRYS5850288,D,S,T,2024-08-27,1000000.00,3.741096,102.3203125
11:12:09,91282CLD1,TSRYS5850288,D,S,T,2024-08-27,1000000.00,3.741096,102.3203125
11:12:09,91282CLD1,TSRYS5850288,D,S,D,2024-08-27,1000000.00,3.741096,102.3203125
11:12:10,91282CLD1,TSRYS5850288,D,S,D,2024-08-27,1000000.00,3.744918,102.296875
11:12:10,91282CLD1,TSRYS5850288,D,S,D,2024-08-27,1000000.00,3.745556,102.29296875
11:12:12,91282CLD1,TSRYS5850288,D,S,C,2024-08-27,2000000.00,3.742346,102.31265
11:12:12,91282CLD1,TSRYS5850288,D,B,C,2024-08-27,1000000.00,3.74237,102.3125
11:12:12,91282CLD1,TSRYS5850288,D,S,C,2024-08-27,1000000.00,3.74237,102.3125
11:12:12,91282CLD1,TSRYS5850288,D,B,C,2024-08-27,1000000.00,3.742395,102.31235
11:12:12,91282CLD1,TSRYS5850288,D,S,D,2024-08-27,1000000.00,3.741415,102.318359375
11:12:12,91282CLD1,TSRYS5850288,D,S,C,2024-08-27,1000000.00,3.741382,102.318559375
11:12:12,91282CLD1,TSRYS5850288,D,S,D,2024-08-27,1000000.00,3.74237,102.3125
11:12:12,91282CLD1,TSRYS5850288,D,S,D,2024-08-27,2000000.00,3.74237,102.3125
11:12:12,91282CLD1,TSRYS5850288,D,S,D,2024-08-27,1000000.00,3.74237,102.3125
11:12:12,91282CLD1,TSRYS5850288,D,B,C,2024-08-27,1000000.00,3.74237,102.3125
11:12:12,91282CLD1,TSRYS5850288,D,S,D,2024-08-27,1000000.00,3.74237,102.3125
11:12:13,91282CLD1,TSRYS5850288,D,S,T,2024-08-27,1000000.00,3.741415,102.318359375
11:12:14,91282CLD1,TSRYS5850288,D,S,T,2024-08-27,1000000.00,3.74237,102.3125
11:12:14,91282CLD1,TSRYS5850288,D,S,T,2024-08-27,1000000.00,3.74237,102.3125
11:12:14,91282CLD1,TSRYS5850288,D,S,T,2024-08-27,1000000.00,3.741415,102.318359375
11:12:14,91282CLD1,TSRYS5850288,D,S,T,2024-08-27,2000000.00,3.74237,102.3125
11:12:19,91282CLD1,TSRYS5850288,D,S,D,2024-08-27,1000000.00,3.741415,102.318359375
11:12:24,91282CLD1,TSRYS5850288,D,S,T,2024-08-27,1000000.00,3.741415,102.318359375
11:12:29,91282CLD1,TSRYS5850288,D,S,T,2024-08-27,1000000.00,3.741096,102.3203125
11:12:29,91282CLD1,TSRYS5850288,D,S,T,2024-08-27,1000000.00,3.741096,102.3203125
11:12:30,91282CLD1,TSRYS5850288,D,S,C,2024-08-27,1000000.00,3.74108,102.3204125
11:12:30,91282CLD1,TSRYS5850288,D,S,D,2024-08-27,1000000.00,3.74237,102.3125
11:12:30,91282CLD1,TSRYS5850288,D,B,C,2024-08-27,1000000.00,3.74237,102.3125
11:12:30,91282CLD1,TSRYS5850288,D,S,D,2024-08-27,1000000.00,3.74237,102.3125
11:12:30,91282CLD1,TSRYS5850288,D,S,D,2024-08-27,1000000.00,3.74237,102.3125
11:12:30,91282CLD1,TSRYS5850288,D,S,D,2024-08-27,1000000.00,3.74237,102.3125
11:12:30,91282CLD1,TSRYS5850288,D,B,C,2024-08-27,1000000.00,3.742386,102.3124
11:12:30,91282CLD1,TSRYS5850288,D,S,D,2024-08-27,1000000.00,3.74237,102.3125
11:12:30,91282CLD1,TSRYS5850288,D,S,D,2024-08-27,2000000.00,3.74237,102.3125
11:12:30,91282CLD1,TSRYS5850288,D,S,D,2024-08-27,1000000.00,3.74237,102.3125
11:12:30,91282CLD1,TSRYS5850288,D,B,C,2024-08-27,1000000.00,3.742386,102.3124
11:12:30,91282CLD1,TSRYS5850288,D,S,D,2024-08-27,1000000.00,3.74237,102.3125
11:12:30,91282CLD1,TSRYS5850288,D,B,C,2024-08-27,1000000.00,3.74237,102.3125
11:12:30,91282CLD1,TSRYS5850288,D,S,D,2024-08-27,1000000.00,3.74237,102.3125
11:12:30,91282CLD1,TSRYS5850288,D,B,C,2024-08-27,1000000.00,3.742386,102.3124
11:12:30,91282CLD1,TSRYS5850288,D,S,D,2024-08-27,1000000.00,3.74237,102.3125
11:12:30,91282CLD1,TSRYS5850288,D,B,C,2024-08-27,1000000.00,3.74237,102.3125
11:12:30,91282CLD1,TSRYS5850288,D,S,D,2024-08-27,1000000.00,3.74237,102.3125
11:12:34,91282CLD1,TSRYS5850288,D,S,T,2024-08-27,1000000.00,3.741096,102.3203125
11:12:34,91282CLD1,TSRYS5850288,D,S,T,2024-08-27,1000000.00,3.741096,102.3203125
11:12:45,91282CLD1,TSRYS5850288,D,S,C,2024-08-27,1000000.00,3.742346,102.31265
11:13:00,91282CLD1,TSRYS5850288,D,S,C,2024-08-27,1000000.00,3.742346,102.31265
11:13:00,91282CLD1,TSRYS5850288,D,S,D,2024-08-27,1000000.00,3.741096,102.3203125
11:13:00,91282CLD1,TSRYS5850288,D,S,D,2024-08-27,1000000.00,3.741096,102.3203125
11:13:00,91282CLD1,TSRYS5850288,D,S,D,2024-08-27,1000000.00,3.741096,102.3203125
11:13:07,91282CLD1,TSRYS5850288,D,S,D,2024-08-27,1000000.00,3.741415,102.318359375
11:13:09,91282CLD1,TSRYS5850288,D,S,T,2024-08-27,1000000.00,3.741415,102.318359375
11:13:15,91282CLD1,TSRYS5850288,D,S,C,2024-08-27,1000000.00,3.742346,102.31265
11:13:15,91282CLD1,TSRYS5850288,D,S,C,2024-08-27,1000000.00,3.741063,102.3205125
11:13:15,91282CLD1,TSRYS5850288,D,S,D,2024-08-27,1000000.00,3.741096,102.3203125
11:13:15,91282CLD1,TSRYS5850288,D,S,D,2024-08-27,2000000.00,3.741096,102.3203125
11:13:15,91282CLD1,TSRYS5850288,D,B,C,2024-08-27,1000000.00,3.74112,102.3201625
11:13:15,91282CLD1,TSRYS5850288,D,S,D,2024-08-27,1000000.00,3.741096,102.3203125
11:13:15,91282CLD1,TSRYS5850288,D,B,C,2024-08-27,2000000.00,3.74112,102.3201625
11:13:15,91282CLD1,TSRYS5850288,D,S,D,2024-08-27,1000000.00,3.741096,102.3203125
11:13:15,91282CLD1,TSRYS5850288,D,B,C,2024-08-27,1000000.00,3.741137,102.3200625
11:13:15,91282CLD1,TSRYS5850288,D,B,C,2024-08-27,1000000.00,3.741096,102.3203125
11:13:15,91282CLD1,TSRYS5850288,D,S,D,2024-08-27,1000000.00,3.741096,102.3203125
11:13:15,91282CLD1,TSRYS5850288,D,B,C,2024-08-27,1000000.00,3.741096,102.3203125
11:13:15,91282CLD1,TSRYS5850288,D,S,D,2024-08-27,1000000.00,3.741096,102.3203125
11:13:15,91282CLD1,TSRYS5850288,D,S,C,2024-08-27,1000000.00,3.741096,102.3203125
11:13:21,91282CLD1,TSRYS5850288,D,S,C,2024-08-27,1000000.00,3.741415,102.31835937
11:13:28,91282CLD1,TSRYS5850288,D,S,C,2024-08-27,1000000.00,3.742346,102.31265
11:13:28,91282CLD1,TSRYS5850288,D,B,C,2024-08-27,1000000.00,3.74237,102.3125
11:13:28,91282CLD1,TSRYS5850288,D,B,C,2024-08-27,1000000.00,3.741096,102.3203125
11:13:28,91282CLD1,TSRYS5850288,D,S,D,2024-08-27,1000000.00,3.741096,102.3203125
11:13:28,91282CLD1,TSRYS5850288,D,S,D,2024-08-27,1000000.00,3.741096,102.3203125
11:13:30,91282CLD1,TSRYS5850288,D,B,C,2024-08-27,4375000.00,3.741096,102.3203125
11:13:45,91282CLD1,TSRYS5850288,D,S,D,2024-08-27,2000000.00,3.741096,102.3203125
11:13:46,91282CLD1,TSRYS5850288,D,S,D,2024-08-27,2000000.00,3.741096,102.3203125
11:13:47,91282CLD1,TSRYS5850288,D,S,D,2024-08-27,2000000.00,3.741096,102.3203125
11:13:50,91282CLD1,TSRYS5850288,D,S,T,2024-08-27,2000000.00,3.741096,102.3203125
11:13:52,91282CLD1,TSRYS5850288,D,S,D,2024-08-27,2000000.00,3.741096,102.3203125
11:13:56,91282CLD1,TSRYS5850288,D,S,T,2024-08-27,2000000.00,3.741096,102.3203125
11:13:56,91282CLD1,TSRYS5850288,D,S,T,2024-08-27,2000000.00,3.741096,102.3203125
11:13:58,91282CLD1,TSRYS5850288,D,S,D,2024-08-27,1000000.00,3.741096,102.3203125
11:13:58,91282CLD1,TSRYS5850288,D,S,D,2024-08-27,2000000.00,3.741096,102.3203125
11:13:58,91282CLD1,TSRYS5850288,D,S,D,2024-08-27,1000000.00,3.741096,102.3203125
11:13:58,91282CLD1,TSRYS5850288,D,B,C,2024-08-27,1000000.00,3.741137,102.3200625
11:13:58,91282CLD1,TSRYS5850288,D,B,C,2024-08-27,1000000.00,3.741096,102.3203125
11:13:58,91282CLD1,TSRYS5850288,D,B,C,2024-08-27,1000000.00,3.741112,102.3202125
11:13:58,91282CLD1,TSRYS5850288,D,S,C,2024-08-27,1000000.00,3.741096,102.3203125
11:13:58,91282CLD1,TSRYS5850288,D,B,C,2024-08-27,1000000.00,3.741112,102.3202125
11:13:58,91282CLD1,TSRYS5850288,D,S,D,2024-08-27,1000000.00,3.741072,102.3204625
11:13:58,91282CLD1,TSRYS5850288,D,S,C,2024-08-27,2000000.00,3.74237,102.3125
11:14:19,91282CLD1,TSRYS5850288,D,S,C,2024-08-27,1000000.00,3.741063,102.3205125
11:14:24,91282CLD1,TSRYS5850288,D,S,T,2024-08-27,1000000.00,3.741096,102.3203125
11:15:11,91282CLD1,TSRYS5850288,D,S,T,2024-08-27,9500000.00,3.8344,101.75
11:15:32,91282CLD1,TSRYS5850288,D,S,T,2024-08-27,9850000.00,3.8344,101.75
11:15:33,91282CLD1,TSRYS5850288,D,S,T,2024-08-27,54100000.00,3.8344,101.75
11:15:34,91282CLD1,TSRYS5850288,D,S,T,2024-08-27,9850000.00,3.8344,101.75
11:15:39,91282CLD1,TSRYS5850288,D,S,T,2024-08-27,9850000.00,3.8344,101.75
11:15:51,91282CLD1,TSRYS5850288,D,S,D,2024-08-27,1000000.00,3.74237,102.3125
11:15:53,91282CLD1,TSRYS5850288,D,S,T,2024-08-27,9500000.00,3.8344,101.75
11:15:53,91282CLD1,TSRYS5850288,D,S,T,2024-08-27,9500000.00,3.8344,101.75
11:16:21,91282CLD1,TSRYS5850288,D,S,D,2024-08-27,1000000.00,3.743007,102.30859375
11:16:22,91282CLD1,TSRYS5850288,D,S,D,2024-08-27,1000000.00,3.743007,102.30859375
11:16:24,91282CLD1,TSRYS5850288,D,S,C,2024-08-27,1000000.00,3.741096,102.3203125
11:16:24,91282CLD1,TSRYS5850288,D,S,T,2024-08-27,1000000.00,3.741096,102.3203125
11:16:30,91282CLD1,TSRYS5850288,D,S,T,2024-08-27,1000000.00,3.741096,102.3203125
11:16:30,91282CLD1,TSRYS5850288,D,S,T,2024-08-27,1000000.00,3.741096,102.3203125
11:16:30,91282CLD1,TSRYS5850288,D,S,T,2024-08-27,1000000.00,3.741096,102.3203125
11:16:31,91282CLD1,TSRYS5850288,D,S,T,2024-08-27,1000000.00,3.741096,102.3203125
11:16:31,91282CLD1,TSRYS5850288,D,S,T,2024-08-27,1000000.00,3.741096,102.3203125
11:16:31,91282CLD1,TSRYS5850288,D,S,T,2024-08-27,1000000.00,3.741096,102.3203125
11:16:31,91282CLD1,TSRYS5850288,D,S,D,2024-08-27,1000000.00,3.741096,102.3203125
11:16:31,91282CLD1,TSRYS5850288,D,S,C,2024-08-27,1000000.00,3.741096,102.3203125
11:16:31,91282CLD1,TSRYS5850288,D,S,D,2024-08-27,1000000.00,3.741096,102.3203125
11:16:36,91282CLD1,TSRYS5850288,D,S,T,2024-08-27,1000000.00,3.741096,102.3203125
11:16:36,91282CLD1,TSRYS5850288,D,S,T,2024-08-27,2000000.00,3.741096,102.3203125
11:16:37,91282CLD1,TSRYS5850288,D,S,T,2024-08-27,1000000.00,3.741096,102.3203125
11:16:39,91282CLD1,TSRYS5850288,D,S,D,2024-08-27,2000000.00,3.741096,102.3203125
11:16:39,91282CLD1,TSRYS5850288,D,S,D,2024-08-27,1000000.00,3.741096,102.3203125
11:16:42,91282CLD1,TSRYS5850288,D,S,T,2024-08-27,1000000.00,3.741415,102.318359375
11:16:42,91282CLD1,TSRYS5850288,D,S,D,2024-08-27,1000000.00,3.741415,102.318359375
11:16:43,91282CLD1,TSRYS5850288,D,S,C,2024-08-27,1000000.00,3.741415,102.318359375
11:16:43,91282CLD1,TSRYS5850288,D,S,C,2024-08-27,1000000.00,3.741415,102.318359375
11:16:44,91282CLD1,TSRYS5850288,D,S,C,2024-08-27,9500000.00,3.8344,101.75
11:16:47,91282CLD1,TSRYS5850288,D,S,D,2024-08-27,1000000.00,3.741733,102.31640625
11:16:47,91282CLD1,TSRYS5850288,D,B,C,2024-08-27,1000000.00,3.741733,102.31640625
11:16:48,91282CLD1,TSRYS5850288,D,S,T,2024-08-27,2000000.00,3.741096,102.3203125
11:16:48,91282CLD1,TSRYS5850288,D,S,T,2024-08-27,1000000.00,3.741096,102.3203125
11:16:48,91282CLD1,TSRYS5850288,D,S,T,2024-08-27,1000000.00,3.741096,102.3203125
11:16:48,91282CLD1,TSRYS5850288,D,S,D,2024-08-27,9850000.00,3.8344,101.75
11:16:48,91282CLD1,TSRYS5850288,D,S,C,2024-08-27,9500000.00,3.8344,101.75
11:16:48,91282CLD1,TSRYS5850288,D,S,D,2024-08-27,1000000.00,3.742052,102.314453125
11:16:48,91282CLD1,TSRYS5850288,D,S,C,2024-08-27,9500000.00,3.8344,101.75
11:16:53,91282CLD1,TSRYS5850288,D,S,T,2024-08-27,1000000.00,3.74237,102.3125
11:16:58,91282CLD1,TSRYS5850288,D,S,D,2024-08-27,1900000.00,3.743007,102.30859375
11:16:59,91282CLD1,TSRYS5850288,D,S,D,2024-08-27,1000000.00,3.741096,102.3203125
11:16:59,91282CLD1,TSRYS5850288,D,S,D,2024-08-27,1000000.00,3.741096,102.3203125
11:17:11,91282CLD1,TSRYS5850288,D,S,D,2024-08-27,9940000.00,3.8344,101.75
11:17:12,91282CLD1,TSRYS5850288,D,S,D,2024-08-27,9940000.00,3.8344,101.75
11:17:13,91282CLD1,TSRYS5850288,D,S,D,2024-08-27,9940000.00,3.8344,101.75
11:17:13,91282CLD1,TSRYS5850288,D,S,T,2024-08-27,1000000.00,3.743644,102.3046875
11:17:14,91282CLD1,TSRYS5850288,D,S,D,2024-08-27,1000000.00,3.741096,102.3203125
11:17:14,91282CLD1,TSRYS5850288,D,S,D,2024-08-27,1000000.00,3.741096,102.3203125
11:17:14,91282CLD1,TSRYS5850288,D,S,D,2024-08-27,1000000.00,3.741096,102.3203125
11:17:14,91282CLD1,TSRYS5850288,D,S,D,2024-08-27,1000000.00,3.741096,102.3203125
11:17:14,91282CLD1,TSRYS5850288,D,S,D,2024-08-27,1000000.00,3.741096,102.3203125
11:17:14,91282CLD1,TSRYS5850288,D,S,T,2024-08-27,9940000.00,3.8344,101.75
11:17:14,91282CLD1,TSRYS5850288,D,S,D,2024-08-27,1000000.00,3.741096,102.3203125
11:17:15,91282CLD1,TSRYS5850288,D,S,T,2024-08-27,9940000.00,3.8344,101.75
11:17:15,91282CLD1,TSRYS5850288,D,S,T,2024-08-27,9940000.00,3.8344,101.75
11:17:16,91282CLD1,TSRYS5850288,D,S,D,2024-08-27,9940000.00,3.8344,101.75
11:17:16,91282CLD1,TSRYS5850288,D,S,T,2024-08-27,9940000.00,3.8344,101.75
11:17:16,91282CLD1,TSRYS5850288,D,S,D,2024-08-27,9940000.00,3.8344,101.75
11:17:17,91282CLD1,TSRYS5850288,D,S,T,2024-08-27,9940000.00,3.8344,101.75
11:17:17,91282CLD1,TSRYS5850288,D,S,C,2024-08-27,4000000.00,3.744281,102.30078125
11:17:18,91282CLD1,TSRYS5850288,D,S,D,2024-08-27,9940000.00,3.8344,101.75
11:17:18,91282CLD1,TSRYS5850288,D,S,T,2024-08-27,9940000.00,3.8344,101.75
11:17:19,91282CLD1,TSRYS5850288,D,S,T,2024-08-27,1000000.00,3.743644,102.3046875
11:17:24,91282CLD1,TSRYS5850288,D,S,T,2024-08-27,2000000.00,3.744281,102.30078125
11:17:24,91282CLD1,TSRYS5850288,D,S,T,2024-08-27,2000000.00,3.744281,102.30078125
11:17:29,91282CLD1,TSRYS5850288,D,S,D,2024-08-27,1000000.00,3.741096,102.3203125
11:17:29,91282CLD1,TSRYS5850288,D,B,C,2024-08-27,1000000.00,3.741096,102.3203125
11:17:29,91282CLD1,TSRYS5850288,D,S,C,2024-08-27,1000000.00,3.742329,102.31275
11:17:29,91282CLD1,TSRYS5850288,D,B,C,2024-08-27,1000000.00,3.74237,102.3125
11:17:29,91282CLD1,TSRYS5850288,D,S,D,2024-08-27,1000000.00,3.74237,102.3125
11:17:29,91282CLD1,TSRYS5850288,D,B,C,2024-08-27,1000000.00,3.74237,102.3125
11:17:29,91282CLD1,TSRYS5850288,D,S,C,2024-08-27,1000000.00,3.742329,102.31275
11:17:38,91282CLD1,TSRYS5850288,D,B,C,2024-08-27,1000000.00,3.743963,102.302734375
11:17:38,91282CLD1,TSRYS5850288,D,S,T,2024-08-27,1000000.00,3.743644,102.3046875
11:17:38,91282CLD1,TSRYS5850288,D,S,T,2024-08-27,1000000.00,3.743644,102.3046875
11:17:38,91282CLD1,TSRYS5850288,D,S,D,2024-08-27,1000000.00,3.743963,102.302734375
11:17:38,91282CLD1,TSRYS5850288,D,S,T,2024-08-27,1000000.00,3.743644,102.3046875
11:17:47,91282CLD1,TSRYS5850288,D,S,C,2024-08-27,1000000.00,3.743644,102.3046875
11:17:47,91282CLD1,TSRYS5850288,D,S,D,2024-08-27,1000000.00,3.743644,102.3046875
11:17:57,91282CLD1,TSRYS5850288,D,S,D,2024-08-27,1000000.00,3.7446,102.298828125
11:18:03,91282CLD1,TSRYS5850288,D,S,T,2024-08-27,7000000.00,3.744918,102.296875
11:18:14,91282CLD1,TSRYS5850288,D,S,T,2024-08-27,1000000.00,3.744918,102.296875
11:18:17,91282CLD1,TSRYS5850288,D,S,T,2024-08-27,1000000.00,3.744918,102.296875
11:18:19,91282CLD1,TSRYS5850288,D,S,D,2024-08-27,1000000.00,3.745237,102.294921875
11:18:19,91282CLD1,TSRYS5850288,D,S,C,2024-08-27,1000000.00,3.745237,102.294921875
11:18:19,91282CLD1,TSRYS5850288,D,S,T,2024-08-27,1000000.00,3.744918,102.296875
11:18:28,91282CLD1,TSRYS5850288,D,B,C,2024-08-27,7100000.00,3.744918,102.296875
11:18:30,91282CLD1,TSRYS5850288,D,S,C,2024-08-27,1000000.00,3.743644,102.3046875
11:18:30,91282CLD1,TSRYS5850288,D,S,D,2024-08-27,1000000.00,3.743644,102.3046875
11:18:30,91282CLD1,TSRYS5850288,D,S,D,2024-08-27,1000000.00,3.743644,102.3046875
11:18:30,91282CLD1,TSRYS5850288,D,B,C,2024-08-27,1000000.00,3.743644,102.3046875
11:18:30,91282CLD1,TSRYS5850288,D,S,D,2024-08-27,1000000.00,3.743644,102.3046875
11:18:37,91282CLD1,TSRYS5850288,D,S,T,2024-08-27,1000000.00,3.744918,102.296875
11:18:37,91282CLD1,TSRYS5850288,D,S,T,2024-08-27,1000000.00,3.744918,102.296875
11:18:37,91282CLD1,TSRYS5850288,D,S,T,2024-08-27,1000000.00,3.744918,102.296875
11:18:37,91282CLD1,TSRYS5850288,D,S,T,2024-08-27,1000000.00,3.744918,102.296875
11:18:37,91282CLD1,TSRYS5850288,D,S,T,2024-08-27,1000000.00,3.744918,102.296875
11:18:39,91282CLD1,TSRYS5850288,D,S,T,2024-08-27,1000000.00,3.744918,102.296875
11:18:39,91282CLD1,TSRYS5850288,D,S,T,2024-08-27,1000000.00,3.744918,102.296875
11:18:39,91282CLD1,TSRYS5850288,D,S,T,2024-08-27,1000000.00,3.744918,102.296875
11:18:39,91282CLD1,TSRYS5850288,D,S,T,2024-08-27,1000000.00,3.744918,102.296875
11:18:39,91282CLD1,TSRYS5850288,D,S,T,2024-08-27,1000000.00,3.744918,102.296875
11:18:39,91282CLD1,TSRYS5850288,D,S,T,2024-08-27,1000000.00,3.744918,102.296875
11:18:39,91282CLD1,TSRYS5850288,D,S,T,2024-08-27,1000000.00,3.744918,102.296875
11:18:39,91282CLD1,TSRYS5850288,D,S,T,2024-08-27,1000000.00,3.744918,102.296875
11:18:39,91282CLD1,TSRYS5850288,D,S,T,2024-08-27,1000000.00,3.744918,102.296875
11:18:39,91282CLD1,TSRYS5850288,D,S,T,2024-08-27,1000000.00,3.744918,102.296875
11:18:41,91282CLD1,TSRYS5850288,D,S,D,2024-08-27,1000000.00,3.7446,102.298828125
11:18:41,91282CLD1,TSRYS5850288,D,S,C,2024-08-27,1000000.00,3.7446,102.298828125
11:18:42,91282CLD1,TSRYS5850288,D,S,D,2024-08-27,1000000.00,3.7446,102.298828125
11:18:42,91282CLD1,TSRYS5850288,D,S,D,2024-08-27,2000000.00,3.7446,102.298828125
11:18:42,91282CLD1,TSRYS5850288,D,S,D,2024-08-27,1000000.00,3.744918,102.296875
11:18:42,91282CLD1,TSRYS5850288,D,S,C,2024-08-27,1000000.00,3.744918,102.296875
11:18:43,91282CLD1,TSRYS5850288,D,S,D,2024-08-27,1000000.00,3.744918,102.296875
11:18:45,91282CLD1,TSRYS5850288,D,B,C,2024-08-27,1000000.00,3.743677,102.3044875
11:18:45,91282CLD1,TSRYS5850288,D,S,D,2024-08-27,1000000.00,3.743644,102.3046875
11:18:45,91282CLD1,TSRYS5850288,D,S,D,2024-08-27,7000000.00,3.744918,102.296875
11:18:45,91282CLD1,TSRYS5850288,D,S,D,2024-08-27,1000000.00,3.744918,102.296875
11:18:45,91282CLD1,TSRYS5850288,D,S,D,2024-08-27,1000000.00,3.744918,102.296875
11:18:46,91282CLD1,TSRYS5850288,D,S,D,2024-08-27,16490000.00,3.744961,102.29661489816
11:18:48,91282CLD1,TSRYS5850288,D,S,C,2024-08-27,1000000.00,3.744918,102.296875
11:18:48,91282CLD1,TSRYS5850288,D,S,T,2024-08-27,1000000.00,3.744918,102.296875
11:18:48,91282CLD1,TSRYS5850288,D,S,C,2024-08-27,1000000.00,3.744918,102.296875
11:18:49,91282CLD1,TSRYS5850288,D,S,C,2024-08-27,1000000.00,3.744918,102.296875
11:18:50,91282CLD1,TSRYS5850288,D,S,T,2024-08-27,1000000.00,3.7446,102.298828125
11:18:52,91282CLD1,TSRYS5850288,D,S,T,2024-08-27,2000000.00,3.7446,102.298828125
11:18:52,91282CLD1,TSRYS5850288,D,S,T,2024-08-27,1000000.00,3.744918,102.296875
11:18:52,91282CLD1,TSRYS5850288,D,S,T,2024-08-27,1000000.00,3.7446,102.298828125
11:18:52,91282CLD1,TSRYS5850288,D,S,T,2024-08-27,1000000.00,3.7446,102.298828125
11:18:52,91282CLD1,TSRYS5850288,D,S,T,2024-08-27,1000000.00,3.744918,102.296875
11:18:52,91282CLD1,TSRYS5850288,D,S,T,2024-08-27,1000000.00,3.744918,102.296875
11:18:52,91282CLD1,TSRYS5850288,D,S,T,2024-08-27,1000000.00,3.744918,102.296875
11:18:57,91282CLD1,TSRYS5850288,D,S,T,2024-08-27,1000000.00,3.744918,102.296875
11:18:57,91282CLD1,TSRYS5850288,D,S,T,2024-08-27,1000000.00,3.744918,102.296875
11:18:58,91282CLD1,TSRYS5850288,D,S,T,2024-08-27,1000000.00,3.744918,102.296875
11:18:58,91282CLD1,TSRYS5850288,D,S,T,2024-08-27,1000000.00,3.744918,102.296875
11:18:58,91282CLD1,TSRYS5850288,D,S,T,2024-08-27,1000000.00,3.744918,102.296875
11:19:00,91282CLD1,TSRYS5850288,D,S,C,2024-08-27,1000000.00,3.744918,102.296875
11:19:04,91282CLD1,TSRYS5850288,D,B,C,2024-08-27,1000000.00,3.7446,102.29882812
11:19:10,91282CLD1,TSRYS5850288,D,S,T,2024-08-27,1000000.00,3.7446,102.298828125
11:19:10,91282CLD1,TSRYS5850288,D,S,C,2024-08-27,1000000.00,3.7446,102.298828125
11:19:15,91282CLD1,TSRYS5850288,D,S,C,2024-08-27,1000000.00,3.744918,102.296875
11:19:15,91282CLD1,TSRYS5850288,D,S,D,2024-08-27,1000000.00,3.744918,102.296875
11:19:15,91282CLD1,TSRYS5850288,D,S,C,2024-08-27,1000000.00,3.744918,102.296875
11:19:15,91282CLD1,TSRYS5850288,D,S,D,2024-08-27,1000000.00,3.744918,102.296875
11:19:15,91282CLD1,TSRYS5850288,D,S,C,2024-08-27,1000000.00,3.744918,102.296875
11:19:30,91282CLD1,TSRYS5850288,D,S,D,2024-08-27,1000000.00,3.744918,102.296875
11:19:30,91282CLD1,TSRYS5850288,D,S,D,2024-08-27,1000000.00,3.744918,102.296875
11:19:30,91282CLD1,TSRYS5850288,D,S,D,2024-08-27,1000000.00,3.744918,102.296875
11:19:30,91282CLD1,TSRYS5850288,D,S,C,2024-08-27,1000000.00,3.744878,102.297125
11:19:30,91282CLD1,TSRYS5850288,D,S,C,2024-08-27,1000000.00,3.744918,102.296875
11:19:30,91282CLD1,TSRYS5850288,D,S,C,2024-08-27,1000000.00,3.744918,102.296875
11:19:30,91282CLD1,TSRYS5850288,D,S,C,2024-08-27,1000000.00,3.744918,102.296875
11:19:30,91282CLD1,TSRYS5850288,D,S,C,2024-08-27,1000000.00,3.744878,102.297125
11:19:30,91282CLD1,TSRYS5850288,D,S,C,2024-08-27,1000000.00,3.744918,102.296875
11:19:30,91282CLD1,TSRYS5850288,D,S,C,2024-08-27,1000000.00,3.744918,102.296875
11:19:30,91282CLD1,TSRYS5850288,D,S,C,2024-08-27,1000000.00,3.74487,102.297175
11:19:30,91282CLD1,TSRYS5850288,D,S,C,2024-08-27,1000000.00,3.744886,102.297075
11:19:41,91282CLD1,TSRYS5850288,D,S,T,2024-08-27,1000000.00,3.743644,102.3046875
11:19:41,91282CLD1,TSRYS5850288,D,S,T,2024-08-27,1000000.00,3.743644,102.3046875
11:19:41,91282CLD1,TSRYS5850288,D,S,T,2024-08-27,1000000.00,3.743644,102.3046875
11:19:41,91282CLD1,TSRYS5850288,D,S,T,2024-08-27,1000000.00,3.743644,102.3046875
11:19:41,91282CLD1,TSRYS5850288,D,S,D,2024-08-27,1000000.00,3.743644,102.3046875
11:19:42,91282CLD1,TSRYS5850288,D,S,D,2024-08-27,1000000.00,3.743644,102.3046875
11:19:42,91282CLD1,TSRYS5850288,D,B,C,2024-08-27,1000000.00,3.743644,102.3046875
11:19:42,91282CLD1,TSRYS5850288,D,S,D,2024-08-27,1000000.00,3.743644,102.3046875
11:19:42,91282CLD1,TSRYS5850288,D,S,D,2024-08-27,1000000.00,3.743644,102.3046875
11:19:45,91282CLD1,TSRYS5850288,D,S,D,2024-08-27,1000000.00,3.743644,102.3046875
11:19:46,91282CLD1,TSRYS5850288,D,S,T,2024-08-27,1000000.00,3.743644,102.3046875
11:19:46,91282CLD1,TSRYS5850288,D,S,D,2024-08-27,4036000.00,3.743847,102.30344598462
11:19:48,91282CLD1,TSRYS5850288,D,S,D,2024-08-27,1000000.00,3.744918,102.296875
11:19:48,91282CLD1,TSRYS5850288,D,S,D,2024-08-27,1000000.00,3.744918,102.296875
11:19:52,91282CLD1,TSRYS5850288,D,S,T,2024-08-27,1000000.00,3.743644,102.3046875
11:20:07,91282CLD1,TSRYS5850288,D,S,D,2024-08-27,100000.00,3.743007,102.30859375
11:20:14,91282CLD1,TSRYS5850288,D,S,D,2024-08-27,1000000.00,3.74237,102.3125
11:20:16,91282CLD1,TSRYS5850288,D,S,T,2024-08-27,1000000.00,3.74237,102.3125
11:20:16,91282CLD1,TSRYS5850288,D,S,C,2024-08-27,1000000.00,3.742337,102.3127
11:20:16,91282CLD1,TSRYS5850288,D,S,T,2024-08-27,1000000.00,3.74237,102.3125
11:20:17,91282CLD1,TSRYS5850288,D,S,C,2024-08-27,1000000.00,3.743326,102.306640625
11:20:17,91282CLD1,TSRYS5850288,D,S,C,2024-08-27,1000000.00,3.743326,102.306640625
11:20:17,91282CLD1,TSRYS5850288,D,S,D,2024-08-27,1000000.00,3.74237,102.3125
11:20:18,91282CLD1,TSRYS5850288,D,S,T,2024-08-27,1000000.00,3.74237,102.3125
11:20:18,91282CLD1,TSRYS5850288,D,S,T,2024-08-27,1000000.00,3.74237,102.3125
11:20:18,91282CLD1,TSRYS5850288,D,S,D,2024-08-27,1000000.00,3.741415,102.318359375
11:20:19,91282CLD1,TSRYS5850288,D,S,T,2024-08-27,1000000.00,3.74237,102.3125
11:20:19,91282CLD1,TSRYS5850288,D,S,T,2024-08-27,1000000.00,3.74237,102.3125
11:20:19,91282CLD1,TSRYS5850288,D,S,T,2024-08-27,1000000.00,3.74237,102.3125
11:20:19,91282CLD1,TSRYS5850288,D,S,T,2024-08-27,1000000.00,3.74237,102.3125
11:20:21,91282CLD1,TSRYS5850288,D,S,T,2024-08-27,1000000.00,3.74237,102.3125
11:20:21,91282CLD1,TSRYS5850288,D,S,T,2024-08-27,1000000.00,3.74237,102.3125
11:20:22,91282CLD1,TSRYS5850288,D,S,C,2024-08-27,1000000.00,3.74237,102.3125
11:20:23,91282CLD1,TSRYS5850288,D,S,C,2024-08-27,1000000.00,3.741415,102.318359375
11:20:23,91282CLD1,TSRYS5850288,D,S,T,2024-08-27,1000000.00,3.741096,102.3203125
11:20:23,91282CLD1,TSRYS5850288,D,S,D,2024-08-27,1000000.00,3.741096,102.3203125
11:20:23,91282CLD1,TSRYS5850288,D,S,T,2024-08-27,1000000.00,3.741096,102.3203125
11:20:23,91282CLD1,TSRYS5850288,D,S,T,2024-08-27,1000000.00,3.741096,102.3203125
11:20:24,91282CLD1,TSRYS5850288,D,S,D,2024-08-27,1000000.00,3.741096,102.3203125
11:20:24,91282CLD1,TSRYS5850288,D,S,D,2024-08-27,1000000.00,3.741096,102.3203125
11:20:24,91282CLD1,TSRYS5850288,D,S,D,2024-08-27,1000000.00,3.741096,102.3203125
11:20:25,91282CLD1,TSRYS5850288,D,S,D,2024-08-27,1000000.00,3.741096,102.3203125
11:20:25,91282CLD1,TSRYS5850288,D,S,T,2024-08-27,1000000.00,3.741096,102.3203125
11:20:25,91282CLD1,TSRYS5850288,D,S,T,2024-08-27,1000000.00,3.741096,102.3203125
11:20:25,91282CLD1,TSRYS5850288,D,S,D,2024-08-27,1000000.00,3.741096,102.3203125
11:20:25,91282CLD1,TSRYS5850288,D,S,D,2024-08-27,1000000.00,3.741096,102.3203125
11:20:25,91282CLD1,TSRYS5850288,D,S,C,2024-08-27,1000000.00,3.741096,102.3203125
11:20:26,91282CLD1,TSRYS5850288,D,S,T,2024-08-27,1000000.00,3.741096,102.3203125
11:20:27,91282CLD1,TSRYS5850288,D,S,D,2024-08-27,1000000.00,3.741096,102.3203125
11:20:27,91282CLD1,TSRYS5850288,D,S,D,2024-08-27,1000000.00,3.741096,102.3203125
11:20:27,91282CLD1,TSRYS5850288,D,S,D,2024-08-27,1000000.00,3.741096,102.3203125
11:20:28,91282CLD1,TSRYS5850288,D,S,T,2024-08-27,1000000.00,3.741096,102.3203125
11:20:28,91282CLD1,TSRYS5850288,D,S,T,2024-08-27,1000000.00,3.741096,102.3203125
11:20:28,91282CLD1,TSRYS5850288,D,S,T,2024-08-27,1000000.00,3.741096,102.3203125
11:20:28,91282CLD1,TSRYS5850288,D,S,T,2024-08-27,1000000.00,3.740778,102.322265625
11:20:28,91282CLD1,TSRYS5850288,D,S,T,2024-08-27,1000000.00,3.741096,102.3203125
11:20:29,91282CLD1,TSRYS5850288,D,S,T,2024-08-27,1000000.00,3.741096,102.3203125
11:20:29,91282CLD1,TSRYS5850288,D,S,T,2024-08-27,1000000.00,3.741096,102.3203125
11:20:29,91282CLD1,TSRYS5850288,D,S,T,2024-08-27,1000000.00,3.740778,102.322265625
11:20:29,91282CLD1,TSRYS5850288,D,S,C,2024-08-27,1000000.00,3.741096,102.3203125
11:20:29,91282CLD1,TSRYS5850288,D,S,T,2024-08-27,1000000.00,3.741096,102.3203125
11:20:30,91282CLD1,TSRYS5850288,D,S,D,2024-08-27,1000000.00,3.741096,102.3203125
11:20:31,91282CLD1,TSRYS5850288,D,S,D,2024-08-27,1000000.00,3.740778,102.322265625
11:20:31,91282CLD1,TSRYS5850288,D,S,D,2024-08-27,1000000.00,3.740778,102.322265625
11:20:32,91282CLD1,TSRYS5850288,D,S,D,2024-08-27,1000000.00,3.743644,102.3046875
11:20:32,91282CLD1,TSRYS5850288,D,S,D,2024-08-27,1000000.00,3.743644,102.3046875
11:20:32,91282CLD1,TSRYS5850288,D,B,C,2024-08-27,1000000.00,3.743644,102.3046875
11:20:32,91282CLD1,TSRYS5850288,D,S,C,2024-08-27,1000000.00,3.743595,102.3049875
11:20:32,91282CLD1,TSRYS5850288,D,B,C,2024-08-27,1000000.00,3.743644,102.3046875
11:20:32,91282CLD1,TSRYS5850288,D,S,C,2024-08-27,1000000.00,3.743595,102.3049875
11:20:33,91282CLD1,TSRYS5850288,D,S,T,2024-08-27,1000000.00,3.741096,102.3203125
11:20:35,91282CLD1,TSRYS5850288,D,S,D,2024-08-27,1000000.00,3.741096,102.3203125
11:20:36,91282CLD1,TSRYS5850288,D,S,C,2024-08-27,1000000.00,3.741096,102.3203125
11:20:36,91282CLD1,TSRYS5850288,D,S,D,2024-08-27,1000000.00,3.741096,102.3203125
11:20:38,91282CLD1,TSRYS5850288,D,S,T,2024-08-27,1000000.00,3.741096,102.3203125
11:20:38,91282CLD1,TSRYS5850288,D,S,T,2024-08-27,11000000.00,3.741096,102.3203125
11:20:38,91282CLD1,TSRYS5850288,D,S,T,2024-08-27,1000000.00,3.741096,102.3203125
11:20:39,91282CLD1,TSRYS5850288,D,S,T,2024-08-27,1000000.00,3.741096,102.3203125
11:20:39,91282CLD1,TSRYS5850288,D,S,T,2024-08-27,1000000.00,3.741096,102.3203125
11:20:39,91282CLD1,TSRYS5850288,D,S,T,2024-08-27,1000000.00,3.741096,102.3203125
11:20:46,91282CLD1,TSRYS5850288,D,S,T,2024-08-27,1000000.00,3.743326,102.30664062
11:20:47,91282CLD1,TSRYS5850288,D,S,T,2024-08-27,1000000.00,3.743326,102.30664062
11:20:49,91282CLD1,TSRYS5850288,D,S,D,2024-08-27,1000000.00,3.742689,102.31054687
11:20:52,91282CLD1,TSRYS5850288,D,S,D,2024-08-27,1000000.00,3.741096,102.3203125
11:20:58,91282CLD1,TSRYS5850288,D,S,T,2024-08-27,1000000.00,3.739822,102.328125
11:20:58,91282CLD1,TSRYS5850288,D,S,T,2024-08-27,1000000.00,3.738548,102.3359375
11:20:58,91282CLD1,TSRYS5850288,D,S,D,2024-08-27,1000000.00,3.740141,102.326171875
11:20:58,91282CLD1,TSRYS5850288,D,S,D,2024-08-27,1000000.00,3.740141,102.326171875
11:20:58,91282CLD1,TSRYS5850288,D,S,C,2024-08-27,2000000.00,3.739169,102.33213125
11:20:58,91282CLD1,TSRYS5850288,D,S,T,2024-08-27,1000000.00,3.737275,102.34375
11:20:58,91282CLD1,TSRYS5850288,D,S,T,2024-08-27,1000000.00,3.737275,102.34375
11:20:59,91282CLD1,TSRYS5850288,D,S,C,2024-08-27,1000000.00,3.739822,102.328125
11:20:59,91282CLD1,TSRYS5850288,D,S,C,2024-08-27,1000000.00,3.739822,102.328125
11:20:59,91282CLD1,TSRYS5850288,D,S,C,2024-08-27,1000000.00,3.740141,102.326171875
11:21:00,91282CLD1,TSRYS5850288,D,S,C,2024-08-27,1000000.00,3.740141,102.326171875
11:21:00,91282CLD1,TSRYS5850288,D,S,T,2024-08-27,1000000.00,3.737275,102.34375
11:21:00,91282CLD1,TSRYS5850288,D,S,T,2024-08-27,1000000.00,3.737275,102.34375
11:21:01,91282CLD1,TSRYS5850288,D,S,C,2024-08-27,1000000.00,3.739822,102.328125
11:21:01,91282CLD1,TSRYS5850288,D,S,C,2024-08-27,1000000.00,3.739822,102.328125
11:21:02,91282CLD1,TSRYS5850288,D,S,T,2024-08-27,1000000.00,3.738548,102.3359375
11:21:02,91282CLD1,TSRYS5850288,D,B,C,2024-08-27,1000000.00,3.743669,102.3045375
11:21:02,91282CLD1,TSRYS5850288,D,S,D,2024-08-27,1000000.00,3.743644,102.3046875
11:21:02,91282CLD1,TSRYS5850288,D,S,C,2024-08-27,1000000.00,3.74237,102.3125
11:21:02,91282CLD1,TSRYS5850288,D,S,D,2024-08-27,1000000.00,3.74237,102.3125
11:21:02,91282CLD1,TSRYS5850288,D,S,C,2024-08-27,1000000.00,3.74237,102.3125
11:21:02,91282CLD1,TSRYS5850288,D,S,C,2024-08-27,1000000.00,3.742337,102.3127
11:21:02,91282CLD1,TSRYS5850288,D,S,D,2024-08-27,1000000.00,3.74237,102.3125
11:21:02,91282CLD1,TSRYS5850288,D,S,D,2024-08-27,1000000.00,3.74237,102.3125
11:21:02,91282CLD1,TSRYS5850288,D,S,T,2024-08-27,1000000.00,3.737593,102.341796875
11:21:02,91282CLD1,TSRYS5850288,D,S,T,2024-08-27,1000000.00,3.737911,102.33984375
11:21:02,91282CLD1,TSRYS5850288,D,S,T,2024-08-27,2000000.00,3.739185,102.33203125
11:21:03,91282CLD1,TSRYS5850288,D,B,C,2024-08-27,1000000.00,3.737275,102.34375
11:21:03,91282CLD1,TSRYS5850288,D,B,C,2024-08-27,1000000.00,3.739822,102.328125
11:21:03,91282CLD1,TSRYS5850288,D,S,D,2024-08-27,1000000.00,3.739822,102.328125
11:21:03,91282CLD1,TSRYS5850288,D,S,C,2024-08-27,1000000.00,3.737275,102.34375
11:21:03,91282CLD1,TSRYS5850288,D,S,C,2024-08-27,1000000.00,3.737593,102.341796875
11:21:03,91282CLD1,TSRYS5850288,D,B,C,2024-08-27,1000000.00,3.738548,102.3359375
11:21:03,91282CLD1,TSRYS5850288,D,S,D,2024-08-27,1000000.00,3.738548,102.3359375
11:21:03,91282CLD1,TSRYS5850288,D,S,D,2024-08-27,1000000.00,3.737911,102.33984375
11:21:03,91282CLD1,TSRYS5850288,D,S,C,2024-08-27,91000000.00,3.739822,102.328125
11:21:03,91282CLD1,TSRYS5850288,D,S,C,2024-08-27,2000000.00,3.739822,102.328125
11:21:03,91282CLD1,TSRYS5850288,D,S,C,2024-08-27,2000000.00,3.739822,102.328125
11:21:04,91282CLD1,TSRYS5850288,D,S,T,2024-08-27,1000000.00,3.738548,102.3359375
11:21:04,91282CLD1,TSRYS5850288,D,S,T,2024-08-27,1000000.00,3.738548,102.3359375
11:21:04,91282CLD1,TSRYS5850288,D,S,C,2024-08-27,3000000.00,3.740459,102.32421875
11:21:04,91282CLD1,TSRYS5850288,D,S,C,2024-08-27,1000000.00,3.739822,102.328125
11:21:04,91282CLD1,TSRYS5850288,D,S,D,2024-08-27,1000000.00,3.739822,102.328125
11:21:05,91282CLD1,TSRYS5850288,D,S,T,2024-08-27,1000000.00,3.737275,102.34375
11:21:05,91282CLD1,TSRYS5850288,D,B,C,2024-08-27,1000000.00,3.737275,102.34375
11:21:05,91282CLD1,TSRYS5850288,D,S,C,2024-08-27,1000000.00,3.737275,102.34375
11:21:07,91282CLD1,TSRYS5850288,D,S,C,2024-08-27,1000000.00,3.737275,102.34375
11:21:07,91282CLD1,TSRYS5850288,D,S,C,2024-08-27,91000000.00,3.735299,102.35586875
11:21:07,91282CLD1,TSRYS5850288,D,S,D,2024-08-27,1000000.00,3.736956,102.345703125
11:21:07,91282CLD1,TSRYS5850288,D,S,C,2024-08-27,1000000.00,3.736956,102.345703125
11:21:08,91282CLD1,TSRYS5850288,D,S,D,2024-08-27,1000000.00,3.741096,102.3203125
11:21:08,91282CLD1,TSRYS5850288,D,S,T,2024-08-27,1000000.00,3.741096,102.3203125
11:21:08,91282CLD1,TSRYS5850288,D,S,D,2024-08-27,1000000.00,3.741096,102.3203125
11:21:09,91282CLD1,TSRYS5850288,D,S,D,2024-08-27,10000000.00,3.739822,102.328125
11:21:09,91282CLD1,TSRYS5850288,D,S,D,2024-08-27,3000000.00,,102.32421875
11:21:14,91282CLD1,TSRYS5850288,D,S,D,2024-08-27,1000000.00,3.736956,102.345703125
11:21:16,91282CLD1,TSRYS5850288,D,S,D,2024-08-27,1000000.00,3.736956,102.345703125
11:21:17,91282CLD1,TSRYS5850288,D,S,C,2024-08-27,1000000.00,3.741096,102.3203125
11:21:17,91282CLD1,TSRYS5850288,D,S,D,2024-08-27,1000000.00,3.741096,102.3203125
11:21:17,91282CLD1,TSRYS5850288,D,S,D,2024-08-27,1000000.00,3.741072,102.3204625
11:21:17,91282CLD1,TSRYS5850288,D,S,D,2024-08-27,1000000.00,3.741096,102.3203125
11:21:17,91282CLD1,TSRYS5850288,D,S,C,2024-08-27,1000000.00,3.741063,102.3205125
11:21:17,91282CLD1,TSRYS5850288,D,S,D,2024-08-27,1000000.00,3.741096,102.3203125
11:21:17,91282CLD1,TSRYS5850288,D,S,T,2024-08-27,1000000.00,3.737275,102.34375
11:21:17,91282CLD1,TSRYS5850288,D,S,D,2024-08-27,1000000.00,3.741096,102.3203125
11:21:17,91282CLD1,TSRYS5850288,D,S,D,2024-08-27,1000000.00,3.737275,102.34375
11:21:17,91282CLD1,TSRYS5850288,D,S,C,2024-08-27,1000000.00,3.741096,102.3203125
11:21:17,91282CLD1,TSRYS5850288,D,S,D,2024-08-27,11000000.00,3.741096,102.3203125
11:21:17,91282CLD1,TSRYS5850288,D,S,D,2024-08-27,1000000.00,3.741096,102.3203125
11:21:17,91282CLD1,TSRYS5850288,D,S,T,2024-08-27,1000000.00,3.737275,102.34375
11:21:17,91282CLD1,TSRYS5850288,D,S,T,2024-08-27,1000000.00,3.737275,102.34375
11:21:17,91282CLD1,TSRYS5850288,D,S,T,2024-08-27,1000000.00,3.737275,102.34375
11:21:17,91282CLD1,TSRYS5850288,D,S,T,2024-08-27,1000000.00,3.737275,102.34375
11:21:17,91282CLD1,TSRYS5850288,D,S,T,2024-08-27,1000000.00,3.737275,102.34375
11:21:17,91282CLD1,TSRYS5850288,D,S,T,2024-08-27,1000000.00,3.737275,102.34375
11:21:17,91282CLD1,TSRYS5850288,D,S,T,2024-08-27,1000000.00,3.737275,102.34375
11:21:17,91282CLD1,TSRYS5850288,D,S,T,2024-08-27,1000000.00,3.737275,102.34375
11:21:17,91282CLD1,TSRYS5850288,D,S,T,2024-08-27,3000000.00,3.737275,102.34375
11:21:17,91282CLD1,TSRYS5850288,D,S,T,2024-08-27,1000000.00,3.737593,102.341796875
11:21:17,91282CLD1,TSRYS5850288,D,S,T,2024-08-27,1000000.00,3.737593,102.341796875
11:21:18,91282CLD1,TSRYS5850288,D,S,C,2024-08-27,1000000.00,3.737593,102.341796875
11:21:18,91282CLD1,TSRYS5850288,D,S,C,2024-08-27,1000000.00,3.737593,102.341796875
11:21:22,91282CLD1,TSRYS5850288,D,S,D,2024-08-27,1000000.00,3.737275,102.34375
11:21:33,91282CLD1,TSRYS5850288,D,S,D,2024-08-27,1000000.00,3.741415,102.31835937
11:21:36,91282CLD1,TSRYS5850288,D,S,D,2024-08-27,1000000.00,3.738548,102.3359375
11:21:36,91282CLD1,TSRYS5850288,D,B,C,2024-08-27,2000000.00,3.738589,102.3356875
11:21:36,91282CLD1,TSRYS5850288,D,S,D,2024-08-27,2000000.00,3.738548,102.3359375
11:21:36,91282CLD1,TSRYS5850288,D,S,D,2024-08-27,1000000.00,3.738548,102.3359375
11:21:41,91282CLD1,TSRYS5850288,D,S,D,2024-08-27,1000000.00,3.740141,102.32617187
11:21:45,91282CLD1,TSRYS5850288,D,S,T,2024-08-27,1000000.00,3.737275,102.34375
11:21:45,91282CLD1,TSRYS5850288,D,S,T,2024-08-27,1000000.00,3.737275,102.34375
11:21:45,91282CLD1,TSRYS5850288,D,S,T,2024-08-27,1000000.00,3.737275,102.34375
11:21:46,91282CLD1,TSRYS5850288,D,S,T,2024-08-27,1000000.00,3.737275,102.34375
11:21:48,91282CLD1,TSRYS5850288,D,B,C,2024-08-27,2000000.00,3.738573,102.3357875
11:21:48,91282CLD1,TSRYS5850288,D,S,D,2024-08-27,2000000.00,3.738548,102.3359375
11:21:48,91282CLD1,TSRYS5850288,D,B,C,2024-08-27,2000000.00,3.738581,102.3357375
11:21:48,91282CLD1,TSRYS5850288,D,S,D,2024-08-27,2000000.00,3.738548,102.3359375
11:21:48,91282CLD1,TSRYS5850288,D,S,D,2024-08-27,1000000.00,3.737275,102.34375
11:21:48,91282CLD1,TSRYS5850288,D,B,C,2024-08-27,1000000.00,3.737307,102.34355
11:21:48,91282CLD1,TSRYS5850288,D,S,D,2024-08-27,1000000.00,3.738548,102.3359375
11:21:48,91282CLD1,TSRYS5850288,D,S,C,2024-08-27,1000000.00,3.737246,102.343925
11:21:48,91282CLD1,TSRYS5850288,D,S,C,2024-08-27,1000000.00,3.739822,102.328125
11:21:48,91282CLD1,TSRYS5850288,D,B,C,2024-08-27,1000000.00,3.739822,102.328125
11:21:48,91282CLD1,TSRYS5850288,D,S,C,2024-08-27,1000000.00,3.739822,102.328125
11:21:48,91282CLD1,TSRYS5850288,D,B,C,2024-08-27,1000000.00,3.739863,102.327875
11:21:48,91282CLD1,TSRYS5850288,D,S,C,2024-08-27,1000000.00,3.739822,102.328125
11:21:48,91282CLD1,TSRYS5850288,D,B,C,2024-08-27,1000000.00,3.739822,102.328125
11:21:49,91282CLD1,TSRYS5850288,D,S,C,2024-08-27,1000000.00,3.739822,102.328125
11:21:49,91282CLD1,TSRYS5850288,D,B,C,2024-08-27,1000000.00,3.739822,102.328125
11:21:49,91282CLD1,TSRYS5850288,D,S,D,2024-08-27,1000000.00,3.737275,102.34375
11:21:49,91282CLD1,TSRYS5850288,D,S,C,2024-08-27,1000000.00,3.739822,102.328125
11:21:49,91282CLD1,TSRYS5850288,D,B,C,2024-08-27,1000000.00,3.737315,102.3435
11:21:49,91282CLD1,TSRYS5850288,D,S,C,2024-08-27,1000000.00,3.739822,102.328125
11:21:49,91282CLD1,TSRYS5850288,D,B,C,2024-08-27,1000000.00,3.739822,102.328125
11:21:49,91282CLD1,TSRYS5850288,D,B,C,2024-08-27,1000000.00,3.738565,102.3358375
11:21:49,91282CLD1,TSRYS5850288,D,S,D,2024-08-27,1000000.00,3.739822,102.328125
11:21:49,91282CLD1,TSRYS5850288,D,B,C,2024-08-27,1000000.00,3.738589,102.3356875
11:21:49,91282CLD1,TSRYS5850288,D,B,C,2024-08-27,1000000.00,3.739863,102.327875
11:21:49,91282CLD1,TSRYS5850288,D,B,C,2024-08-27,1000000.00,3.738573,102.3357875
11:21:49,91282CLD1,TSRYS5850288,D,S,C,2024-08-27,1000000.00,3.737275,102.34375
11:21:49,91282CLD1,TSRYS5850288,D,S,C,2024-08-27,1000000.00,3.737275,102.34375
11:21:49,91282CLD1,TSRYS5850288,D,S,C,2024-08-27,1000000.00,3.737275,102.34375
11:21:49,91282CLD1,TSRYS5850288,D,S,C,2024-08-27,1000000.00,3.737275,102.34375
11:21:49,91282CLD1,TSRYS5850288,D,S,C,2024-08-27,1000000.00,3.736956,102.345703125
11:21:49,91282CLD1,TSRYS5850288,D,B,C,2024-08-27,1000000.00,3.736956,102.345703125
11:21:50,91282CLD1,TSRYS5850288,D,S,D,2024-08-27,1000000.00,3.736956,102.345703125
11:21:51,91282CLD1,TSRYS5850288,D,S,T,2024-08-27,1000000.00,3.737275,102.34375
11:22:04,91282CLD1,TSRYS5850288,D,S,D,2024-08-27,1000000.00,3.738548,102.3359375
11:22:04,91282CLD1,TSRYS5850288,D,S,C,2024-08-27,1000000.00,3.737258,102.34385
11:22:04,91282CLD1,TSRYS5850288,D,S,D,2024-08-27,1000000.00,3.73725,102.3439
11:22:04,91282CLD1,TSRYS5850288,D,S,C,2024-08-27,1000000.00,3.737234,102.344
11:22:04,91282CLD1,TSRYS5850288,D,S,C,2024-08-27,1000000.00,3.737234,102.344
11:22:04,91282CLD1,TSRYS5850288,D,S,D,2024-08-27,1000000.00,3.737275,102.34375
11:22:04,91282CLD1,TSRYS5850288,D,S,D,2024-08-27,3000000.00,3.737275,102.34375
11:22:05,91282CLD1,TSRYS5850288,D,S,D,2024-08-27,2250000.00,3.736494,102.34765625
11:22:08,91282CLD1,TSRYS5850288,D,S,D,2024-08-27,1000000.00,3.740141,102.32617187
11:22:09,91282CLD1,TSRYS5850288,D,B,C,2024-08-27,2250000.00,3.736494,102.34765625
11:22:19,91282CLD1,TSRYS5850288,D,B,C,2024-08-27,1000000.00,3.738565,102.3358375
11:22:19,91282CLD1,TSRYS5850288,D,S,C,2024-08-27,1000000.00,3.738548,102.3359375
11:22:19,91282CLD1,TSRYS5850288,D,S,C,2024-08-27,1000000.00,3.738516,102.3361375
11:22:20,91282CLD1,TSRYS5850288,D,S,C,2024-08-27,1000000.00,3.737275,102.34375
11:22:20,91282CLD1,TSRYS5850288,D,S,C,2024-08-27,1000000.00,3.737275,102.34375
11:22:20,91282CLD1,TSRYS5850288,D,S,D,2024-08-27,1000000.00,3.737275,102.34375
11:22:20,91282CLD1,TSRYS5850288,D,S,D,2024-08-27,1000000.00,3.737275,102.34375
11:22:20,91282CLD1,TSRYS5850288,D,S,D,2024-08-27,1000000.00,3.737275,102.34375
11:22:20,91282CLD1,TSRYS5850288,D,S,D,2024-08-27,1000000.00,3.737275,102.34375
11:22:23,91282CLD1,TSRYS5850288,D,B,C,2024-08-27,1000000.00,3.736956,102.34570312
11:22:34,91282CLD1,TSRYS5850288,D,S,T,2024-08-27,1000000.00,3.737275,102.34375
11:22:34,91282CLD1,TSRYS5850288,D,S,C,2024-08-27,1000000.00,3.738548,102.3359375
11:22:35,91282CLD1,TSRYS5850288,D,B,C,2024-08-27,1000000.00,3.737275,102.34375
11:22:35,91282CLD1,TSRYS5850288,D,S,C,2024-08-27,1000000.00,3.737275,102.34375
11:22:35,91282CLD1,TSRYS5850288,D,S,D,2024-08-27,1000000.00,3.737275,102.34375
11:22:35,91282CLD1,TSRYS5850288,D,B,C,2024-08-27,1000000.00,3.737299,102.3436
11:22:35,91282CLD1,TSRYS5850288,D,S,D,2024-08-27,1000000.00,3.737275,102.34375
11:22:39,91282CLD1,TSRYS5850288,D,B,C,2024-08-27,1000000.00,3.736638,102.34765625
11:22:39,91282CLD1,TSRYS5850288,D,B,C,2024-08-27,1000000.00,3.736638,102.34765625
11:22:47,91282CLD1,TSRYS5850288,D,S,D,2024-08-27,1000000.00,3.738548,102.3359375
11:22:48,91282CLD1,TSRYS5850288,D,B,C,2024-08-27,1000000.00,3.737275,102.34375
11:22:48,91282CLD1,TSRYS5850288,D,S,D,2024-08-27,1000000.00,3.737275,102.34375
11:22:50,91282CLD1,TSRYS5850288,D,B,C,2024-08-27,1000000.00,3.737275,102.34375
11:22:50,91282CLD1,TSRYS5850288,D,B,C,2024-08-27,1000000.00,3.737275,102.34375
11:22:51,91282CLD1,TSRYS5850288,D,S,T,2024-08-27,1000000.00,3.736001,102.3515625
11:22:55,91282CLD1,TSRYS5850288,D,S,D,2024-08-27,1000000.00,3.737275,102.34375
11:22:57,91282CLD1,TSRYS5850288,D,S,D,2024-08-27,3000000.00,3.739822,102.328125
11:22:59,91282CLD1,TSRYS5850288,D,S,D,2024-08-27,3000000.00,3.735364,102.35546875
11:23:03,91282CLD1,TSRYS5850288,D,B,C,2024-08-27,1000000.00,3.737291,102.34365
11:23:03,91282CLD1,TSRYS5850288,D,S,C,2024-08-27,1000000.00,3.737275,102.34375
11:23:03,91282CLD1,TSRYS5850288,D,S,D,2024-08-27,1000000.00,3.737275,102.34375
11:23:13,91282CLD1,TSRYS5850288,D,S,C,2024-08-27,1000000.00,3.736924,102.345903125
11:23:14,91282CLD1,TSRYS5850288,D,S,D,2024-08-27,1000000.00,3.737275,102.34375
11:23:14,91282CLD1,TSRYS5850288,D,S,T,2024-08-27,1000000.00,3.736972,102.345603125
11:23:14,91282CLD1,TSRYS5850288,D,S,D,2024-08-27,1000000.00,3.737275,102.34375
11:23:14,91282CLD1,TSRYS5850288,D,S,D,2024-08-27,1000000.00,3.737275,102.34375
11:23:14,91282CLD1,TSRYS5850288,D,S,T,2024-08-27,1000000.00,3.737291,102.34365
11:23:14,91282CLD1,TSRYS5850288,D,S,T,2024-08-27,2000000.00,3.737291,102.34365
11:23:14,91282CLD1,TSRYS5850288,D,S,T,2024-08-27,1000000.00,3.737291,102.34365
11:23:14,91282CLD1,TSRYS5850288,D,S,T,2024-08-27,2000000.00,3.737291,102.34365
11:23:14,91282CLD1,TSRYS5850288,D,S,T,2024-08-27,1000000.00,3.737291,102.34365
11:23:14,91282CLD1,TSRYS5850288,D,S,T,2024-08-27,1000000.00,3.737291,102.34365
11:23:14,91282CLD1,TSRYS5850288,D,S,T,2024-08-27,1000000.00,3.737291,102.34365
11:23:14,91282CLD1,TSRYS5850288,D,S,D,2024-08-27,1000000.00,3.737275,102.34375
11:23:15,91282CLD1,TSRYS5850288,D,S,D,2024-08-27,1000000.00,3.737275,102.34375
11:23:15,91282CLD1,TSRYS5850288,D,S,D,2024-08-27,1000000.00,3.737275,102.34375
11:23:15,91282CLD1,TSRYS5850288,D,S,C,2024-08-27,1000000.00,3.737242,102.34395
11:23:15,91282CLD1,TSRYS5850288,D,S,D,2024-08-27,1000000.00,3.737275,102.34375
11:23:15,91282CLD1,TSRYS5850288,D,S,D,2024-08-27,1000000.00,3.737275,102.34375
11:23:24,91282CLD1,TSRYS5850288,D,S,D,2024-08-27,1000000.00,3.737275,102.34375
11:23:24,91282CLD1,TSRYS5850288,D,S,T,2024-08-27,1000000.00,3.737275,102.34375
11:23:35,91282CLD1,TSRYS5850288,D,S,D,2024-08-27,1000000.00,3.736001,102.3515625
11:23:39,91282CLD1,TSRYS5850288,D,B,C,2024-08-27,1000000.00,3.737275,102.34375
11:23:39,91282CLD1,TSRYS5850288,D,B,C,2024-08-27,1000000.00,3.737275,102.34375
11:24:00,91282CLD1,TSRYS5850288,D,S,C,2024-08-27,6000000.00,3.736906,102.34601
11:24:07,91282CLD1,TSRYS5850288,D,S,T,2024-08-27,1000000.00,3.737275,102.34375
11:24:09,91282CLD1,TSRYS5850288,D,S,T,2024-08-27,1000000.00,3.737275,102.34375
11:24:13,91282CLD1,TSRYS5850288,D,S,D,2024-08-27,1000000.00,3.736956,102.34570312
11:24:13,91282CLD1,TSRYS5850288,D,S,T,2024-08-27,1000000.00,3.736956,102.34570312
11:24:13,91282CLD1,TSRYS5850288,D,S,C,2024-08-27,985000.00,3.737275,102.34375
11:24:14,91282CLD1,TSRYS5850288,D,S,T,2024-08-27,1000000.00,3.738548,102.3359375
11:24:15,91282CLD1,TSRYS5850288,D,S,D,2024-08-27,1000000.00,3.736956,102.34570312
11:24:15,91282CLD1,TSRYS5850288,D,B,C,2024-08-27,1000000.00,3.736638,102.34765625
11:24:23,91282CLD1,TSRYS5850288,D,S,T,2024-08-27,1000000.00,3.738548,102.3359375
11:24:23,91282CLD1,TSRYS5850288,D,S,D,2024-08-27,1000000.00,3.738548,102.3359375
11:24:32,91282CLD1,TSRYS5850288,D,S,D,2024-08-27,11500000.00,3.74237,102.3125
11:24:35,91282CLD1,TSRYS5850288,D,S,D,2024-08-27,1000000.00,3.737275,102.34375
11:24:35,91282CLD1,TSRYS5850288,D,S,D,2024-08-27,1000000.00,3.737275,102.34375
11:24:45,91282CLD1,TSRYS5850288,D,S,T,2024-08-27,1000000.00,3.738548,102.3359375
11:24:47,91282CLD1,TSRYS5850288,D,S,D,2024-08-27,15000000.00,3.740682,102.32285
11:24:50,91282CLD1,TSRYS5850288,D,S,D,2024-08-27,1000000.00,3.738548,102.3359375
11:25:01,91282CLD1,TSRYS5850288,D,S,D,2024-08-27,7000000.00,3.738938,102.33355
11:25:05,91282CLD1,TSRYS5850288,D,S,D,2024-08-27,1000000.00,3.738548,102.3359375
11:25:09,91282CLD1,TSRYS5850288,D,S,D,2024-08-27,1000000.00,3.737593,102.341796875
11:25:09,91282CLD1,TSRYS5850288,D,S,D,2024-08-27,1000000.00,3.737593,102.341796875
11:25:11,91282CLD1,TSRYS5850288,D,S,D,2024-08-27,2000000.00,3.737911,102.33984375
11:25:11,91282CLD1,TSRYS5850288,D,B,C,2024-08-27,2000000.00,3.737944,102.33964375
11:25:21,91282CLD1,TSRYS5850288,D,B,C,2024-08-27,1000000.00,3.737275,102.34375
11:25:21,91282CLD1,TSRYS5850288,D,S,D,2024-08-27,1000000.00,3.737275,102.34375
11:25:22,91282CLD1,TSRYS5850288,D,S,D,2024-08-27,1000000.00,3.73823,102.337890625
11:25:22,91282CLD1,TSRYS5850288,D,S,T,2024-08-27,1000000.00,3.738548,102.3359375
11:25:22,91282CLD1,TSRYS5850288,D,B,C,2024-08-27,1000000.00,3.73823,102.337890625
11:25:22,91282CLD1,TSRYS5850288,D,S,T,2024-08-27,1000000.00,3.739822,102.328125
11:25:22,91282CLD1,TSRYS5850288,D,S,T,2024-08-27,1000000.00,3.739822,102.328125
11:25:22,91282CLD1,TSRYS5850288,D,S,T,2024-08-27,1000000.00,3.739822,102.328125
11:25:24,91282CLD1,TSRYS5850288,D,S,T,2024-08-27,1000000.00,3.739822,102.328125
11:25:24,91282CLD1,TSRYS5850288,D,S,T,2024-08-27,1000000.00,3.739822,102.328125
11:25:24,91282CLD1,TSRYS5850288,D,S,T,2024-08-27,1000000.00,3.739822,102.328125
11:25:24,91282CLD1,TSRYS5850288,D,S,T,2024-08-27,1000000.00,3.739822,102.328125
11:25:24,91282CLD1,TSRYS5850288,D,S,T,2024-08-27,1000000.00,3.739822,102.328125
11:25:25,91282CLD1,TSRYS5850288,D,S,T,2024-08-27,1000000.00,3.738548,102.3359375
11:25:26,91282CLD1,TSRYS5850288,D,S,D,2024-08-27,1000000.00,3.739822,102.328125
11:25:26,91282CLD1,TSRYS5850288,D,B,C,2024-08-27,1000000.00,3.739822,102.328125
11:25:27,91282CLD1,TSRYS5850288,D,B,C,2024-08-27,1000000.00,3.739504,102.330078125
11:25:27,91282CLD1,TSRYS5850288,D,S,D,2024-08-27,1000000.00,3.739504,102.330078125
11:25:27,91282CLD1,TSRYS5850288,D,B,C,2024-08-27,1000000.00,3.739822,102.328125
11:25:27,91282CLD1,TSRYS5850288,D,S,D,2024-08-27,1000000.00,3.739822,102.328125
11:25:29,91282CLD1,TSRYS5850288,D,S,D,2024-08-27,1000000.00,3.739822,102.328125
11:25:31,91282CLD1,TSRYS5850288,D,S,C,2024-08-27,1000000.00,3.740426,102.32441875
11:25:32,91282CLD1,TSRYS5850288,D,S,T,2024-08-27,1000000.00,3.740459,102.32421875
11:25:39,91282CLD1,TSRYS5850288,D,S,T,2024-08-27,1000000.00,3.739822,102.328125
11:25:39,91282CLD1,TSRYS5850288,D,S,D,2024-08-27,1000000.00,3.739822,102.328125
11:25:44,91282CLD1,TSRYS5850288,D,S,D,2024-08-27,1000000.00,3.739822,102.328125
11:25:45,91282CLD1,TSRYS5850288,D,S,D,2024-08-27,1000000.00,3.739822,102.328125
11:25:46,91282CLD1,TSRYS5850288,D,S,T,2024-08-27,1000000.00,3.739822,102.328125
11:25:46,91282CLD1,TSRYS5850288,D,S,T,2024-08-27,1000000.00,3.739822,102.328125
11:25:48,91282CLD1,TSRYS5850288,D,S,T,2024-08-27,1000000.00,3.739185,102.33203125
11:25:48,91282CLD1,TSRYS5850288,D,S,T,2024-08-27,1000000.00,3.739185,102.33203125
11:25:49,91282CLD1,TSRYS5850288,D,S,D,2024-08-27,2000000.00,3.739165,102.33215625
11:25:49,91282CLD1,TSRYS5850288,D,S,T,2024-08-27,1000000.00,3.739185,102.33203125
11:25:49,91282CLD1,TSRYS5850288,D,S,D,2024-08-27,1000000.00,3.739165,102.33215625
11:25:49,91282CLD1,TSRYS5850288,D,S,D,2024-08-27,1000000.00,3.739165,102.33215625
11:25:50,91282CLD1,TSRYS5850288,D,S,T,2024-08-27,3000000.00,3.739185,102.33203125
11:25:50,91282CLD1,TSRYS5850288,D,B,C,2024-08-27,1000000.00,3.738548,102.3359375
11:25:50,91282CLD1,TSRYS5850288,D,S,D,2024-08-27,1000000.00,3.738548,102.3359375
11:25:50,91282CLD1,TSRYS5850288,D,S,D,2024-08-27,1000000.00,3.738548,102.3359375
11:25:50,91282CLD1,TSRYS5850288,D,S,D,2024-08-27,2000000.00,3.739165,102.33215625
11:25:50,91282CLD1,TSRYS5850288,D,S,T,2024-08-27,2000000.00,3.739185,102.33203125
11:25:53,91282CLD1,TSRYS5850288,D,S,D,2024-08-27,1000000.00,3.739185,102.33203125
11:25:55,91282CLD1,TSRYS5850288,D,S,T,2024-08-27,1000000.00,3.739822,102.328125
11:25:55,91282CLD1,TSRYS5850288,D,S,D,2024-08-27,3000000.00,3.739185,102.33203125
11:25:56,91282CLD1,TSRYS5850288,D,S,T,2024-08-27,2000000.00,3.739185,102.33203125
11:26:01,91282CLD1,TSRYS5850288,D,S,D,2024-08-27,1000000.00,3.739185,102.33203125
11:26:01,91282CLD1,TSRYS5850288,D,S,C,2024-08-27,1000000.00,3.739185,102.33203125
11:26:02,91282CLD1,TSRYS5850288,D,S,T,2024-08-27,1000000.00,3.739822,102.328125
11:26:18,91282CLD1,TSRYS5850288,D,S,C,2024-08-27,1000000.00,3.738499,102.3362375
11:26:18,91282CLD1,TSRYS5850288,D,B,C,2024-08-27,1000000.00,3.739838,102.328025
11:26:18,91282CLD1,TSRYS5850288,D,S,C,2024-08-27,1000000.00,3.739822,102.328125
11:26:19,91282CLD1,TSRYS5850288,D,S,D,2024-08-27,1000000.00,3.739822,102.328125
11:26:26,91282CLD1,TSRYS5850288,D,B,C,2024-08-27,40000000.00,3.739185,102.33203125
11:26:36,91282CLD1,TSRYS5850288,D,S,C,2024-08-27,1000000.00,3.739822,102.328125
11:26:36,91282CLD1,TSRYS5850288,D,S,C,2024-08-27,4000000.00,3.739822,102.328125
11:26:36,91282CLD1,TSRYS5850288,D,S,C,2024-08-27,1000000.00,3.739781,102.328375
11:26:36,91282CLD1,TSRYS5850288,D,S,C,2024-08-27,1000000.00,3.739822,102.328125
11:26:36,91282CLD1,TSRYS5850288,D,B,C,2024-08-27,1000000.00,3.739822,102.328125
11:26:36,91282CLD1,TSRYS5850288,D,B,C,2024-08-27,1000000.00,3.739847,102.327975
11:26:36,91282CLD1,TSRYS5850288,D,S,C,2024-08-27,1000000.00,3.739781,102.328375
11:26:36,91282CLD1,TSRYS5850288,D,B,C,2024-08-27,1000000.00,3.739847,102.327975
11:26:37,91282CLD1,TSRYS5850288,D,S,D,2024-08-27,1000000.00,3.739822,102.328125
11:26:38,91282CLD1,TSRYS5850288,D,B,C,2024-08-27,9500000.00,3.739185,102.33203125
11:26:39,91282CLD1,TSRYS5850288,D,S,T,2024-08-27,1000000.00,3.739822,102.328125
11:26:51,91282CLD1,TSRYS5850288,D,B,C,2024-08-27,4000000.00,3.739822,102.328125
11:26:51,91282CLD1,TSRYS5850288,D,S,C,2024-08-27,1000000.00,3.739822,102.328125
11:26:51,91282CLD1,TSRYS5850288,D,B,C,2024-08-27,1000000.00,3.739822,102.328125
11:26:51,91282CLD1,TSRYS5850288,D,S,C,2024-08-27,1000000.00,3.739822,102.328125
11:26:51,91282CLD1,TSRYS5850288,D,S,C,2024-08-27,1000000.00,3.739798,102.328275
11:26:51,91282CLD1,TSRYS5850288,D,B,C,2024-08-27,1000000.00,3.739822,102.328125
11:26:51,91282CLD1,TSRYS5850288,D,B,C,2024-08-27,1000000.00,3.739822,102.328125
11:26:51,91282CLD1,TSRYS5850288,D,S,D,2024-08-27,1000000.00,3.739822,102.328125
11:26:51,91282CLD1,TSRYS5850288,D,S,C,2024-08-27,1000000.00,3.739798,102.328275
11:26:51,91282CLD1,TSRYS5850288,D,S,C,2024-08-27,1000000.00,3.739794,102.3283
11:26:51,91282CLD1,TSRYS5850288,D,S,C,2024-08-27,1000000.00,3.739798,102.328275
11:26:51,91282CLD1,TSRYS5850288,D,S,C,2024-08-27,1000000.00,3.739781,102.328375
11:26:51,91282CLD1,TSRYS5850288,D,S,C,2024-08-27,1000000.00,3.739798,102.328275
11:26:51,91282CLD1,TSRYS5850288,D,S,C,2024-08-27,1000000.00,3.739798,102.328275
11:26:51,91282CLD1,TSRYS5850288,D,B,C,2024-08-27,1000000.00,3.739822,102.328125
11:26:51,91282CLD1,TSRYS5850288,D,S,C,2024-08-27,1000000.00,3.739781,102.328375
11:26:51,91282CLD1,TSRYS5850288,D,B,C,2024-08-27,1000000.00,3.739822,102.328125
11:27:03,91282CLD1,TSRYS5850288,D,S,T,2024-08-27,1000000.00,3.739822,102.328125
11:27:22,91282CLD1,TSRYS5850288,D,B,C,2024-08-27,1000000.00,3.739822,102.328125
11:27:22,91282CLD1,TSRYS5850288,D,S,D,2024-08-27,1000000.00,3.739822,102.328125
11:27:22,91282CLD1,TSRYS5850288,D,B,C,2024-08-27,2000000.00,3.739847,102.327975
11:27:22,91282CLD1,TSRYS5850288,D,S,D,2024-08-27,2000000.00,3.739822,102.328125
11:27:22,91282CLD1,TSRYS5850288,D,B,C,2024-08-27,1000000.00,3.739822,102.328125
11:27:22,91282CLD1,TSRYS5850288,D,S,D,2024-08-27,1000000.00,3.739822,102.328125
11:27:36,91282CLD1,TSRYS5850288,D,S,D,2024-08-27,1000000.00,3.739822,102.328125
11:27:37,91282CLD1,TSRYS5850288,D,B,C,2024-08-27,3000000.00,3.739847,102.327975
11:27:37,91282CLD1,TSRYS5850288,D,S,D,2024-08-27,3000000.00,3.739822,102.328125
11:27:48,91282CLD1,TSRYS5850288,D,S,D,2024-08-27,1000000.00,3.739185,102.33203125
11:27:48,91282CLD1,TSRYS5850288,D,B,C,2024-08-27,1000000.00,3.739185,102.33203125
11:27:51,91282CLD1,TSRYS5850288,D,S,D,2024-08-27,1000000.00,3.739798,102.328275
11:28:04,91282CLD1,TSRYS5850288,D,B,C,2024-08-27,49000000.00,3.739185,102.33203125
11:28:09,91282CLD1,TSRYS5850288,D,S,D,2024-08-27,1000000.00,3.739822,102.328125
11:28:09,91282CLD1,TSRYS5850288,D,B,C,2024-08-27,1000000.00,3.739822,102.328125
11:28:09,91282CLD1,TSRYS5850288,D,S,D,2024-08-27,1000000.00,3.739822,102.328125
11:28:09,91282CLD1,TSRYS5850288,D,B,C,2024-08-27,1000000.00,3.739822,102.328125
11:28:30,91282CLD1,TSRYS5850288,D,S,D,2024-08-27,100000.00,3.739185,102.332031
11:29:15,91282CLD1,TSRYS5850288,D,S,T,2024-08-27,1000000.00,3.741096,102.3203125
11:29:25,91282CLD1,TSRYS5850288,D,S,T,2024-08-27,1000000.00,3.741096,102.3203125
11:29:25,91282CLD1,TSRYS5850288,D,S,T,2024-08-27,1000000.00,3.741096,102.3203125
11:29:25,91282CLD1,TSRYS5850288,D,S,T,2024-08-27,1000000.00,3.741096,102.3203125
11:29:25,91282CLD1,TSRYS5850288,D,S,T,2024-08-27,1000000.00,3.741096,102.3203125
11:29:25,91282CLD1,TSRYS5850288,D,S,D,2024-08-27,1000000.00,3.741076,102.3204375
11:29:27,91282CLD1,TSRYS5850288,D,S,D,2024-08-27,3000000.00,3.741076,102.3204375
11:29:27,91282CLD1,TSRYS5850288,D,B,C,2024-08-27,3000000.00,3.741096,102.3203125
11:29:30,91282CLD1,TSRYS5850288,D,S,D,2024-08-27,1000000.00,3.741096,102.3203125
11:29:30,91282CLD1,TSRYS5850288,D,S,D,2024-08-27,2000000.00,3.741733,102.31640625
11:29:31,91282CLD1,TSRYS5850288,D,S,D,2024-08-27,1000000.00,3.741096,102.3203125
11:29:31,91282CLD1,TSRYS5850288,D,B,C,2024-08-27,1000000.00,3.741096,102.3203125
11:29:50,91282CLD1,TSRYS5850288,D,S,T,2024-08-27,1000000.00,3.741096,102.3203125
11:29:50,91282CLD1,TSRYS5850288,D,S,T,2024-08-27,1000000.00,3.741113,102.3202105
11:29:50,91282CLD1,TSRYS5850288,D,S,T,2024-08-27,1000000.00,3.741113,102.3202105
11:29:51,91282CLD1,TSRYS5850288,D,S,D,2024-08-27,1000000.00,3.741096,102.3203125
11:29:51,91282CLD1,TSRYS5850288,D,S,D,2024-08-27,1000000.00,3.741096,102.3203125
11:29:51,91282CLD1,TSRYS5850288,D,B,C,2024-08-27,1000000.00,3.741096,102.3203125
11:29:51,91282CLD1,TSRYS5850288,D,S,D,2024-08-27,1000000.00,3.741059,102.3205395
11:29:51,91282CLD1,TSRYS5850288,D,B,C,2024-08-27,1000000.00,3.741129,102.3201125
11:29:51,91282CLD1,TSRYS5850288,D,S,D,2024-08-27,1000000.00,3.741059,102.3205395
11:29:51,91282CLD1,TSRYS5850288,D,S,D,2024-08-27,1000000.00,3.741059,102.3205395
11:29:51,91282CLD1,TSRYS5850288,D,S,C,2024-08-27,1000000.00,3.740459,102.32421875
11:29:51,91282CLD1,TSRYS5850288,D,S,C,2024-08-27,1000000.00,3.740459,102.32421875
11:29:51,91282CLD1,TSRYS5850288,D,S,C,2024-08-27,1000000.00,3.740459,102.32421875
11:29:59,91282CLD1,TSRYS5850288,D,S,D,2024-08-27,1000000.00,3.740778,102.322265625
11:29:59,91282CLD1,TSRYS5850288,D,S,C,2024-08-27,1000000.00,3.740778,102.322265625
11:30:01,91282CLD1,TSRYS5850288,D,S,T,2024-08-27,1000000.00,3.741096,102.3203125
11:30:02,91282CLD1,TSRYS5850288,D,S,T,2024-08-27,1000000.00,3.741096,102.3203125
11:30:03,91282CLD1,TSRYS5850288,D,S,D,2024-08-27,11500000.00,3.74237,102.3125
11:30:04,91282CLD1,TSRYS5850288,D,S,D,2024-08-27,1000000.00,3.741096,102.3203125
11:30:04,91282CLD1,TSRYS5850288,D,S,D,2024-08-27,1000000.00,3.741096,102.3203125
11:30:06,91282CLD1,TSRYS5850288,D,S,D,2024-08-27,1000000.00,3.741059,102.3205395
11:30:08,91282CLD1,TSRYS5850288,D,S,T,2024-08-27,1000000.00,3.739822,102.328125
11:30:08,91282CLD1,TSRYS5850288,D,S,T,2024-08-27,1000000.00,3.739822,102.328125
11:30:36,91282CLD1,TSRYS5850288,D,B,C,2024-08-27,1000000.00,3.741096,102.3203125
11:30:36,91282CLD1,TSRYS5850288,D,S,D,2024-08-27,1000000.00,3.741096,102.3203125
11:30:36,91282CLD1,TSRYS5850288,D,B,C,2024-08-27,1000000.00,3.74112,102.3201625
11:30:36,91282CLD1,TSRYS5850288,D,S,D,2024-08-27,1000000.00,3.741096,102.3203125
11:30:54,91282CLD1,TSRYS5850288,D,S,C,2024-08-27,1000000.00,3.741047,102.3206125
11:30:54,91282CLD1,TSRYS5850288,D,S,C,2024-08-27,1000000.00,3.741096,102.3203125
11:30:54,91282CLD1,TSRYS5850288,D,S,D,2024-08-27,1000000.00,3.739822,102.328125
11:30:54,91282CLD1,TSRYS5850288,D,S,D,2024-08-27,1000000.00,3.739822,102.328125
11:31:00,91282CLD1,TSRYS5850288,D,S,C,2024-08-27,54100000.00,3.8344,101.75
11:31:00,91282CLD1,TSRYS5850288,D,S,D,2024-08-27,9850000.00,3.8344,101.75
11:31:16,91282CLD1,TSRYS5850288,D,S,C,2024-08-27,9850000.00,3.8344,101.75
11:31:17,91282CLD1,TSRYS5850288,D,S,T,2024-08-27,1000000.00,3.74237,102.3125
11:31:17,91282CLD1,TSRYS5850288,D,S,T,2024-08-27,1000000.00,3.74237,102.3125
11:31:17,91282CLD1,TSRYS5850288,D,S,T,2024-08-27,1000000.00,3.743007,102.30859375
11:31:18,91282CLD1,TSRYS5850288,D,S,D,2024-08-27,1000000.00,3.743007,102.30859375
11:31:24,91282CLD1,TSRYS5850288,D,B,C,2024-08-27,1000000.00,3.741096,102.3203125
11:31:24,91282CLD1,TSRYS5850288,D,S,D,2024-08-27,1000000.00,3.741096,102.3203125
11:31:29,91282CLD1,TSRYS5850288,D,S,D,2024-08-27,1000000.00,3.742689,102.310546875
11:31:34,91282CLD1,TSRYS5850288,D,S,T,2024-08-27,1000000.00,3.742689,102.310546875
11:31:38,91282CLD1,TSRYS5850288,D,S,D,2024-08-27,1000000.00,3.742689,102.310546875
11:31:38,91282CLD1,TSRYS5850288,D,S,T,2024-08-27,1000000.00,3.74237,102.3125
11:31:44,91282CLD1,TSRYS5850288,D,S,T,2024-08-27,2000000.00,3.74237,102.3125
11:31:44,91282CLD1,TSRYS5850288,D,S,T,2024-08-27,1000000.00,3.742689,102.310546875
11:31:54,91282CLD1,TSRYS5850288,D,S,T,2024-08-27,1000000.00,3.74237,102.3125
11:31:54,91282CLD1,TSRYS5850288,D,S,T,2024-08-27,1000000.00,3.74237,102.3125
11:31:54,91282CLD1,TSRYS5850288,D,S,C,2024-08-27,1000000.00,3.74237,102.3125
11:31:54,91282CLD1,TSRYS5850288,D,S,C,2024-08-27,1000000.00,3.74237,102.3125
11:32:02,91282CLD1,TSRYS5850288,D,S,D,2024-08-27,1000000.00,3.74237,102.3125
11:32:02,91282CLD1,TSRYS5850288,D,S,T,2024-08-27,1000000.00,3.74237,102.3125
11:32:02,91282CLD1,TSRYS5850288,D,S,T,2024-08-27,1000000.00,3.743644,102.3046875
11:32:02,91282CLD1,TSRYS5850288,D,S,T,2024-08-27,1000000.00,3.743644,102.3046875
11:32:03,91282CLD1,TSRYS5850288,D,S,T,2024-08-27,1000000.00,3.743644,102.3046875
11:32:03,91282CLD1,TSRYS5850288,D,S,T,2024-08-27,1000000.00,3.743644,102.3046875
11:32:03,91282CLD1,TSRYS5850288,D,S,T,2024-08-27,1000000.00,3.743644,102.3046875
11:32:04,91282CLD1,TSRYS5850288,D,S,C,2024-08-27,46291000.00,3.74237,102.3125
11:32:07,91282CLD1,TSRYS5850288,D,S,C,2024-08-27,1000000.00,3.743644,102.3046875
11:32:07,91282CLD1,TSRYS5850288,D,S,C,2024-08-27,1000000.00,3.743644,102.3046875
11:32:07,91282CLD1,TSRYS5850288,D,S,D,2024-08-27,1000000.00,3.743644,102.3046875
11:32:07,91282CLD1,TSRYS5850288,D,S,D,2024-08-27,1000000.00,3.743644,102.3046875
11:32:07,91282CLD1,TSRYS5850288,D,S,D,2024-08-27,1000000.00,3.743644,102.3046875
11:32:09,91282CLD1,TSRYS5850288,D,S,C,2024-08-27,1000000.00,3.74237,102.3125
11:32:09,91282CLD1,TSRYS5850288,D,S,C,2024-08-27,2000000.00,3.74237,102.3125
11:32:11,91282CLD1,TSRYS5850288,D,S,T,2024-08-27,1000000.00,3.743007,102.30859375
11:32:11,91282CLD1,TSRYS5850288,D,S,D,2024-08-27,1000000.00,3.743007,102.30859375
11:32:18,91282CLD1,TSRYS5850288,D,S,T,2024-08-27,1000000.00,3.743007,102.30859375
11:32:18,91282CLD1,TSRYS5850288,D,S,D,2024-08-27,1000000.00,3.743007,102.30859375
11:32:18,91282CLD1,TSRYS5850288,D,S,T,2024-08-27,1000000.00,3.743007,102.30859375
11:32:18,91282CLD1,TSRYS5850288,D,S,D,2024-08-27,1000000.00,3.743007,102.30859375
11:32:18,91282CLD1,TSRYS5850288,D,S,D,2024-08-27,1000000.00,3.743007,102.30859375
11:32:19,91282CLD1,TSRYS5850288,D,S,T,2024-08-27,1000000.00,3.743007,102.30859375
11:32:19,91282CLD1,TSRYS5850288,D,S,T,2024-08-27,1000000.00,3.743007,102.30859375
11:32:19,91282CLD1,TSRYS5850288,D,S,D,2024-08-27,1000000.00,3.743007,102.30859375
11:32:20,91282CLD1,TSRYS5850288,D,S,D,2024-08-27,1000000.00,3.743007,102.30859375
11:32:20,91282CLD1,TSRYS5850288,D,S,T,2024-08-27,1000000.00,3.743007,102.30859375
11:32:21,91282CLD1,TSRYS5850288,D,S,C,2024-08-27,1000000.00,3.74237,102.3125
11:32:21,91282CLD1,TSRYS5850288,D,S,D,2024-08-27,1000000.00,3.74237,102.3125
11:32:21,91282CLD1,TSRYS5850288,D,S,T,2024-08-27,1000000.00,3.743007,102.30859375
11:32:21,91282CLD1,TSRYS5850288,D,S,D,2024-08-27,1000000.00,3.743007,102.30859375
11:32:21,91282CLD1,TSRYS5850288,D,S,T,2024-08-27,1000000.00,3.743007,102.30859375
11:32:21,91282CLD1,TSRYS5850288,D,S,D,2024-08-27,1000000.00,3.743007,102.30859375
11:32:24,91282CLD1,TSRYS5850288,D,S,T,2024-08-27,1000000.00,3.743644,102.3046875
11:32:36,91282CLD1,TSRYS5850288,D,S,D,2024-08-27,1000000.00,3.74237,102.3125
11:32:39,91282CLD1,TSRYS5850288,D,S,D,2024-08-27,1000000.00,3.743326,102.306640625
11:32:41,91282CLD1,TSRYS5850288,D,S,A,2024-08-27,815500.00,3.743007,102.30859375
11:32:54,91282CLD1,TSRYS5850288,D,B,C,2024-08-27,1000000.00,3.74237,102.3125
11:32:54,91282CLD1,TSRYS5850288,D,S,C,2024-08-27,1000000.00,3.742329,102.31275
11:32:54,91282CLD1,TSRYS5850288,D,S,D,2024-08-27,1000000.00,3.742346,102.31265
11:32:54,91282CLD1,TSRYS5850288,D,B,C,2024-08-27,1000000.00,3.74237,102.3125
11:33:07,91282CLD1,TSRYS5850288,D,S,T,2024-08-27,1000000.00,3.743326,102.306640625
11:33:10,91282CLD1,TSRYS5850288,D,S,D,2024-08-27,1000000.00,3.743644,102.3046875
11:33:38,91282CLD1,TSRYS5850288,D,S,D,2024-08-27,1000000.00,3.742689,102.310546875
11:33:40,91282CLD1,TSRYS5850288,D,S,D,2024-08-27,1000000.00,3.743007,102.30859375
11:33:40,91282CLD1,TSRYS5850288,D,S,T,2024-08-27,1000000.00,3.743007,102.30859375
11:33:44,91282CLD1,TSRYS5850288,D,S,T,2024-08-27,1000000.00,3.742689,102.310546875
11:33:52,91282CLD1,TSRYS5850288,D,S,C,2024-08-27,1000000.00,3.742689,102.310546875
11:33:52,91282CLD1,TSRYS5850288,D,S,D,2024-08-27,1000000.00,3.742689,102.310546875
11:33:53,91282CLD1,TSRYS5850288,D,S,D,2024-08-27,1000000.00,3.742689,102.310546875
11:33:57,91282CLD1,TSRYS5850288,D,S,C,2024-08-27,593500.00,3.743644,102.3046875
11:33:59,91282CLD1,TSRYS5850288,D,S,T,2024-08-27,1000000.00,3.74237,102.3125
11:34:08,91282CLD1,TSRYS5850288,D,S,D,2024-08-27,1000000.00,3.743007,102.30859375
11:34:14,91282CLD1,TSRYS5850288,D,S,T,2024-08-27,1000000.00,3.743007,102.30859375
11:34:25,91282CLD1,TSRYS5850288,D,S,T,2024-08-27,1000000.00,3.743644,102.3046875
11:34:25,91282CLD1,TSRYS5850288,D,S,T,2024-08-27,1000000.00,3.743644,102.3046875
11:34:25,91282CLD1,TSRYS5850288,D,S,T,2024-08-27,1000000.00,3.743644,102.3046875
11:34:25,91282CLD1,TSRYS5850288,D,S,T,2024-08-27,1000000.00,3.743644,102.3046875
11:34:29,91282CLD1,TSRYS5850288,D,S,D,2024-08-27,1000000.00,3.743644,102.3046875
11:34:29,91282CLD1,TSRYS5850288,D,S,D,2024-08-27,1000000.00,3.743644,102.3046875
11:34:29,91282CLD1,TSRYS5850288,D,S,D,2024-08-27,1000000.00,3.743644,102.3046875
11:34:30,91282CLD1,TSRYS5850288,D,S,T,2024-08-27,1000000.00,3.743644,102.3046875
11:34:30,91282CLD1,TSRYS5850288,D,S,T,2024-08-27,1000000.00,3.743644,102.3046875
11:34:34,91282CLD1,TSRYS5850288,D,S,D,2024-08-27,1000000.00,3.743644,102.3046875
11:34:52,91282CLD1,TSRYS5850288,D,S,T,2024-08-27,25000.00,3.743644,102.3046875
11:34:57,91282CLD1,TSRYS5850288,D,S,C,2024-08-27,11793000.00,3.743007,102.30859375
11:35:00,91282CLD1,TSRYS5850288,D,S,D,2024-08-27,1000000.00,3.743326,102.306640625
11:35:00,91282CLD1,TSRYS5850288,D,S,T,2024-08-27,214000.00,3.743644,102.3046875
11:35:04,91282CLD1,TSRYS5850288,D,S,T,2024-08-27,1000000.00,3.743326,102.306640625
11:35:09,91282CLD1,TSRYS5850288,D,S,D,2024-08-27,1000000.00,3.742689,102.310546875
11:35:10,91282CLD1,TSRYS5850288,D,S,D,2024-08-27,1000000.00,3.74237,102.3125
11:35:10,91282CLD1,TSRYS5850288,D,S,C,2024-08-27,1000000.00,3.743644,102.3046875
11:35:10,91282CLD1,TSRYS5850288,D,S,C,2024-08-27,1000000.00,3.743644,102.3046875
11:35:14,91282CLD1,TSRYS5850288,D,S,T,2024-08-27,1000000.00,3.742689,102.310546875
11:35:14,91282CLD1,TSRYS5850288,D,S,T,2024-08-27,1000000.00,3.74237,102.3125
11:35:28,91282CLD1,TSRYS5850288,D,S,D,2024-08-27,1000000.00,3.74237,102.3125
11:35:28,91282CLD1,TSRYS5850288,D,S,T,2024-08-27,1000000.00,3.74237,102.3125
11:35:38,91282CLD1,TSRYS5850288,D,S,C,2024-08-27,140000.00,3.741733,102.31640625
11:35:41,91282CLD1,TSRYS5850288,D,S,D,2024-08-27,1000000.00,3.74237,102.3125
11:35:44,91282CLD1,TSRYS5850288,D,S,T,2024-08-27,1000000.00,3.74237,102.3125
11:35:44,91282CLD1,TSRYS5850288,D,S,T,2024-08-27,1000000.00,3.74237,102.3125
11:35:46,91282CLD1,TSRYS5850288,D,S,T,2024-08-27,1000000.00,3.74237,102.3125
11:35:54,91282CLD1,TSRYS5850288,D,S,D,2024-08-27,25000.00,3.743644,102.3046875
11:35:54,91282CLD1,TSRYS5850288,D,S,D,2024-08-27,214000.00,3.743644,102.3046875
11:35:54,91282CLD1,TSRYS5850288,D,S,D,2024-08-27,26000.00,3.743644,102.3046875
11:35:55,91282CLD1,TSRYS5850288,D,S,C,2024-08-27,1000000.00,3.74237,102.3125
11:36:04,91282CLD1,TSRYS5850288,D,B,C,2024-08-27,3835000.00,3.741096,102.3203125
11:36:04,91282CLD1,TSRYS5850288,D,S,D,2024-08-27,3835000.00,3.741096,102.3203125
11:36:08,91282CLD1,TSRYS5850288,D,B,C,2024-08-27,5680000.00,3.741096,102.3203125
11:36:08,91282CLD1,TSRYS5850288,D,B,C,2024-08-27,970000.00,3.741096,102.3203125
11:36:10,91282CLD1,TSRYS5850288,D,S,D,2024-08-27,1000000.00,3.742346,102.31265
11:36:10,91282CLD1,TSRYS5850288,D,B,C,2024-08-27,1000000.00,3.742386,102.3124
11:36:10,91282CLD1,TSRYS5850288,D,S,D,2024-08-27,1000000.00,3.74237,102.3125
11:36:10,91282CLD1,TSRYS5850288,D,B,C,2024-08-27,1000000.00,3.742386,102.3124
11:36:16,91282CLD1,TSRYS5850288,D,S,D,2024-08-27,1000000.00,3.741415,102.318359375
11:36:19,91282CLD1,TSRYS5850288,D,S,T,2024-08-27,1000000.00,3.741415,102.318359375
11:36:19,91282CLD1,TSRYS5850288,D,S,T,2024-08-27,2000000.00,3.741096,102.3203125
11:36:19,91282CLD1,TSRYS5850288,D,B,C,2024-08-27,1810000.00,3.741096,102.3203125
11:36:27,91282CLD1,TSRYS5850288,D,S,D,2024-08-27,1000000.00,3.74237,102.3125
11:36:27,91282CLD1,TSRYS5850288,D,S,D,2024-08-27,1000000.00,3.74237,102.3125
11:36:27,91282CLD1,TSRYS5850288,D,S,D,2024-08-27,1000000.00,3.742346,102.31265
11:36:28,91282CLD1,TSRYS5850288,D,S,D,2024-08-27,1000000.00,3.74237,102.3125
11:36:45,91282CLD1,TSRYS5850288,D,B,C,2024-08-27,1000000.00,3.741096,102.3203125
11:36:53,91282CLD1,TSRYS5850288,D,S,D,2024-08-27,1000000.00,3.741096,102.3203125
11:36:55,91282CLD1,TSRYS5850288,D,S,C,2024-08-27,2000000.00,3.741063,102.3205125
11:36:56,91282CLD1,TSRYS5850288,D,S,T,2024-08-27,26000.00,3.743644,102.3046875
11:36:59,91282CLD1,TSRYS5850288,D,S,T,2024-08-27,1000000.00,3.741096,102.3203125
11:36:59,91282CLD1,TSRYS5850288,D,S,T,2024-08-27,1000000.00,3.741096,102.3203125
11:36:59,91282CLD1,TSRYS5850288,D,S,T,2024-08-27,1000000.00,3.741096,102.3203125
11:37:06,91282CLD1,TSRYS5850288,D,S,C,2024-08-27,1000000.00,3.741096,102.3203125
11:37:06,91282CLD1,TSRYS5850288,D,S,T,2024-08-27,1000000.00,3.741096,102.3203125
11:37:07,91282CLD1,TSRYS5850288,D,S,T,2024-08-27,1000000.00,3.741096,102.3203125
11:37:09,91282CLD1,TSRYS5850288,D,B,C,2024-08-27,1000000.00,3.741096,102.3203125
11:37:09,91282CLD1,TSRYS5850288,D,S,C,2024-08-27,1000000.00,3.741063,102.3205125
11:37:19,91282CLD1,TSRYS5850288,D,S,C,2024-08-27,1000000.00,3.740745,102.322465625
11:37:20,91282CLD1,TSRYS5850288,D,S,D,2024-08-27,1000000.00,3.740141,102.326171875
11:37:20,91282CLD1,TSRYS5850288,D,S,D,2024-08-27,1000000.00,3.740141,102.326171875
11:37:20,91282CLD1,TSRYS5850288,D,S,T,2024-08-27,2000000.00,3.740141,102.326171875
11:37:21,91282CLD1,TSRYS5850288,D,S,D,2024-08-27,1000000.00,3.740141,102.326171875
11:37:23,91282CLD1,TSRYS5850288,D,S,D,2024-08-27,2000000.00,3.740459,102.32421875
11:37:24,91282CLD1,TSRYS5850288,D,S,T,2024-08-27,1000000.00,3.740778,102.322265625
11:37:24,91282CLD1,TSRYS5850288,D,S,T,2024-08-27,1000000.00,3.739822,102.328125
11:37:24,91282CLD1,TSRYS5850288,D,S,D,2024-08-27,1000000.00,3.741096,102.3203125
11:37:25,91282CLD1,TSRYS5850288,D,S,D,2024-08-27,2000000.00,3.740141,102.326171875
11:37:29,91282CLD1,TSRYS5850288,D,S,T,2024-08-27,1000000.00,3.739822,102.328125
11:37:29,91282CLD1,TSRYS5850288,D,S,T,2024-08-27,1000000.00,3.739822,102.328125
11:37:29,91282CLD1,TSRYS5850288,D,S,D,2024-08-27,1000000.00,3.739822,102.328125
11:37:30,91282CLD1,TSRYS5850288,D,S,D,2024-08-27,1000000.00,3.739504,102.330078125
11:37:34,91282CLD1,TSRYS5850288,D,S,T,2024-08-27,1000000.00,3.739504,102.330078125
11:37:41,91282CLD1,TSRYS5850288,D,S,C,2024-08-27,1000000.00,3.740141,102.326171875
11:37:41,91282CLD1,TSRYS5850288,D,S,D,2024-08-27,1000000.00,3.740141,102.326171875
11:37:54,91282CLD1,TSRYS5850288,D,S,D,2024-08-27,1000000.00,3.741096,102.3203125
11:37:54,91282CLD1,TSRYS5850288,D,S,C,2024-08-27,1000000.00,3.741072,102.3204625
11:38:10,91282CLD1,TSRYS5850288,D,S,D,2024-08-27,1000000.00,3.739822,102.328125
11:38:10,91282CLD1,TSRYS5850288,D,S,C,2024-08-27,1000000.00,3.739822,102.328125
11:38:13,91282CLD1,TSRYS5850288,D,S,D,2024-08-27,2000000.00,3.741096,102.3203125
11:38:15,91282CLD1,TSRYS5850288,D,B,C,2024-08-27,150MM+,3.757667,102.21875
11:38:21,91282CLD1,TSRYS5850288,D,B,C,2024-08-27,9850000.00,3.8344,101.75
11:38:21,91282CLD1,TSRYS5850288,D,S,D,2024-08-27,9850000.00,3.8344,101.75
11:38:25,91282CLD1,TSRYS5850288,D,B,C,2024-08-27,35000000.00,3.759245,102.20909
11:38:28,91282CLD1,TSRYS5850288,D,S,D,2024-08-27,1000000.00,3.739798,102.328275
11:38:43,91282CLD1,TSRYS5850288,D,B,C,2024-08-27,9850000.00,3.8344,101.75
11:38:43,91282CLD1,TSRYS5850288,D,S,D,2024-08-27,9850000.00,3.8344,101.75
11:38:43,91282CLD1,TSRYS5850288,D,S,T,2024-08-27,1000000.00,3.741096,102.3203125
11:39:05,91282CLD1,TSRYS5850288,D,S,D,2024-08-27,1000000.00,3.739822,102.328125
11:39:06,91282CLD1,TSRYS5850288,D,B,C,2024-08-27,6400000.00,3.740459,102.32421875
11:39:06,91282CLD1,TSRYS5850288,D,B,C,2024-08-27,24600000.00,3.8344,101.75
11:39:06,91282CLD1,TSRYS5850288,D,S,D,2024-08-27,24600000.00,3.8344,101.75
11:39:06,91282CLD1,TSRYS5850288,D,S,D,2024-08-27,1000000.00,3.740459,102.32421875
11:39:10,91282CLD1,TSRYS5850288,D,S,D,2024-08-27,1000000.00,3.739822,102.328125
11:39:11,91282CLD1,TSRYS5850288,D,S,D,2024-08-27,1000000.00,3.741096,102.3203125
11:39:13,91282CLD1,TSRYS5850288,D,B,C,2024-08-27,14750000.00,3.8344,101.75
11:39:13,91282CLD1,TSRYS5850288,D,S,D,2024-08-27,14750000.00,3.8344,101.75
11:39:19,91282CLD1,TSRYS5850288,D,S,T,2024-08-27,1000000.00,3.740459,102.32421875
11:39:26,91282CLD1,TSRYS5850288,D,S,T,2024-08-27,1000000.00,3.741096,102.3203125
11:39:33,91282CLD1,TSRYS5850288,D,S,D,2024-08-27,220000.00,3.741733,102.31640625
11:39:35,91282CLD1,TSRYS5850288,D,S,D,2024-08-27,2000000.00,3.741733,102.31640625
11:39:39,91282CLD1,TSRYS5850288,D,S,C,2024-08-27,2000000.00,3.741733,102.31640625
11:39:41,91282CLD1,TSRYS5850288,D,S,D,2024-08-27,2000000.00,3.741733,102.31640625
11:39:41,91282CLD1,TSRYS5850288,D,S,T,2024-08-27,1000000.00,3.741096,102.3203125
11:39:41,91282CLD1,TSRYS5850288,D,S,T,2024-08-27,1000000.00,3.741096,102.3203125
11:39:41,91282CLD1,TSRYS5850288,D,S,T,2024-08-27,1000000.00,3.741096,102.3203125
11:39:41,91282CLD1,TSRYS5850288,D,S,T,2024-08-27,1000000.00,3.741096,102.3203125
11:39:41,91282CLD1,TSRYS5850288,D,S,T,2024-08-27,1000000.00,3.741415,102.318359375
11:39:41,91282CLD1,TSRYS5850288,D,S,T,2024-08-27,1000000.00,3.741096,102.3203125
11:39:41,91282CLD1,TSRYS5850288,D,S,T,2024-08-27,1000000.00,3.741096,102.3203125
11:39:41,91282CLD1,TSRYS5850288,D,S,D,2024-08-27,1000000.00,3.741398,102.318459375
11:39:41,91282CLD1,TSRYS5850288,D,S,D,2024-08-27,9000000.00,3.741398,102.318459375
11:39:42,91282CLD1,TSRYS5850288,D,S,D,2024-08-27,1000000.00,3.741398,102.318459375
11:39:42,91282CLD1,TSRYS5850288,D,S,D,2024-08-27,4000000.00,3.741398,102.318459375
11:39:42,91282CLD1,TSRYS5850288,D,S,D,2024-08-27,1000000.00,3.74108,102.3204125
11:39:42,91282CLD1,TSRYS5850288,D,S,D,2024-08-27,1000000.00,3.74108,102.3204125
11:39:42,91282CLD1,TSRYS5850288,D,B,C,2024-08-27,1000000.00,3.741129,102.3201125
11:39:43,91282CLD1,TSRYS5850288,D,S,D,2024-08-27,1000000.00,3.74108,102.3204125
11:39:43,91282CLD1,TSRYS5850288,D,S,D,2024-08-27,1000000.00,3.74108,102.3204125
11:39:43,91282CLD1,TSRYS5850288,D,S,D,2024-08-27,1000000.00,3.74108,102.3204125
11:39:43,91282CLD1,TSRYS5850288,D,B,C,2024-08-27,1000000.00,3.741096,102.3203125
11:39:43,91282CLD1,TSRYS5850288,D,S,D,2024-08-27,1000000.00,3.74108,102.3204125
11:39:43,91282CLD1,TSRYS5850288,D,B,C,2024-08-27,1000000.00,3.741096,102.3203125
11:39:43,91282CLD1,TSRYS5850288,D,S,D,2024-08-27,1000000.00,3.74108,102.3204125
11:39:46,91282CLD1,TSRYS5850288,D,S,D,2024-08-27,1000000.00,3.741096,102.3203125
11:39:46,91282CLD1,TSRYS5850288,D,S,D,2024-08-27,1000000.00,3.741096,102.3203125
11:39:46,91282CLD1,TSRYS5850288,D,S,T,2024-08-27,9000000.00,3.741415,102.318359375
11:39:47,91282CLD1,TSRYS5850288,D,S,T,2024-08-27,4000000.00,3.741415,102.318359375
11:39:47,91282CLD1,TSRYS5850288,D,S,T,2024-08-27,1000000.00,3.741415,102.318359375
11:40:04,91282CLD1,TSRYS5850288,D,S,T,2024-08-27,1000000.00,3.742689,102.310546875
11:40:04,91282CLD1,TSRYS5850288,D,S,T,2024-08-27,9000000.00,3.742689,102.310546875
11:40:09,91282CLD1,TSRYS5850288,D,S,D,2024-08-27,1000000.00,3.742689,102.310546875
11:40:09,91282CLD1,TSRYS5850288,D,S,D,2024-08-27,9000000.00,3.742689,102.310546875
11:40:09,91282CLD1,TSRYS5850288,D,S,T,2024-08-27,1000000.00,3.741096,102.3203125
11:40:13,91282CLD1,TSRYS5850288,D,S,D,2024-08-27,1000000.00,3.741096,102.3203125
11:40:24,91282CLD1,TSRYS5850288,D,B,C,2024-08-27,1000000.00,3.74237,102.3125
11:40:28,91282CLD1,TSRYS5850288,D,S,D,2024-08-27,1000000.00,3.741096,102.3203125
11:40:37,91282CLD1,TSRYS5850288,D,B,C,2024-08-27,150MM+,,102.21875
11:40:43,91282CLD1,TSRYS5850288,D,B,C,2024-08-27,1000000.00,3.742386,102.3124
11:40:43,91282CLD1,TSRYS5850288,D,S,D,2024-08-27,1000000.00,3.74237,102.3125
11:40:43,91282CLD1,TSRYS5850288,D,S,D,2024-08-27,1000000.00,3.74237,102.3125
11:40:43,91282CLD1,TSRYS5850288,D,B,C,2024-08-27,1000000.00,3.74237,102.3125
11:40:43,91282CLD1,TSRYS5850288,D,B,C,2024-08-27,1000000.00,3.742395,102.31235
11:40:43,91282CLD1,TSRYS5850288,D,S,D,2024-08-27,1000000.00,3.74237,102.3125
11:40:43,91282CLD1,TSRYS5850288,D,B,C,2024-08-27,1000000.00,3.742395,102.31235
11:40:43,91282CLD1,TSRYS5850288,D,S,D,2024-08-27,1000000.00,3.742346,102.31265
11:40:43,91282CLD1,TSRYS5850288,D,B,C,2024-08-27,1000000.00,3.742395,102.31235
11:40:43,91282CLD1,TSRYS5850288,D,S,D,2024-08-27,1000000.00,3.74237,102.3125
11:40:48,91282CLD1,TSRYS5850288,D,S,D,2024-08-27,1000000.00,3.743326,102.306640625
11:41:13,91282CLD1,TSRYS5850288,D,S,D,2024-08-27,1000000.00,3.743326,102.306640625
11:41:13,91282CLD1,TSRYS5850288,D,S,C,2024-08-27,4600000.00,3.744918,102.296875
11:41:32,91282CLD1,TSRYS5850288,D,S,C,2024-08-27,1000000.00,3.743007,102.30859375
11:41:32,91282CLD1,TSRYS5850288,D,B,C,2024-08-27,250000.00,3.74237,102.3125
11:41:33,91282CLD1,TSRYS5850288,D,B,C,2024-08-27,1000000.00,3.743007,102.30859375
11:41:33,91282CLD1,TSRYS5850288,D,S,D,2024-08-27,1000000.00,3.743007,102.30859375
11:41:42,91282CLD1,TSRYS5850288,D,S,T,2024-08-27,2000000.00,3.743644,102.3046875
11:41:44,91282CLD1,TSRYS5850288,D,S,T,2024-08-27,1000000.00,3.743326,102.30664062
11:41:45,91282CLD1,TSRYS5850288,D,S,D,2024-08-27,1000000.00,3.743326,102.30664062
11:41:49,91282CLD1,TSRYS5850288,D,S,D,2024-08-27,1000000.00,3.743326,102.30664062
11:41:49,91282CLD1,TSRYS5850288,D,S,C,2024-08-27,1000000.00,3.743326,102.30664062
11:41:51,91282CLD1,TSRYS5850288,D,S,D,2024-08-27,1000000.00,3.743644,102.3046875
11:41:51,91282CLD1,TSRYS5850288,D,S,D,2024-08-27,1000000.00,3.743644,102.3046875
11:42:00,91282CLD1,TSRYS5850288,D,S,T,2024-08-27,1000000.00,3.743644,102.3046875
11:42:00,91282CLD1,TSRYS5850288,D,S,T,2024-08-27,1000000.00,3.743644,102.3046875
11:42:00,91282CLD1,TSRYS5850288,D,S,T,2024-08-27,1000000.00,3.743644,102.3046875
11:42:04,91282CLD1,TSRYS5850288,D,S,D,2024-08-27,1000000.00,3.743644,102.3046875
11:42:04,91282CLD1,TSRYS5850288,D,S,D,2024-08-27,1000000.00,3.743644,102.3046875
11:42:10,91282CLD1,TSRYS5850288,D,S,C,2024-08-27,2000000.00,3.743563,102.3051875
11:42:15,91282CLD1,TSRYS5850288,D,S,D,2024-08-27,870000.00,3.743644,102.3046875
11:42:18,91282CLD1,TSRYS5850288,D,S,C,2024-08-27,1000000.00,3.743326,102.30664062
11:42:19,91282CLD1,TSRYS5850288,D,S,T,2024-08-27,1000000.00,3.743326,102.30664062
11:42:20,91282CLD1,TSRYS5850288,D,S,D,2024-08-27,450000.00,3.743644,102.3046875
11:42:20,91282CLD1,TSRYS5850288,D,S,D,2024-08-27,420000.00,3.743644,102.3046875
11:42:21,91282CLD1,TSRYS5850288,D,S,T,2024-08-27,1000000.00,3.74237,102.3125
11:42:21,91282CLD1,TSRYS5850288,D,S,T,2024-08-27,1000000.00,3.74237,102.3125
11:42:21,91282CLD1,TSRYS5850288,D,S,T,2024-08-27,1000000.00,3.74237,102.3125
11:42:21,91282CLD1,TSRYS5850288,D,S,T,2024-08-27,1000000.00,3.74237,102.3125
11:42:21,91282CLD1,TSRYS5850288,D,S,D,2024-08-27,1000000.00,3.74237,102.3125
11:42:21,91282CLD1,TSRYS5850288,D,S,D,2024-08-27,1000000.00,3.74237,102.3125
11:42:21,91282CLD1,TSRYS5850288,D,S,T,2024-08-27,1000000.00,3.743644,102.3046875
11:42:21,91282CLD1,TSRYS5850288,D,S,T,2024-08-27,1000000.00,3.74237,102.3125
11:42:21,91282CLD1,TSRYS5850288,D,S,T,2024-08-27,1000000.00,3.74237,102.3125
11:42:21,91282CLD1,TSRYS5850288,D,S,T,2024-08-27,1000000.00,3.74237,102.3125
11:42:22,91282CLD1,TSRYS5850288,D,S,D,2024-08-27,1000000.00,3.74237,102.3125
11:42:22,91282CLD1,TSRYS5850288,D,S,T,2024-08-27,1000000.00,3.74237,102.3125
11:42:22,91282CLD1,TSRYS5850288,D,S,T,2024-08-27,1000000.00,3.74237,102.3125
11:42:22,91282CLD1,TSRYS5850288,D,S,T,2024-08-27,1000000.00,3.743644,102.3046875
11:42:22,91282CLD1,TSRYS5850288,D,S,T,2024-08-27,1000000.00,3.742403,102.3123
11:42:23,91282CLD1,TSRYS5850288,D,S,D,2024-08-27,1000000.00,3.74237,102.3125
11:42:23,91282CLD1,TSRYS5850288,D,S,T,2024-08-27,1000000.00,3.74237,102.3125
11:42:26,91282CLD1,TSRYS5850288,D,S,C,2024-08-27,1000000.00,3.74237,102.3125
11:42:26,91282CLD1,TSRYS5850288,D,S,C,2024-08-27,1000000.00,3.74237,102.3125
11:42:26,91282CLD1,TSRYS5850288,D,S,C,2024-08-27,1000000.00,3.74237,102.3125
11:42:26,91282CLD1,TSRYS5850288,D,B,C,2024-08-27,1000000.00,3.742052,102.314453125
11:42:26,91282CLD1,TSRYS5850288,D,S,C,2024-08-27,1000000.00,3.742052,102.314453125
11:42:26,91282CLD1,TSRYS5850288,D,B,C,2024-08-27,1000000.00,3.744281,102.30078125
11:42:27,91282CLD1,TSRYS5850288,D,S,D,2024-08-27,1000000.00,3.744281,102.30078125
11:42:27,91282CLD1,TSRYS5850288,D,S,D,2024-08-27,1000000.00,3.74237,102.3125
11:42:27,91282CLD1,TSRYS5850288,D,S,D,2024-08-27,1000000.00,3.74237,102.3125
11:42:27,91282CLD1,TSRYS5850288,D,S,D,2024-08-27,1000000.00,3.74237,102.3125
11:42:29,91282CLD1,TSRYS5850288,D,S,D,2024-08-27,1000000.00,3.743007,102.30859375
11:42:29,91282CLD1,TSRYS5850288,D,S,D,2024-08-27,1000000.00,3.743007,102.30859375
11:42:29,91282CLD1,TSRYS5850288,D,S,D,2024-08-27,1000000.00,3.743326,102.306640625
11:42:31,91282CLD1,TSRYS5850288,D,S,D,2024-08-27,2000000.00,3.743007,102.30859375
11:42:34,91282CLD1,TSRYS5850288,D,S,D,2024-08-27,1000000.00,3.743007,102.30859375
11:42:34,91282CLD1,TSRYS5850288,D,S,D,2024-08-27,1000000.00,3.743007,102.30859375
11:42:34,91282CLD1,TSRYS5850288,D,S,D,2024-08-27,1000000.00,3.743007,102.30859375
11:42:39,91282CLD1,TSRYS5850288,D,B,C,2024-08-27,1000000.00,3.743007,102.30859375
11:42:43,91282CLD1,TSRYS5850288,D,S,D,2024-08-27,1000000.00,3.743644,102.3046875
11:42:57,91282CLD1,TSRYS5850288,D,S,C,2024-08-27,1000000.00,3.743326,102.30664062
11:42:57,91282CLD1,TSRYS5850288,D,S,C,2024-08-27,1000000.00,3.743326,102.30664062
11:42:57,91282CLD1,TSRYS5850288,D,S,C,2024-08-27,1000000.00,3.743326,102.30664062
11:42:57,91282CLD1,TSRYS5850288,D,S,C,2024-08-27,1000000.00,3.743326,102.30664062
11:42:58,91282CLD1,TSRYS5850288,D,S,C,2024-08-27,1000000.00,3.74362,102.3048375
11:42:58,91282CLD1,TSRYS5850288,D,B,C,2024-08-27,2000000.00,3.743685,102.3044375
11:43:13,91282CLD1,TSRYS5850288,D,B,C,2024-08-27,1000000.00,3.743644,102.3046875
11:43:13,91282CLD1,TSRYS5850288,D,B,C,2024-08-27,1000000.00,3.743644,102.3046875
11:43:13,91282CLD1,TSRYS5850288,D,S,C,2024-08-27,1000000.00,3.74362,102.3048375
11:43:13,91282CLD1,TSRYS5850288,D,S,C,2024-08-27,2000000.00,3.74362,102.3048375
11:43:13,91282CLD1,TSRYS5850288,D,S,C,2024-08-27,1000000.00,3.74362,102.3048375
11:43:13,91282CLD1,TSRYS5850288,D,S,C,2024-08-27,1000000.00,3.74362,102.3048375
11:43:23,91282CLD1,TSRYS5850288,D,S,D,2024-08-27,1000000.00,3.743007,102.30859375
11:43:23,91282CLD1,TSRYS5850288,D,S,D,2024-08-27,1000000.00,3.743007,102.30859375
11:43:24,91282CLD1,TSRYS5850288,D,S,D,2024-08-27,2000000.00,3.742958,102.30889375
11:43:27,91282CLD1,TSRYS5850288,D,S,D,2024-08-27,24000000.00,3.743252,102.30709
11:43:28,91282CLD1,TSRYS5850288,D,S,D,2024-08-27,1000000.00,3.74237,102.3125
11:43:28,91282CLD1,TSRYS5850288,D,S,C,2024-08-27,1000000.00,3.74237,102.3125
11:43:28,91282CLD1,TSRYS5850288,D,S,C,2024-08-27,1000000.00,3.74237,102.3125
11:43:28,91282CLD1,TSRYS5850288,D,S,C,2024-08-27,1000000.00,3.74237,102.3125
11:43:28,91282CLD1,TSRYS5850288,D,B,C,2024-08-27,1000000.00,3.742386,102.3124
11:43:28,91282CLD1,TSRYS5850288,D,S,C,2024-08-27,1000000.00,3.74237,102.3125
11:43:28,91282CLD1,TSRYS5850288,D,B,C,2024-08-27,1000000.00,3.742386,102.3124
11:43:42,91282CLD1,TSRYS5850288,D,S,D,2024-08-27,1000000.00,3.743007,102.30859375
11:43:43,91282CLD1,TSRYS5850288,D,S,D,2024-08-27,1000000.00,3.74237,102.3125
11:43:43,91282CLD1,TSRYS5850288,D,S,D,2024-08-27,1000000.00,3.74237,102.3125
11:43:43,91282CLD1,TSRYS5850288,D,S,D,2024-08-27,1000000.00,3.74237,102.3125
11:43:43,91282CLD1,TSRYS5850288,D,B,C,2024-08-27,1000000.00,3.742395,102.31235
11:43:43,91282CLD1,TSRYS5850288,D,B,C,2024-08-27,1000000.00,3.742411,102.31225
11:43:43,91282CLD1,TSRYS5850288,D,S,D,2024-08-27,1000000.00,3.74237,102.3125
11:43:43,91282CLD1,TSRYS5850288,D,B,C,2024-08-27,1000000.00,3.742411,102.31225
11:43:43,91282CLD1,TSRYS5850288,D,S,D,2024-08-27,1000000.00,3.742346,102.31265
11:43:44,91282CLD1,TSRYS5850288,D,S,T,2024-08-27,1000000.00,3.743007,102.30859375
11:43:44,91282CLD1,TSRYS5850288,D,S,T,2024-08-27,1000000.00,3.743007,102.30859375
11:43:57,91282CLD1,TSRYS5850288,D,S,C,2024-08-27,3000000.00,3.74237,102.3125
11:44:01,91282CLD1,TSRYS5850288,D,S,D,2024-08-27,1000000.00,3.743007,102.30859375
11:44:02,91282CLD1,TSRYS5850288,D,S,T,2024-08-27,1000000.00,3.743007,102.30859375
11:44:02,91282CLD1,TSRYS5850288,D,S,D,2024-08-27,1000000.00,3.743326,102.30664062
11:44:03,91282CLD1,TSRYS5850288,D,S,C,2024-08-27,1000000.00,3.743326,102.30664062
11:44:04,91282CLD1,TSRYS5850288,D,S,D,2024-08-27,1000000.00,3.742689,102.310546875
11:44:04,91282CLD1,TSRYS5850288,D,S,T,2024-08-27,1000000.00,3.742689,102.310546875
11:44:04,91282CLD1,TSRYS5850288,D,S,D,2024-08-27,1000000.00,3.742689,102.310546875
11:44:05,91282CLD1,TSRYS5850288,D,S,D,2024-08-27,1000000.00,3.742689,102.310546875
11:44:09,91282CLD1,TSRYS5850288,D,S,D,2024-08-27,1000000.00,3.742689,102.310546875
11:44:14,91282CLD1,TSRYS5850288,D,S,T,2024-08-27,1000000.00,3.742689,102.310546875
11:44:19,91282CLD1,TSRYS5850288,D,S,D,2024-08-27,1000000.00,3.742689,102.310546875
11:44:21,91282CLD1,TSRYS5850288,D,S,D,2024-08-27,1000000.00,3.743007,102.30859375
11:44:22,91282CLD1,TSRYS5850288,D,S,D,2024-08-27,1000000.00,3.743326,102.30664062
11:44:30,91282CLD1,TSRYS5850288,D,S,D,2024-08-27,1000000.00,3.743326,102.30664062
11:44:30,91282CLD1,TSRYS5850288,D,S,C,2024-08-27,1000000.00,3.743326,102.30664062
11:44:32,91282CLD1,TSRYS5850288,D,S,C,2024-08-27,1000000.00,3.743326,102.30664062
11:44:32,91282CLD1,TSRYS5850288,D,S,C,2024-08-27,1000000.00,3.743326,102.30664062
11:44:50,91282CLD1,TSRYS5850288,D,B,C,2024-08-27,150MM+,3.75373,102.24287
11:44:50,91282CLD1,TSRYS5850288,D,S,D,2024-08-27,1000000.00,3.743326,102.30664062
11:45:02,91282CLD1,TSRYS5850288,D,S,T,2024-08-27,1000000.00,3.74237,102.3125
11:45:02,91282CLD1,TSRYS5850288,D,S,D,2024-08-27,1000000.00,3.74237,102.3125
11:45:08,91282CLD1,TSRYS5850288,D,S,T,2024-08-27,1000000.00,3.742689,102.310546875
11:45:08,91282CLD1,TSRYS5850288,D,S,D,2024-08-27,1000000.00,3.742689,102.310546875
11:45:08,91282CLD1,TSRYS5850288,D,S,T,2024-08-27,1000000.00,3.74237,102.3125
11:45:08,91282CLD1,TSRYS5850288,D,S,T,2024-08-27,1000000.00,3.74237,102.3125
11:45:08,91282CLD1,TSRYS5850288,D,S,D,2024-08-27,1000000.00,3.74237,102.3125
11:45:08,91282CLD1,TSRYS5850288,D,S,D,2024-08-27,1000000.00,3.74237,102.3125
11:45:09,91282CLD1,TSRYS5850288,D,S,D,2024-08-27,1000000.00,3.74237,102.3125
11:45:10,91282CLD1,TSRYS5850288,D,S,T,2024-08-27,1000000.00,3.74237,102.3125
11:45:10,91282CLD1,TSRYS5850288,D,S,D,2024-08-27,1000000.00,3.74237,102.3125
11:45:11,91282CLD1,TSRYS5850288,D,S,T,2024-08-27,1000000.00,3.74237,102.3125
11:45:11,91282CLD1,TSRYS5850288,D,S,D,2024-08-27,1000000.00,3.74237,102.3125
11:45:11,91282CLD1,TSRYS5850288,D,S,T,2024-08-27,1000000.00,3.74237,102.3125
11:45:11,91282CLD1,TSRYS5850288,D,S,D,2024-08-27,1000000.00,3.74237,102.3125
11:45:18,91282CLD1,TSRYS5850288,D,S,T,2024-08-27,1000000.00,3.74237,102.3125
11:45:21,91282CLD1,TSRYS5850288,D,S,T,2024-08-27,1000000.00,3.74237,102.3125
11:45:21,91282CLD1,TSRYS5850288,D,S,T,2024-08-27,1000000.00,3.74237,102.3125
11:45:25,91282CLD1,TSRYS5850288,D,S,C,2024-08-27,1000000.00,3.742689,102.310546875
11:45:25,91282CLD1,TSRYS5850288,D,S,D,2024-08-27,1000000.00,3.742689,102.310546875
11:45:26,91282CLD1,TSRYS5850288,D,S,D,2024-08-27,1000000.00,3.742689,102.310546875
11:45:28,91282CLD1,TSRYS5850288,D,S,D,2024-08-27,1000000.00,3.743963,102.302734375
11:45:28,91282CLD1,TSRYS5850288,D,S,D,2024-08-27,1000000.00,3.743963,102.302734375
11:45:28,91282CLD1,TSRYS5850288,D,S,T,2024-08-27,1000000.00,3.743963,102.302734375
11:45:28,91282CLD1,TSRYS5850288,D,S,T,2024-08-27,1000000.00,3.743963,102.302734375
11:45:29,91282CLD1,TSRYS5850288,D,S,D,2024-08-27,1000000.00,3.743963,102.302734375
11:45:31,91282CLD1,TSRYS5850288,D,S,T,2024-08-27,1000000.00,3.743644,102.3046875
11:45:32,91282CLD1,TSRYS5850288,D,S,D,2024-08-27,1000000.00,3.743963,102.302734375
11:45:32,91282CLD1,TSRYS5850288,D,S,D,2024-08-27,1000000.00,3.743963,102.302734375
11:45:33,91282CLD1,TSRYS5850288,D,S,D,2024-08-27,2000000.00,3.744281,102.30078125
11:45:36,91282CLD1,TSRYS5850288,D,S,T,2024-08-27,1000000.00,3.744918,102.296875
11:45:36,91282CLD1,TSRYS5850288,D,S,D,2024-08-27,1000000.00,3.744902,102.296975
11:45:36,91282CLD1,TSRYS5850288,D,B,C,2024-08-27,1000000.00,3.744951,102.296675
11:45:39,91282CLD1,TSRYS5850288,D,S,T,2024-08-27,1000000.00,3.744918,102.296875
11:45:39,91282CLD1,TSRYS5850288,D,S,T,2024-08-27,2000000.00,3.744918,102.296875
11:45:39,91282CLD1,TSRYS5850288,D,S,D,2024-08-27,1000000.00,3.744902,102.296975
11:45:39,91282CLD1,TSRYS5850288,D,S,D,2024-08-27,1000000.00,3.7446,102.298828125
11:45:41,91282CLD1,TSRYS5850288,D,S,T,2024-08-27,1000000.00,3.744918,102.296875
11:45:41,91282CLD1,TSRYS5850288,D,S,D,2024-08-27,1000000.00,3.744918,102.296875
11:45:41,91282CLD1,TSRYS5850288,D,S,D,2024-08-27,1000000.00,3.74237,102.3125
11:45:42,91282CLD1,TSRYS5850288,D,S,C,2024-08-27,1000000.00,3.742289,102.313
11:45:42,91282CLD1,TSRYS5850288,D,B,C,2024-08-27,1000000.00,3.74237,102.3125
11:45:42,91282CLD1,TSRYS5850288,D,S,C,2024-08-27,1000000.00,3.742289,102.313
11:45:44,91282CLD1,TSRYS5850288,D,S,T,2024-08-27,1000000.00,3.7446,102.298828125
11:45:46,91282CLD1,TSRYS5850288,D,S,T,2024-08-27,1000000.00,3.744918,102.296875
11:45:46,91282CLD1,TSRYS5850288,D,S,T,2024-08-27,1000000.00,3.744918,102.296875
11:45:46,91282CLD1,TSRYS5850288,D,S,D,2024-08-27,1000000.00,3.744902,102.296975
11:45:46,91282CLD1,TSRYS5850288,D,S,T,2024-08-27,1000000.00,3.744918,102.296875
11:45:51,91282CLD1,TSRYS5850288,D,S,D,2024-08-27,1000000.00,3.745237,102.294921875
11:45:51,91282CLD1,TSRYS5850288,D,S,D,2024-08-27,1000000.00,3.745237,102.294921875
11:45:51,91282CLD1,TSRYS5850288,D,S,T,2024-08-27,1000000.00,3.745237,102.294921875
11:45:52,91282CLD1,TSRYS5850288,D,S,D,2024-08-27,1000000.00,3.745237,102.294921875
11:45:53,91282CLD1,TSRYS5850288,D,S,D,2024-08-27,1000000.00,3.745237,102.294921875
11:45:56,91282CLD1,TSRYS5850288,D,S,D,2024-08-27,1000000.00,3.745237,102.294921875
11:45:57,91282CLD1,TSRYS5850288,D,B,C,2024-08-27,1000000.00,3.743644,102.3046875
11:45:57,91282CLD1,TSRYS5850288,D,S,D,2024-08-27,1000000.00,3.743644,102.3046875
11:45:57,91282CLD1,TSRYS5850288,D,B,C,2024-08-27,1000000.00,3.743644,102.3046875
11:45:57,91282CLD1,TSRYS5850288,D,S,C,2024-08-27,1000000.00,3.743563,102.3051875
11:45:59,91282CLD1,TSRYS5850288,D,S,D,2024-08-27,1000000.00,3.745237,102.294921875
11:45:59,91282CLD1,TSRYS5850288,D,S,D,2024-08-27,1000000.00,3.745237,102.294921875
11:46:00,91282CLD1,TSRYS5850288,D,S,T,2024-08-27,1000000.00,3.745237,102.294921875
11:46:00,91282CLD1,TSRYS5850288,D,S,D,2024-08-27,1000000.00,3.745237,102.294921875
11:46:04,91282CLD1,TSRYS5850288,D,S,D,2024-08-27,1000000.00,3.745237,102.294921875
11:46:14,91282CLD1,TSRYS5850288,D,S,D,2024-08-27,1000000.00,3.743644,102.3046875
11:46:14,91282CLD1,TSRYS5850288,D,S,C,2024-08-27,1000000.00,3.743563,102.3051875
11:46:14,91282CLD1,TSRYS5850288,D,B,C,2024-08-27,1000000.00,3.743644,102.3046875
11:46:14,91282CLD1,TSRYS5850288,D,B,C,2024-08-27,2000000.00,3.744951,102.296675
11:46:14,91282CLD1,TSRYS5850288,D,B,C,2024-08-27,1000000.00,3.744951,102.296675
11:46:14,91282CLD1,TSRYS5850288,D,S,D,2024-08-27,1000000.00,3.744894,102.297025
11:46:14,91282CLD1,TSRYS5850288,D,B,C,2024-08-27,1000000.00,3.744951,102.296675
11:46:14,91282CLD1,TSRYS5850288,D,S,C,2024-08-27,1000000.00,3.744918,102.296875
11:46:15,91282CLD1,TSRYS5850288,D,S,D,2024-08-27,2000000.00,3.744918,102.296875
11:46:15,91282CLD1,TSRYS5850288,D,S,D,2024-08-27,1000000.00,3.744918,102.296875
11:46:15,91282CLD1,TSRYS5850288,D,S,D,2024-08-27,2000000.00,3.744918,102.296875
11:46:15,91282CLD1,TSRYS5850288,D,S,D,2024-08-27,1000000.00,3.744918,102.296875
11:46:15,91282CLD1,TSRYS5850288,D,S,D,2024-08-27,1000000.00,3.744918,102.296875
11:46:26,91282CLD1,TSRYS5850288,D,S,T,2024-08-27,2000000.00,3.746193,102.2890625
11:46:26,91282CLD1,TSRYS5850288,D,S,T,2024-08-27,3000000.00,3.747149,102.283203125
11:46:26,91282CLD1,TSRYS5850288,D,S,T,2024-08-27,3000000.00,3.747149,102.283203125
11:46:29,91282CLD1,TSRYS5850288,D,S,D,2024-08-27,2000000.00,3.74683,102.28515625
11:46:31,91282CLD1,TSRYS5850288,D,S,D,2024-08-27,1000000.00,3.746511,102.287109375
11:46:31,91282CLD1,TSRYS5850288,D,S,T,2024-08-27,1000000.00,3.746511,102.287109375
11:46:31,91282CLD1,TSRYS5850288,D,S,D,2024-08-27,1000000.00,3.746511,102.287109375
11:46:31,91282CLD1,TSRYS5850288,D,S,D,2024-08-27,3000000.00,3.747149,102.283203125
11:46:31,91282CLD1,TSRYS5850288,D,S,D,2024-08-27,3000000.00,3.747149,102.283203125
11:46:32,91282CLD1,TSRYS5850288,D,S,D,2024-08-27,1000000.00,3.746511,102.287109375
11:46:32,91282CLD1,TSRYS5850288,D,S,D,2024-08-27,1000000.00,3.746511,102.287109375
11:46:32,91282CLD1,TSRYS5850288,D,S,T,2024-08-27,1000000.00,3.746511,102.287109375
11:46:32,91282CLD1,TSRYS5850288,D,S,D,2024-08-27,1000000.00,3.746511,102.287109375
11:46:32,91282CLD1,TSRYS5850288,D,S,D,2024-08-27,1000000.00,3.746193,102.2890625
11:46:33,91282CLD1,TSRYS5850288,D,S,D,2024-08-27,1000000.00,3.746511,102.287109375
11:46:33,91282CLD1,TSRYS5850288,D,S,D,2024-08-27,1000000.00,3.746511,102.287109375
11:46:36,91282CLD1,TSRYS5850288,D,S,D,2024-08-27,1000000.00,3.746511,102.287109375
11:46:37,91282CLD1,TSRYS5850288,D,S,D,2024-08-27,1000000.00,3.746511,102.287109375
11:46:41,91282CLD1,TSRYS5850288,D,S,D,2024-08-27,2000000.00,3.746193,102.2890625
11:46:41,91282CLD1,TSRYS5850288,D,S,D,2024-08-27,1000000.00,3.746193,102.2890625
11:47:00,91282CLD1,TSRYS5850288,D,S,C,2024-08-27,2000000.00,3.746111,102.2895625
11:47:09,91282CLD1,TSRYS5850288,D,S,T,2024-08-27,1000000.00,3.745237,102.294921875
11:47:10,91282CLD1,TSRYS5850288,D,S,D,2024-08-27,2000000.00,3.745237,102.294921875
11:47:10,91282CLD1,TSRYS5850288,D,S,D,2024-08-27,2000000.00,3.745237,102.294921875
11:47:10,91282CLD1,TSRYS5850288,D,S,T,2024-08-27,1000000.00,3.745237,102.294921875
11:47:11,91282CLD1,TSRYS5850288,D,S,D,2024-08-27,2000000.00,3.745237,102.294921875
11:47:14,91282CLD1,TSRYS5850288,D,S,D,2024-08-27,1000000.00,3.745237,102.294921875
11:47:14,91282CLD1,TSRYS5850288,D,B,C,2024-08-27,400000.00,3.744918,102.296875
11:47:15,91282CLD1,TSRYS5850288,D,S,D,2024-08-27,1000000.00,3.745237,102.294921875
11:47:20,91282CLD1,TSRYS5850288,D,S,T,2024-08-27,9950000.00,3.8344,101.75
11:47:21,91282CLD1,TSRYS5850288,D,S,T,2024-08-27,14900000.00,3.8344,101.75
11:47:21,91282CLD1,TSRYS5850288,D,S,T,2024-08-27,24850000.00,3.8344,101.75
11:47:22,91282CLD1,TSRYS5850288,D,S,T,2024-08-27,14900000.00,3.8344,101.75
11:47:23,91282CLD1,TSRYS5850288,D,S,T,2024-08-27,34800000.00,3.8344,101.75
11:47:30,91282CLD1,TSRYS5850288,D,B,C,2024-08-27,1000000.00,3.745237,102.29492187
11:47:30,91282CLD1,TSRYS5850288,D,B,C,2024-08-27,1000000.00,3.745237,102.29492187
11:47:36,91282CLD1,TSRYS5850288,D,S,T,2024-08-27,1000000.00,3.746193,102.2890625
11:47:38,91282CLD1,TSRYS5850288,D,B,C,2024-08-27,1000000.00,3.746193,102.2890625
11:48:13,91282CLD1,TSRYS5850288,D,S,D,2024-08-27,1000000.00,3.746193,102.2890625
11:48:13,91282CLD1,TSRYS5850288,D,B,C,2024-08-27,69600000.00,3.8344,101.75
11:48:39,91282CLD1,TSRYS5850288,D,S,D,2024-08-27,2000000.00,3.744918,102.296875
11:48:48,91282CLD1,TSRYS5850288,D,S,D,2024-08-27,1000000.00,3.746193,102.2890625
11:48:48,91282CLD1,TSRYS5850288,D,S,D,2024-08-27,1000000.00,3.746193,102.2890625
11:48:48,91282CLD1,TSRYS5850288,D,S,D,2024-08-27,1000000.00,3.746193,102.2890625
11:48:48,91282CLD1,TSRYS5850288,D,S,T,2024-08-27,1000000.00,3.746193,102.2890625
11:48:49,91282CLD1,TSRYS5850288,D,S,D,2024-08-27,1000000.00,3.746193,102.2890625
11:48:49,91282CLD1,TSRYS5850288,D,S,D,2024-08-27,1000000.00,3.746193,102.2890625
11:48:51,91282CLD1,TSRYS5850288,D,S,D,2024-08-27,1000000.00,3.745874,102.291015625
11:48:51,91282CLD1,TSRYS5850288,D,B,C,2024-08-27,1000000.00,3.745874,102.291015625
11:48:51,91282CLD1,TSRYS5850288,D,S,D,2024-08-27,1000000.00,3.745874,102.291015625
11:48:51,91282CLD1,TSRYS5850288,D,B,C,2024-08-27,1000000.00,3.745874,102.291015625
11:48:51,91282CLD1,TSRYS5850288,D,S,D,2024-08-27,2000000.00,3.74683,102.28515625
11:48:55,91282CLD1,TSRYS5850288,D,S,T,2024-08-27,2000000.00,3.746193,102.2890625
11:48:58,91282CLD1,TSRYS5850288,D,S,C,2024-08-27,2000000.00,3.746193,102.2890625
11:48:58,91282CLD1,TSRYS5850288,D,S,D,2024-08-27,22000000.00,3.744536,102.29922
11:49:04,91282CLD1,TSRYS5850288,D,S,D,2024-08-27,1000000.00,3.746193,102.2890625
11:49:09,91282CLD1,TSRYS5850288,D,S,D,2024-08-27,1000000.00,3.744918,102.296875
11:49:12,91282CLD1,TSRYS5850288,D,S,D,2024-08-27,1000000.00,3.744918,102.296875
11:49:12,91282CLD1,TSRYS5850288,D,B,C,2024-08-27,1000000.00,3.744967,102.296575
11:49:14,91282CLD1,TSRYS5850288,D,S,C,2024-08-27,1000000.00,3.746511,102.287109375
11:49:15,91282CLD1,TSRYS5850288,D,S,D,2024-08-27,1000000.00,3.746511,102.287109375
11:49:15,91282CLD1,TSRYS5850288,D,B,C,2024-08-27,1000000.00,3.746511,102.287109375
11:49:30,91282CLD1,TSRYS5850288,D,S,C,2024-08-27,2000000.00,3.746111,102.2895625
11:49:30,91282CLD1,TSRYS5850288,D,B,C,2024-08-27,2000000.00,3.746226,102.2888625
11:49:30,91282CLD1,TSRYS5850288,D,B,C,2024-08-27,1000000.00,3.746226,102.2888625
11:49:30,91282CLD1,TSRYS5850288,D,S,D,2024-08-27,1000000.00,3.746193,102.2890625
11:49:30,91282CLD1,TSRYS5850288,D,B,C,2024-08-27,1000000.00,3.746226,102.2888625
11:49:30,91282CLD1,TSRYS5850288,D,S,C,2024-08-27,1000000.00,3.746164,102.2892375
11:49:30,91282CLD1,TSRYS5850288,D,S,C,2024-08-27,1000000.00,3.74616,102.2892625
11:49:34,91282CLD1,TSRYS5850288,D,S,T,2024-08-27,1000000.00,3.746193,102.2890625
11:49:34,91282CLD1,TSRYS5850288,D,S,T,2024-08-27,1000000.00,3.746193,102.2890625
11:49:37,91282CLD1,TSRYS5850288,D,S,T,2024-08-27,1000000.00,3.746193,102.2890625
11:49:58,91282CLD1,TSRYS5850288,D,S,D,2024-08-27,4800000.00,3.746373,102.28795656966
11:50:15,91282CLD1,TSRYS5850288,D,S,D,2024-08-27,1000000.00,3.746193,102.2890625
11:50:15,91282CLD1,TSRYS5850288,D,S,D,2024-08-27,1000000.00,3.746193,102.2890625
11:50:16,91282CLD1,TSRYS5850288,D,S,D,2024-08-27,2000.00,3.740821,102.322
11:50:19,91282CLD1,TSRYS5850288,D,S,T,2024-08-27,2000000.00,3.746193,102.2890625
11:50:30,91282CLD1,TSRYS5850288,D,S,C,2024-08-27,1000000.00,3.746193,102.2890625
11:50:37,91282CLD1,TSRYS5850288,D,B,C,2024-08-27,90000.00,3.744918,102.296875
11:50:45,91282CLD1,TSRYS5850288,D,S,D,2024-08-27,2000000.00,3.746193,102.2890625
11:50:53,91282CLD1,TSRYS5850288,D,S,D,2024-08-27,16000000.00,3.745136,102.29554
11:51:15,91282CLD1,TSRYS5850288,D,B,A,2024-08-27,82000.00,3.746448,102.2875
11:51:55,91282CLD1,TSRYS5850288,D,S,C,2024-08-27,2000.00,3.418342,104.322
11:52:23,91282CLD1,TSRYS5850288,D,S,C,2024-08-27,30000.00,3.74683,102.28515625
11:52:54,91282CLD1,TSRYS5850288,D,S,D,2024-08-27,1000000.00,3.745874,102.291015625
11:52:54,91282CLD1,TSRYS5850288,D,S,C,2024-08-27,1000000.00,3.745874,102.291015625
11:53:08,91282CLD1,TSRYS5850288,D,S,T,2024-08-27,1000000.00,3.746193,102.2890625
11:53:09,91282CLD1,TSRYS5850288,D,S,T,2024-08-27,1000000.00,3.746193,102.2890625
11:53:19,91282CLD1,TSRYS5850288,D,S,T,2024-08-27,1000000.00,3.746193,102.2890625
11:53:30,91282CLD1,TSRYS5850288,D,S,C,2024-08-27,150MM+,3.758502,102.21364
11:53:32,91282CLD1,TSRYS5850288,D,S,C,2024-08-27,1000000.00,3.746193,102.2890625
11:53:32,91282CLD1,TSRYS5850288,D,S,D,2024-08-27,1000000.00,3.746193,102.2890625
11:53:44,91282CLD1,TSRYS5850288,D,S,A,2024-08-27,610000.00,3.744918,102.296875
11:53:47,91282CLD1,TSRYS5850288,D,S,D,2024-08-27,1000000.00,3.746193,102.2890625
11:54:35,91282CLD1,TSRYS5850288,D,S,T,2024-08-27,1000000.00,3.746193,102.2890625
11:54:35,91282CLD1,TSRYS5850288,D,S,C,2024-08-27,1000000.00,3.746193,102.2890625
11:54:46,91282CLD1,TSRYS5850288,D,S,C,2024-08-27,1000000.00,3.74683,102.28515625
11:54:46,91282CLD1,TSRYS5850288,D,S,T,2024-08-27,1000000.00,3.74683,102.28515625
11:54:59,91282CLD1,TSRYS5850288,D,B,C,2024-08-27,1000000.00,3.744918,102.296875
11:54:59,91282CLD1,TSRYS5850288,D,S,D,2024-08-27,1000000.00,3.744918,102.296875
11:55:00,91282CLD1,TSRYS5850288,D,B,C,2024-08-27,955000.00,3.744918,102.296875
11:55:13,91282CLD1,TSRYS5850288,D,S,T,2024-08-27,1000000.00,3.746193,102.2890625
11:55:16,91282CLD1,TSRYS5850288,D,S,D,2024-08-27,2000000.00,3.746193,102.2890625
11:55:45,91282CLD1,TSRYS5850288,D,S,C,2024-08-27,1000000.00,3.746193,102.2890625
11:55:50,91282CLD1,TSRYS5850288,D,S,D,2024-08-27,2000000.00,3.746193,102.2890625
11:56:29,91282CLD1,TSRYS5850288,D,S,D,2024-08-27,1000000.00,3.747149,102.283203125
11:56:29,91282CLD1,TSRYS5850288,D,S,D,2024-08-27,1000000.00,3.747149,102.283203125
11:56:29,91282CLD1,TSRYS5850288,D,S,T,2024-08-27,1000000.00,3.747467,102.28125
11:56:29,91282CLD1,TSRYS5850288,D,S,T,2024-08-27,1000000.00,3.747467,102.28125
11:56:29,91282CLD1,TSRYS5850288,D,S,T,2024-08-27,1000000.00,3.747467,102.28125
11:56:29,91282CLD1,TSRYS5850288,D,S,T,2024-08-27,2000000.00,3.747467,102.28125
11:56:32,91282CLD1,TSRYS5850288,D,S,T,2024-08-27,3000000.00,3.747467,102.28125
11:56:35,91282CLD1,TSRYS5850288,D,S,T,2024-08-27,1000000.00,3.747786,102.279296875
11:56:37,91282CLD1,TSRYS5850288,D,S,D,2024-08-27,2000000.00,3.747467,102.28125
11:56:38,91282CLD1,TSRYS5850288,D,S,T,2024-08-27,1000000.00,3.747467,102.28125
11:56:40,91282CLD1,TSRYS5850288,D,S,C,2024-08-27,1000000.00,3.747786,102.279296875
11:56:43,91282CLD1,TSRYS5850288,D,S,C,2024-08-27,1000000.00,3.747786,102.279296875
11:56:43,91282CLD1,TSRYS5850288,D,S,D,2024-08-27,1000000.00,3.747786,102.279296875
11:56:44,91282CLD1,TSRYS5850288,D,S,D,2024-08-27,1000000.00,3.747786,102.279296875
11:56:54,91282CLD1,TSRYS5850288,D,B,C,2024-08-27,143500000.00,3.8344,101.75
11:57:03,91282CLD1,TSRYS5850288,D,S,C,2024-08-27,160000.00,3.748105,102.27734375
11:57:03,91282CLD1,TSRYS5850288,D,S,C,2024-08-27,1000000.00,3.747467,102.28125
11:57:16,91282CLD1,TSRYS5850288,D,S,D,2024-08-27,1000000.00,3.747467,102.28125
11:57:16,91282CLD1,TSRYS5850288,D,S,D,2024-08-27,3000000.00,3.747435,102.28145
11:57:16,91282CLD1,TSRYS5850288,D,S,C,2024-08-27,1000000.00,3.747467,102.28125
11:57:16,91282CLD1,TSRYS5850288,D,S,C,2024-08-27,1000000.00,3.747467,102.28125
11:57:16,91282CLD1,TSRYS5850288,D,S,C,2024-08-27,2000000.00,3.747386,102.28175
11:57:37,91282CLD1,TSRYS5850288,D,S,D,2024-08-27,1000000.00,3.748105,102.27734375
11:57:54,91282CLD1,TSRYS5850288,D,S,T,2024-08-27,1000000.00,3.748105,102.27734375
11:58:04,91282CLD1,TSRYS5850288,D,S,C,2024-08-27,1000000.00,3.748105,102.27734375
11:58:23,91282CLD1,TSRYS5850288,D,S,D,2024-08-27,2000000.00,3.748742,102.2734375
11:58:23,91282CLD1,TSRYS5850288,D,S,D,2024-08-27,2000000.00,3.748742,102.2734375
11:58:23,91282CLD1,TSRYS5850288,D,S,D,2024-08-27,1000000.00,3.748742,102.2734375
11:58:24,91282CLD1,TSRYS5850288,D,S,D,2024-08-27,1000000.00,3.748742,102.2734375
11:58:24,91282CLD1,TSRYS5850288,D,S,D,2024-08-27,1000000.00,3.748742,102.2734375
11:58:24,91282CLD1,TSRYS5850288,D,S,T,2024-08-27,2000000.00,3.748771,102.2732605
11:58:24,91282CLD1,TSRYS5850288,D,S,C,2024-08-27,1000000.00,3.748742,102.2734375
11:58:25,91282CLD1,TSRYS5850288,D,S,T,2024-08-27,1000000.00,3.748742,102.2734375
11:58:25,91282CLD1,TSRYS5850288,D,S,D,2024-08-27,2000000.00,3.748742,102.2734375
11:58:25,91282CLD1,TSRYS5850288,D,S,T,2024-08-27,1000000.00,3.748742,102.2734375
11:58:35,91282CLD1,TSRYS5850288,D,S,D,2024-08-27,2000000.00,3.748742,102.2734375
11:58:35,91282CLD1,TSRYS5850288,D,S,D,2024-08-27,2000000.00,3.748742,102.2734375
11:58:35,91282CLD1,TSRYS5850288,D,S,D,2024-08-27,2000000.00,3.748742,102.2734375
11:58:35,91282CLD1,TSRYS5850288,D,S,D,2024-08-27,1000000.00,3.748742,102.2734375
11:58:36,91282CLD1,TSRYS5850288,D,S,D,2024-08-27,2000000.00,3.748742,102.2734375
11:58:36,91282CLD1,TSRYS5850288,D,S,D,2024-08-27,2000000.00,3.748742,102.2734375
11:58:36,91282CLD1,TSRYS5850288,D,S,D,2024-08-27,4000000.00,3.749061,102.27148438
11:58:36,91282CLD1,TSRYS5850288,D,S,D,2024-08-27,1000000.00,3.748742,102.2734375
11:58:37,91282CLD1,TSRYS5850288,D,S,D,2024-08-27,2000000.00,3.748742,102.2734375
11:58:37,91282CLD1,TSRYS5850288,D,S,T,2024-08-27,1000000.00,3.748771,102.2732605
11:58:43,91282CLD1,TSRYS5850288,D,S,T,2024-08-27,9350000.00,3.8344,101.75
11:58:45,91282CLD1,TSRYS5850288,D,S,D,2024-08-27,1000000.00,3.748742,102.2734375
11:58:45,91282CLD1,TSRYS5850288,D,S,D,2024-08-27,1000000.00,3.748742,102.2734375
11:58:45,91282CLD1,TSRYS5850288,D,S,D,2024-08-27,1000000.00,3.748742,102.2734375
11:58:46,91282CLD1,TSRYS5850288,D,S,D,2024-08-27,1000000.00,3.748742,102.2734375
11:58:46,91282CLD1,TSRYS5850288,D,S,D,2024-08-27,1000000.00,3.748742,102.2734375
11:58:46,91282CLD1,TSRYS5850288,D,S,T,2024-08-27,1000000.00,3.748771,102.2732605
11:58:47,91282CLD1,TSRYS5850288,D,S,T,2024-08-27,1000000.00,3.748771,102.2732605
11:58:47,91282CLD1,TSRYS5850288,D,S,T,2024-08-27,1000000.00,3.748742,102.2734375
11:58:47,91282CLD1,TSRYS5850288,D,S,C,2024-08-27,1000000.00,3.748742,102.2734375
11:58:48,91282CLD1,TSRYS5850288,D,S,D,2024-08-27,2000000.00,3.748742,102.2734375
11:58:48,91282CLD1,TSRYS5850288,D,S,C,2024-08-27,1000000.00,3.748709,102.2736375
11:58:48,91282CLD1,TSRYS5850288,D,S,C,2024-08-27,1000000.00,3.748693,102.2737375
11:59:03,91282CLD1,TSRYS5850288,D,S,D,2024-08-27,1000000.00,3.748742,102.2734375
11:59:03,91282CLD1,TSRYS5850288,D,B,C,2024-08-27,1000000.00,3.748742,102.2734375
11:59:03,91282CLD1,TSRYS5850288,D,S,D,2024-08-27,1000000.00,3.748742,102.2734375
11:59:18,91282CLD1,TSRYS5850288,D,S,C,2024-08-27,1000000.00,3.748742,102.2734375
11:59:18,91282CLD1,TSRYS5850288,D,S,C,2024-08-27,1000000.00,3.748742,102.2734375
11:59:18,91282CLD1,TSRYS5850288,D,S,D,2024-08-27,1000000.00,3.748742,102.2734375
11:59:26,91282CLD1,TSRYS5850288,D,S,A,2024-08-27,10000000.00,3.747187,102.28125
11:59:45,91282CLD1,TSRYS5850288,D,S,D,2024-08-27,1000000.00,3.747467,102.28125
11:59:45,91282CLD1,TSRYS5850288,D,S,T,2024-08-27,2000000.00,3.748105,102.27734375
11:59:49,91282CLD1,TSRYS5850288,D,S,D,2024-08-27,2000000.00,3.748105,102.27734375
11:59:55,91282CLD1,TSRYS5850288,D,S,T,2024-08-27,1000000.00,3.747467,102.28125
12:00:15,91282CLD1,TSRYS5850288,D,S,C,2024-08-27,73000000.00,3.74683,102.28515625
12:00:25,91282CLD1,TSRYS5850288,D,S,T,2024-08-27,1000000.00,3.747467,102.28125
12:00:25,91282CLD1,TSRYS5850288,D,S,T,2024-08-27,1000000.00,3.747467,102.28125
12:00:25,91282CLD1,TSRYS5850288,D,S,T,2024-08-27,1000000.00,3.747467,102.28125
12:00:30,91282CLD1,TSRYS5850288,D,B,C,2024-08-27,1000000.00,3.747467,102.28125
12:00:30,91282CLD1,TSRYS5850288,D,S,C,2024-08-27,1000000.00,3.747467,102.28125
12:00:30,91282CLD1,TSRYS5850288,D,B,C,2024-08-27,1000000.00,3.747467,102.28125
12:00:30,91282CLD1,TSRYS5850288,D,S,C,2024-08-27,1000000.00,3.747467,102.28125
12:00:34,91282CLD1,TSRYS5850288,D,S,C,2024-08-27,1000000.00,3.748423,102.275390625
12:00:36,91282CLD1,TSRYS5850288,D,S,T,2024-08-27,1000000.00,3.748456,102.275190625
12:00:39,91282CLD1,TSRYS5850288,D,S,C,2024-08-27,1000000.00,3.748105,102.27734375
12:00:40,91282CLD1,TSRYS5850288,D,S,D,2024-08-27,1000000.00,3.748105,102.27734375
12:00:40,91282CLD1,TSRYS5850288,D,S,D,2024-08-27,1000000.00,3.748105,102.27734375
12:00:46,91282CLD1,TSRYS5850288,D,B,C,2024-08-27,5200000.00,3.748742,102.2734375
12:00:58,91282CLD1,TSRYS5850288,D,S,T,2024-08-27,1000000.00,3.747467,102.28125
12:00:58,91282CLD1,TSRYS5850288,D,S,T,2024-08-27,1000000.00,3.747467,102.28125
12:00:58,91282CLD1,TSRYS5850288,D,S,T,2024-08-27,1000000.00,3.747467,102.28125
12:00:58,91282CLD1,TSRYS5850288,D,S,T,2024-08-27,1000000.00,3.747467,102.28125
12:00:58,91282CLD1,TSRYS5850288,D,S,T,2024-08-27,4000000.00,3.747467,102.28125
12:00:58,91282CLD1,TSRYS5850288,D,S,T,2024-08-27,1000000.00,3.747467,102.28125
12:00:58,91282CLD1,TSRYS5850288,D,S,T,2024-08-27,1000000.00,3.747467,102.28125
12:00:58,91282CLD1,TSRYS5850288,D,S,T,2024-08-27,3000000.00,3.747467,102.28125
12:00:58,91282CLD1,TSRYS5850288,D,S,T,2024-08-27,1000000.00,3.747467,102.28125
12:00:58,91282CLD1,TSRYS5850288,D,S,T,2024-08-27,2000000.00,3.747467,102.28125
12:00:58,91282CLD1,TSRYS5850288,D,S,D,2024-08-27,1000000.00,3.747467,102.28125
12:00:58,91282CLD1,TSRYS5850288,D,B,C,2024-08-27,1000000.00,3.747467,102.28125
12:00:58,91282CLD1,TSRYS5850288,D,S,D,2024-08-27,1000000.00,3.747467,102.28125
12:00:58,91282CLD1,TSRYS5850288,D,S,D,2024-08-27,1000000.00,3.747467,102.28125
12:00:59,91282CLD1,TSRYS5850288,D,S,D,2024-08-27,1000000.00,3.747149,102.283203125
12:00:59,91282CLD1,TSRYS5850288,D,S,T,2024-08-27,1000000.00,3.747165,102.283103125
12:01:00,91282CLD1,TSRYS5850288,D,S,D,2024-08-27,1000000.00,3.747149,102.283203125
12:01:00,91282CLD1,TSRYS5850288,D,S,D,2024-08-27,1000000.00,3.747149,102.283203125
12:01:01,91282CLD1,TSRYS5850288,D,B,C,2024-08-27,1000000.00,3.747467,102.28125
12:01:01,91282CLD1,TSRYS5850288,D,S,D,2024-08-27,1000000.00,3.747467,102.28125
12:01:01,91282CLD1,TSRYS5850288,D,S,D,2024-08-27,1000000.00,3.747467,102.28125
12:01:01,91282CLD1,TSRYS5850288,D,B,C,2024-08-27,1000000.00,3.747467,102.28125
12:01:01,91282CLD1,TSRYS5850288,D,S,D,2024-08-27,1000000.00,3.747467,102.28125
12:01:01,91282CLD1,TSRYS5850288,D,S,D,2024-08-27,1000000.00,3.747467,102.28125
12:01:01,91282CLD1,TSRYS5850288,D,S,D,2024-08-27,6000000.00,3.747467,102.28125
12:01:02,91282CLD1,TSRYS5850288,D,S,C,2024-08-27,1000000.00,3.747149,102.283203125
12:01:02,91282CLD1,TSRYS5850288,D,S,D,2024-08-27,1000000.00,3.747149,102.283203125
12:01:02,91282CLD1,TSRYS5850288,D,S,D,2024-08-27,1000000.00,3.74683,102.28515625
12:01:02,91282CLD1,TSRYS5850288,D,S,D,2024-08-27,1000000.00,3.747149,102.283203125
12:01:02,91282CLD1,TSRYS5850288,D,S,D,2024-08-27,1000000.00,3.747149,102.283203125
12:01:04,91282CLD1,TSRYS5850288,D,S,D,2024-08-27,1000000.00,3.74683,102.28515625
12:01:05,91282CLD1,TSRYS5850288,D,S,D,2024-08-27,1000000.00,3.747149,102.283203125
12:01:05,91282CLD1,TSRYS5850288,D,S,D,2024-08-27,1000000.00,3.747149,102.283203125
12:01:05,91282CLD1,TSRYS5850288,D,S,D,2024-08-27,1000000.00,3.74683,102.28515625
12:01:05,91282CLD1,TSRYS5850288,D,S,D,2024-08-27,1000000.00,3.747149,102.283203125
12:01:05,91282CLD1,TSRYS5850288,D,S,D,2024-08-27,1000000.00,3.747467,102.28125
12:01:05,91282CLD1,TSRYS5850288,D,B,C,2024-08-27,1000000.00,3.747467,102.28125
12:01:07,91282CLD1,TSRYS5850288,D,S,D,2024-08-27,1000000.00,3.747149,102.28320313
12:01:07,91282CLD1,TSRYS5850288,D,S,T,2024-08-27,1000000.00,3.746193,102.2890625
12:01:07,91282CLD1,TSRYS5850288,D,S,T,2024-08-27,1000000.00,3.746193,102.2890625
12:01:07,91282CLD1,TSRYS5850288,D,S,D,2024-08-27,1000000.00,3.746193,102.2890625
12:01:07,91282CLD1,TSRYS5850288,D,S,D,2024-08-27,1000000.00,3.747149,102.28320313
12:01:10,91282CLD1,TSRYS5850288,D,S,T,2024-08-27,1000000.00,3.74683,102.28515625
12:01:10,91282CLD1,TSRYS5850288,D,S,T,2024-08-27,1000000.00,3.747149,102.28320313
12:01:12,91282CLD1,TSRYS5850288,D,S,D,2024-08-27,1000000.00,3.746193,102.2890625
12:01:12,91282CLD1,TSRYS5850288,D,S,T,2024-08-27,1000000.00,3.74683,102.28515625
12:01:12,91282CLD1,TSRYS5850288,D,S,D,2024-08-27,8000.00,3.746193,102.2890625
12:01:13,91282CLD1,TSRYS5850288,D,S,D,2024-08-27,1000000.00,3.74683,102.28515625
12:01:13,91282CLD1,TSRYS5850288,D,S,D,2024-08-27,1000000.00,3.74683,102.28515625
12:01:13,91282CLD1,TSRYS5850288,D,S,D,2024-08-27,1000000.00,3.74683,102.28515625
12:01:16,91282CLD1,TSRYS5850288,D,B,C,2024-08-27,6000000.00,3.747492,102.2811
12:01:16,91282CLD1,TSRYS5850288,D,B,C,2024-08-27,1000000.00,3.747467,102.28125
12:01:16,91282CLD1,TSRYS5850288,D,S,T,2024-08-27,1000000.00,3.74683,102.28515625
12:01:16,91282CLD1,TSRYS5850288,D,S,D,2024-08-27,1000000.00,3.747467,102.28125
12:01:16,91282CLD1,TSRYS5850288,D,B,C,2024-08-27,1000000.00,3.747467,102.28125
12:01:16,91282CLD1,TSRYS5850288,D,S,D,2024-08-27,1000000.00,3.747467,102.28125
12:01:16,91282CLD1,TSRYS5850288,D,S,D,2024-08-27,1000000.00,3.747467,102.28125
12:01:16,91282CLD1,TSRYS5850288,D,B,C,2024-08-27,1000000.00,3.747467,102.28125
12:01:16,91282CLD1,TSRYS5850288,D,S,D,2024-08-27,1000000.00,3.747467,102.28125
12:01:16,91282CLD1,TSRYS5850288,D,S,D,2024-08-27,1000000.00,3.747467,102.28125
12:01:16,91282CLD1,TSRYS5850288,D,S,D,2024-08-27,1000000.00,3.747467,102.28125
12:01:16,91282CLD1,TSRYS5850288,D,B,C,2024-08-27,1000000.00,3.747467,102.28125
12:01:16,91282CLD1,TSRYS5850288,D,B,C,2024-08-27,1000000.00,3.747467,102.28125
12:01:16,91282CLD1,TSRYS5850288,D,S,D,2024-08-27,2000000.00,3.747467,102.28125
12:01:16,91282CLD1,TSRYS5850288,D,B,C,2024-08-27,1000000.00,3.747508,102.281
12:01:16,91282CLD1,TSRYS5850288,D,B,C,2024-08-27,1000000.00,3.747467,102.28125
12:01:16,91282CLD1,TSRYS5850288,D,B,C,2024-08-27,1000000.00,3.747467,102.28125
12:01:18,91282CLD1,TSRYS5850288,D,S,T,2024-08-27,1000000.00,3.747149,102.28320313
12:01:19,91282CLD1,TSRYS5850288,D,S,T,2024-08-27,1000000.00,3.747149,102.28320313
12:01:20,91282CLD1,TSRYS5850288,D,S,T,2024-08-27,1000000.00,3.747149,102.28320313
12:01:22,91282CLD1,TSRYS5850288,D,S,T,2024-08-27,1000000.00,3.747467,102.28125
12:01:22,91282CLD1,TSRYS5850288,D,S,T,2024-08-27,1000000.00,3.747467,102.28125
12:01:22,91282CLD1,TSRYS5850288,D,S,T,2024-08-27,1000000.00,3.747467,102.28125
12:01:22,91282CLD1,TSRYS5850288,D,B,C,2024-08-27,1000000.00,3.747149,102.283203125
12:01:22,91282CLD1,TSRYS5850288,D,S,D,2024-08-27,1000000.00,3.747149,102.283203125
12:01:27,91282CLD1,TSRYS5850288,D,S,D,2024-08-27,1000000.00,3.747467,102.28125
12:01:27,91282CLD1,TSRYS5850288,D,B,C,2024-08-27,1000000.00,3.747467,102.28125
12:01:27,91282CLD1,TSRYS5850288,D,S,D,2024-08-27,1000000.00,3.747467,102.28125
12:01:27,91282CLD1,TSRYS5850288,D,B,C,2024-08-27,1000000.00,3.747467,102.28125
12:01:30,91282CLD1,TSRYS5850288,D,S,C,2024-08-27,8000.00,3.503566,103.7890625
12:01:32,91282CLD1,TSRYS5850288,D,S,T,2024-08-27,1000000.00,3.747149,102.283203125
12:01:32,91282CLD1,TSRYS5850288,D,S,C,2024-08-27,1000000.00,3.747149,102.283203125
12:01:33,91282CLD1,TSRYS5850288,D,B,C,2024-08-27,1000000.00,3.747149,102.283203125
12:01:33,91282CLD1,TSRYS5850288,D,S,C,2024-08-27,1000000.00,3.747149,102.283203125
12:01:34,91282CLD1,TSRYS5850288,D,S,T,2024-08-27,8000000.00,3.747467,102.28125
12:01:34,91282CLD1,TSRYS5850288,D,S,D,2024-08-27,1000000.00,3.747467,102.28125
12:01:34,91282CLD1,TSRYS5850288,D,S,D,2024-08-27,1000000.00,3.747467,102.28125
12:01:34,91282CLD1,TSRYS5850288,D,B,C,2024-08-27,2000000.00,3.747492,102.2811
12:01:34,91282CLD1,TSRYS5850288,D,B,C,2024-08-27,1000000.00,3.747508,102.281
12:01:34,91282CLD1,TSRYS5850288,D,S,D,2024-08-27,1000000.00,3.747467,102.28125
12:01:34,91282CLD1,TSRYS5850288,D,S,D,2024-08-27,1000000.00,3.747467,102.28125
12:01:34,91282CLD1,TSRYS5850288,D,S,D,2024-08-27,1000000.00,3.747467,102.28125
12:01:34,91282CLD1,TSRYS5850288,D,B,C,2024-08-27,1000000.00,3.747467,102.28125
12:01:34,91282CLD1,TSRYS5850288,D,S,D,2024-08-27,1000000.00,3.747467,102.28125
12:01:34,91282CLD1,TSRYS5850288,D,B,C,2024-08-27,1000000.00,3.747467,102.28125
12:01:34,91282CLD1,TSRYS5850288,D,B,C,2024-08-27,1000000.00,3.747467,102.28125
12:01:34,91282CLD1,TSRYS5850288,D,S,D,2024-08-27,1000000.00,3.747467,102.28125
12:01:34,91282CLD1,TSRYS5850288,D,S,D,2024-08-27,1000000.00,3.747467,102.28125
12:01:34,91282CLD1,TSRYS5850288,D,B,C,2024-08-27,4000000.00,3.747467,102.28125
12:01:37,91282CLD1,TSRYS5850288,D,S,T,2024-08-27,2000000.00,3.747467,102.28125
12:01:49,91282CLD1,TSRYS5850288,D,S,D,2024-08-27,4000000.00,3.747467,102.28125
12:01:49,91282CLD1,TSRYS5850288,D,S,D,2024-08-27,1000000.00,3.747467,102.28125
12:01:49,91282CLD1,TSRYS5850288,D,S,D,2024-08-27,4000000.00,3.747467,102.28125
12:01:49,91282CLD1,TSRYS5850288,D,S,D,2024-08-27,1000000.00,3.747467,102.28125
12:01:49,91282CLD1,TSRYS5850288,D,S,D,2024-08-27,2000000.00,3.747467,102.28125
12:01:49,91282CLD1,TSRYS5850288,D,S,D,2024-08-27,1000000.00,3.746193,102.2890625
12:01:55,91282CLD1,TSRYS5850288,D,S,D,2024-08-27,4000000.00,3.747447,102.281375
12:01:55,91282CLD1,TSRYS5850288,D,S,T,2024-08-27,4000000.00,3.747467,102.28125
12:01:55,91282CLD1,TSRYS5850288,D,S,T,2024-08-27,1000000.00,3.747467,102.28125
12:01:56,91282CLD1,TSRYS5850288,D,B,C,2024-08-27,1000000.00,3.747149,102.28320312
12:02:04,91282CLD1,TSRYS5850288,D,S,D,2024-08-27,10000000.00,3.747467,102.28125
12:02:04,91282CLD1,TSRYS5850288,D,B,C,2024-08-27,10000000.00,3.7475,102.28105
12:02:04,91282CLD1,TSRYS5850288,D,S,D,2024-08-27,1000000.00,3.747467,102.28125
12:02:04,91282CLD1,TSRYS5850288,D,S,D,2024-08-27,3000000.00,3.747467,102.28125
12:02:04,91282CLD1,TSRYS5850288,D,S,D,2024-08-27,1000000.00,3.747467,102.28125
12:02:04,91282CLD1,TSRYS5850288,D,B,C,2024-08-27,1000000.00,3.747508,102.281
12:02:04,91282CLD1,TSRYS5850288,D,S,D,2024-08-27,1000000.00,3.747467,102.28125
12:02:04,91282CLD1,TSRYS5850288,D,B,C,2024-08-27,1000000.00,3.747467,102.28125
12:02:04,91282CLD1,TSRYS5850288,D,S,C,2024-08-27,1000000.00,3.747443,102.2814
12:02:04,91282CLD1,TSRYS5850288,D,B,C,2024-08-27,1000000.00,3.7475,102.28105
12:02:04,91282CLD1,TSRYS5850288,D,S,D,2024-08-27,1000000.00,3.747467,102.28125
12:02:04,91282CLD1,TSRYS5850288,D,B,C,2024-08-27,1000000.00,3.7475,102.28105
12:02:04,91282CLD1,TSRYS5850288,D,S,D,2024-08-27,1000000.00,3.747467,102.28125
12:02:05,91282CLD1,TSRYS5850288,D,S,C,2024-08-27,1000000.00,3.747451,102.28135
12:02:10,91282CLD1,TSRYS5850288,D,S,T,2024-08-27,1000000.00,3.74683,102.28515625
12:02:17,91282CLD1,TSRYS5850288,D,S,C,2024-08-27,1000000.00,3.74683,102.28515625
12:02:19,91282CLD1,TSRYS5850288,D,S,D,2024-08-27,1000000.00,3.74683,102.28515625
12:02:19,91282CLD1,TSRYS5850288,D,S,D,2024-08-27,1000000.00,3.747467,102.28125
12:02:19,91282CLD1,TSRYS5850288,D,B,C,2024-08-27,1000000.00,3.747467,102.28125
12:02:19,91282CLD1,TSRYS5850288,D,S,D,2024-08-27,1000000.00,3.747467,102.28125
12:02:19,91282CLD1,TSRYS5850288,D,S,D,2024-08-27,1000000.00,3.747467,102.28125
12:02:19,91282CLD1,TSRYS5850288,D,S,D,2024-08-27,2000000.00,3.747467,102.28125
12:02:19,91282CLD1,TSRYS5850288,D,B,C,2024-08-27,2000000.00,3.747467,102.28125
12:02:19,91282CLD1,TSRYS5850288,D,S,D,2024-08-27,1000000.00,3.747467,102.28125
12:02:19,91282CLD1,TSRYS5850288,D,S,D,2024-08-27,1000000.00,3.747467,102.28125
12:02:19,91282CLD1,TSRYS5850288,D,B,C,2024-08-27,1000000.00,3.747508,102.281
12:02:19,91282CLD1,TSRYS5850288,D,B,C,2024-08-27,1000000.00,3.747467,102.28125
12:02:20,91282CLD1,TSRYS5850288,D,S,C,2024-08-27,1000000.00,3.747451,102.28135
12:02:20,91282CLD1,TSRYS5850288,D,B,C,2024-08-27,1000000.00,3.747467,102.28125
12:02:20,91282CLD1,TSRYS5850288,D,S,D,2024-08-27,1000000.00,3.747438,102.281427
12:02:20,91282CLD1,TSRYS5850288,D,S,C,2024-08-27,1000000.00,3.747467,102.28125
12:02:20,91282CLD1,TSRYS5850288,D,S,C,2024-08-27,1000000.00,3.747435,102.28145
12:02:20,91282CLD1,TSRYS5850288,D,B,C,2024-08-27,1000000.00,3.747467,102.28125
12:02:20,91282CLD1,TSRYS5850288,D,B,C,2024-08-27,1000000.00,3.747492,102.2811
12:02:20,91282CLD1,TSRYS5850288,D,S,C,2024-08-27,1000000.00,3.747439,102.281425
12:02:20,91282CLD1,TSRYS5850288,D,B,C,2024-08-27,1000000.00,3.747492,102.2811
12:02:20,91282CLD1,TSRYS5850288,D,B,C,2024-08-27,1000000.00,3.747492,102.2811
12:02:20,91282CLD1,TSRYS5850288,D,S,C,2024-08-27,1000000.00,3.747439,102.281425
12:02:20,91282CLD1,TSRYS5850288,D,B,C,2024-08-27,1000000.00,3.747492,102.2811
12:02:20,91282CLD1,TSRYS5850288,D,B,C,2024-08-27,1000000.00,3.747492,102.2811
12:02:20,91282CLD1,TSRYS5850288,D,B,C,2024-08-27,1000000.00,3.747492,102.2811
12:02:20,91282CLD1,TSRYS5850288,D,B,C,2024-08-27,1000000.00,3.747492,102.2811
12:02:20,91282CLD1,TSRYS5850288,D,S,D,2024-08-27,1000000.00,3.747467,102.28125
12:02:20,91282CLD1,TSRYS5850288,D,S,C,2024-08-27,1000000.00,3.747467,102.28125
12:02:20,91282CLD1,TSRYS5850288,D,S,C,2024-08-27,1000000.00,3.747467,102.28125
12:02:20,91282CLD1,TSRYS5850288,D,S,D,2024-08-27,3000000.00,3.74743,102.281477
12:02:20,91282CLD1,TSRYS5850288,D,S,C,2024-08-27,1000000.00,3.747467,102.28125
12:02:20,91282CLD1,TSRYS5850288,D,S,C,2024-08-27,1000000.00,3.747467,102.28125
12:02:20,91282CLD1,TSRYS5850288,D,B,C,2024-08-27,1000000.00,3.747492,102.2811
12:02:20,91282CLD1,TSRYS5850288,D,S,C,2024-08-27,1000000.00,3.747467,102.28125
12:02:20,91282CLD1,TSRYS5850288,D,B,C,2024-08-27,3000000.00,3.747492,102.2811
12:02:20,91282CLD1,TSRYS5850288,D,S,C,2024-08-27,1000000.00,3.747435,102.28145
12:02:20,91282CLD1,TSRYS5850288,D,S,C,2024-08-27,1000000.00,3.747467,102.28125
12:02:20,91282CLD1,TSRYS5850288,D,B,C,2024-08-27,1000000.00,3.747492,102.2811
12:02:20,91282CLD1,TSRYS5850288,D,B,C,2024-08-27,1000000.00,3.747492,102.2811
12:02:20,91282CLD1,TSRYS5850288,D,B,C,2024-08-27,1000000.00,3.747492,102.2811
12:02:21,91282CLD1,TSRYS5850288,D,S,T,2024-08-27,1000000.00,3.748105,102.27734375
12:02:21,91282CLD1,TSRYS5850288,D,S,T,2024-08-27,1000000.00,3.748105,102.27734375
12:02:21,91282CLD1,TSRYS5850288,D,S,T,2024-08-27,1000000.00,3.748105,102.27734375
12:02:21,91282CLD1,TSRYS5850288,D,S,T,2024-08-27,1000000.00,3.748105,102.27734375
12:02:21,91282CLD1,TSRYS5850288,D,S,D,2024-08-27,1000000.00,3.748084,102.27746875
12:02:22,91282CLD1,TSRYS5850288,D,S,D,2024-08-27,1000000.00,3.748084,102.27746875
12:02:22,91282CLD1,TSRYS5850288,D,S,D,2024-08-27,1000000.00,3.748084,102.27746875
12:02:23,91282CLD1,TSRYS5850288,D,S,T,2024-08-27,1000000.00,3.748105,102.27734375
12:02:24,91282CLD1,TSRYS5850288,D,S,T,2024-08-27,1000000.00,3.748105,102.27734375
12:02:24,91282CLD1,TSRYS5850288,D,S,T,2024-08-27,3000000.00,3.748105,102.27734375
12:02:24,91282CLD1,TSRYS5850288,D,S,D,2024-08-27,1000000.00,3.748084,102.27746875
12:02:24,91282CLD1,TSRYS5850288,D,S,T,2024-08-27,1000000.00,3.748105,102.27734375
12:02:25,91282CLD1,TSRYS5850288,D,S,D,2024-08-27,1000000.00,3.74683,102.28515625
12:02:26,91282CLD1,TSRYS5850288,D,S,D,2024-08-27,1000000.00,3.748105,102.27734375
12:02:26,91282CLD1,TSRYS5850288,D,S,D,2024-08-27,1000000.00,3.748105,102.27734375
12:02:27,91282CLD1,TSRYS5850288,D,S,T,2024-08-27,1000000.00,3.74683,102.28515625
12:02:28,91282CLD1,TSRYS5850288,D,S,T,2024-08-27,1000000.00,3.74683,102.28515625
12:02:29,91282CLD1,TSRYS5850288,D,S,D,2024-08-27,3000000.00,3.748105,102.27734375
12:02:29,91282CLD1,TSRYS5850288,D,S,D,2024-08-27,1000000.00,3.748105,102.27734375
12:02:35,91282CLD1,TSRYS5850288,D,S,D,2024-08-27,2000000.00,3.747467,102.28125
12:02:35,91282CLD1,TSRYS5850288,D,S,D,2024-08-27,8000000.00,3.747467,102.28125
12:02:35,91282CLD1,TSRYS5850288,D,S,D,2024-08-27,1000000.00,3.747467,102.28125
12:02:42,91282CLD1,TSRYS5850288,D,S,C,2024-08-27,8894000.00,3.747467,102.28125
12:02:45,91282CLD1,TSRYS5850288,D,B,C,2024-08-27,1000000.00,3.748423,102.275390625
12:03:06,91282CLD1,TSRYS5850288,D,S,C,2024-08-27,149200000.00,3.8344,101.75
12:03:06,91282CLD1,TSRYS5850288,D,S,D,2024-08-27,149200000.00,3.8344,101.75
12:03:22,91282CLD1,TSRYS5850288,D,S,T,2024-08-27,2000000.00,3.748742,102.2734375
12:03:22,91282CLD1,TSRYS5850288,D,S,T,2024-08-27,4000000.00,3.748742,102.2734375
12:03:22,91282CLD1,TSRYS5850288,D,S,T,2024-08-27,4000000.00,3.748742,102.2734375
12:03:22,91282CLD1,TSRYS5850288,D,S,T,2024-08-27,1000000.00,3.749698,102.267578125
12:03:22,91282CLD1,TSRYS5850288,D,S,D,2024-08-27,4000000.00,3.748726,102.2735375
12:03:22,91282CLD1,TSRYS5850288,D,S,D,2024-08-27,1000000.00,3.748726,102.2735375
12:03:22,91282CLD1,TSRYS5850288,D,B,C,2024-08-27,1000000.00,3.748742,102.2734375
12:03:23,91282CLD1,TSRYS5850288,D,S,C,2024-08-27,1000000.00,3.749682,102.267678125
12:03:37,91282CLD1,TSRYS5850288,D,S,T,2024-08-27,1000000.00,3.748742,102.2734375
12:03:59,91282CLD1,TSRYS5850288,D,S,D,2024-08-27,1000000.00,3.750017,102.265625
12:03:59,91282CLD1,TSRYS5850288,D,B,C,2024-08-27,1000000.00,3.750017,102.265625
12:04:04,91282CLD1,TSRYS5850288,D,S,D,2024-08-27,4000000.00,3.748742,102.2734375
12:04:04,91282CLD1,TSRYS5850288,D,B,C,2024-08-27,1000000.00,3.748766,102.2732875
12:04:04,91282CLD1,TSRYS5850288,D,S,D,2024-08-27,1000000.00,3.748742,102.2734375
12:04:04,91282CLD1,TSRYS5850288,D,B,C,2024-08-27,6000000.00,3.748742,102.2734375
12:04:04,91282CLD1,TSRYS5850288,D,S,D,2024-08-27,6000000.00,3.748742,102.2734375
12:04:04,91282CLD1,TSRYS5850288,D,S,D,2024-08-27,9000000.00,3.748742,102.2734375
12:04:04,91282CLD1,TSRYS5850288,D,S,D,2024-08-27,3000000.00,3.748742,102.2734375
12:04:04,91282CLD1,TSRYS5850288,D,B,C,2024-08-27,3000000.00,3.748766,102.2732875
12:04:04,91282CLD1,TSRYS5850288,D,B,C,2024-08-27,9000000.00,3.748766,102.2732875
12:04:10,91282CLD1,TSRYS5850288,D,S,D,2024-08-27,1000000.00,3.749698,102.267578125
12:04:10,91282CLD1,TSRYS5850288,D,B,C,2024-08-27,1000000.00,3.749698,102.267578125
12:04:19,91282CLD1,TSRYS5850288,D,S,D,2024-08-27,2000000.00,3.748742,102.2734375
12:04:19,91282CLD1,TSRYS5850288,D,S,D,2024-08-27,1000000.00,3.748705,102.2736645
12:04:19,91282CLD1,TSRYS5850288,D,B,C,2024-08-27,1000000.00,3.748742,102.2734375
12:04:19,91282CLD1,TSRYS5850288,D,S,D,2024-08-27,1000000.00,3.748705,102.2736645
12:04:19,91282CLD1,TSRYS5850288,D,S,D,2024-08-27,1000000.00,3.748705,102.2736645
12:04:19,91282CLD1,TSRYS5850288,D,S,D,2024-08-27,2000000.00,3.748705,102.2736645
12:04:19,91282CLD1,TSRYS5850288,D,B,C,2024-08-27,2000000.00,3.748742,102.2734375
12:04:19,91282CLD1,TSRYS5850288,D,B,C,2024-08-27,1000000.00,3.748742,102.2734375
12:04:19,91282CLD1,TSRYS5850288,D,B,C,2024-08-27,1000000.00,3.748742,102.2734375
12:04:19,91282CLD1,TSRYS5850288,D,S,D,2024-08-27,1000000.00,3.748705,102.2736645
12:04:19,91282CLD1,TSRYS5850288,D,S,D,2024-08-27,1000000.00,3.748705,102.2736645
12:04:19,91282CLD1,TSRYS5850288,D,B,C,2024-08-27,1000000.00,3.748742,102.2734375
12:04:19,91282CLD1,TSRYS5850288,D,B,C,2024-08-27,1000000.00,3.748742,102.2734375
12:04:19,91282CLD1,TSRYS5850288,D,S,D,2024-08-27,1000000.00,3.748705,102.2736645
12:04:33,91282CLD1,TSRYS5850288,D,S,D,2024-08-27,100000.00,3.748742,102.273438
12:04:33,91282CLD1,TSRYS5850288,D,S,D,2024-08-27,6000000.00,3.746924,102.28458
12:04:33,91282CLD1,TSRYS5850288,D,S,D,2024-08-27,1000000.00,3.749379,102.26953125
12:04:34,91282CLD1,TSRYS5850288,D,S,C,2024-08-27,1000000.00,3.749379,102.26953125
12:04:55,91282CLD1,TSRYS5850288,D,S,D,2024-08-27,1000000.00,3.750017,102.265625
12:04:55,91282CLD1,TSRYS5850288,D,S,D,2024-08-27,1000000.00,3.750017,102.265625
12:04:55,91282CLD1,TSRYS5850288,D,B,C,2024-08-27,1000000.00,3.750017,102.265625
12:04:59,91282CLD1,TSRYS5850288,D,S,T,2024-08-27,1000000.00,3.750017,102.265625
12:04:59,91282CLD1,TSRYS5850288,D,S,T,2024-08-27,1000000.00,3.750017,102.265625
12:04:59,91282CLD1,TSRYS5850288,D,S,D,2024-08-27,1000000.00,3.750017,102.265625
12:04:59,91282CLD1,TSRYS5850288,D,S,T,2024-08-27,1000000.00,3.750017,102.265625
12:05:00,91282CLD1,TSRYS5850288,D,S,T,2024-08-27,2000000.00,3.750017,102.265625
12:05:00,91282CLD1,TSRYS5850288,D,S,T,2024-08-27,2000000.00,3.750017,102.265625
12:05:00,91282CLD1,TSRYS5850288,D,S,T,2024-08-27,1000000.00,3.750017,102.265625
12:05:00,91282CLD1,TSRYS5850288,D,S,T,2024-08-27,1000000.00,3.750017,102.265625
12:05:00,91282CLD1,TSRYS5850288,D,S,T,2024-08-27,1000000.00,3.750017,102.265625
12:05:26,91282CLD1,TSRYS5850288,D,S,D,2024-08-27,2000000.00,3.749379,102.26953125
12:05:27,91282CLD1,TSRYS5850288,D,S,C,2024-08-27,2000000.00,3.749379,102.26953125
12:05:29,91282CLD1,TSRYS5850288,D,S,D,2024-08-27,1000000.00,3.749379,102.26953125
12:05:29,91282CLD1,TSRYS5850288,D,B,C,2024-08-27,1000000.00,3.749379,102.26953125
12:05:32,91282CLD1,TSRYS5850288,D,S,D,2024-08-27,9950000.00,3.8344,101.75
12:05:32,91282CLD1,TSRYS5850288,D,S,D,2024-08-27,14900000.00,3.8344,101.75
12:05:32,91282CLD1,TSRYS5850288,D,S,D,2024-08-27,24850000.00,3.8344,101.75
12:05:32,91282CLD1,TSRYS5850288,D,S,D,2024-08-27,14900000.00,3.8344,101.75
12:05:35,91282CLD1,TSRYS5850288,D,S,D,2024-08-27,4950000.00,3.8344,101.75
12:05:35,91282CLD1,TSRYS5850288,D,S,D,2024-08-27,34800000.00,3.8344,101.75
12:05:46,91282CLD1,TSRYS5850288,D,B,C,2024-08-27,4950000.00,3.8344,101.75
12:05:49,91282CLD1,TSRYS5850288,D,S,D,2024-08-27,2000000.00,3.750017,102.265625
12:05:49,91282CLD1,TSRYS5850288,D,S,D,2024-08-27,1000000.00,3.750017,102.265625
12:05:49,91282CLD1,TSRYS5850288,D,S,D,2024-08-27,1000000.00,3.750017,102.265625
12:05:49,91282CLD1,TSRYS5850288,D,S,D,2024-08-27,2000000.00,3.750017,102.265625
12:05:49,91282CLD1,TSRYS5850288,D,S,C,2024-08-27,1000000.00,3.750017,102.265625
12:05:49,91282CLD1,TSRYS5850288,D,S,D,2024-08-27,1000000.00,3.750017,102.265625
12:05:51,91282CLD1,TSRYS5850288,D,S,D,2024-08-27,5000.00,3.749379,102.26953125
12:05:51,91282CLD1,TSRYS5850288,D,S,D,2024-08-27,5000.00,3.736332,102.34953125
12:06:10,91282CLD1,TSRYS5850288,D,S,D,2024-08-27,1000000.00,3.749698,102.267578125
12:06:10,91282CLD1,TSRYS5850288,D,B,C,2024-08-27,1000000.00,3.749698,102.267578125
12:06:11,91282CLD1,TSRYS5850288,D,B,C,2024-08-27,2000000.00,3.749379,102.26953125
12:06:22,91282CLD1,TSRYS5850288,D,S,D,2024-08-27,1000000.00,3.748742,102.2734375
12:06:22,91282CLD1,TSRYS5850288,D,S,D,2024-08-27,700000.00,3.748742,102.2734375
12:06:22,91282CLD1,TSRYS5850288,D,S,T,2024-08-27,1000000.00,3.748742,102.2734375
12:06:22,91282CLD1,TSRYS5850288,D,S,T,2024-08-27,1000000.00,3.748742,102.2734375
12:06:22,91282CLD1,TSRYS5850288,D,S,T,2024-08-27,1000000.00,3.748742,102.2734375
12:06:22,91282CLD1,TSRYS5850288,D,S,T,2024-08-27,1000000.00,3.748742,102.2734375
12:06:26,91282CLD1,TSRYS5850288,D,S,T,2024-08-27,1000000.00,3.748742,102.2734375
12:06:27,91282CLD1,TSRYS5850288,D,B,C,2024-08-27,1000000.00,3.748742,102.2734375
12:06:27,91282CLD1,TSRYS5850288,D,S,C,2024-08-27,1000000.00,3.748742,102.2736375
12:06:27,91282CLD1,TSRYS5850288,D,B,C,2024-08-27,1000000.00,3.748742,102.2734375
12:06:27,91282CLD1,TSRYS5850288,D,S,C,2024-08-27,1000000.00,3.748742,102.2736375
12:06:27,91282CLD1,TSRYS5850288,D,B,C,2024-08-27,1000000.00,3.748742,102.2734375
12:06:27,91282CLD1,TSRYS5850288,D,S,C,2024-08-27,1000000.00,3.748742,102.2736375
12:06:34,91282CLD1,TSRYS5850288,D,B,C,2024-08-27,1000000.00,3.750017,102.265625
12:06:34,91282CLD1,TSRYS5850288,D,S,D,2024-08-27,1000000.00,3.750017,102.265625
12:06:42,91282CLD1,TSRYS5850288,D,S,T,2024-08-27,1000000.00,3.748742,102.2734375
12:06:43,91282CLD1,TSRYS5850288,D,S,T,2024-08-27,1000000.00,3.748742,102.2734375
12:06:47,91282CLD1,TSRYS5850288,D,S,T,2024-08-27,1000000.00,3.748742,102.2734375
12:06:50,91282CLD1,TSRYS5850288,D,S,T,2024-08-27,1000000.00,3.749379,102.26953125
12:06:50,91282CLD1,TSRYS5850288,D,S,C,2024-08-27,1000000.00,3.749379,102.26953125
12:06:50,91282CLD1,TSRYS5850288,D,S,T,2024-08-27,1000000.00,3.749379,102.26953125
12:06:50,91282CLD1,TSRYS5850288,D,S,T,2024-08-27,1000000.00,3.749379,102.26953125
12:06:50,91282CLD1,TSRYS5850288,D,S,C,2024-08-27,1000000.00,3.749061,102.271484375
12:06:50,91282CLD1,TSRYS5850288,D,B,C,2024-08-27,1000000.00,3.749061,102.271484375
12:06:50,91282CLD1,TSRYS5850288,D,S,D,2024-08-27,1000000.00,3.749698,102.267578125
12:06:51,91282CLD1,TSRYS5850288,D,B,C,2024-08-27,1000000.00,3.749061,102.271484375
12:06:51,91282CLD1,TSRYS5850288,D,S,D,2024-08-27,1000000.00,3.749698,102.267578125
12:06:51,91282CLD1,TSRYS5850288,D,S,D,2024-08-27,1000000.00,3.750017,102.265625
12:06:51,91282CLD1,TSRYS5850288,D,S,D,2024-08-27,1000000.00,3.749698,102.267578125
12:06:51,91282CLD1,TSRYS5850288,D,S,D,2024-08-27,1000000.00,3.749698,102.267578125
12:06:51,91282CLD1,TSRYS5850288,D,S,T,2024-08-27,1000000.00,3.749698,102.267578125
12:06:51,91282CLD1,TSRYS5850288,D,S,T,2024-08-27,1000000.00,3.750017,102.265625
12:06:51,91282CLD1,TSRYS5850288,D,S,T,2024-08-27,1000000.00,3.750017,102.265625
12:06:51,91282CLD1,TSRYS5850288,D,S,T,2024-08-27,1000000.00,3.750017,102.265625
12:06:51,91282CLD1,TSRYS5850288,D,S,T,2024-08-27,2000000.00,3.750017,102.265625
12:06:51,91282CLD1,TSRYS5850288,D,S,T,2024-08-27,1000000.00,3.750017,102.265625
12:06:51,91282CLD1,TSRYS5850288,D,S,T,2024-08-27,1000000.00,3.750017,102.265625
12:06:51,91282CLD1,TSRYS5850288,D,S,T,2024-08-27,1000000.00,3.750017,102.265625
12:06:51,91282CLD1,TSRYS5850288,D,S,T,2024-08-27,2000000.00,3.750017,102.265625
12:06:51,91282CLD1,TSRYS5850288,D,S,T,2024-08-27,1000000.00,3.750017,102.265625
12:06:51,91282CLD1,TSRYS5850288,D,S,T,2024-08-27,1000000.00,3.750017,102.265625
12:06:51,91282CLD1,TSRYS5850288,D,S,T,2024-08-27,1000000.00,3.750017,102.265625
12:06:51,91282CLD1,TSRYS5850288,D,S,T,2024-08-27,2000000.00,3.750017,102.265625
12:06:51,91282CLD1,TSRYS5850288,D,S,T,2024-08-27,1000000.00,3.750017,102.265625
12:06:51,91282CLD1,TSRYS5850288,D,S,T,2024-08-27,1000000.00,3.750017,102.265625
12:06:51,91282CLD1,TSRYS5850288,D,S,T,2024-08-27,1000000.00,3.750017,102.265625
12:06:51,91282CLD1,TSRYS5850288,D,S,T,2024-08-27,1000000.00,3.750017,102.265625
12:06:51,91282CLD1,TSRYS5850288,D,S,D,2024-08-27,1000000.00,3.749698,102.267578125
12:06:51,91282CLD1,TSRYS5850288,D,S,D,2024-08-27,2000000.00,3.749698,102.267578125
12:06:51,91282CLD1,TSRYS5850288,D,S,D,2024-08-27,1000000.00,3.749061,102.271484375
12:06:51,91282CLD1,TSRYS5850288,D,S,C,2024-08-27,1000000.00,3.750017,102.265625
12:06:51,91282CLD1,TSRYS5850288,D,S,C,2024-08-27,1000000.00,3.749698,102.267578125
12:06:51,91282CLD1,TSRYS5850288,D,S,C,2024-08-27,1000000.00,3.749698,102.267578125
12:06:51,91282CLD1,TSRYS5850288,D,S,C,2024-08-27,2000000.00,3.749698,102.267578125
12:06:51,91282CLD1,TSRYS5850288,D,S,C,2024-08-27,1000000.00,3.749698,102.267578125
12:06:51,91282CLD1,TSRYS5850288,D,B,C,2024-08-27,1000000.00,3.749698,102.267578125
12:06:51,91282CLD1,TSRYS5850288,D,S,D,2024-08-27,1000000.00,3.749698,102.267578125
12:06:51,91282CLD1,TSRYS5850288,D,S,C,2024-08-27,1000000.00,3.749379,102.26953125
12:06:51,91282CLD1,TSRYS5850288,D,S,D,2024-08-27,1000000.00,3.749379,102.26953125
12:06:51,91282CLD1,TSRYS5850288,D,S,T,2024-08-27,1000000.00,3.749379,102.26953125
12:06:51,91282CLD1,TSRYS5850288,D,S,T,2024-08-27,1000000.00,3.749379,102.26953125
12:06:51,91282CLD1,TSRYS5850288,D,S,T,2024-08-27,1000000.00,3.749379,102.26953125
12:06:51,91282CLD1,TSRYS5850288,D,S,T,2024-08-27,1000000.00,3.749379,102.26953125
12:06:51,91282CLD1,TSRYS5850288,D,S,C,2024-08-27,1000000.00,3.749379,102.26953125
12:06:52,91282CLD1,TSRYS5850288,D,S,D,2024-08-27,1000000.00,3.749379,102.26953125
12:06:52,91282CLD1,TSRYS5850288,D,S,D,2024-08-27,1000000.00,3.749379,102.26953125
12:06:52,91282CLD1,TSRYS5850288,D,S,C,2024-08-27,1000000.00,3.749682,102.267678125
12:06:54,91282CLD1,TSRYS5850288,D,S,D,2024-08-27,1000000.00,3.749379,102.26953125
12:06:54,91282CLD1,TSRYS5850288,D,B,C,2024-08-27,1000000.00,3.749379,102.26953125
12:06:55,91282CLD1,TSRYS5850288,D,S,C,2024-08-27,1000000.00,3.749698,102.267578125
12:06:55,91282CLD1,TSRYS5850288,D,S,C,2024-08-27,1000000.00,3.749379,102.26953125
12:06:55,91282CLD1,TSRYS5850288,D,S,C,2024-08-27,1000000.00,3.749379,102.26953125
12:06:55,91282CLD1,TSRYS5850288,D,S,C,2024-08-27,1000000.00,3.750017,102.265625
12:06:55,91282CLD1,TSRYS5850288,D,S,D,2024-08-27,2000000.00,3.750017,102.265625
12:06:55,91282CLD1,TSRYS5850288,D,S,C,2024-08-27,1000000.00,3.750017,102.2658
12:06:55,91282CLD1,TSRYS5850288,D,S,D,2024-08-27,1000000.00,3.750017,102.265625
12:07:01,91282CLD1,TSRYS5850288,D,S,C,2024-08-27,9350000.00,3.8344,101.75
12:07:04,91282CLD1,TSRYS5850288,D,S,C,2024-08-27,1000000.00,3.748742,102.2734375
12:07:04,91282CLD1,TSRYS5850288,D,S,D,2024-08-27,1000000.00,3.748742,102.2734375
12:07:04,91282CLD1,TSRYS5850288,D,S,C,2024-08-27,1000000.00,3.748742,102.2734375
12:07:21,91282CLD1,TSRYS5850288,D,S,C,2024-08-27,1000000.00,3.748742,102.2734375
12:07:21,91282CLD1,TSRYS5850288,D,S,C,2024-08-27,1000000.00,3.748718,102.2735875
12:07:21,91282CLD1,TSRYS5850288,D,S,C,2024-08-27,1000000.00,3.748718,102.2735875
12:07:21,91282CLD1,TSRYS5850288,D,S,C,2024-08-27,4000000.00,3.748718,102.2735875
12:07:21,91282CLD1,TSRYS5850288,D,B,C,2024-08-27,4000000.00,3.748783,102.2731875
12:07:21,91282CLD1,TSRYS5850288,D,B,C,2024-08-27,1000000.00,3.748742,102.2734375
12:07:36,91282CLD1,TSRYS5850288,D,B,C,2024-08-27,1000000.00,3.748783,102.2731875
12:07:36,91282CLD1,TSRYS5850288,D,S,D,2024-08-27,1000000.00,3.748742,102.2734375
12:07:36,91282CLD1,TSRYS5850288,D,S,D,2024-08-27,1000000.00,3.748742,102.2734375
12:07:36,91282CLD1,TSRYS5850288,D,B,C,2024-08-27,1000000.00,3.748783,102.2731875
12:07:36,91282CLD1,TSRYS5850288,D,S,D,2024-08-27,1000000.00,3.748742,102.2734375
12:07:36,91282CLD1,TSRYS5850288,D,S,D,2024-08-27,1000000.00,3.748742,102.2734375
12:07:36,91282CLD1,TSRYS5850288,D,S,D,2024-08-27,1000000.00,3.748742,102.2734375
12:07:36,91282CLD1,TSRYS5850288,D,S,D,2024-08-27,1000000.00,3.748742,102.2734375
12:07:36,91282CLD1,TSRYS5850288,D,B,C,2024-08-27,1000000.00,3.748742,102.2734375
12:07:36,91282CLD1,TSRYS5850288,D,S,C,2024-08-27,1000000.00,3.749988,102.2658
12:07:36,91282CLD1,TSRYS5850288,D,S,C,2024-08-27,1000000.00,3.749988,102.2658
12:07:36,91282CLD1,TSRYS5850288,D,S,C,2024-08-27,1000000.00,3.749988,102.2658
12:07:36,91282CLD1,TSRYS5850288,D,S,C,2024-08-27,1000000.00,3.750017,102.265625
12:07:36,91282CLD1,TSRYS5850288,D,S,D,2024-08-27,1000000.00,3.750017,102.265625
12:07:51,91282CLD1,TSRYS5850288,D,S,D,2024-08-27,1000000.00,3.750017,102.265625
12:07:51,91282CLD1,TSRYS5850288,D,S,D,2024-08-27,1000000.00,3.750017,102.265625
12:07:51,91282CLD1,TSRYS5850288,D,S,C,2024-08-27,2000000.00,3.749992,102.265775
12:07:51,91282CLD1,TSRYS5850288,D,S,C,2024-08-27,1000000.00,3.749976,102.265875
12:07:51,91282CLD1,TSRYS5850288,D,S,C,2024-08-27,1000000.00,3.750017,102.265625
12:07:51,91282CLD1,TSRYS5850288,D,S,C,2024-08-27,1000000.00,3.749984,102.265825
12:07:51,91282CLD1,TSRYS5850288,D,S,C,2024-08-27,2000000.00,3.74998,102.26585
12:07:52,91282CLD1,TSRYS5850288,D,S,T,2024-08-27,1000000.00,3.748742,102.2734375
12:07:52,91282CLD1,TSRYS5850288,D,S,T,2024-08-27,1000000.00,3.748742,102.2734375
12:08:29,91282CLD1,TSRYS5850288,D,S,D,2024-08-27,1000000.00,3.747786,102.279296875
12:08:29,91282CLD1,TSRYS5850288,D,S,C,2024-08-27,1000000.00,3.747786,102.279296875
12:08:36,91282CLD1,TSRYS5850288,D,S,D,2024-08-27,1000000.00,3.748742,102.2734375
12:08:36,91282CLD1,TSRYS5850288,D,S,D,2024-08-27,1000000.00,3.748742,102.2734375
12:08:36,91282CLD1,TSRYS5850288,D,S,C,2024-08-27,1000000.00,3.748709,102.2736375
12:08:36,91282CLD1,TSRYS5850288,D,B,C,2024-08-27,1000000.00,3.748742,102.2734375
12:08:46,91282CLD1,TSRYS5850288,D,S,T,2024-08-27,1000000.00,3.748742,102.2734375
12:08:46,91282CLD1,TSRYS5850288,D,S,T,2024-08-27,1000000.00,3.748742,102.2734375
12:09:00,91282CLD1,TSRYS5850288,D,S,D,2024-08-27,1000000.00,3.749379,102.26953125
12:09:00,91282CLD1,TSRYS5850288,D,B,C,2024-08-27,1000000.00,3.749379,102.26953125
12:09:14,91282CLD1,TSRYS5850288,D,S,D,2024-08-27,1000000.00,3.749698,102.267578125
12:09:14,91282CLD1,TSRYS5850288,D,S,C,2024-08-27,1000000.00,3.749698,102.267578125
12:09:15,91282CLD1,TSRYS5850288,D,S,T,2024-08-27,1000000.00,3.749698,102.267578125
12:09:16,91282CLD1,TSRYS5850288,D,S,T,2024-08-27,1000000.00,3.749718,102.267453125
12:09:16,91282CLD1,TSRYS5850288,D,S,T,2024-08-27,1000000.00,3.750017,102.265625
12:09:16,91282CLD1,TSRYS5850288,D,S,T,2024-08-27,1000000.00,3.750017,102.265625
12:09:17,91282CLD1,TSRYS5850288,D,S,T,2024-08-27,2000000.00,3.750017,102.265625
12:09:17,91282CLD1,TSRYS5850288,D,S,T,2024-08-27,1000000.00,3.749718,102.267453125
12:09:17,91282CLD1,TSRYS5850288,D,S,T,2024-08-27,1000000.00,3.749698,102.267578125
12:09:18,91282CLD1,TSRYS5850288,D,S,D,2024-08-27,1000000.00,3.749698,102.267578125
12:09:18,91282CLD1,TSRYS5850288,D,S,D,2024-08-27,1000000.00,3.750017,102.265625
12:09:18,91282CLD1,TSRYS5850288,D,S,D,2024-08-27,1000000.00,3.749698,102.267578125
12:09:18,91282CLD1,TSRYS5850288,D,S,D,2024-08-27,1000000.00,3.750017,102.265625
12:09:18,91282CLD1,TSRYS5850288,D,S,D,2024-08-27,2000000.00,3.750017,102.265625
12:09:42,91282CLD1,TSRYS5850288,D,S,D,2024-08-27,2000000.00,3.750017,102.265625
12:09:43,91282CLD1,TSRYS5850288,D,S,D,2024-08-27,1000000.00,3.750973,102.259765625
12:09:50,91282CLD1,TSRYS5850288,D,S,D,2024-08-27,5000.00,3.750654,102.26171875
12:09:51,91282CLD1,TSRYS5850288,D,S,D,2024-08-27,5000.00,3.737606,102.34171875
12:09:52,91282CLD1,TSRYS5850288,D,S,T,2024-08-27,1000000.00,3.750973,102.259765625
12:09:52,91282CLD1,TSRYS5850288,D,S,D,2024-08-27,1000000.00,3.748742,102.2734375
12:09:52,91282CLD1,TSRYS5850288,D,S,D,2024-08-27,1000000.00,3.748742,102.2734375
12:09:53,91282CLD1,TSRYS5850288,D,S,D,2024-08-27,1000000.00,3.750017,102.265625
12:09:53,91282CLD1,TSRYS5850288,D,B,C,2024-08-27,1000000.00,3.750017,102.265625
12:09:54,91282CLD1,TSRYS5850288,D,S,D,2024-08-27,10000000.00,3.750514,102.262575796
12:10:08,91282CLD1,TSRYS5850288,D,S,T,2024-08-27,1000000.00,3.747467,102.28125
12:10:12,91282CLD1,TSRYS5850288,D,S,T,2024-08-27,1000000.00,3.750017,102.265625
12:10:12,91282CLD1,TSRYS5850288,D,S,T,2024-08-27,1000000.00,3.750654,102.26171875
12:10:12,91282CLD1,TSRYS5850288,D,S,T,2024-08-27,1000000.00,3.750335,102.263671875
12:10:12,91282CLD1,TSRYS5850288,D,S,T,2024-08-27,1000000.00,3.750017,102.265625
12:10:12,91282CLD1,TSRYS5850288,D,S,D,2024-08-27,1000000.00,3.750654,102.26171875
12:10:12,91282CLD1,TSRYS5850288,D,S,T,2024-08-27,1000000.00,3.750017,102.265625
12:10:12,91282CLD1,TSRYS5850288,D,S,D,2024-08-27,1000000.00,3.750335,102.263671875
12:10:13,91282CLD1,TSRYS5850288,D,B,C,2024-08-27,1000000.00,3.750335,102.263671875
12:10:13,91282CLD1,TSRYS5850288,D,S,D,2024-08-27,1000000.00,3.750335,102.263671875
12:10:13,91282CLD1,TSRYS5850288,D,B,C,2024-08-27,1000000.00,3.750335,102.263671875
12:10:13,91282CLD1,TSRYS5850288,D,S,D,2024-08-27,1000000.00,3.750335,102.263671875
12:10:13,91282CLD1,TSRYS5850288,D,B,C,2024-08-27,1000000.00,3.750335,102.263671875
12:10:13,91282CLD1,TSRYS5850288,D,S,D,2024-08-27,1000000.00,3.750335,102.263671875
12:10:13,91282CLD1,TSRYS5850288,D,S,T,2024-08-27,2000000.00,3.750017,102.265625
12:10:13,91282CLD1,TSRYS5850288,D,S,D,2024-08-27,1000000.00,3.750017,102.265625
12:10:13,91282CLD1,TSRYS5850288,D,B,C,2024-08-27,1000000.00,3.750017,102.265625
12:10:14,91282CLD1,TSRYS5850288,D,S,D,2024-08-27,1000000.00,3.750017,102.265625
12:10:14,91282CLD1,TSRYS5850288,D,B,C,2024-08-27,1000000.00,3.750017,102.265625
12:10:14,91282CLD1,TSRYS5850288,D,S,D,2024-08-27,1000000.00,3.750017,102.265625
12:10:14,91282CLD1,TSRYS5850288,D,B,C,2024-08-27,1000000.00,3.750017,102.265625
12:10:14,91282CLD1,TSRYS5850288,D,S,D,2024-08-27,1000000.00,3.750017,102.265625
12:10:14,91282CLD1,TSRYS5850288,D,S,D,2024-08-27,1000000.00,3.750017,102.265625
12:10:14,91282CLD1,TSRYS5850288,D,S,D,2024-08-27,1000000.00,3.750017,102.265625
12:10:15,91282CLD1,TSRYS5850288,D,B,C,2024-08-27,1000000.00,3.750017,102.265625
12:10:15,91282CLD1,TSRYS5850288,D,S,D,2024-08-27,1000000.00,3.750017,102.265625
12:10:15,91282CLD1,TSRYS5850288,D,B,C,2024-08-27,1000000.00,3.750017,102.265625
12:10:15,91282CLD1,TSRYS5850288,D,S,D,2024-08-27,1000000.00,3.750017,102.265625
12:10:15,91282CLD1,TSRYS5850288,D,S,D,2024-08-27,1000000.00,3.750017,102.265625
12:10:15,91282CLD1,TSRYS5850288,D,S,D,2024-08-27,3000000.00,3.750017,102.265625
12:10:17,91282CLD1,TSRYS5850288,D,S,D,2024-08-27,2000000.00,3.750017,102.265625
12:10:17,91282CLD1,TSRYS5850288,D,S,D,2024-08-27,1000000.00,3.750017,102.265625
12:10:18,91282CLD1,TSRYS5850288,D,S,T,2024-08-27,1000000.00,3.750017,102.265625
12:10:19,91282CLD1,TSRYS5850288,D,S,T,2024-08-27,1000000.00,3.750017,102.265625
12:10:19,91282CLD1,TSRYS5850288,D,S,T,2024-08-27,1000000.00,3.750017,102.265625
12:10:19,91282CLD1,TSRYS5850288,D,S,D,2024-08-27,1000000.00,3.750017,102.265625
12:10:19,91282CLD1,TSRYS5850288,D,B,C,2024-08-27,1000000.00,3.750017,102.265625
12:10:19,91282CLD1,TSRYS5850288,D,S,D,2024-08-27,1000000.00,3.750017,102.265625
12:10:19,91282CLD1,TSRYS5850288,D,B,C,2024-08-27,1000000.00,3.750017,102.265625
12:10:22,91282CLD1,TSRYS5850288,D,B,C,2024-08-27,1000000.00,3.750017,102.265625
12:10:22,91282CLD1,TSRYS5850288,D,S,D,2024-08-27,1000000.00,3.750017,102.265625
12:10:26,91282CLD1,TSRYS5850288,D,S,D,2024-08-27,1000000.00,3.750017,102.265625
12:10:26,91282CLD1,TSRYS5850288,D,S,T,2024-08-27,1000000.00,3.750017,102.265625
12:10:36,91282CLD1,TSRYS5850288,D,S,T,2024-08-27,2000000.00,3.751292,102.2578125
12:10:38,91282CLD1,TSRYS5850288,D,S,D,2024-08-27,1000000.00,3.750017,102.265625
12:10:38,91282CLD1,TSRYS5850288,D,S,D,2024-08-27,1000000.00,3.750017,102.265625
12:10:38,91282CLD1,TSRYS5850288,D,B,C,2024-08-27,1000000.00,3.750017,102.265625
12:10:46,91282CLD1,TSRYS5850288,D,S,T,2024-08-27,1000000.00,3.750654,102.26171875
12:10:46,91282CLD1,TSRYS5850288,D,S,T,2024-08-27,1000000.00,3.750654,102.26171875
12:10:46,91282CLD1,TSRYS5850288,D,S,T,2024-08-27,1000000.00,3.750654,102.26171875
12:10:46,91282CLD1,TSRYS5850288,D,S,T,2024-08-27,1000000.00,3.750654,102.26171875
12:10:49,91282CLD1,TSRYS5850288,D,B,C,2024-08-27,1000000.00,3.750654,102.26171875
12:10:49,91282CLD1,TSRYS5850288,D,S,D,2024-08-27,1000000.00,3.750634,102.26184375
12:10:49,91282CLD1,TSRYS5850288,D,S,D,2024-08-27,1000000.00,3.750634,102.26184375
12:10:51,91282CLD1,TSRYS5850288,D,S,D,2024-08-27,1000000.00,3.750654,102.26171875
12:10:51,91282CLD1,TSRYS5850288,D,S,D,2024-08-27,1000000.00,3.750654,102.26171875
12:10:51,91282CLD1,TSRYS5850288,D,S,D,2024-08-27,1000000.00,3.750654,102.26171875
12:10:53,91282CLD1,TSRYS5850288,D,S,D,2024-08-27,1000000.00,3.74998,102.265852
12:10:53,91282CLD1,TSRYS5850288,D,S,D,2024-08-27,1000000.00,3.74998,102.265852
12:10:53,91282CLD1,TSRYS5850288,D,B,C,2024-08-27,1000000.00,3.750017,102.265625
12:10:58,91282CLD1,TSRYS5850288,D,S,T,2024-08-27,365000.00,3.750017,102.265625
12:10:59,91282CLD1,TSRYS5850288,D,S,T,2024-08-27,1000000.00,3.750654,102.26171875
12:10:59,91282CLD1,TSRYS5850288,D,S,T,2024-08-27,2000000.00,3.750654,102.26171875
12:10:59,91282CLD1,TSRYS5850288,D,S,D,2024-08-27,1000000.00,3.750634,102.26184375
12:10:59,91282CLD1,TSRYS5850288,D,S,T,2024-08-27,1000000.00,3.750654,102.26171875
12:10:59,91282CLD1,TSRYS5850288,D,S,T,2024-08-27,1000000.00,3.750654,102.26171875
12:10:59,91282CLD1,TSRYS5850288,D,S,D,2024-08-27,1000000.00,3.750634,102.26184375
12:11:00,91282CLD1,TSRYS5850288,D,S,D,2024-08-27,1000000.00,3.750634,102.26184375
12:11:01,91282CLD1,TSRYS5850288,D,S,D,2024-08-27,1000000.00,3.750634,102.26184375
12:11:01,91282CLD1,TSRYS5850288,D,B,C,2024-08-27,1000000.00,3.750654,102.26171875
12:11:02,91282CLD1,TSRYS5850288,D,S,T,2024-08-27,1000000.00,3.750654,102.26171875
12:11:02,91282CLD1,TSRYS5850288,D,S,T,2024-08-27,1000000.00,3.750654,102.26171875
12:11:02,91282CLD1,TSRYS5850288,D,S,D,2024-08-27,1000000.00,3.750634,102.26184375
12:11:04,91282CLD1,TSRYS5850288,D,S,D,2024-08-27,2000000.00,3.750654,102.26171875
12:11:07,91282CLD1,TSRYS5850288,D,B,C,2024-08-27,1000000.00,3.750654,102.26171875
12:11:07,91282CLD1,TSRYS5850288,D,S,D,2024-08-27,1000000.00,3.750654,102.26171875
12:11:07,91282CLD1,TSRYS5850288,D,S,D,2024-08-27,1000000.00,3.750654,102.26171875
12:11:07,91282CLD1,TSRYS5850288,D,S,D,2024-08-27,1000000.00,3.750654,102.26171875
12:11:07,91282CLD1,TSRYS5850288,D,B,C,2024-08-27,1000000.00,3.750654,102.26171875
12:11:08,91282CLD1,TSRYS5850288,D,S,D,2024-08-27,1000000.00,3.750973,102.259765625
12:11:10,91282CLD1,TSRYS5850288,D,S,D,2024-08-27,365000.00,3.750017,102.265625
12:11:10,91282CLD1,TSRYS5850288,D,S,C,2024-08-27,365000.00,3.750017,102.265625
12:11:21,91282CLD1,TSRYS5850288,D,S,D,2024-08-27,2000000.00,3.750017,102.265625
12:11:24,91282CLD1,TSRYS5850288,D,S,T,2024-08-27,1000000.00,3.748742,102.2734375
12:11:24,91282CLD1,TSRYS5850288,D,S,D,2024-08-27,1000000.00,3.748742,102.2734375
12:11:24,91282CLD1,TSRYS5850288,D,S,T,2024-08-27,1000000.00,3.748742,102.2734375
12:11:24,91282CLD1,TSRYS5850288,D,S,D,2024-08-27,1000000.00,3.748742,102.2734375
12:11:26,91282CLD1,TSRYS5850288,D,S,D,2024-08-27,1000000.00,3.748742,102.2734375
12:11:26,91282CLD1,TSRYS5850288,D,S,D,2024-08-27,1000000.00,3.748742,102.2734375
12:11:30,91282CLD1,TSRYS5850288,D,S,T,2024-08-27,1000000.00,3.748742,102.2734375
12:11:31,91282CLD1,TSRYS5850288,D,S,T,2024-08-27,1000000.00,3.750973,102.25976562
12:11:32,91282CLD1,TSRYS5850288,D,S,D,2024-08-27,2000000.00,3.749379,102.26953125
12:11:36,91282CLD1,TSRYS5850288,D,B,C,2024-08-27,1000000.00,3.751292,102.2578125
12:11:36,91282CLD1,TSRYS5850288,D,S,D,2024-08-27,1000000.00,3.751292,102.2578125
12:11:36,91282CLD1,TSRYS5850288,D,S,D,2024-08-27,2000000.00,3.751292,102.2578125
12:11:41,91282CLD1,TSRYS5850288,D,S,D,2024-08-27,365000.00,3.750017,102.265625
12:11:43,91282CLD1,TSRYS5850288,D,S,T,2024-08-27,1000000.00,3.748742,102.2734375
12:11:44,91282CLD1,TSRYS5850288,D,S,T,2024-08-27,1000000.00,3.748742,102.2734375
12:11:52,91282CLD1,TSRYS5850288,D,S,D,2024-08-27,1000000.00,3.750017,102.265625
12:11:52,91282CLD1,TSRYS5850288,D,B,C,2024-08-27,1000000.00,3.750017,102.265625
12:11:52,91282CLD1,TSRYS5850288,D,B,C,2024-08-27,1000000.00,3.748775,102.2732375
12:11:52,91282CLD1,TSRYS5850288,D,S,D,2024-08-27,1000000.00,3.748725,102.2735395
12:12:04,91282CLD1,TSRYS5850288,D,S,T,2024-08-27,1000000.00,3.749379,102.26953125
12:12:08,91282CLD1,TSRYS5850288,D,S,T,2024-08-27,1000000.00,3.749379,102.26953125
12:12:09,91282CLD1,TSRYS5850288,D,S,T,2024-08-27,1000000.00,3.749379,102.26953125
12:12:09,91282CLD1,TSRYS5850288,D,S,D,2024-08-27,1000000.00,3.749359,102.26965625
12:12:09,91282CLD1,TSRYS5850288,D,S,D,2024-08-27,1000000.00,3.749379,102.26953125
12:12:09,91282CLD1,TSRYS5850288,D,B,C,2024-08-27,1000000.00,3.749379,102.26953125
12:12:09,91282CLD1,TSRYS5850288,D,B,C,2024-08-27,1000000.00,3.750057,102.265375
12:12:09,91282CLD1,TSRYS5850288,D,S,D,2024-08-27,1000000.00,3.749995,102.265755
12:12:10,91282CLD1,TSRYS5850288,D,S,D,2024-08-27,1000000.00,3.749359,102.26965625
12:12:10,91282CLD1,TSRYS5850288,D,B,C,2024-08-27,1000000.00,3.749379,102.26953125
12:12:13,91282CLD1,TSRYS5850288,D,S,D,2024-08-27,1000000.00,3.749379,102.26953125
12:12:13,91282CLD1,TSRYS5850288,D,S,D,2024-08-27,1000000.00,3.749379,102.26953125
12:12:25,91282CLD1,TSRYS5850288,D,S,D,2024-08-27,1000000.00,3.748742,102.2734375
12:12:25,91282CLD1,TSRYS5850288,D,S,D,2024-08-27,1000000.00,3.748742,102.2734375
12:12:25,91282CLD1,TSRYS5850288,D,B,C,2024-08-27,1000000.00,3.748742,102.2734375
12:12:25,91282CLD1,TSRYS5850288,D,S,D,2024-08-27,1000000.00,3.748742,102.2734375
12:12:25,91282CLD1,TSRYS5850288,D,B,C,2024-08-27,1000000.00,3.748742,102.2734375
12:12:26,91282CLD1,TSRYS5850288,D,S,D,2024-08-27,1000000.00,3.747786,102.279296875
12:12:26,91282CLD1,TSRYS5850288,D,S,C,2024-08-27,1000000.00,3.748105,102.27734375
12:12:27,91282CLD1,TSRYS5850288,D,S,T,2024-08-27,2000000.00,3.748742,102.2734375
12:12:27,91282CLD1,TSRYS5850288,D,S,D,2024-08-27,1000000.00,3.748105,102.27734375
12:12:28,91282CLD1,TSRYS5850288,D,S,D,2024-08-27,1000000.00,3.748105,102.27734375
12:12:28,91282CLD1,TSRYS5850288,D,S,D,2024-08-27,1000000.00,3.748105,102.27734375
12:12:28,91282CLD1,TSRYS5850288,D,S,C,2024-08-27,1000000.00,3.748105,102.27734375
12:12:28,91282CLD1,TSRYS5850288,D,S,D,2024-08-27,1000000.00,3.748105,102.27734375
12:12:29,91282CLD1,TSRYS5850288,D,S,T,2024-08-27,1000000.00,3.747819,102.279096875
12:12:30,91282CLD1,TSRYS5850288,D,S,C,2024-08-27,1000000.00,3.747786,102.279296875
12:12:30,91282CLD1,TSRYS5850288,D,B,C,2024-08-27,1000000.00,3.747786,102.279296875
12:12:31,91282CLD1,TSRYS5850288,D,S,D,2024-08-27,1000000.00,3.747786,102.279296875
12:12:39,91282CLD1,TSRYS5850288,D,S,C,2024-08-27,10000000.00,3.752566,102.25
12:12:40,91282CLD1,TSRYS5850288,D,S,C,2024-08-27,1000000.00,3.748742,102.2734375
12:12:40,91282CLD1,TSRYS5850288,D,B,C,2024-08-27,1000000.00,3.748742,102.2734375
12:12:40,91282CLD1,TSRYS5850288,D,S,D,2024-08-27,1000000.00,3.748742,102.2734375
12:12:40,91282CLD1,TSRYS5850288,D,S,C,2024-08-27,1000000.00,3.748742,102.2734375
12:12:40,91282CLD1,TSRYS5850288,D,B,C,2024-08-27,1000000.00,3.748742,102.2734375
12:12:40,91282CLD1,TSRYS5850288,D,S,D,2024-08-27,1000000.00,3.748742,102.2734375
12:12:46,91282CLD1,TSRYS5850288,D,S,D,2024-08-27,2000000.00,3.747467,102.28125
12:12:48,91282CLD1,TSRYS5850288,D,S,T,2024-08-27,1000000.00,3.747467,102.28125
12:12:50,91282CLD1,TSRYS5850288,D,S,T,2024-08-27,1000000.00,3.746193,102.2890625
12:12:50,91282CLD1,TSRYS5850288,D,S,T,2024-08-27,2000000.00,3.746193,102.2890625
12:12:50,91282CLD1,TSRYS5850288,D,S,T,2024-08-27,1000000.00,3.744918,102.296875
12:12:50,91282CLD1,TSRYS5850288,D,S,T,2024-08-27,1000000.00,3.744918,102.296875
12:12:50,91282CLD1,TSRYS5850288,D,S,T,2024-08-27,1000000.00,3.746193,102.2890625
12:12:50,91282CLD1,TSRYS5850288,D,S,T,2024-08-27,1000000.00,3.744918,102.296875
12:12:50,91282CLD1,TSRYS5850288,D,S,T,2024-08-27,1000000.00,3.746193,102.2890625
12:12:50,91282CLD1,TSRYS5850288,D,S,T,2024-08-27,1000000.00,3.746193,102.2890625
12:12:50,91282CLD1,TSRYS5850288,D,S,T,2024-08-27,1000000.00,3.746193,102.2890625
12:12:50,91282CLD1,TSRYS5850288,D,S,T,2024-08-27,1000000.00,3.746193,102.2890625
12:12:50,91282CLD1,TSRYS5850288,D,S,T,2024-08-27,1000000.00,3.746193,102.2890625
12:12:50,91282CLD1,TSRYS5850288,D,S,T,2024-08-27,1000000.00,3.746193,102.2890625
12:12:50,91282CLD1,TSRYS5850288,D,S,T,2024-08-27,1000000.00,3.746193,102.2890625
12:12:50,91282CLD1,TSRYS5850288,D,S,C,2024-08-27,2000000.00,3.746193,102.2890625
12:12:51,91282CLD1,TSRYS5850288,D,S,C,2024-08-27,1000000.00,3.745874,102.291015625
12:12:51,91282CLD1,TSRYS5850288,D,S,T,2024-08-27,1000000.00,3.747467,102.28125
12:12:51,91282CLD1,TSRYS5850288,D,S,D,2024-08-27,2440000.00,3.74683,102.28515625
12:12:51,91282CLD1,TSRYS5850288,D,S,T,2024-08-27,2000000.00,3.744918,102.296875
12:12:51,91282CLD1,TSRYS5850288,D,S,T,2024-08-27,1000000.00,3.744918,102.296875
12:12:51,91282CLD1,TSRYS5850288,D,S,T,2024-08-27,1000000.00,3.744918,102.296875
12:12:51,91282CLD1,TSRYS5850288,D,S,T,2024-08-27,1000000.00,3.744918,102.296875
12:12:51,91282CLD1,TSRYS5850288,D,S,T,2024-08-27,1000000.00,3.744918,102.296875
12:12:51,91282CLD1,TSRYS5850288,D,S,T,2024-08-27,2000000.00,3.744918,102.296875
12:12:51,91282CLD1,TSRYS5850288,D,S,D,2024-08-27,2440000.00,3.74683,102.28515625
12:12:53,91282CLD1,TSRYS5850288,D,B,C,2024-08-27,1000000.00,3.745891,102.290915625
12:12:53,91282CLD1,TSRYS5850288,D,S,D,2024-08-27,1000000.00,3.745874,102.291015625
12:12:55,91282CLD1,TSRYS5850288,D,B,C,2024-08-27,1000000.00,3.746193,102.2890625
12:12:55,91282CLD1,TSRYS5850288,D,S,C,2024-08-27,1000000.00,3.746193,102.2890625
12:12:56,91282CLD1,TSRYS5850288,D,S,T,2024-08-27,2000000.00,3.744918,102.296875
12:12:57,91282CLD1,TSRYS5850288,D,S,D,2024-08-27,1000000.00,3.744918,102.296875
12:12:57,91282CLD1,TSRYS5850288,D,S,D,2024-08-27,2000000.00,3.745556,102.29296875
12:12:58,91282CLD1,TSRYS5850288,D,S,T,2024-08-27,2000000.00,3.743644,102.3046875
12:12:58,91282CLD1,TSRYS5850288,D,S,T,2024-08-27,2000000.00,3.743644,102.3046875
12:12:59,91282CLD1,TSRYS5850288,D,S,T,2024-08-27,1000000.00,3.743644,102.3046875
12:12:59,91282CLD1,TSRYS5850288,D,S,T,2024-08-27,2000000.00,3.746193,102.2890625
12:12:59,91282CLD1,TSRYS5850288,D,S,T,2024-08-27,1000000.00,3.746193,102.2890625
12:12:59,91282CLD1,TSRYS5850288,D,S,T,2024-08-27,1000000.00,3.746193,102.2890625
12:12:59,91282CLD1,TSRYS5850288,D,S,D,2024-08-27,2000000.00,3.743963,102.302734375
12:13:01,91282CLD1,TSRYS5850288,D,S,T,2024-08-27,1000000.00,3.744918,102.296875
12:13:01,91282CLD1,TSRYS5850288,D,S,T,2024-08-27,1000000.00,3.7446,102.298828125
12:13:01,91282CLD1,TSRYS5850288,D,S,D,2024-08-27,1000000.00,3.7446,102.298828125
12:13:01,91282CLD1,TSRYS5850288,D,S,D,2024-08-27,1000000.00,3.7446,102.298828125
12:13:01,91282CLD1,TSRYS5850288,D,S,D,2024-08-27,1000000.00,3.7446,102.298828125
12:13:05,91282CLD1,TSRYS5850288,D,S,T,2024-08-27,2000000.00,3.743644,102.3046875
12:13:06,91282CLD1,TSRYS5850288,D,S,T,2024-08-27,2000000.00,3.743963,102.302734375
12:13:08,91282CLD1,TSRYS5850288,D,B,C,2024-08-27,1000000.00,3.748742,102.2734375
12:13:08,91282CLD1,TSRYS5850288,D,S,D,2024-08-27,1000000.00,3.748742,102.2734375
12:13:08,91282CLD1,TSRYS5850288,D,S,C,2024-08-27,2000000.00,3.748705,102.2736625
12:13:08,91282CLD1,TSRYS5850288,D,S,D,2024-08-27,1000000.00,3.747467,102.28125
12:13:08,91282CLD1,TSRYS5850288,D,B,C,2024-08-27,1000000.00,3.747467,102.28125
12:13:09,91282CLD1,TSRYS5850288,D,S,T,2024-08-27,1000000.00,3.744918,102.296875
12:13:12,91282CLD1,TSRYS5850288,D,S,T,2024-08-27,1000000.00,3.745874,102.291015625
12:13:14,91282CLD1,TSRYS5850288,D,S,T,2024-08-27,1000000.00,3.746193,102.2890625
12:13:15,91282CLD1,TSRYS5850288,D,S,T,2024-08-27,1000000.00,3.743644,102.3046875
12:13:15,91282CLD1,TSRYS5850288,D,B,C,2024-08-27,1000000.00,3.743661,102.3045875
12:13:15,91282CLD1,TSRYS5850288,D,S,T,2024-08-27,1000000.00,3.744918,102.296875
12:13:15,91282CLD1,TSRYS5850288,D,S,T,2024-08-27,1000000.00,3.743644,102.3046875
12:13:15,91282CLD1,TSRYS5850288,D,S,T,2024-08-27,1000000.00,3.743644,102.3046875
12:13:15,91282CLD1,TSRYS5850288,D,S,C,2024-08-27,1000000.00,3.743644,102.3046875
12:13:18,91282CLD1,TSRYS5850288,D,S,T,2024-08-27,3000000.00,3.750017,102.265625
12:13:19,91282CLD1,TSRYS5850288,D,S,T,2024-08-27,1000000.00,3.743644,102.3046875
12:13:20,91282CLD1,TSRYS5850288,D,B,C,2024-08-27,1000000.00,3.744918,102.296875
12:13:20,91282CLD1,TSRYS5850288,D,S,C,2024-08-27,1000000.00,3.744918,102.296875
12:13:20,91282CLD1,TSRYS5850288,D,B,C,2024-08-27,1000000.00,3.743644,102.3046875
12:13:20,91282CLD1,TSRYS5850288,D,S,C,2024-08-27,1000000.00,3.743644,102.3046875
12:13:20,91282CLD1,TSRYS5850288,D,S,C,2024-08-27,1000000.00,3.743644,102.3046875
12:13:20,91282CLD1,TSRYS5850288,D,S,C,2024-08-27,1000000.00,3.743644,102.3046875
12:13:20,91282CLD1,TSRYS5850288,D,B,C,2024-08-27,1000000.00,3.743644,102.3046875
12:13:20,91282CLD1,TSRYS5850288,D,S,C,2024-08-27,1000000.00,3.743644,102.3046875
12:13:23,91282CLD1,TSRYS5850288,D,S,C,2024-08-27,1000000.00,3.747435,102.28145
12:13:23,91282CLD1,TSRYS5850288,D,B,C,2024-08-27,1000000.00,3.747467,102.28125
12:13:23,91282CLD1,TSRYS5850288,D,S,D,2024-08-27,1000000.00,3.747467,102.28125
12:13:23,91282CLD1,TSRYS5850288,D,B,C,2024-08-27,1000000.00,3.747492,102.2811
12:13:23,91282CLD1,TSRYS5850288,D,S,D,2024-08-27,1000000.00,3.747467,102.28125
12:13:23,91282CLD1,TSRYS5850288,D,B,C,2024-08-27,1000000.00,3.747492,102.2811
12:13:23,91282CLD1,TSRYS5850288,D,S,D,2024-08-27,1000000.00,3.747467,102.28125
12:13:23,91282CLD1,TSRYS5850288,D,S,C,2024-08-27,1000000.00,3.747467,102.28125
12:13:23,91282CLD1,TSRYS5850288,D,S,D,2024-08-27,1000000.00,3.746193,102.2890625
12:13:23,91282CLD1,TSRYS5850288,D,B,C,2024-08-27,1000000.00,3.746217,102.2889125
12:13:23,91282CLD1,TSRYS5850288,D,B,C,2024-08-27,1000000.00,3.746193,102.2890625
12:13:23,91282CLD1,TSRYS5850288,D,S,C,2024-08-27,1000000.00,3.746193,102.2890625
12:13:23,91282CLD1,TSRYS5850288,D,S,D,2024-08-27,1000000.00,3.746193,102.2890625
12:13:23,91282CLD1,TSRYS5850288,D,S,D,2024-08-27,1000000.00,3.744918,102.296875
12:13:23,91282CLD1,TSRYS5850288,D,B,C,2024-08-27,3000000.00,3.744918,102.296875
12:13:23,91282CLD1,TSRYS5850288,D,S,D,2024-08-27,3000000.00,3.744918,102.296875
12:13:23,91282CLD1,TSRYS5850288,D,S,D,2024-08-27,2000000.00,3.744918,102.296875
12:13:23,91282CLD1,TSRYS5850288,D,S,D,2024-08-27,1000000.00,3.744918,102.296875
12:13:23,91282CLD1,TSRYS5850288,D,S,D,2024-08-27,2000000.00,3.744918,102.296875
12:13:23,91282CLD1,TSRYS5850288,D,B,C,2024-08-27,2000000.00,3.744943,102.296725
12:13:23,91282CLD1,TSRYS5850288,D,S,D,2024-08-27,1000000.00,3.744918,102.296875
12:13:23,91282CLD1,TSRYS5850288,D,B,C,2024-08-27,4000000.00,3.744959,102.296625
12:13:23,91282CLD1,TSRYS5850288,D,S,D,2024-08-27,4000000.00,3.744918,102.296875
12:13:23,91282CLD1,TSRYS5850288,D,S,D,2024-08-27,1000000.00,3.744918,102.296875
12:13:23,91282CLD1,TSRYS5850288,D,B,C,2024-08-27,1000000.00,3.744918,102.296875
12:13:23,91282CLD1,TSRYS5850288,D,S,D,2024-08-27,1000000.00,3.744918,102.296875
12:13:23,91282CLD1,TSRYS5850288,D,B,C,2024-08-27,1000000.00,3.744967,102.296575
12:13:23,91282CLD1,TSRYS5850288,D,S,D,2024-08-27,1000000.00,3.744918,102.296875
12:13:23,91282CLD1,TSRYS5850288,D,S,D,2024-08-27,2000000.00,3.744918,102.296875
12:13:23,91282CLD1,TSRYS5850288,D,B,C,2024-08-27,1000000.00,3.744935,102.296775
12:13:23,91282CLD1,TSRYS5850288,D,S,D,2024-08-27,1000000.00,3.744918,102.296875
12:13:24,91282CLD1,TSRYS5850288,D,S,T,2024-08-27,1000000.00,3.743644,102.3046875
12:13:24,91282CLD1,TSRYS5850288,D,S,T,2024-08-27,1000000.00,3.743644,102.3046875
12:13:27,91282CLD1,TSRYS5850288,D,S,D,2024-08-27,26000000.00,3.752457,102.25067
12:13:38,91282CLD1,TSRYS5850288,D,S,C,2024-08-27,1000000.00,3.7446,102.29882812
12:13:38,91282CLD1,TSRYS5850288,D,S,D,2024-08-27,1000000.00,3.747467,102.28125
12:13:38,91282CLD1,TSRYS5850288,D,S,D,2024-08-27,1000000.00,3.747467,102.28125
12:13:38,91282CLD1,TSRYS5850288,D,B,C,2024-08-27,1000000.00,3.747467,102.28125
12:13:38,91282CLD1,TSRYS5850288,D,B,C,2024-08-27,1000000.00,3.747467,102.28125
12:13:38,91282CLD1,TSRYS5850288,D,B,C,2024-08-27,1000000.00,3.746193,102.2890625
12:13:38,91282CLD1,TSRYS5850288,D,S,D,2024-08-27,1000000.00,3.746193,102.2890625
12:13:38,91282CLD1,TSRYS5850288,D,B,C,2024-08-27,1000000.00,3.746217,102.2889125
12:13:38,91282CLD1,TSRYS5850288,D,S,D,2024-08-27,1000000.00,3.746193,102.2890625
12:13:38,91282CLD1,TSRYS5850288,D,B,C,2024-08-27,16000000.00,3.744943,102.296725
12:13:38,91282CLD1,TSRYS5850288,D,S,D,2024-08-27,16000000.00,3.744918,102.296875
12:13:39,91282CLD1,TSRYS5850288,D,S,D,2024-08-27,2000000.00,3.744918,102.296875
12:13:39,91282CLD1,TSRYS5850288,D,B,C,2024-08-27,1000000.00,3.744918,102.296875
12:13:39,91282CLD1,TSRYS5850288,D,B,C,2024-08-27,2000000.00,3.744959,102.296625
12:13:39,91282CLD1,TSRYS5850288,D,S,D,2024-08-27,1000000.00,3.744918,102.296875
12:13:39,91282CLD1,TSRYS5850288,D,S,D,2024-08-27,1000000.00,3.744918,102.296875
12:13:39,91282CLD1,TSRYS5850288,D,B,C,2024-08-27,1000000.00,3.744918,102.296875
12:13:39,91282CLD1,TSRYS5850288,D,B,C,2024-08-27,1000000.00,3.744918,102.296875
12:13:39,91282CLD1,TSRYS5850288,D,S,D,2024-08-27,1000000.00,3.744918,102.296875
12:13:39,91282CLD1,TSRYS5850288,D,B,C,2024-08-27,2000000.00,3.744959,102.296625
12:13:39,91282CLD1,TSRYS5850288,D,S,D,2024-08-27,1000000.00,3.744918,102.296875
12:13:39,91282CLD1,TSRYS5850288,D,B,C,2024-08-27,1000000.00,3.744918,102.296875
12:13:39,91282CLD1,TSRYS5850288,D,S,D,2024-08-27,2000000.00,3.744918,102.296875
12:13:39,91282CLD1,TSRYS5850288,D,B,C,2024-08-27,1000000.00,3.744967,102.296575
12:13:39,91282CLD1,TSRYS5850288,D,S,D,2024-08-27,1000000.00,3.744918,102.296875
12:13:39,91282CLD1,TSRYS5850288,D,B,C,2024-08-27,7000000.00,3.743644,102.3046875
12:13:39,91282CLD1,TSRYS5850288,D,S,D,2024-08-27,7000000.00,3.743644,102.3046875
12:13:39,91282CLD1,TSRYS5850288,D,S,D,2024-08-27,2000000.00,3.743644,102.3046875
12:13:39,91282CLD1,TSRYS5850288,D,B,C,2024-08-27,1000000.00,3.743685,102.3044375
12:13:39,91282CLD1,TSRYS5850288,D,S,D,2024-08-27,1000000.00,3.743644,102.3046875
12:13:39,91282CLD1,TSRYS5850288,D,S,D,2024-08-27,1000000.00,3.743644,102.3046875
12:13:39,91282CLD1,TSRYS5850288,D,S,D,2024-08-27,1000000.00,3.743644,102.3046875
12:13:43,91282CLD1,TSRYS5850288,D,S,D,2024-08-27,1000000.00,3.7446,102.29882812
12:13:44,91282CLD1,TSRYS5850288,D,S,C,2024-08-27,1000000.00,3.744281,102.30078125
12:13:47,91282CLD1,TSRYS5850288,D,S,C,2024-08-27,2000000.00,3.745237,102.29492187
12:13:57,91282CLD1,TSRYS5850288,D,S,C,2024-08-27,1000000.00,3.746193,102.2890625
12:13:57,91282CLD1,TSRYS5850288,D,B,C,2024-08-27,1000000.00,3.744918,102.296875
12:13:57,91282CLD1,TSRYS5850288,D,S,D,2024-08-27,1000000.00,3.744918,102.296875
12:13:57,91282CLD1,TSRYS5850288,D,S,D,2024-08-27,2000000.00,3.744918,102.296875
12:13:57,91282CLD1,TSRYS5850288,D,S,D,2024-08-27,1000000.00,3.746193,102.2890625
12:13:57,91282CLD1,TSRYS5850288,D,B,C,2024-08-27,1000000.00,3.744918,102.296875
12:13:57,91282CLD1,TSRYS5850288,D,S,C,2024-08-27,1000000.00,3.746193,102.2890625
12:13:57,91282CLD1,TSRYS5850288,D,S,D,2024-08-27,2000000.00,3.744918,102.296875
12:13:57,91282CLD1,TSRYS5850288,D,S,D,2024-08-27,1000000.00,3.746193,102.2890625
12:13:57,91282CLD1,TSRYS5850288,D,S,D,2024-08-27,1000000.00,3.743644,102.3046875
12:13:57,91282CLD1,TSRYS5850288,D,S,D,2024-08-27,1000000.00,3.743644,102.3046875
12:13:57,91282CLD1,TSRYS5850288,D,S,D,2024-08-27,2000000.00,3.743644,102.3046875
12:13:57,91282CLD1,TSRYS5850288,D,B,C,2024-08-27,1000000.00,3.743644,102.3046875
12:13:57,91282CLD1,TSRYS5850288,D,B,C,2024-08-27,1000000.00,3.743644,102.3046875
12:13:57,91282CLD1,TSRYS5850288,D,S,D,2024-08-27,1000000.00,3.743644,102.3046875
12:13:57,91282CLD1,TSRYS5850288,D,S,D,2024-08-27,1000000.00,3.743644,102.3046875
12:13:57,91282CLD1,TSRYS5850288,D,B,C,2024-08-27,1000000.00,3.743693,102.3043875
12:13:57,91282CLD1,TSRYS5850288,D,S,D,2024-08-27,1000000.00,3.743644,102.3046875
12:13:57,91282CLD1,TSRYS5850288,D,S,D,2024-08-27,1000000.00,3.743644,102.3046875
12:13:57,91282CLD1,TSRYS5850288,D,B,C,2024-08-27,2000000.00,3.743669,102.3045375
12:13:57,91282CLD1,TSRYS5850288,D,S,D,2024-08-27,3000000.00,3.743644,102.3046875
12:13:57,91282CLD1,TSRYS5850288,D,S,D,2024-08-27,2000000.00,3.743644,102.3046875
12:13:57,91282CLD1,TSRYS5850288,D,B,C,2024-08-27,3000000.00,3.743685,102.3044375
12:13:57,91282CLD1,TSRYS5850288,D,S,D,2024-08-27,1000000.00,3.743644,102.3046875
12:13:57,91282CLD1,TSRYS5850288,D,B,C,2024-08-27,1000000.00,3.743644,102.3046875
12:13:57,91282CLD1,TSRYS5850288,D,S,D,2024-08-27,2000000.00,3.743644,102.3046875
12:13:57,91282CLD1,TSRYS5850288,D,S,D,2024-08-27,1000000.00,3.744918,102.296875
12:13:57,91282CLD1,TSRYS5850288,D,S,D,2024-08-27,2000000.00,3.743644,102.3046875
12:13:57,91282CLD1,TSRYS5850288,D,B,C,2024-08-27,1000000.00,3.743685,102.3044375
12:13:57,91282CLD1,TSRYS5850288,D,S,D,2024-08-27,1000000.00,3.743644,102.3046875
12:13:57,91282CLD1,TSRYS5850288,D,S,D,2024-08-27,1000000.00,3.743644,102.3046875
12:13:57,91282CLD1,TSRYS5850288,D,B,C,2024-08-27,1000000.00,3.743685,102.3044375
12:13:57,91282CLD1,TSRYS5850288,D,S,D,2024-08-27,1000000.00,3.743644,102.3046875
12:13:58,91282CLD1,TSRYS5850288,D,B,C,2024-08-27,1000000.00,3.743644,102.3046875
12:13:58,91282CLD1,TSRYS5850288,D,S,D,2024-08-27,1000000.00,3.743644,102.3046875
12:13:58,91282CLD1,TSRYS5850288,D,B,C,2024-08-27,2000000.00,3.743677,102.3044875
12:13:58,91282CLD1,TSRYS5850288,D,S,D,2024-08-27,1000000.00,3.743644,102.3046875
12:13:58,91282CLD1,TSRYS5850288,D,B,C,2024-08-27,1000000.00,3.743644,102.3046875
12:13:58,91282CLD1,TSRYS5850288,D,B,C,2024-08-27,1000000.00,3.743644,102.3046875
12:13:58,91282CLD1,TSRYS5850288,D,S,D,2024-08-27,1000000.00,3.743644,102.3046875
12:13:58,91282CLD1,TSRYS5850288,D,S,D,2024-08-27,1000000.00,3.743644,102.3046875
12:13:58,91282CLD1,TSRYS5850288,D,S,D,2024-08-27,2000000.00,3.743644,102.3046875
12:13:58,91282CLD1,TSRYS5850288,D,B,C,2024-08-27,1000000.00,3.743644,102.3046875
12:13:58,91282CLD1,TSRYS5850288,D,B,C,2024-08-27,2000000.00,3.743685,102.3044375
12:13:58,91282CLD1,TSRYS5850288,D,S,D,2024-08-27,1000000.00,3.743644,102.3046875
12:13:58,91282CLD1,TSRYS5850288,D,B,C,2024-08-27,1000000.00,3.743644,102.3046875
12:13:58,91282CLD1,TSRYS5850288,D,B,C,2024-08-27,1000000.00,3.743644,102.3046875
12:13:58,91282CLD1,TSRYS5850288,D,B,C,2024-08-27,1000000.00,3.743644,102.3046875
12:13:58,91282CLD1,TSRYS5850288,D,S,D,2024-08-27,1000000.00,3.743644,102.3046875
12:13:58,91282CLD1,TSRYS5850288,D,B,C,2024-08-27,1000000.00,3.743644,102.3046875
12:13:58,91282CLD1,TSRYS5850288,D,S,D,2024-08-27,1000000.00,3.743644,102.3046875
12:13:58,91282CLD1,TSRYS5850288,D,S,D,2024-08-27,2000000.00,3.743644,102.3046875
12:13:58,91282CLD1,TSRYS5850288,D,B,C,2024-08-27,2000000.00,3.743669,102.3045375
12:13:59,91282CLD1,TSRYS5850288,D,S,T,2024-08-27,2000000.00,3.743644,102.3046875
12:13:59,91282CLD1,TSRYS5850288,D,S,T,2024-08-27,1000000.00,3.744918,102.296875
12:13:59,91282CLD1,TSRYS5850288,D,S,T,2024-08-27,1000000.00,3.743644,102.3046875
12:14:00,91282CLD1,TSRYS5850288,D,S,C,2024-08-27,2000000.00,3.743946,102.302834375
12:14:00,91282CLD1,TSRYS5850288,D,B,C,2024-08-27,1000000.00,3.743661,102.3045875
12:14:00,91282CLD1,TSRYS5850288,D,S,D,2024-08-27,1000000.00,3.743644,102.3046875
12:14:01,91282CLD1,TSRYS5850288,D,S,D,2024-08-27,1000000.00,3.743963,102.302734375
12:14:01,91282CLD1,TSRYS5850288,D,S,D,2024-08-27,1000000.00,3.743963,102.302734375
12:14:02,91282CLD1,TSRYS5850288,D,S,D,2024-08-27,1000000.00,3.743963,102.302734375
12:14:05,91282CLD1,TSRYS5850288,D,S,T,2024-08-27,1000000.00,3.743963,102.302734375
12:14:05,91282CLD1,TSRYS5850288,D,S,T,2024-08-27,2000000.00,3.743963,102.302734375
12:14:05,91282CLD1,TSRYS5850288,D,S,T,2024-08-27,1000000.00,3.743963,102.302734375
12:14:05,91282CLD1,TSRYS5850288,D,S,D,2024-08-27,2000000.00,3.744281,102.30078125
12:14:09,91282CLD1,TSRYS5850288,D,S,T,2024-08-27,1000000.00,3.743963,102.302734375
12:14:10,91282CLD1,TSRYS5850288,D,S,D,2024-08-27,1000000.00,3.746193,102.2890625
12:14:10,91282CLD1,TSRYS5850288,D,S,D,2024-08-27,1000000.00,3.746193,102.2890625
12:14:10,91282CLD1,TSRYS5850288,D,B,C,2024-08-27,1000000.00,3.746193,102.2890625
12:14:10,91282CLD1,TSRYS5850288,D,S,D,2024-08-27,1000000.00,3.746193,102.2890625
12:14:10,91282CLD1,TSRYS5850288,D,S,D,2024-08-27,2000000.00,3.746193,102.2890625
12:14:10,91282CLD1,TSRYS5850288,D,B,C,2024-08-27,1000000.00,3.746193,102.2890625
12:14:10,91282CLD1,TSRYS5850288,D,S,D,2024-08-27,1000000.00,3.746193,102.2890625
12:14:10,91282CLD1,TSRYS5850288,D,B,C,2024-08-27,2000000.00,3.746217,102.2889125
12:14:10,91282CLD1,TSRYS5850288,D,S,D,2024-08-27,2000000.00,3.746193,102.2890625
12:14:10,91282CLD1,TSRYS5850288,D,B,C,2024-08-27,1000000.00,3.746193,102.2890625
12:14:10,91282CLD1,TSRYS5850288,D,S,D,2024-08-27,1000000.00,3.746193,102.2890625
12:14:10,91282CLD1,TSRYS5850288,D,S,D,2024-08-27,2000000.00,3.746193,102.2890625
12:14:10,91282CLD1,TSRYS5850288,D,S,D,2024-08-27,1000000.00,3.746193,102.2890625
12:14:10,91282CLD1,TSRYS5850288,D,S,D,2024-08-27,1000000.00,3.746193,102.2890625
12:14:10,91282CLD1,TSRYS5850288,D,S,D,2024-08-27,1000000.00,3.744918,102.296875
12:14:10,91282CLD1,TSRYS5850288,D,B,C,2024-08-27,2000000.00,3.746234,102.2888125
12:14:10,91282CLD1,TSRYS5850288,D,B,C,2024-08-27,1000000.00,3.746193,102.2890625
12:14:10,91282CLD1,TSRYS5850288,D,S,D,2024-08-27,1000000.00,3.744918,102.296875
12:14:10,91282CLD1,TSRYS5850288,D,S,D,2024-08-27,1000000.00,3.746193,102.2890625
12:14:10,91282CLD1,TSRYS5850288,D,S,D,2024-08-27,1000000.00,3.744918,102.296875
12:14:10,91282CLD1,TSRYS5850288,D,S,D,2024-08-27,1000000.00,3.744918,102.296875
12:14:10,91282CLD1,TSRYS5850288,D,B,C,2024-08-27,1000000.00,3.744959,102.296625
12:14:10,91282CLD1,TSRYS5850288,D,S,D,2024-08-27,1000000.00,3.744918,102.296875
12:14:10,91282CLD1,TSRYS5850288,D,S,D,2024-08-27,1000000.00,3.744918,102.296875
12:14:10,91282CLD1,TSRYS5850288,D,B,C,2024-08-27,1000000.00,3.744918,102.296875
12:14:10,91282CLD1,TSRYS5850288,D,S,D,2024-08-27,1000000.00,3.744918,102.296875
12:14:10,91282CLD1,TSRYS5850288,D,B,C,2024-08-27,1000000.00,3.744918,102.296875
12:14:10,91282CLD1,TSRYS5850288,D,B,C,2024-08-27,1000000.00,3.744918,102.296875
12:14:10,91282CLD1,TSRYS5850288,D,B,C,2024-08-27,2000000.00,3.744943,102.296725
12:14:10,91282CLD1,TSRYS5850288,D,B,C,2024-08-27,2000000.00,3.744951,102.296675
12:14:10,91282CLD1,TSRYS5850288,D,S,D,2024-08-27,1000000.00,3.744918,102.296875
12:14:10,91282CLD1,TSRYS5850288,D,S,D,2024-08-27,2000000.00,3.744918,102.296875
12:14:10,91282CLD1,TSRYS5850288,D,B,C,2024-08-27,3000000.00,3.744951,102.296675
12:14:11,91282CLD1,TSRYS5850288,D,S,D,2024-08-27,1000000.00,3.744918,102.296875
12:14:11,91282CLD1,TSRYS5850288,D,S,D,2024-08-27,3000000.00,3.744918,102.296875
12:14:11,91282CLD1,TSRYS5850288,D,B,C,2024-08-27,1000000.00,3.744918,102.296875
12:14:11,91282CLD1,TSRYS5850288,D,S,C,2024-08-27,1000000.00,3.744918,102.296875
12:14:11,91282CLD1,TSRYS5850288,D,S,D,2024-08-27,1000000.00,3.743644,102.3046875
12:14:11,91282CLD1,TSRYS5850288,D,B,C,2024-08-27,1000000.00,3.743644,102.3046875
12:14:11,91282CLD1,TSRYS5850288,D,B,C,2024-08-27,1000000.00,3.743644,102.3046875
12:14:11,91282CLD1,TSRYS5850288,D,S,D,2024-08-27,1000000.00,3.743644,102.3046875
12:14:11,91282CLD1,TSRYS5850288,D,S,D,2024-08-27,2000000.00,3.744918,102.296875
12:14:11,91282CLD1,TSRYS5850288,D,S,D,2024-08-27,1000000.00,3.744918,102.296875
12:14:11,91282CLD1,TSRYS5850288,D,S,D,2024-08-27,1000000.00,3.744918,102.296875
12:14:11,91282CLD1,TSRYS5850288,D,B,C,2024-08-27,2000000.00,3.744959,102.296625
12:14:11,91282CLD1,TSRYS5850288,D,B,C,2024-08-27,1000000.00,3.744918,102.296875
12:14:11,91282CLD1,TSRYS5850288,D,B,C,2024-08-27,1000000.00,3.744918,102.296875
12:14:11,91282CLD1,TSRYS5850288,D,S,D,2024-08-27,1000000.00,3.744918,102.296875
12:14:11,91282CLD1,TSRYS5850288,D,B,C,2024-08-27,1000000.00,3.744918,102.296875
12:14:11,91282CLD1,TSRYS5850288,D,B,C,2024-08-27,1000000.00,3.744918,102.296875
12:14:11,91282CLD1,TSRYS5850288,D,S,D,2024-08-27,1000000.00,3.744918,102.296875
12:14:11,91282CLD1,TSRYS5850288,D,S,D,2024-08-27,1000000.00,3.744918,102.296875
12:14:11,91282CLD1,TSRYS5850288,D,B,C,2024-08-27,1000000.00,3.744918,102.296875
12:14:11,91282CLD1,TSRYS5850288,D,S,D,2024-08-27,1000000.00,3.744918,102.296875
12:14:11,91282CLD1,TSRYS5850288,D,B,C,2024-08-27,1000000.00,3.744918,102.296875
12:14:11,91282CLD1,TSRYS5850288,D,S,D,2024-08-27,1000000.00,3.743644,102.3046875
12:14:11,91282CLD1,TSRYS5850288,D,S,D,2024-08-27,1000000.00,3.744918,102.296875
12:14:12,91282CLD1,TSRYS5850288,D,S,C,2024-08-27,1000000.00,3.745237,102.294921875
12:14:18,91282CLD1,TSRYS5850288,D,S,T,2024-08-27,1000000.00,3.744918,102.296875
12:14:19,91282CLD1,TSRYS5850288,D,S,C,2024-08-27,1000000.00,3.7446,102.29882812
12:14:19,91282CLD1,TSRYS5850288,D,S,C,2024-08-27,1000000.00,3.7446,102.29882812
12:14:19,91282CLD1,TSRYS5850288,D,S,C,2024-08-27,1000000.00,3.7446,102.29882812
12:14:19,91282CLD1,TSRYS5850288,D,S,T,2024-08-27,1000000.00,3.744918,102.296875
12:14:19,91282CLD1,TSRYS5850288,D,S,D,2024-08-27,1000000.00,3.743644,102.3046875
12:14:20,91282CLD1,TSRYS5850288,D,S,C,2024-08-27,1000000.00,3.744918,102.296875
12:14:26,91282CLD1,TSRYS5850288,D,S,D,2024-08-27,1000000.00,3.746193,102.2890625
12:14:26,91282CLD1,TSRYS5850288,D,S,D,2024-08-27,1000000.00,3.746193,102.2890625
12:14:26,91282CLD1,TSRYS5850288,D,S,D,2024-08-27,1000000.00,3.746193,102.2890625
12:14:26,91282CLD1,TSRYS5850288,D,S,D,2024-08-27,1000000.00,3.746193,102.2890625
12:14:26,91282CLD1,TSRYS5850288,D,B,C,2024-08-27,1000000.00,3.746209,102.2889625
12:14:26,91282CLD1,TSRYS5850288,D,B,C,2024-08-27,1000000.00,3.744918,102.296875
12:14:26,91282CLD1,TSRYS5850288,D,S,D,2024-08-27,1000000.00,3.744918,102.296875
12:14:26,91282CLD1,TSRYS5850288,D,B,C,2024-08-27,1000000.00,3.746209,102.2889625
12:14:26,91282CLD1,TSRYS5850288,D,S,D,2024-08-27,1000000.00,3.744918,102.296875
12:14:26,91282CLD1,TSRYS5850288,D,B,C,2024-08-27,1000000.00,3.744918,102.296875
12:14:26,91282CLD1,TSRYS5850288,D,S,D,2024-08-27,1000000.00,3.746193,102.2890625
12:14:26,91282CLD1,TSRYS5850288,D,S,D,2024-08-27,1000000.00,3.744918,102.296875
12:14:26,91282CLD1,TSRYS5850288,D,B,C,2024-08-27,1000000.00,3.744959,102.296625
12:14:26,91282CLD1,TSRYS5850288,D,B,C,2024-08-27,1000000.00,3.743644,102.3046875
12:14:26,91282CLD1,TSRYS5850288,D,S,D,2024-08-27,1000000.00,3.744918,102.296875
12:14:26,91282CLD1,TSRYS5850288,D,B,C,2024-08-27,1000000.00,3.744935,102.296775
12:14:26,91282CLD1,TSRYS5850288,D,S,C,2024-08-27,1000000.00,3.744918,102.296875
12:14:26,91282CLD1,TSRYS5850288,D,B,C,2024-08-27,1000000.00,3.744918,102.296875
12:14:29,91282CLD1,TSRYS5850288,D,S,C,2024-08-27,1000000.00,3.7446,102.29882812
12:14:29,91282CLD1,TSRYS5850288,D,S,C,2024-08-27,1000000.00,3.7446,102.29882812
12:14:29,91282CLD1,TSRYS5850288,D,S,C,2024-08-27,1000000.00,3.745237,102.29492187
12:14:29,91282CLD1,TSRYS5850288,D,S,T,2024-08-27,1000000.00,3.745237,102.29492187
12:14:41,91282CLD1,TSRYS5850288,D,S,D,2024-08-27,1000000.00,3.744918,102.296875
12:14:49,91282CLD1,TSRYS5850288,D,S,C,2024-08-27,150MM+,3.743644,102.3046875
12:14:49,91282CLD1,TSRYS5850288,D,S,D,2024-08-27,150MM+,3.743644,102.3046875
12:14:56,91282CLD1,TSRYS5850288,D,S,C,2024-08-27,1000000.00,3.744918,102.296875
12:15:07,91282CLD1,TSRYS5850288,D,S,T,2024-08-27,1000000.00,3.744918,102.296875
12:15:08,91282CLD1,TSRYS5850288,D,S,T,2024-08-27,1000000.00,3.743644,102.3046875
12:15:08,91282CLD1,TSRYS5850288,D,S,T,2024-08-27,1000000.00,3.743644,102.3046875
12:15:08,91282CLD1,TSRYS5850288,D,S,T,2024-08-27,1000000.00,3.743644,102.3046875
12:15:08,91282CLD1,TSRYS5850288,D,S,T,2024-08-27,1000000.00,3.74237,102.3125
12:15:10,91282CLD1,TSRYS5850288,D,S,D,2024-08-27,1000000.00,3.743644,102.3046875
12:15:10,91282CLD1,TSRYS5850288,D,B,C,2024-08-27,1000000.00,3.743661,102.3045875
12:15:11,91282CLD1,TSRYS5850288,D,S,T,2024-08-27,1000000.00,3.743644,102.3046875
12:15:11,91282CLD1,TSRYS5850288,D,S,T,2024-08-27,1000000.00,3.743644,102.3046875
12:15:11,91282CLD1,TSRYS5850288,D,S,C,2024-08-27,1000000.00,3.743293,102.306840625
12:15:11,91282CLD1,TSRYS5850288,D,S,D,2024-08-27,1000000.00,3.743644,102.3046875
12:15:11,91282CLD1,TSRYS5850288,D,S,T,2024-08-27,1000000.00,3.744956,102.296648
12:15:12,91282CLD1,TSRYS5850288,D,S,C,2024-08-27,1000000.00,3.743644,102.3048875
12:15:12,91282CLD1,TSRYS5850288,D,B,C,2024-08-27,1000000.00,3.743644,102.3046875
12:15:12,91282CLD1,TSRYS5850288,D,S,C,2024-08-27,1000000.00,3.743644,102.3048875
12:15:12,91282CLD1,TSRYS5850288,D,B,C,2024-08-27,1000000.00,3.743644,102.3046875
12:15:12,91282CLD1,TSRYS5850288,D,S,C,2024-08-27,1000000.00,3.743644,102.3048875
12:15:12,91282CLD1,TSRYS5850288,D,S,C,2024-08-27,1000000.00,3.743644,102.3048875
12:15:13,91282CLD1,TSRYS5850288,D,S,T,2024-08-27,1000000.00,3.74237,102.3125
12:15:14,91282CLD1,TSRYS5850288,D,S,D,2024-08-27,1000000.00,3.743007,102.30859375
12:15:14,91282CLD1,TSRYS5850288,D,S,T,2024-08-27,1000000.00,3.74237,102.3125
12:15:14,91282CLD1,TSRYS5850288,D,S,C,2024-08-27,1000000.00,3.743644,102.3046875
12:15:14,91282CLD1,TSRYS5850288,D,S,C,2024-08-27,1000000.00,3.743644,102.3046875
12:15:14,91282CLD1,TSRYS5850288,D,S,D,2024-08-27,1000000.00,3.742689,102.310546875
12:15:15,91282CLD1,TSRYS5850288,D,S,T,2024-08-27,1000000.00,3.742689,102.31054688
12:15:16,91282CLD1,TSRYS5850288,D,S,T,2024-08-27,1000000.00,3.743644,102.3046875
12:15:16,91282CLD1,TSRYS5850288,D,S,T,2024-08-27,1000000.00,3.743326,102.306640625
12:15:16,91282CLD1,TSRYS5850288,D,S,T,2024-08-27,1000000.00,3.743644,102.3046875
12:15:16,91282CLD1,TSRYS5850288,D,S,T,2024-08-27,1000000.00,3.743644,102.3046875
12:15:17,91282CLD1,TSRYS5850288,D,S,D,2024-08-27,1000000.00,3.743326,102.306640625
12:15:21,91282CLD1,TSRYS5850288,D,S,T,2024-08-27,1000000.00,3.74237,102.3125
12:15:24,91282CLD1,TSRYS5850288,D,S,C,2024-08-27,3000000.00,3.74362,102.3048375
12:15:24,91282CLD1,TSRYS5850288,D,S,D,2024-08-27,1000000.00,3.743644,102.3046875
12:15:25,91282CLD1,TSRYS5850288,D,S,T,2024-08-27,1000000.00,3.743644,102.3046875
12:15:25,91282CLD1,TSRYS5850288,D,S,T,2024-08-27,1000000.00,3.743644,102.3046875
12:15:25,91282CLD1,TSRYS5850288,D,S,T,2024-08-27,1000000.00,3.743644,102.3046875
12:15:36,91282CLD1,TSRYS5850288,D,S,C,2024-08-27,1000000.00,3.743326,102.30664062
12:15:40,91282CLD1,TSRYS5850288,D,S,D,2024-08-27,1000000.00,3.743644,102.3046875
12:15:42,91282CLD1,TSRYS5850288,D,B,C,2024-08-27,3000000.00,3.743669,102.3045375
12:15:42,91282CLD1,TSRYS5850288,D,S,C,2024-08-27,1000000.00,3.74362,102.3048375
12:15:42,91282CLD1,TSRYS5850288,D,S,C,2024-08-27,1000000.00,3.74362,102.3048375
12:15:42,91282CLD1,TSRYS5850288,D,S,C,2024-08-27,1000000.00,3.74362,102.3048375
12:15:42,91282CLD1,TSRYS5850288,D,B,C,2024-08-27,1000000.00,3.743681,102.3044625
12:15:42,91282CLD1,TSRYS5850288,D,B,C,2024-08-27,1000000.00,3.743685,102.3044375
12:15:42,91282CLD1,TSRYS5850288,D,B,C,2024-08-27,1000000.00,3.743644,102.3046875
12:15:42,91282CLD1,TSRYS5850288,D,S,C,2024-08-27,1000000.00,3.74362,102.3048375
12:15:42,91282CLD1,TSRYS5850288,D,B,C,2024-08-27,1000000.00,3.743644,102.3046875
12:15:42,91282CLD1,TSRYS5850288,D,S,C,2024-08-27,1000000.00,3.74362,102.3048375
12:15:42,91282CLD1,TSRYS5850288,D,B,C,2024-08-27,1000000.00,3.743644,102.3046875
12:15:42,91282CLD1,TSRYS5850288,D,B,C,2024-08-27,1000000.00,3.743644,102.3046875
12:15:42,91282CLD1,TSRYS5850288,D,S,C,2024-08-27,1000000.00,3.74362,102.3048375
12:15:42,91282CLD1,TSRYS5850288,D,S,C,2024-08-27,2000000.00,3.74362,102.3048375
12:15:42,91282CLD1,TSRYS5850288,D,S,C,2024-08-27,1000000.00,3.74362,102.3048375
12:15:42,91282CLD1,TSRYS5850288,D,B,C,2024-08-27,1000000.00,3.743685,102.3044375
12:15:42,91282CLD1,TSRYS5850288,D,B,C,2024-08-27,1000000.00,3.743661,102.3045875
12:15:42,91282CLD1,TSRYS5850288,D,S,D,2024-08-27,1000000.00,3.743644,102.3046875
12:15:42,91282CLD1,TSRYS5850288,D,S,C,2024-08-27,1000000.00,3.74237,102.3125
12:15:42,91282CLD1,TSRYS5850288,D,S,C,2024-08-27,1000000.00,3.74237,102.3125
12:15:42,91282CLD1,TSRYS5850288,D,S,D,2024-08-27,2000000.00,3.743963,102.302734375
12:15:43,91282CLD1,TSRYS5850288,D,S,C,2024-08-27,2000000.00,3.743963,102.302734375
12:15:43,91282CLD1,TSRYS5850288,D,S,D,2024-08-27,1000000.00,3.743644,102.3046875
12:15:43,91282CLD1,TSRYS5850288,D,S,D,2024-08-27,1000000.00,3.743963,102.302734375
12:15:47,91282CLD1,TSRYS5850288,D,S,D,2024-08-27,1000000.00,3.743963,102.302734375
12:15:48,91282CLD1,TSRYS5850288,D,S,C,2024-08-27,1000000.00,3.743007,102.30859375
12:15:48,91282CLD1,TSRYS5850288,D,S,D,2024-08-27,1000000.00,3.743007,102.30859375
12:15:50,91282CLD1,TSRYS5850288,D,S,C,2024-08-27,1000000.00,3.743007,102.30859375
12:15:51,91282CLD1,TSRYS5850288,D,S,C,2024-08-27,1000000.00,3.743007,102.30859375
12:15:52,91282CLD1,TSRYS5850288,D,S,D,2024-08-27,1000000.00,3.743007,102.30859375
12:15:53,91282CLD1,TSRYS5850288,D,S,C,2024-08-27,1000000.00,3.743007,102.30859375
12:15:53,91282CLD1,TSRYS5850288,D,S,D,2024-08-27,1000000.00,3.743007,102.30859375
12:15:57,91282CLD1,TSRYS5850288,D,S,C,2024-08-27,1000000.00,3.74362,102.3048375
12:15:58,91282CLD1,TSRYS5850288,D,S,D,2024-08-27,3000000.00,3.743644,102.3046875
12:15:58,91282CLD1,TSRYS5850288,D,S,C,2024-08-27,1000000.00,3.743644,102.3046875
12:15:58,91282CLD1,TSRYS5850288,D,B,C,2024-08-27,3000000.00,3.743685,102.3044375
12:15:58,91282CLD1,TSRYS5850288,D,S,D,2024-08-27,1000000.00,3.743644,102.3046875
12:15:58,91282CLD1,TSRYS5850288,D,B,C,2024-08-27,1000000.00,3.743661,102.3045875
12:15:58,91282CLD1,TSRYS5850288,D,B,C,2024-08-27,1000000.00,3.742411,102.31225
12:15:58,91282CLD1,TSRYS5850288,D,S,C,2024-08-27,1000000.00,3.743644,102.3046875
12:15:58,91282CLD1,TSRYS5850288,D,S,C,2024-08-27,1000000.00,3.743612,102.3048875
12:15:58,91282CLD1,TSRYS5850288,D,S,D,2024-08-27,1000000.00,3.743644,102.3046875
12:15:58,91282CLD1,TSRYS5850288,D,S,D,2024-08-27,1000000.00,3.74362,102.3048375
12:16:03,91282CLD1,TSRYS5850288,D,S,T,2024-08-27,1000000.00,3.743644,102.3046875
12:16:03,91282CLD1,TSRYS5850288,D,S,T,2024-08-27,2000000.00,3.743963,102.302734375
12:16:03,91282CLD1,TSRYS5850288,D,S,T,2024-08-27,1000000.00,3.743963,102.302734375
12:16:03,91282CLD1,TSRYS5850288,D,S,C,2024-08-27,2940000.00,3.743644,102.3046875
12:16:05,91282CLD1,TSRYS5850288,D,S,T,2024-08-27,1000000.00,3.743963,102.302734375
12:16:05,91282CLD1,TSRYS5850288,D,S,T,2024-08-27,1000000.00,3.743963,102.302734375
12:16:07,91282CLD1,TSRYS5850288,D,B,C,2024-08-27,4000000.00,3.745647,102.29241
12:16:09,91282CLD1,TSRYS5850288,D,S,T,2024-08-27,1000000.00,3.743963,102.30273437
12:16:12,91282CLD1,TSRYS5850288,D,S,T,2024-08-27,25000.00,3.74237,102.3125
12:16:13,91282CLD1,TSRYS5850288,D,B,C,2024-08-27,114200000.00,3.743644,102.3046875
12:16:13,91282CLD1,TSRYS5850288,D,B,C,2024-08-27,1000000.00,3.743669,102.3045375
12:16:13,91282CLD1,TSRYS5850288,D,B,C,2024-08-27,1000000.00,3.744918,102.296875
12:16:13,91282CLD1,TSRYS5850288,D,B,C,2024-08-27,1000000.00,3.743669,102.3045375
12:16:13,91282CLD1,TSRYS5850288,D,S,C,2024-08-27,1000000.00,3.744894,102.297025
12:16:13,91282CLD1,TSRYS5850288,D,B,C,2024-08-27,1000000.00,3.744918,102.296875
12:16:13,91282CLD1,TSRYS5850288,D,S,C,2024-08-27,1000000.00,3.744894,102.297025
12:16:13,91282CLD1,TSRYS5850288,D,S,D,2024-08-27,1000000.00,3.743644,102.3046875
12:16:13,91282CLD1,TSRYS5850288,D,S,C,2024-08-27,1000000.00,3.744894,102.297025
12:16:13,91282CLD1,TSRYS5850288,D,S,C,2024-08-27,1000000.00,3.744894,102.297025
12:16:13,91282CLD1,TSRYS5850288,D,S,C,2024-08-27,1000000.00,3.74237,102.3125
12:16:13,91282CLD1,TSRYS5850288,D,B,C,2024-08-27,1000000.00,3.742411,102.31225
12:16:13,91282CLD1,TSRYS5850288,D,S,C,2024-08-27,1000000.00,3.74237,102.3125
12:16:17,91282CLD1,TSRYS5850288,D,S,D,2024-08-27,1000000.00,3.743963,102.30273437
12:16:17,91282CLD1,TSRYS5850288,D,S,D,2024-08-27,1000000.00,3.743007,102.30859375
12:16:17,91282CLD1,TSRYS5850288,D,S,C,2024-08-27,1000000.00,3.743007,102.30859375
12:16:18,91282CLD1,TSRYS5850288,D,S,C,2024-08-27,1000000.00,3.743963,102.30273437
12:16:27,91282CLD1,TSRYS5850288,D,S,C,2024-08-27,25000.00,3.74237,102.3125
12:16:28,91282CLD1,TSRYS5850288,D,S,D,2024-08-27,25000.00,3.74237,102.3125
12:16:28,91282CLD1,TSRYS5850288,D,B,C,2024-08-27,1000000.00,3.744918,102.296875
12:16:28,91282CLD1,TSRYS5850288,D,S,C,2024-08-27,1000000.00,3.744894,102.297025
12:16:28,91282CLD1,TSRYS5850288,D,B,C,2024-08-27,1000000.00,3.743669,102.3045375
12:16:28,91282CLD1,TSRYS5850288,D,S,D,2024-08-27,1000000.00,3.743644,102.3046875
12:16:28,91282CLD1,TSRYS5850288,D,B,C,2024-08-27,1000000.00,3.743677,102.3044875
12:16:28,91282CLD1,TSRYS5850288,D,S,C,2024-08-27,1000000.00,3.743644,102.3046875
12:16:29,91282CLD1,TSRYS5850288,D,S,D,2024-08-27,1000000.00,3.743644,102.3046875
12:16:29,91282CLD1,TSRYS5850288,D,B,C,2024-08-27,1000000.00,3.743644,102.3046875
12:16:36,91282CLD1,TSRYS5850288,D,S,T,2024-08-27,1000000.00,3.744918,102.296875
12:16:36,91282CLD1,TSRYS5850288,D,S,T,2024-08-27,2000000.00,3.743644,102.3046875
12:16:36,91282CLD1,TSRYS5850288,D,S,T,2024-08-27,1000000.00,3.744918,102.296875
12:16:36,91282CLD1,TSRYS5850288,D,S,C,2024-08-27,1000000.00,3.744281,102.30078125
12:16:36,91282CLD1,TSRYS5850288,D,S,C,2024-08-27,1000000.00,3.744902,102.296975
12:16:38,91282CLD1,TSRYS5850288,D,S,D,2024-08-27,1000000.00,3.7446,102.298828125
12:16:38,91282CLD1,TSRYS5850288,D,S,D,2024-08-27,1000000.00,3.744281,102.30078125
12:16:38,91282CLD1,TSRYS5850288,D,S,D,2024-08-27,3000000.00,3.7446,102.298828125
12:16:39,91282CLD1,TSRYS5850288,D,S,D,2024-08-27,2000000.00,3.743963,102.302734375
12:16:39,91282CLD1,TSRYS5850288,D,B,C,2024-08-27,1000000.00,3.743661,102.3045875
12:16:39,91282CLD1,TSRYS5850288,D,S,T,2024-08-27,3000000.00,3.7446,102.298828125
12:16:39,91282CLD1,TSRYS5850288,D,S,D,2024-08-27,4000000.00,3.743644,102.3046875
12:16:39,91282CLD1,TSRYS5850288,D,S,T,2024-08-27,1000000.00,3.7446,102.298828125
12:16:40,91282CLD1,TSRYS5850288,D,S,D,2024-08-27,1000000.00,3.743644,102.3046875
12:16:40,91282CLD1,TSRYS5850288,D,S,T,2024-08-27,1000000.00,3.744918,102.296875
12:16:40,91282CLD1,TSRYS5850288,D,S,T,2024-08-27,1000000.00,3.744918,102.296875
12:16:40,91282CLD1,TSRYS5850288,D,S,T,2024-08-27,1000000.00,3.743644,102.3046875
12:16:41,91282CLD1,TSRYS5850288,D,S,C,2024-08-27,1000000.00,3.743644,102.3046875
12:16:41,91282CLD1,TSRYS5850288,D,B,C,2024-08-27,1000000.00,3.743644,102.3044875
12:16:41,91282CLD1,TSRYS5850288,D,S,C,2024-08-27,1000000.00,3.744918,102.296875
12:16:41,91282CLD1,TSRYS5850288,D,B,C,2024-08-27,1000000.00,3.744918,102.296875
12:16:41,91282CLD1,TSRYS5850288,D,S,D,2024-08-27,1000000.00,3.744918,102.296875
12:16:41,91282CLD1,TSRYS5850288,D,B,C,2024-08-27,1000000.00,3.744918,102.296875
12:16:41,91282CLD1,TSRYS5850288,D,S,D,2024-08-27,1000000.00,3.744918,102.296875
12:16:41,91282CLD1,TSRYS5850288,D,B,C,2024-08-27,1000000.00,3.744918,102.296875
12:16:41,91282CLD1,TSRYS5850288,D,S,C,2024-08-27,1000000.00,3.744918,102.296875
12:16:41,91282CLD1,TSRYS5850288,D,B,C,2024-08-27,1000000.00,3.744918,102.296875
12:16:41,91282CLD1,TSRYS5850288,D,S,C,2024-08-27,1000000.00,3.743644,102.3046875
12:16:41,91282CLD1,TSRYS5850288,D,S,D,2024-08-27,1000000.00,3.743644,102.3046875
12:16:41,91282CLD1,TSRYS5850288,D,B,C,2024-08-27,1000000.00,3.743644,102.3046875
12:16:41,91282CLD1,TSRYS5850288,D,S,D,2024-08-27,1000000.00,3.743644,102.3046875
12:16:41,91282CLD1,TSRYS5850288,D,B,C,2024-08-27,1000000.00,3.743644,102.3046875
12:16:41,91282CLD1,TSRYS5850288,D,S,D,2024-08-27,1000000.00,3.743644,102.3046875
12:16:41,91282CLD1,TSRYS5850288,D,B,C,2024-08-27,1000000.00,3.743644,102.3046875
12:16:41,91282CLD1,TSRYS5850288,D,S,D,2024-08-27,1000000.00,3.743644,102.3046875
12:16:41,91282CLD1,TSRYS5850288,D,S,D,2024-08-27,1000000.00,3.743644,102.3046875
12:16:41,91282CLD1,TSRYS5850288,D,S,D,2024-08-27,1000000.00,3.743644,102.3046875
12:16:41,91282CLD1,TSRYS5850288,D,B,C,2024-08-27,1000000.00,3.743644,102.3046875
12:16:41,91282CLD1,TSRYS5850288,D,B,C,2024-08-27,1000000.00,3.743644,102.3046875
12:16:41,91282CLD1,TSRYS5850288,D,S,C,2024-08-27,1000000.00,3.74237,102.3125
12:16:41,91282CLD1,TSRYS5850288,D,S,C,2024-08-27,1000000.00,3.744918,102.29705
12:16:41,91282CLD1,TSRYS5850288,D,S,C,2024-08-27,1000000.00,3.74237,102.3125
12:16:42,91282CLD1,TSRYS5850288,D,S,T,2024-08-27,1000000.00,3.744281,102.30078125
12:16:42,91282CLD1,TSRYS5850288,D,S,T,2024-08-27,1000000.00,3.744281,102.30078125
12:16:42,91282CLD1,TSRYS5850288,D,S,D,2024-08-27,1000000.00,3.744281,102.30078125
12:16:42,91282CLD1,TSRYS5850288,D,S,D,2024-08-27,1000000.00,3.744281,102.30078125
12:16:43,91282CLD1,TSRYS5850288,D,S,D,2024-08-27,1000000.00,3.743007,102.30859375
12:16:45,91282CLD1,TSRYS5850288,D,S,T,2024-08-27,1000000.00,3.743644,102.3046875
12:16:45,91282CLD1,TSRYS5850288,D,S,T,2024-08-27,2000000.00,3.743963,102.302734375
12:16:45,91282CLD1,TSRYS5850288,D,S,T,2024-08-27,2000000.00,3.743644,102.3046875
12:16:45,91282CLD1,TSRYS5850288,D,S,T,2024-08-27,1000000.00,3.743644,102.3046875
12:16:47,91282CLD1,TSRYS5850288,D,S,D,2024-08-27,1000000.00,3.7446,102.298828125
12:16:51,91282CLD1,TSRYS5850288,D,S,D,2024-08-27,521000.00,3.744918,102.296875
12:16:51,91282CLD1,TSRYS5850288,D,S,D,2024-08-27,25000000.00,3.743747,102.30406
12:16:56,91282CLD1,TSRYS5850288,D,S,D,2024-08-27,25000.00,3.74237,102.3125
12:16:57,91282CLD1,TSRYS5850288,D,S,T,2024-08-27,1000000.00,3.7446,102.298828125
12:17:07,91282CLD1,TSRYS5850288,D,S,D,2024-08-27,1000000.00,3.743326,102.30664062
12:17:07,91282CLD1,TSRYS5850288,D,S,C,2024-08-27,1000000.00,3.744281,102.30078125
12:17:07,91282CLD1,TSRYS5850288,D,B,C,2024-08-27,1000000.00,3.744281,102.30078125
12:17:08,91282CLD1,TSRYS5850288,D,S,D,2024-08-27,1000000.00,3.744281,102.30078125
12:17:10,91282CLD1,TSRYS5850288,D,S,T,2024-08-27,1000000.00,3.743326,102.30664062
12:17:12,91282CLD1,TSRYS5850288,D,S,D,2024-08-27,2000000.00,3.743628,102.3047895
12:17:27,91282CLD1,TSRYS5850288,D,B,C,2024-08-27,1000000.00,3.743669,102.3045375
12:17:27,91282CLD1,TSRYS5850288,D,S,D,2024-08-27,1000000.00,3.743644,102.3046875
12:17:27,91282CLD1,TSRYS5850288,D,B,C,2024-08-27,1000000.00,3.743669,102.3045375
12:17:27,91282CLD1,TSRYS5850288,D,S,C,2024-08-27,1000000.00,3.743644,102.3046875
12:17:27,91282CLD1,TSRYS5850288,D,S,D,2024-08-27,3000000.00,3.743644,102.3046875
12:17:27,91282CLD1,TSRYS5850288,D,B,C,2024-08-27,3000000.00,3.743669,102.3045375
12:17:27,91282CLD1,TSRYS5850288,D,S,D,2024-08-27,1000000.00,3.743644,102.3046875
12:17:27,91282CLD1,TSRYS5850288,D,S,C,2024-08-27,1000000.00,3.743563,102.3051875
12:17:27,91282CLD1,TSRYS5850288,D,B,C,2024-08-27,1000000.00,3.743669,102.3045375
12:17:27,91282CLD1,TSRYS5850288,D,S,C,2024-08-27,1000000.00,3.743644,102.3046875
12:17:27,91282CLD1,TSRYS5850288,D,B,C,2024-08-27,1000000.00,3.743669,102.3045375
12:17:27,91282CLD1,TSRYS5850288,D,B,C,2024-08-27,1000000.00,3.743669,102.3045375
12:17:27,91282CLD1,TSRYS5850288,D,S,C,2024-08-27,1000000.00,3.743644,102.3046875
12:17:27,91282CLD1,TSRYS5850288,D,B,C,2024-08-27,6000000.00,3.743669,102.3045375
12:17:27,91282CLD1,TSRYS5850288,D,S,D,2024-08-27,6000000.00,3.743628,102.3047895
12:17:27,91282CLD1,TSRYS5850288,D,B,C,2024-08-27,1000000.00,3.743669,102.3045375
12:17:33,91282CLD1,TSRYS5850288,D,S,D,2024-08-27,1000000.00,3.744281,102.30078125
12:17:33,91282CLD1,TSRYS5850288,D,B,C,2024-08-27,1000000.00,3.744281,102.30078125
12:17:33,91282CLD1,TSRYS5850288,D,S,D,2024-08-27,1000000.00,3.7446,102.298828125
12:17:33,91282CLD1,TSRYS5850288,D,S,D,2024-08-27,1000000.00,3.7446,102.298828125
12:17:35,91282CLD1,TSRYS5850288,D,S,C,2024-08-27,1000000.00,3.7446,102.298828125
12:17:39,91282CLD1,TSRYS5850288,D,S,D,2024-08-27,1000000.00,3.7446,102.298828125
12:17:40,91282CLD1,TSRYS5850288,D,S,C,2024-08-27,1000000.00,3.7446,102.298828125
12:17:41,91282CLD1,TSRYS5850288,D,S,T,2024-08-27,1000000.00,3.744918,102.296875
12:17:44,91282CLD1,TSRYS5850288,D,S,C,2024-08-27,1000000.00,3.7446,102.298828125
12:17:46,91282CLD1,TSRYS5850288,D,S,D,2024-08-27,1000000.00,3.743644,102.3046875
12:17:46,91282CLD1,TSRYS5850288,D,S,D,2024-08-27,1000000.00,3.743644,102.3046875
12:17:46,91282CLD1,TSRYS5850288,D,B,C,2024-08-27,1000000.00,3.743644,102.3046875
12:17:46,91282CLD1,TSRYS5850288,D,S,C,2024-08-27,1000000.00,3.744878,102.297125
12:17:46,91282CLD1,TSRYS5850288,D,S,D,2024-08-27,1000000.00,3.744918,102.296875
12:17:46,91282CLD1,TSRYS5850288,D,S,D,2024-08-27,1000000.00,3.743007,102.30859375
12:18:04,91282CLD1,TSRYS5850288,D,S,D,2024-08-27,1000000.00,3.7446,102.29882812
12:18:04,91282CLD1,TSRYS5850288,D,S,T,2024-08-27,1000000.00,3.7446,102.29882812
12:18:06,91282CLD1,TSRYS5850288,D,S,T,2024-08-27,1000000.00,3.7446,102.29882812
12:18:06,91282CLD1,TSRYS5850288,D,S,T,2024-08-27,1000000.00,3.7446,102.29882812
12:18:06,91282CLD1,TSRYS5850288,D,S,C,2024-08-27,1000000.00,3.7446,102.29882812
12:18:08,91282CLD1,TSRYS5850288,D,S,C,2024-08-27,1000000.00,3.7446,102.29882812
12:18:08,91282CLD1,TSRYS5850288,D,S,D,2024-08-27,1000000.00,3.7446,102.29882812
12:18:09,91282CLD1,TSRYS5850288,D,S,C,2024-08-27,1000000.00,3.7446,102.29882812
12:18:09,91282CLD1,TSRYS5850288,D,S,D,2024-08-27,1000000.00,3.744281,102.30078125
12:18:11,91282CLD1,TSRYS5850288,D,S,D,2024-08-27,1000000.00,3.744281,102.30078125
12:18:11,91282CLD1,TSRYS5850288,D,S,D,2024-08-27,1000000.00,3.744281,102.30078125
12:18:11,91282CLD1,TSRYS5850288,D,S,D,2024-08-27,1000000.00,3.7446,102.29882812
12:18:14,91282CLD1,TSRYS5850288,D,S,T,2024-08-27,1000000.00,3.7446,102.29882812
12:18:14,91282CLD1,TSRYS5850288,D,S,C,2024-08-27,1000000.00,3.744878,102.297125
12:18:14,91282CLD1,TSRYS5850288,D,B,C,2024-08-27,1000000.00,3.744918,102.296875
12:18:14,91282CLD1,TSRYS5850288,D,B,C,2024-08-27,1000000.00,3.744918,102.296875
12:18:14,91282CLD1,TSRYS5850288,D,S,C,2024-08-27,1000000.00,3.74487,102.297175
12:18:14,91282CLD1,TSRYS5850288,D,S,C,2024-08-27,1000000.00,3.74487,102.297175
12:18:14,91282CLD1,TSRYS5850288,D,S,C,2024-08-27,1000000.00,3.744918,102.296875
12:18:14,91282CLD1,TSRYS5850288,D,B,C,2024-08-27,1000000.00,3.744918,102.296875
12:18:14,91282CLD1,TSRYS5850288,D,B,C,2024-08-27,1000000.00,3.744918,102.296875
12:18:14,91282CLD1,TSRYS5850288,D,S,C,2024-08-27,1000000.00,3.74487,102.297175
12:18:27,91282CLD1,TSRYS5850288,D,S,D,2024-08-27,1000000.00,3.7446,102.29882812
12:18:30,91282CLD1,TSRYS5850288,D,S,C,2024-08-27,1000000.00,3.7446,102.29882812
12:18:30,91282CLD1,TSRYS5850288,D,S,C,2024-08-27,1000000.00,3.7446,102.29882812
12:18:33,91282CLD1,TSRYS5850288,D,S,C,2024-08-27,100000.00,3.744918,102.296875
12:18:33,91282CLD1,TSRYS5850288,D,S,D,2024-08-27,1000000.00,3.744281,102.30078125
12:18:33,91282CLD1,TSRYS5850288,D,B,C,2024-08-27,1000000.00,3.744281,102.30078125
12:18:44,91282CLD1,TSRYS5850288,D,S,D,2024-08-27,1000000.00,3.743963,102.302734375
12:18:44,91282CLD1,TSRYS5850288,D,S,C,2024-08-27,1000000.00,3.744281,102.30078125
12:18:44,91282CLD1,TSRYS5850288,D,B,C,2024-08-27,1000000.00,3.743963,102.302734375
12:18:44,91282CLD1,TSRYS5850288,D,B,C,2024-08-27,1000000.00,3.744281,102.30078125
12:18:45,91282CLD1,TSRYS5850288,D,S,D,2024-08-27,1000000.00,3.744281,102.30078125
12:18:45,91282CLD1,TSRYS5850288,D,S,D,2024-08-27,1000000.00,3.743644,102.3046875
12:18:47,91282CLD1,TSRYS5850288,D,S,T,2024-08-27,9000000.00,3.743644,102.3046875
12:18:47,91282CLD1,TSRYS5850288,D,S,T,2024-08-27,12000000.00,3.743644,102.3046875
12:18:47,91282CLD1,TSRYS5850288,D,S,T,2024-08-27,1000000.00,3.743644,102.3046875
12:18:47,91282CLD1,TSRYS5850288,D,S,T,2024-08-27,1000000.00,3.743644,102.3046875
12:18:47,91282CLD1,TSRYS5850288,D,S,T,2024-08-27,2000000.00,3.743644,102.3046875
12:18:48,91282CLD1,TSRYS5850288,D,S,T,2024-08-27,2000000.00,3.743007,102.30859375
12:18:48,91282CLD1,TSRYS5850288,D,S,T,2024-08-27,2000000.00,3.742689,102.310546875
12:18:48,91282CLD1,TSRYS5850288,D,S,T,2024-08-27,2000000.00,3.742689,102.310546875
12:18:48,91282CLD1,TSRYS5850288,D,S,T,2024-08-27,1000000.00,3.742689,102.310546875
12:18:48,91282CLD1,TSRYS5850288,D,S,T,2024-08-27,1000000.00,3.742689,102.310546875
12:18:48,91282CLD1,TSRYS5850288,D,S,T,2024-08-27,2000000.00,3.742689,102.310546875
12:18:48,91282CLD1,TSRYS5850288,D,S,T,2024-08-27,2000000.00,3.742689,102.310546875
12:18:48,91282CLD1,TSRYS5850288,D,S,T,2024-08-27,2000000.00,3.742689,102.310546875
12:18:48,91282CLD1,TSRYS5850288,D,S,T,2024-08-27,1000000.00,3.743007,102.30859375
12:18:48,91282CLD1,TSRYS5850288,D,S,T,2024-08-27,1000000.00,3.743007,102.30859375
12:18:48,91282CLD1,TSRYS5850288,D,S,T,2024-08-27,2000000.00,3.743007,102.30859375
12:18:48,91282CLD1,TSRYS5850288,D,S,T,2024-08-27,2000000.00,3.742689,102.310546875
12:18:48,91282CLD1,TSRYS5850288,D,S,T,2024-08-27,2000000.00,3.742689,102.310546875
12:18:48,91282CLD1,TSRYS5850288,D,S,T,2024-08-27,1000000.00,3.742689,102.310546875
12:18:48,91282CLD1,TSRYS5850288,D,S,T,2024-08-27,1000000.00,3.742689,102.310546875
12:18:48,91282CLD1,TSRYS5850288,D,S,T,2024-08-27,1000000.00,3.742689,102.310546875
12:18:48,91282CLD1,TSRYS5850288,D,S,T,2024-08-27,1000000.00,3.742689,102.310546875
12:18:48,91282CLD1,TSRYS5850288,D,S,T,2024-08-27,1000000.00,3.742689,102.310546875
12:18:48,91282CLD1,TSRYS5850288,D,S,T,2024-08-27,1000000.00,3.742689,102.310546875
12:18:48,91282CLD1,TSRYS5850288,D,S,T,2024-08-27,1000000.00,3.742689,102.310546875
12:18:48,91282CLD1,TSRYS5850288,D,S,T,2024-08-27,1000000.00,3.742689,102.310546875
12:18:48,91282CLD1,TSRYS5850288,D,S,T,2024-08-27,1000000.00,3.742689,102.310546875
12:18:48,91282CLD1,TSRYS5850288,D,S,T,2024-08-27,2000000.00,3.743644,102.3046875
12:18:48,91282CLD1,TSRYS5850288,D,S,T,2024-08-27,1000000.00,3.742689,102.310546875
12:18:48,91282CLD1,TSRYS5850288,D,S,T,2024-08-27,1000000.00,3.742689,102.310546875
12:18:48,91282CLD1,TSRYS5850288,D,S,T,2024-08-27,1000000.00,3.742689,102.310546875
12:18:48,91282CLD1,TSRYS5850288,D,S,T,2024-08-27,2000000.00,3.742689,102.310546875
12:18:48,91282CLD1,TSRYS5850288,D,S,T,2024-08-27,1000000.00,3.742689,102.310546875
12:18:48,91282CLD1,TSRYS5850288,D,S,T,2024-08-27,2000000.00,3.742689,102.310546875
12:18:49,91282CLD1,TSRYS5850288,D,S,T,2024-08-27,2000000.00,3.742689,102.310546875
12:18:50,91282CLD1,TSRYS5850288,D,S,D,2024-08-27,1000000.00,3.743007,102.30859375
12:18:50,91282CLD1,TSRYS5850288,D,S,D,2024-08-27,1000000.00,3.743007,102.30859375
12:18:50,91282CLD1,TSRYS5850288,D,S,D,2024-08-27,2000000.00,3.743007,102.30859375
12:18:50,91282CLD1,TSRYS5850288,D,S,D,2024-08-27,1000000.00,3.742689,102.310546875
12:18:50,91282CLD1,TSRYS5850288,D,S,D,2024-08-27,1000000.00,3.742689,102.310546875
12:18:51,91282CLD1,TSRYS5850288,D,S,D,2024-08-27,1000000.00,3.742689,102.310546875
12:18:51,91282CLD1,TSRYS5850288,D,S,D,2024-08-27,1000000.00,3.742689,102.310546875
12:18:51,91282CLD1,TSRYS5850288,D,S,D,2024-08-27,1000000.00,3.742689,102.310546875
12:18:51,91282CLD1,TSRYS5850288,D,S,D,2024-08-27,1000000.00,3.742689,102.310546875
12:18:52,91282CLD1,TSRYS5850288,D,S,D,2024-08-27,1000000.00,3.742689,102.310546875
12:18:52,91282CLD1,TSRYS5850288,D,S,T,2024-08-27,1000000.00,3.743644,102.3046875
12:18:52,91282CLD1,TSRYS5850288,D,S,D,2024-08-27,1000000.00,3.742689,102.310546875
12:18:53,91282CLD1,TSRYS5850288,D,S,D,2024-08-27,2000000.00,3.743007,102.30859375
12:18:53,91282CLD1,TSRYS5850288,D,B,C,2024-08-27,1000000.00,3.743007,102.30859375
12:18:53,91282CLD1,TSRYS5850288,D,S,D,2024-08-27,2000000.00,3.743007,102.30859375
12:18:53,91282CLD1,TSRYS5850288,D,B,C,2024-08-27,1000000.00,3.743007,102.30859375
12:18:53,91282CLD1,TSRYS5850288,D,B,C,2024-08-27,1000000.00,3.743007,102.30859375
12:18:53,91282CLD1,TSRYS5850288,D,S,D,2024-08-27,1000000.00,3.743007,102.30859375
12:18:53,91282CLD1,TSRYS5850288,D,B,C,2024-08-27,1000000.00,3.743007,102.30859375
12:18:53,91282CLD1,TSRYS5850288,D,S,D,2024-08-27,1000000.00,3.743007,102.30859375
12:18:53,91282CLD1,TSRYS5850288,D,B,C,2024-08-27,1000000.00,3.743007,102.30859375
12:18:53,91282CLD1,TSRYS5850288,D,S,D,2024-08-27,1000000.00,3.743007,102.30859375
12:18:53,91282CLD1,TSRYS5850288,D,B,C,2024-08-27,1000000.00,3.743007,102.30859375
12:18:53,91282CLD1,TSRYS5850288,D,S,D,2024-08-27,1000000.00,3.743007,102.30859375
12:18:53,91282CLD1,TSRYS5850288,D,B,C,2024-08-27,1000000.00,3.743007,102.30859375
12:18:53,91282CLD1,TSRYS5850288,D,S,D,2024-08-27,1000000.00,3.743007,102.30859375
12:18:53,91282CLD1,TSRYS5850288,D,S,D,2024-08-27,2000000.00,3.742689,102.310546875
12:18:53,91282CLD1,TSRYS5850288,D,S,D,2024-08-27,2000000.00,3.742689,102.310546875
12:18:53,91282CLD1,TSRYS5850288,D,S,D,2024-08-27,1000000.00,3.742689,102.310546875
12:18:53,91282CLD1,TSRYS5850288,D,B,C,2024-08-27,1000000.00,3.742689,102.310546875
12:18:53,91282CLD1,TSRYS5850288,D,S,D,2024-08-27,1000000.00,3.742689,102.310546875
12:18:53,91282CLD1,TSRYS5850288,D,B,C,2024-08-27,1000000.00,3.742689,102.310546875
12:18:53,91282CLD1,TSRYS5850288,D,S,D,2024-08-27,1000000.00,3.742689,102.310546875
12:18:53,91282CLD1,TSRYS5850288,D,S,D,2024-08-27,1000000.00,3.742689,102.310546875
12:18:53,91282CLD1,TSRYS5850288,D,S,D,2024-08-27,1000000.00,3.742689,102.310546875
12:18:53,91282CLD1,TSRYS5850288,D,S,D,2024-08-27,2000000.00,3.742689,102.310546875
12:18:53,91282CLD1,TSRYS5850288,D,B,C,2024-08-27,1000000.00,3.742689,102.310546875
12:18:53,91282CLD1,TSRYS5850288,D,S,D,2024-08-27,1000000.00,3.742689,102.310546875
12:18:53,91282CLD1,TSRYS5850288,D,S,D,2024-08-27,1000000.00,3.742689,102.310546875
12:18:53,91282CLD1,TSRYS5850288,D,S,D,2024-08-27,2000000.00,3.742689,102.310546875
12:18:53,91282CLD1,TSRYS5850288,D,S,D,2024-08-27,2000000.00,3.742689,102.310546875
12:18:53,91282CLD1,TSRYS5850288,D,S,D,2024-08-27,2000000.00,3.742689,102.310546875
12:18:53,91282CLD1,TSRYS5850288,D,B,C,2024-08-27,1000000.00,3.742689,102.310546875
12:18:53,91282CLD1,TSRYS5850288,D,S,D,2024-08-27,2000000.00,3.742689,102.310546875
12:18:53,91282CLD1,TSRYS5850288,D,B,C,2024-08-27,1000000.00,3.742689,102.310546875
12:18:53,91282CLD1,TSRYS5850288,D,B,C,2024-08-27,1000000.00,3.742689,102.310546875
12:18:53,91282CLD1,TSRYS5850288,D,S,D,2024-08-27,1000000.00,3.742689,102.310546875
12:18:53,91282CLD1,TSRYS5850288,D,S,D,2024-08-27,1000000.00,3.742689,102.310546875
12:18:53,91282CLD1,TSRYS5850288,D,S,D,2024-08-27,2000000.00,3.742689,102.310546875
12:18:53,91282CLD1,TSRYS5850288,D,S,D,2024-08-27,2000000.00,3.742689,102.310546875
12:18:53,91282CLD1,TSRYS5850288,D,S,D,2024-08-27,2000000.00,3.742689,102.310546875
12:18:54,91282CLD1,TSRYS5850288,D,S,D,2024-08-27,2000000.00,3.742689,102.310546875
12:18:54,91282CLD1,TSRYS5850288,D,B,C,2024-08-27,1000000.00,3.742689,102.310546875
12:18:54,91282CLD1,TSRYS5850288,D,S,D,2024-08-27,1000000.00,3.742689,102.310546875
12:18:54,91282CLD1,TSRYS5850288,D,S,D,2024-08-27,1000000.00,3.742689,102.310546875
12:18:54,91282CLD1,TSRYS5850288,D,S,D,2024-08-27,1000000.00,3.742689,102.310546875
12:19:07,91282CLD1,TSRYS5850288,D,S,D,2024-08-27,2000000.00,3.74237,102.3125
12:19:09,91282CLD1,TSRYS5850288,D,S,T,2024-08-27,1000000.00,3.74237,102.3125
12:19:09,91282CLD1,TSRYS5850288,D,S,T,2024-08-27,1000000.00,3.74237,102.3125
12:19:10,91282CLD1,TSRYS5850288,D,S,T,2024-08-27,1000000.00,3.74237,102.3125
12:19:10,91282CLD1,TSRYS5850288,D,S,T,2024-08-27,5000000.00,3.74237,102.3125
12:19:10,91282CLD1,TSRYS5850288,D,S,T,2024-08-27,2000000.00,3.74237,102.3125
12:19:13,91282CLD1,TSRYS5850288,D,S,T,2024-08-27,2000000.00,3.74237,102.3125
12:19:24,91282CLD1,TSRYS5850288,D,S,D,2024-08-27,16000000.00,3.744541,102.29919
12:19:27,91282CLD1,TSRYS5850288,D,S,C,2024-08-27,2000000.00,3.743612,102.3048875
12:19:27,91282CLD1,TSRYS5850288,D,B,C,2024-08-27,1000000.00,3.743644,102.3046875
12:19:27,91282CLD1,TSRYS5850288,D,S,C,2024-08-27,1000000.00,3.743612,102.3048875
12:19:45,91282CLD1,TSRYS5850288,D,B,C,2024-08-27,2000000.00,3.743669,102.3045375
12:19:45,91282CLD1,TSRYS5850288,D,S,C,2024-08-27,2000000.00,3.743612,102.3048875
12:19:45,91282CLD1,TSRYS5850288,D,S,C,2024-08-27,12000000.00,3.743612,102.3048875
12:19:45,91282CLD1,TSRYS5850288,D,S,D,2024-08-27,9000000.00,3.743644,102.3046875
12:19:45,91282CLD1,TSRYS5850288,D,S,C,2024-08-27,1000000.00,3.74237,102.3125
12:19:45,91282CLD1,TSRYS5850288,D,S,D,2024-08-27,1000000.00,3.74237,102.3125
12:19:45,91282CLD1,TSRYS5850288,D,S,D,2024-08-27,5000000.00,3.74237,102.3125
12:19:45,91282CLD1,TSRYS5850288,D,S,D,2024-08-27,1000000.00,3.74237,102.3125
12:19:45,91282CLD1,TSRYS5850288,D,S,D,2024-08-27,2000000.00,3.74237,102.3125
12:19:54,91282CLD1,TSRYS5850288,D,S,D,2024-08-27,1000000.00,3.742052,102.314453125
12:19:55,91282CLD1,TSRYS5850288,D,S,C,2024-08-27,1000000.00,3.742052,102.314453125
12:20:00,91282CLD1,TSRYS5850288,D,S,D,2024-08-27,1000000.00,3.743644,102.3046875
12:20:00,91282CLD1,TSRYS5850288,D,S,D,2024-08-27,1000000.00,3.743644,102.3046875
12:20:00,91282CLD1,TSRYS5850288,D,S,C,2024-08-27,2000000.00,3.743644,102.3046875
12:20:00,91282CLD1,TSRYS5850288,D,S,D,2024-08-27,1000000.00,3.743644,102.3046875
12:20:00,91282CLD1,TSRYS5850288,D,B,C,2024-08-27,1000000.00,3.743644,102.3046875
12:20:18,91282CLD1,TSRYS5850288,D,S,D,2024-08-27,2000000.00,3.743007,102.30859375
12:20:18,91282CLD1,TSRYS5850288,D,S,D,2024-08-27,1000000.00,3.743007,102.30859375
12:20:22,91282CLD1,TSRYS5850288,D,B,C,2024-08-27,2000000.00,3.741733,102.31640625
12:20:31,91282CLD1,TSRYS5850288,D,S,D,2024-08-27,14000000.00,3.743072,102.30819375
12:20:42,91282CLD1,TSRYS5850288,D,S,D,2024-08-27,1000000.00,3.74237,102.3125
12:20:42,91282CLD1,TSRYS5850288,D,B,C,2024-08-27,1000000.00,3.742395,102.31235
12:20:42,91282CLD1,TSRYS5850288,D,B,C,2024-08-27,1000000.00,3.742395,102.31235
12:20:42,91282CLD1,TSRYS5850288,D,S,D,2024-08-27,1000000.00,3.74237,102.3125
12:20:50,91282CLD1,TSRYS5850288,D,S,T,2024-08-27,1000000.00,3.74237,102.3125
12:21:12,91282CLD1,TSRYS5850288,D,S,D,2024-08-27,30000.00,3.740459,102.32421875
12:21:13,91282CLD1,TSRYS5850288,D,S,D,2024-08-27,30000.00,3.741415,102.318359375
12:21:17,91282CLD1,TSRYS5850288,D,S,T,2024-08-27,1000000.00,3.741096,102.3203125
12:21:22,91282CLD1,TSRYS5850288,D,S,D,2024-08-27,1000000.00,3.743007,102.30859375
12:21:42,91282CLD1,TSRYS5850288,D,S,T,2024-08-27,1000000.00,3.741096,102.3203125
12:21:42,91282CLD1,TSRYS5850288,D,S,C,2024-08-27,326000.00,3.741096,102.3203125
12:21:45,91282CLD1,TSRYS5850288,D,S,D,2024-08-27,1000000.00,3.741096,102.3203125
12:21:45,91282CLD1,TSRYS5850288,D,B,C,2024-08-27,1000000.00,3.741096,102.3203125
12:21:57,91282CLD1,TSRYS5850288,D,S,D,2024-08-27,2000000.00,3.74237,102.3125
12:21:59,91282CLD1,TSRYS5850288,D,B,C,2024-08-27,1000000.00,3.741733,102.31640625
12:22:00,91282CLD1,TSRYS5850288,D,B,C,2024-08-27,1000000.00,3.74237,102.3125
12:22:00,91282CLD1,TSRYS5850288,D,S,D,2024-08-27,1000000.00,3.74237,102.3125
12:22:00,91282CLD1,TSRYS5850288,D,S,D,2024-08-27,1000000.00,3.74237,102.3125
12:22:00,91282CLD1,TSRYS5850288,D,B,C,2024-08-27,1000000.00,3.741096,102.3203125
12:22:00,91282CLD1,TSRYS5850288,D,S,D,2024-08-27,1000000.00,3.741096,102.3203125
12:22:00,91282CLD1,TSRYS5850288,D,B,C,2024-08-27,1000000.00,3.741096,102.3203125
12:22:00,91282CLD1,TSRYS5850288,D,S,D,2024-08-27,1000000.00,3.741096,102.3203125
12:22:00,91282CLD1,TSRYS5850288,D,S,C,2024-08-27,1000000.00,3.741096,102.3203125
12:22:00,91282CLD1,TSRYS5850288,D,S,C,2024-08-27,1000000.00,3.741096,102.3203125
12:22:00,91282CLD1,TSRYS5850288,D,B,C,2024-08-27,1000000.00,3.741096,102.3203125
12:22:04,91282CLD1,TSRYS5850288,D,S,D,2024-08-27,2000000.00,3.741733,102.31640625
12:22:05,91282CLD1,TSRYS5850288,D,S,D,2024-08-27,2000000.00,3.741733,102.31640625
12:22:09,91282CLD1,TSRYS5850288,D,B,C,2024-08-27,55000.00,3.741096,102.3203125
12:22:12,91282CLD1,TSRYS5850288,D,S,C,2024-08-27,55000.00,3.741096,102.3203125
12:22:12,91282CLD1,TSRYS5850288,D,B,C,2024-08-27,50000.00,3.741096,102.3203125
12:22:12,91282CLD1,TSRYS5850288,D,S,D,2024-08-27,50000.00,3.741096,102.3203125
12:22:14,91282CLD1,TSRYS5850288,D,B,C,2024-08-27,30000.00,3.741096,102.320312
12:22:15,91282CLD1,TSRYS5850288,D,B,C,2024-08-27,45000.00,3.741096,102.320312
12:22:17,91282CLD1,TSRYS5850288,D,B,C,2024-08-27,45000.00,3.741096,102.3203125
12:22:18,91282CLD1,TSRYS5850288,D,B,C,2024-08-27,50000.00,3.741096,102.3203125
12:22:19,91282CLD1,TSRYS5850288,D,S,C,2024-08-27,250000.00,3.632203,102.990625
12:22:22,91282CLD1,TSRYS5850288,D,B,C,2024-08-27,50000.00,3.741096,102.3203125
12:22:24,91282CLD1,TSRYS5850288,D,B,C,2024-08-27,35000.00,3.741096,102.3203125
12:22:30,91282CLD1,TSRYS5850288,D,S,D,2024-08-27,1000000.00,3.741096,102.3203125
12:22:30,91282CLD1,TSRYS5850288,D,B,C,2024-08-27,1000000.00,3.741096,102.3203125
12:22:30,91282CLD1,TSRYS5850288,D,S,D,2024-08-27,1000000.00,3.741096,102.3203125
12:22:32,91282CLD1,TSRYS5850288,D,B,C,2024-08-27,110000.00,3.741096,102.3203125
12:22:45,91282CLD1,TSRYS5850288,D,B,C,2024-08-27,1000000.00,3.74237,102.3125
12:22:45,91282CLD1,TSRYS5850288,D,S,C,2024-08-27,1000000.00,3.742289,102.313
12:22:45,91282CLD1,TSRYS5850288,D,B,C,2024-08-27,1000000.00,3.74237,102.3125
12:22:45,91282CLD1,TSRYS5850288,D,S,C,2024-08-27,1000000.00,3.742329,102.31275
12:22:45,91282CLD1,TSRYS5850288,D,B,C,2024-08-27,1000000.00,3.74237,102.3125
12:22:45,91282CLD1,TSRYS5850288,D,B,C,2024-08-27,1000000.00,3.74237,102.3125
12:22:45,91282CLD1,TSRYS5850288,D,S,D,2024-08-27,1000000.00,3.742346,102.31265
12:22:45,91282CLD1,TSRYS5850288,D,S,D,2024-08-27,1000000.00,3.74237,102.3125
12:23:16,91282CLD1,TSRYS5850288,D,S,C,2024-08-27,1000000.00,3.741733,102.31640625
12:23:16,91282CLD1,TSRYS5850288,D,S,C,2024-08-27,1000000.00,3.741733,102.31640625
12:23:16,91282CLD1,TSRYS5850288,D,S,C,2024-08-27,1000000.00,3.741733,102.31640625
12:23:16,91282CLD1,TSRYS5850288,D,B,C,2024-08-27,1000000.00,3.741733,102.31640625
12:23:17,91282CLD1,TSRYS5850288,D,S,D,2024-08-27,1000000.00,3.741733,102.31640625
12:23:17,91282CLD1,TSRYS5850288,D,S,D,2024-08-27,1000000.00,3.741096,102.3203125
12:23:17,91282CLD1,TSRYS5850288,D,B,C,2024-08-27,1000000.00,3.741096,102.3203125
12:23:18,91282CLD1,TSRYS5850288,D,S,T,2024-08-27,1000000.00,3.743644,102.3046875
12:23:18,91282CLD1,TSRYS5850288,D,S,T,2024-08-27,1000000.00,3.744918,102.296875
12:23:18,91282CLD1,TSRYS5850288,D,S,T,2024-08-27,1000000.00,3.743644,102.3046875
12:23:18,91282CLD1,TSRYS5850288,D,S,C,2024-08-27,1000000.00,3.743963,102.302734375
12:23:18,91282CLD1,TSRYS5850288,D,S,T,2024-08-27,1000000.00,3.7446,102.298828125
12:23:18,91282CLD1,TSRYS5850288,D,S,T,2024-08-27,1000000.00,3.7446,102.298828125
12:23:18,91282CLD1,TSRYS5850288,D,S,T,2024-08-27,1000000.00,3.744918,102.296875
12:23:18,91282CLD1,TSRYS5850288,D,S,T,2024-08-27,1000000.00,3.7446,102.298828125
12:23:18,91282CLD1,TSRYS5850288,D,S,T,2024-08-27,1000000.00,3.744918,102.296875
12:23:18,91282CLD1,TSRYS5850288,D,S,T,2024-08-27,1000000.00,3.744918,102.296875
12:23:18,91282CLD1,TSRYS5850288,D,S,T,2024-08-27,1000000.00,3.744918,102.296875
12:23:18,91282CLD1,TSRYS5850288,D,S,T,2024-08-27,1000000.00,3.744918,102.296875
12:23:18,91282CLD1,TSRYS5850288,D,S,T,2024-08-27,1000000.00,3.744918,102.296875
12:23:18,91282CLD1,TSRYS5850288,D,S,T,2024-08-27,1000000.00,3.744918,102.296875
12:23:18,91282CLD1,TSRYS5850288,D,S,T,2024-08-27,1000000.00,3.744918,102.296875
12:23:18,91282CLD1,TSRYS5850288,D,S,T,2024-08-27,1000000.00,3.744918,102.296875
12:23:18,91282CLD1,TSRYS5850288,D,S,C,2024-08-27,1000000.00,3.742991,102.30869375
12:23:18,91282CLD1,TSRYS5850288,D,B,C,2024-08-27,1000000.00,3.743023,102.30849375
12:23:18,91282CLD1,TSRYS5850288,D,S,T,2024-08-27,1000000.00,3.744918,102.296875
12:23:18,91282CLD1,TSRYS5850288,D,B,C,2024-08-27,1000000.00,3.743963,102.302734375
12:23:20,91282CLD1,TSRYS5850288,D,S,D,2024-08-27,1000000.00,3.743963,102.302734375
12:23:22,91282CLD1,TSRYS5850288,D,S,D,2024-08-27,1000000.00,3.741733,102.31640625
12:23:22,91282CLD1,TSRYS5850288,D,S,D,2024-08-27,1000000.00,3.741733,102.31640625
12:23:22,91282CLD1,TSRYS5850288,D,S,T,2024-08-27,1000000.00,3.744918,102.296875
12:23:22,91282CLD1,TSRYS5850288,D,S,T,2024-08-27,1000000.00,3.744918,102.296875
12:23:22,91282CLD1,TSRYS5850288,D,S,T,2024-08-27,1000000.00,3.744918,102.296875
12:23:22,91282CLD1,TSRYS5850288,D,S,T,2024-08-27,1000000.00,3.744918,102.296875
12:23:22,91282CLD1,TSRYS5850288,D,S,T,2024-08-27,1000000.00,3.744918,102.296875
12:23:22,91282CLD1,TSRYS5850288,D,S,C,2024-08-27,1000000.00,3.744584,102.298928125
12:23:23,91282CLD1,TSRYS5850288,D,S,C,2024-08-27,1000000.00,3.743644,102.3046875
12:23:23,91282CLD1,TSRYS5850288,D,B,C,2024-08-27,1000000.00,3.743644,102.3044875
12:23:23,91282CLD1,TSRYS5850288,D,S,C,2024-08-27,1000000.00,3.743644,102.3046875
12:23:23,91282CLD1,TSRYS5850288,D,B,C,2024-08-27,1000000.00,3.743644,102.3044875
12:23:23,91282CLD1,TSRYS5850288,D,S,C,2024-08-27,1000000.00,3.744918,102.296875
12:23:23,91282CLD1,TSRYS5850288,D,B,C,2024-08-27,1000000.00,3.744918,102.296875
12:23:23,91282CLD1,TSRYS5850288,D,S,C,2024-08-27,1000000.00,3.744918,102.29705
12:23:23,91282CLD1,TSRYS5850288,D,B,C,2024-08-27,1000000.00,3.744918,102.296875
12:23:24,91282CLD1,TSRYS5850288,D,S,T,2024-08-27,1000000.00,3.744918,102.296875
12:23:25,91282CLD1,TSRYS5850288,D,S,C,2024-08-27,1000000.00,3.744918,102.29705
12:23:25,91282CLD1,TSRYS5850288,D,B,C,2024-08-27,1000000.00,3.744918,102.296875
12:23:25,91282CLD1,TSRYS5850288,D,S,C,2024-08-27,1000000.00,3.7446,102.298828125
12:23:25,91282CLD1,TSRYS5850288,D,B,C,2024-08-27,1000000.00,3.7446,102.298828125
12:23:25,91282CLD1,TSRYS5850288,D,S,C,2024-08-27,1000000.00,3.7446,102.298828125
12:23:26,91282CLD1,TSRYS5850288,D,S,D,2024-08-27,1000000.00,3.744918,102.296875
12:23:26,91282CLD1,TSRYS5850288,D,S,C,2024-08-27,1000000.00,3.744902,102.296975
12:23:26,91282CLD1,TSRYS5850288,D,B,C,2024-08-27,1000000.00,3.744918,102.296875
12:23:27,91282CLD1,TSRYS5850288,D,S,T,2024-08-27,2000000.00,3.744918,102.296875
12:23:27,91282CLD1,TSRYS5850288,D,S,T,2024-08-27,5000000.00,3.744918,102.296875
12:23:27,91282CLD1,TSRYS5850288,D,S,C,2024-08-27,1000000.00,3.7446,102.298828125
12:23:27,91282CLD1,TSRYS5850288,D,B,C,2024-08-27,1000000.00,3.7446,102.298828125
12:23:28,91282CLD1,TSRYS5850288,D,S,C,2024-08-27,1000000.00,3.7446,102.298828125
12:23:28,91282CLD1,TSRYS5850288,D,B,C,2024-08-27,1000000.00,3.7446,102.298828125
12:23:28,91282CLD1,TSRYS5850288,D,S,C,2024-08-27,1000000.00,3.7446,102.298828125
12:23:40,91282CLD1,TSRYS5850288,D,S,D,2024-08-27,1000000.00,3.7446,102.298828125
12:23:40,91282CLD1,TSRYS5850288,D,B,C,2024-08-27,1000000.00,3.7446,102.298828125
12:23:43,91282CLD1,TSRYS5850288,D,S,D,2024-08-27,1000000.00,3.7446,102.298828125
12:23:43,91282CLD1,TSRYS5850288,D,S,C,2024-08-27,1000000.00,3.7446,102.298828125
12:23:58,91282CLD1,TSRYS5850288,D,B,C,2024-08-27,1000000.00,3.74237,102.3125
12:23:58,91282CLD1,TSRYS5850288,D,S,D,2024-08-27,1000000.00,3.74237,102.3125
12:24:00,91282CLD1,TSRYS5850288,D,S,C,2024-08-27,1000000.00,3.744918,102.296875
12:24:00,91282CLD1,TSRYS5850288,D,S,C,2024-08-27,1000000.00,3.743616,102.3048625
12:24:00,91282CLD1,TSRYS5850288,D,B,C,2024-08-27,3000000.00,3.743669,102.3045375
12:24:00,91282CLD1,TSRYS5850288,D,S,D,2024-08-27,1000000.00,3.74237,102.3125
12:24:00,91282CLD1,TSRYS5850288,D,B,C,2024-08-27,1000000.00,3.742395,102.31235
12:24:00,91282CLD1,TSRYS5850288,D,S,C,2024-08-27,1000000.00,3.74237,102.3125
12:24:00,91282CLD1,TSRYS5850288,D,S,C,2024-08-27,3000000.00,3.74362,102.3048375
12:24:00,91282CLD1,TSRYS5850288,D,S,D,2024-08-27,1000000.00,3.74237,102.3125
12:24:00,91282CLD1,TSRYS5850288,D,B,C,2024-08-27,1000000.00,3.742395,102.31235
12:24:00,91282CLD1,TSRYS5850288,D,B,C,2024-08-27,1000000.00,3.742395,102.31235
12:24:00,91282CLD1,TSRYS5850288,D,B,C,2024-08-27,1000000.00,3.742395,102.31235
12:24:00,91282CLD1,TSRYS5850288,D,B,C,2024-08-27,1000000.00,3.742395,102.31235
12:24:00,91282CLD1,TSRYS5850288,D,S,C,2024-08-27,1000000.00,3.74237,102.3125
12:24:00,91282CLD1,TSRYS5850288,D,B,C,2024-08-27,1000000.00,3.742395,102.31235
12:24:00,91282CLD1,TSRYS5850288,D,S,C,2024-08-27,1000000.00,3.74237,102.3125
12:24:00,91282CLD1,TSRYS5850288,D,B,C,2024-08-27,2000000.00,3.742395,102.31235
12:24:00,91282CLD1,TSRYS5850288,D,S,C,2024-08-27,1000000.00,3.74237,102.3125
12:24:00,91282CLD1,TSRYS5850288,D,S,C,2024-08-27,2000000.00,3.742329,102.31275
12:24:00,91282CLD1,TSRYS5850288,D,B,C,2024-08-27,1000000.00,3.743669,102.3045375
12:24:00,91282CLD1,TSRYS5850288,D,B,C,2024-08-27,1000000.00,3.744935,102.296775
12:24:00,91282CLD1,TSRYS5850288,D,S,C,2024-08-27,1000000.00,3.74362,102.3048375
12:24:00,91282CLD1,TSRYS5850288,D,S,D,2024-08-27,1000000.00,3.744918,102.296875
12:24:00,91282CLD1,TSRYS5850288,D,S,C,2024-08-27,1000000.00,3.744894,102.297025
12:24:00,91282CLD1,TSRYS5850288,D,B,C,2024-08-27,1000000.00,3.744918,102.296875
12:24:15,91282CLD1,TSRYS5850288,D,S,C,2024-08-27,1000000.00,3.744878,102.297125
12:24:15,91282CLD1,TSRYS5850288,D,S,C,2024-08-27,1000000.00,3.744918,102.296875
12:24:15,91282CLD1,TSRYS5850288,D,B,C,2024-08-27,1000000.00,3.743644,102.3046875
12:24:15,91282CLD1,TSRYS5850288,D,B,C,2024-08-27,1000000.00,3.744918,102.296875
12:24:16,91282CLD1,TSRYS5850288,D,S,C,2024-08-27,1000000.00,3.744878,102.297125
12:24:16,91282CLD1,TSRYS5850288,D,S,C,2024-08-27,1000000.00,3.744918,102.296875
12:24:16,91282CLD1,TSRYS5850288,D,S,C,2024-08-27,1000000.00,3.743628,102.3047875
12:24:16,91282CLD1,TSRYS5850288,D,B,C,2024-08-27,1000000.00,3.743644,102.3046875
12:24:16,91282CLD1,TSRYS5850288,D,S,C,2024-08-27,1000000.00,3.743644,102.3046875
12:24:16,91282CLD1,TSRYS5850288,D,B,C,2024-08-27,1000000.00,3.743669,102.3045375
12:24:16,91282CLD1,TSRYS5850288,D,S,C,2024-08-27,1000000.00,3.743644,102.3046875
12:24:16,91282CLD1,TSRYS5850288,D,S,C,2024-08-27,1000000.00,3.744894,102.297025
12:24:16,91282CLD1,TSRYS5850288,D,B,C,2024-08-27,1000000.00,3.744951,102.296675
12:24:16,91282CLD1,TSRYS5850288,D,S,C,2024-08-27,1000000.00,3.744894,102.297025
12:24:16,91282CLD1,TSRYS5850288,D,S,C,2024-08-27,1000000.00,3.744894,102.297025
12:24:16,91282CLD1,TSRYS5850288,D,B,C,2024-08-27,1000000.00,3.744918,102.296875
12:24:16,91282CLD1,TSRYS5850288,D,S,C,2024-08-27,2000000.00,3.744894,102.297025
12:24:16,91282CLD1,TSRYS5850288,D,S,D,2024-08-27,1000000.00,3.744918,102.296875
12:24:16,91282CLD1,TSRYS5850288,D,B,C,2024-08-27,1000000.00,3.744918,102.296875
12:24:23,91282CLD1,TSRYS5850288,D,S,T,2024-08-27,1000000.00,3.744918,102.296875
12:24:23,91282CLD1,TSRYS5850288,D,S,T,2024-08-27,1000000.00,3.744918,102.296875
12:24:23,91282CLD1,TSRYS5850288,D,S,T,2024-08-27,5000000.00,3.744918,102.296875
12:24:26,91282CLD1,TSRYS5850288,D,S,T,2024-08-27,1000000.00,3.744918,102.296875
12:24:27,91282CLD1,TSRYS5850288,D,S,T,2024-08-27,1000000.00,3.744918,102.296875
12:24:27,91282CLD1,TSRYS5850288,D,S,T,2024-08-27,1000000.00,3.744918,102.296875
12:24:27,91282CLD1,TSRYS5850288,D,S,T,2024-08-27,5000000.00,3.744918,102.296875
12:24:27,91282CLD1,TSRYS5850288,D,S,T,2024-08-27,1000000.00,3.744918,102.296875
12:24:27,91282CLD1,TSRYS5850288,D,S,T,2024-08-27,1000000.00,3.744918,102.296875
12:24:27,91282CLD1,TSRYS5850288,D,S,T,2024-08-27,5000000.00,3.744918,102.296875
12:24:29,91282CLD1,TSRYS5850288,D,S,T,2024-08-27,1000000.00,3.744918,102.296875
12:24:31,91282CLD1,TSRYS5850288,D,S,C,2024-08-27,1000000.00,3.743644,102.3046875
12:24:31,91282CLD1,TSRYS5850288,D,B,C,2024-08-27,1000000.00,3.744918,102.296875
12:24:31,91282CLD1,TSRYS5850288,D,B,C,2024-08-27,1000000.00,3.743669,102.3045375
12:24:31,91282CLD1,TSRYS5850288,D,S,C,2024-08-27,1000000.00,3.743644,102.3046875
12:24:31,91282CLD1,TSRYS5850288,D,S,C,2024-08-27,1000000.00,3.743644,102.3046875
12:24:31,91282CLD1,TSRYS5850288,D,B,C,2024-08-27,1000000.00,3.743669,102.3045375
12:24:31,91282CLD1,TSRYS5850288,D,B,C,2024-08-27,1000000.00,3.743669,102.3045375
12:24:31,91282CLD1,TSRYS5850288,D,B,C,2024-08-27,1000000.00,3.743669,102.3045375
12:24:31,91282CLD1,TSRYS5850288,D,S,C,2024-08-27,1000000.00,3.743644,102.3046875
12:24:31,91282CLD1,TSRYS5850288,D,S,C,2024-08-27,1000000.00,3.744918,102.296875
12:24:31,91282CLD1,TSRYS5850288,D,S,D,2024-08-27,1000000.00,3.744918,102.296875
12:24:31,91282CLD1,TSRYS5850288,D,S,D,2024-08-27,1000000.00,3.743644,102.3046875
12:24:31,91282CLD1,TSRYS5850288,D,S,D,2024-08-27,1000000.00,3.743644,102.3046875
12:24:31,91282CLD1,TSRYS5850288,D,B,C,2024-08-27,1000000.00,3.743669,102.3045375
12:24:31,91282CLD1,TSRYS5850288,D,S,D,2024-08-27,1000000.00,3.744918,102.296875
12:24:31,91282CLD1,TSRYS5850288,D,B,C,2024-08-27,1000000.00,3.743669,102.3045375
12:24:31,91282CLD1,TSRYS5850288,D,B,C,2024-08-27,2000000.00,3.743669,102.3045375
12:24:31,91282CLD1,TSRYS5850288,D,B,C,2024-08-27,1000000.00,3.743669,102.3045375
12:24:31,91282CLD1,TSRYS5850288,D,S,C,2024-08-27,3000000.00,3.743603,102.3049375
12:24:31,91282CLD1,TSRYS5850288,D,S,D,2024-08-27,1000000.00,3.743644,102.3046875
12:24:31,91282CLD1,TSRYS5850288,D,S,D,2024-08-27,2000000.00,3.743644,102.3046875
12:24:31,91282CLD1,TSRYS5850288,D,S,C,2024-08-27,1000000.00,3.744918,102.296875
12:24:31,91282CLD1,TSRYS5850288,D,S,C,2024-08-27,1000000.00,3.743612,102.3048875
12:24:31,91282CLD1,TSRYS5850288,D,B,C,2024-08-27,3000000.00,3.743669,102.3045375
12:24:31,91282CLD1,TSRYS5850288,D,S,C,2024-08-27,1000000.00,3.744878,102.297125
12:24:31,91282CLD1,TSRYS5850288,D,B,C,2024-08-27,1000000.00,3.743669,102.3045375
12:24:31,91282CLD1,TSRYS5850288,D,B,C,2024-08-27,1000000.00,3.743669,102.3045375
12:24:31,91282CLD1,TSRYS5850288,D,S,C,2024-08-27,1000000.00,3.743644,102.3046875
12:24:31,91282CLD1,TSRYS5850288,D,S,D,2024-08-27,1000000.00,3.743644,102.3046875
12:24:31,91282CLD1,TSRYS5850288,D,S,C,2024-08-27,1000000.00,3.743628,102.3047875
12:24:31,91282CLD1,TSRYS5850288,D,B,C,2024-08-27,1000000.00,3.743669,102.3045375
12:24:31,91282CLD1,TSRYS5850288,D,B,C,2024-08-27,1000000.00,3.743644,102.3046875
12:24:31,91282CLD1,TSRYS5850288,D,S,C,2024-08-27,1000000.00,3.744878,102.297125
12:24:31,91282CLD1,TSRYS5850288,D,B,C,2024-08-27,1000000.00,3.744918,102.296875
12:24:31,91282CLD1,TSRYS5850288,D,B,C,2024-08-27,1000000.00,3.744918,102.296875
12:24:31,91282CLD1,TSRYS5850288,D,S,C,2024-08-27,4000000.00,3.744894,102.297025
12:24:31,91282CLD1,TSRYS5850288,D,S,C,2024-08-27,1000000.00,3.744894,102.297025
12:24:31,91282CLD1,TSRYS5850288,D,S,C,2024-08-27,1000000.00,3.744902,102.296975
12:24:34,91282CLD1,TSRYS5850288,D,S,C,2024-08-27,1000000.00,3.7446,102.29882812
12:24:36,91282CLD1,TSRYS5850288,D,S,C,2024-08-27,2000000.00,3.7446,102.29882812
12:24:46,91282CLD1,TSRYS5850288,D,S,C,2024-08-27,1000000.00,3.744918,102.296875
12:24:46,91282CLD1,TSRYS5850288,D,S,D,2024-08-27,1000000.00,3.744918,102.296875
12:24:46,91282CLD1,TSRYS5850288,D,S,D,2024-08-27,1000000.00,3.744894,102.297025
12:24:46,91282CLD1,TSRYS5850288,D,S,C,2024-08-27,1000000.00,3.744878,102.297125
12:24:47,91282CLD1,TSRYS5850288,D,S,C,2024-08-27,1000000.00,3.744918,102.296875
12:24:47,91282CLD1,TSRYS5850288,D,S,C,2024-08-27,1000000.00,3.744878,102.297125
12:24:47,91282CLD1,TSRYS5850288,D,S,C,2024-08-27,1000000.00,3.744918,102.296875
12:24:47,91282CLD1,TSRYS5850288,D,S,C,2024-08-27,1000000.00,3.74489,102.29705
12:24:47,91282CLD1,TSRYS5850288,D,B,C,2024-08-27,1000000.00,3.744918,102.296875
12:24:47,91282CLD1,TSRYS5850288,D,B,C,2024-08-27,1000000.00,3.744918,102.296875
12:24:47,91282CLD1,TSRYS5850288,D,B,C,2024-08-27,1000000.00,3.744918,102.296875
12:24:47,91282CLD1,TSRYS5850288,D,S,C,2024-08-27,1000000.00,3.743628,102.3047875
12:24:47,91282CLD1,TSRYS5850288,D,S,C,2024-08-27,1000000.00,3.744918,102.296875
12:24:47,91282CLD1,TSRYS5850288,D,B,C,2024-08-27,1000000.00,3.744918,102.296875
12:24:47,91282CLD1,TSRYS5850288,D,S,C,2024-08-27,1000000.00,3.744894,102.297025
12:24:47,91282CLD1,TSRYS5850288,D,B,C,2024-08-27,1000000.00,3.744951,102.296675
12:24:47,91282CLD1,TSRYS5850288,D,B,C,2024-08-27,4000000.00,3.744918,102.296875
12:24:47,91282CLD1,TSRYS5850288,D,B,C,2024-08-27,1000000.00,3.744918,102.296875
12:24:47,91282CLD1,TSRYS5850288,D,S,C,2024-08-27,5000000.00,3.744894,102.297025
12:24:47,91282CLD1,TSRYS5850288,D,S,C,2024-08-27,1000000.00,3.744894,102.297025
12:25:00,91282CLD1,TSRYS5850288,D,S,C,2024-08-27,1000000.00,3.744918,102.296875
12:25:00,91282CLD1,TSRYS5850288,D,S,D,2024-08-27,1000000.00,3.744918,102.296875
12:25:00,91282CLD1,TSRYS5850288,D,B,C,2024-08-27,1000000.00,3.744951,102.296675
12:25:15,91282CLD1,TSRYS5850288,D,B,C,2024-08-27,1000000.00,3.744918,102.296875
12:25:15,91282CLD1,TSRYS5850288,D,S,D,2024-08-27,1000000.00,3.744918,102.296875
12:25:15,91282CLD1,TSRYS5850288,D,B,C,2024-08-27,13000000.00,3.744951,102.296675
12:25:15,91282CLD1,TSRYS5850288,D,S,D,2024-08-27,13000000.00,3.744918,102.296875
12:25:15,91282CLD1,TSRYS5850288,D,B,C,2024-08-27,2000000.00,3.744951,102.296675
12:25:15,91282CLD1,TSRYS5850288,D,B,C,2024-08-27,5000000.00,3.744951,102.296675
12:25:15,91282CLD1,TSRYS5850288,D,S,C,2024-08-27,5000000.00,3.744894,102.297025
12:25:15,91282CLD1,TSRYS5850288,D,S,C,2024-08-27,1000000.00,3.744894,102.297025
12:25:15,91282CLD1,TSRYS5850288,D,S,C,2024-08-27,2000000.00,3.744894,102.297025
12:25:15,91282CLD1,TSRYS5850288,D,S,C,2024-08-27,1000000.00,3.744918,102.296875
12:25:19,91282CLD1,TSRYS5850288,D,S,C,2024-08-27,1000000.00,3.743963,102.30273437
12:25:25,91282CLD1,TSRYS5850288,D,B,C,2024-08-27,1000000.00,3.743963,102.302734375
12:25:25,91282CLD1,TSRYS5850288,D,S,T,2024-08-27,1000000.00,3.743644,102.3046875
12:25:26,91282CLD1,TSRYS5850288,D,S,T,2024-08-27,1000000.00,3.742705,102.310446875
12:25:26,91282CLD1,TSRYS5850288,D,S,T,2024-08-27,1000000.00,3.743644,102.3046875
12:25:26,91282CLD1,TSRYS5850288,D,S,T,2024-08-27,1000000.00,3.74237,102.3125
12:25:26,91282CLD1,TSRYS5850288,D,S,T,2024-08-27,1000000.00,3.74237,102.3125
12:25:26,91282CLD1,TSRYS5850288,D,B,C,2024-08-27,1000000.00,3.743007,102.30859375
12:25:26,91282CLD1,TSRYS5850288,D,S,D,2024-08-27,1000000.00,3.743007,102.30859375
12:25:26,91282CLD1,TSRYS5850288,D,S,T,2024-08-27,1000000.00,3.74237,102.3125
12:25:26,91282CLD1,TSRYS5850288,D,S,T,2024-08-27,1000000.00,3.74237,102.3125
12:25:26,91282CLD1,TSRYS5850288,D,S,C,2024-08-27,3000000.00,3.743522,102.305438542
12:25:27,91282CLD1,TSRYS5850288,D,S,D,2024-08-27,1000000.00,3.743007,102.30859375
12:25:27,91282CLD1,TSRYS5850288,D,S,C,2024-08-27,1000000.00,3.743007,102.30859375
12:25:28,91282CLD1,TSRYS5850288,D,S,D,2024-08-27,1000000.00,3.743326,102.306640625
12:25:28,91282CLD1,TSRYS5850288,D,S,D,2024-08-27,1000000.00,3.743007,102.30859375
12:25:29,91282CLD1,TSRYS5850288,D,S,T,2024-08-27,1000000.00,3.743644,102.3046875
12:25:29,91282CLD1,TSRYS5850288,D,S,D,2024-08-27,1000000.00,3.742689,102.310546875
12:25:29,91282CLD1,TSRYS5850288,D,S,D,2024-08-27,1000000.00,3.742672,102.310646875
12:25:30,91282CLD1,TSRYS5850288,D,S,D,2024-08-27,1000000.00,3.742689,102.310546875
12:25:30,91282CLD1,TSRYS5850288,D,S,D,2024-08-27,1000000.00,3.74237,102.3125
12:25:30,91282CLD1,TSRYS5850288,D,S,T,2024-08-27,1000000.00,3.743644,102.3046875
12:25:30,91282CLD1,TSRYS5850288,D,S,T,2024-08-27,1000000.00,3.743326,102.306640625
12:25:30,91282CLD1,TSRYS5850288,D,S,T,2024-08-27,1000000.00,3.743007,102.30859375
12:25:30,91282CLD1,TSRYS5850288,D,S,C,2024-08-27,1000000.00,3.743644,102.3046875
12:25:32,91282CLD1,TSRYS5850288,D,S,T,2024-08-27,1000000.00,3.743644,102.3046875
12:25:32,91282CLD1,TSRYS5850288,D,S,T,2024-08-27,6000000.00,3.74237,102.3125
12:25:32,91282CLD1,TSRYS5850288,D,S,T,2024-08-27,1000000.00,3.743326,102.306640625
12:25:32,91282CLD1,TSRYS5850288,D,S,T,2024-08-27,1000000.00,3.742689,102.310546875
12:25:33,91282CLD1,TSRYS5850288,D,S,C,2024-08-27,5000000.00,3.744894,102.297025
12:25:33,91282CLD1,TSRYS5850288,D,S,C,2024-08-27,1000000.00,3.744894,102.297025
12:25:34,91282CLD1,TSRYS5850288,D,S,T,2024-08-27,1000000.00,3.743644,102.3046875
12:25:35,91282CLD1,TSRYS5850288,D,S,T,2024-08-27,1000000.00,3.74237,102.3125
12:25:36,91282CLD1,TSRYS5850288,D,S,T,2024-08-27,1000000.00,3.743007,102.30859375
12:25:36,91282CLD1,TSRYS5850288,D,S,T,2024-08-27,1000000.00,3.742689,102.310546875
12:25:47,91282CLD1,TSRYS5850288,D,S,C,2024-08-27,1000000.00,3.744894,102.297025
12:25:47,91282CLD1,TSRYS5850288,D,S,C,2024-08-27,1000000.00,3.744894,102.297025
12:25:48,91282CLD1,TSRYS5850288,D,S,C,2024-08-27,5000000.00,3.744894,102.297025
12:25:48,91282CLD1,TSRYS5850288,D,S,C,2024-08-27,5000000.00,3.744894,102.297025
12:25:53,91282CLD1,TSRYS5850288,D,B,C,2024-08-27,2000000.00,3.742689,102.310546875
12:25:59,91282CLD1,TSRYS5850288,D,S,T,2024-08-27,1000000.00,3.74237,102.3125
12:25:59,91282CLD1,TSRYS5850288,D,S,D,2024-08-27,1000000.00,3.742052,102.314453125
12:26:01,91282CLD1,TSRYS5850288,D,S,D,2024-08-27,95000.00,3.741733,102.31640625
12:26:02,91282CLD1,TSRYS5850288,D,B,C,2024-08-27,95000.00,3.741733,102.31640625
12:26:02,91282CLD1,TSRYS5850288,D,S,C,2024-08-27,1000000.00,3.74487,102.297175
12:26:02,91282CLD1,TSRYS5850288,D,B,C,2024-08-27,1000000.00,3.744918,102.296875
12:26:02,91282CLD1,TSRYS5850288,D,S,C,2024-08-27,1000000.00,3.744894,102.297025
12:26:02,91282CLD1,TSRYS5850288,D,S,C,2024-08-27,1000000.00,3.744894,102.297025
12:26:04,91282CLD1,TSRYS5850288,D,S,C,2024-08-27,1000000.00,3.74237,102.3125
12:26:05,91282CLD1,TSRYS5850288,D,S,T,2024-08-27,1000000.00,3.742052,102.314453125
12:26:13,91282CLD1,TSRYS5850288,D,S,D,2024-08-27,2000000.00,3.74237,102.3125
12:26:17,91282CLD1,TSRYS5850288,D,S,C,2024-08-27,6000000.00,3.742346,102.31265
12:26:17,91282CLD1,TSRYS5850288,D,B,C,2024-08-27,2000000.00,3.743685,102.3044375
12:26:17,91282CLD1,TSRYS5850288,D,S,C,2024-08-27,2000000.00,3.74362,102.3048375
12:26:17,91282CLD1,TSRYS5850288,D,S,C,2024-08-27,1000000.00,3.74362,102.3048375
12:26:17,91282CLD1,TSRYS5850288,D,B,C,2024-08-27,1000000.00,3.743644,102.3046875
12:26:17,91282CLD1,TSRYS5850288,D,S,C,2024-08-27,1000000.00,3.742346,102.31265
12:26:17,91282CLD1,TSRYS5850288,D,S,D,2024-08-27,1000000.00,3.743644,102.3046875
12:26:17,91282CLD1,TSRYS5850288,D,S,D,2024-08-27,1000000.00,3.743644,102.3046875
12:26:17,91282CLD1,TSRYS5850288,D,B,C,2024-08-27,1000000.00,3.743644,102.3046875
12:26:17,91282CLD1,TSRYS5850288,D,S,C,2024-08-27,1000000.00,3.742346,102.31265
12:26:17,91282CLD1,TSRYS5850288,D,S,D,2024-08-27,1000000.00,3.74237,102.3125
12:26:17,91282CLD1,TSRYS5850288,D,S,D,2024-08-27,1000000.00,3.74237,102.3125
12:26:18,91282CLD1,TSRYS5850288,D,S,T,2024-08-27,2000000.00,3.742386,102.3124
12:26:18,91282CLD1,TSRYS5850288,D,S,T,2024-08-27,1000000.00,3.74237,102.3125
12:26:32,91282CLD1,TSRYS5850288,D,S,D,2024-08-27,2000000.00,3.743644,102.3046875
12:26:32,91282CLD1,TSRYS5850288,D,B,C,2024-08-27,2000000.00,3.743685,102.3044375
12:26:32,91282CLD1,TSRYS5850288,D,S,C,2024-08-27,1000000.00,3.74362,102.3048375
12:26:32,91282CLD1,TSRYS5850288,D,S,D,2024-08-27,1000000.00,3.743644,102.3046875
12:26:33,91282CLD1,TSRYS5850288,D,S,C,2024-08-27,1000000.00,3.742346,102.31265
12:26:33,91282CLD1,TSRYS5850288,D,B,C,2024-08-27,1000000.00,3.74237,102.3125
12:26:33,91282CLD1,TSRYS5850288,D,S,D,2024-08-27,1000000.00,3.74237,102.3125
12:26:33,91282CLD1,TSRYS5850288,D,S,D,2024-08-27,1000000.00,3.74237,102.3125
12:26:51,91282CLD1,TSRYS5850288,D,B,C,2024-08-27,150MM+,3.8344,101.75
12:26:54,91282CLD1,TSRYS5850288,D,B,C,2024-08-27,95700000.00,3.8344,101.75
12:26:55,91282CLD1,TSRYS5850288,D,S,T,2024-08-27,1000000.00,3.741096,102.3203125
12:27:02,91282CLD1,TSRYS5850288,D,S,D,2024-08-27,1000000.00,3.74237,102.3125
12:27:04,91282CLD1,TSRYS5850288,D,S,T,2024-08-27,1000000.00,3.739822,102.328125
12:27:04,91282CLD1,TSRYS5850288,D,S,T,2024-08-27,1000000.00,3.739822,102.328125
12:27:09,91282CLD1,TSRYS5850288,D,S,T,2024-08-27,2000000.00,3.739822,102.328125
12:27:26,91282CLD1,TSRYS5850288,D,S,T,2024-08-27,1000000.00,3.74237,102.3125
12:27:26,91282CLD1,TSRYS5850288,D,S,T,2024-08-27,1000000.00,3.742052,102.314453125
12:27:26,91282CLD1,TSRYS5850288,D,S,C,2024-08-27,1000000.00,3.742052,102.314453125
12:27:26,91282CLD1,TSRYS5850288,D,S,D,2024-08-27,1000000.00,3.741096,102.3203125
12:27:26,91282CLD1,TSRYS5850288,D,S,D,2024-08-27,1000000.00,3.741096,102.3203125
12:27:26,91282CLD1,TSRYS5850288,D,S,D,2024-08-27,1000000.00,3.742052,102.314453125
12:27:26,91282CLD1,TSRYS5850288,D,S,D,2024-08-27,1000000.00,3.741096,102.3203125
12:27:28,91282CLD1,TSRYS5850288,D,S,D,2024-08-27,1000000.00,3.742052,102.314453125
12:27:28,91282CLD1,TSRYS5850288,D,B,C,2024-08-27,1000000.00,3.742052,102.314453125
12:27:28,91282CLD1,TSRYS5850288,D,S,D,2024-08-27,1000000.00,3.74237,102.3125
12:27:29,91282CLD1,TSRYS5850288,D,B,C,2024-08-27,1000000.00,3.74237,102.3125
12:27:29,91282CLD1,TSRYS5850288,D,S,D,2024-08-27,2000000.00,3.741733,102.31640625
12:27:29,91282CLD1,TSRYS5850288,D,S,T,2024-08-27,1000000.00,3.741096,102.3203125
12:27:29,91282CLD1,TSRYS5850288,D,S,D,2024-08-27,1000000.00,3.741096,102.3203125
12:27:29,91282CLD1,TSRYS5850288,D,S,D,2024-08-27,1000000.00,3.741415,102.318359375
12:27:29,91282CLD1,TSRYS5850288,D,S,D,2024-08-27,1000000.00,3.741096,102.3203125
12:27:29,91282CLD1,TSRYS5850288,D,S,D,2024-08-27,2000000.00,3.741096,102.3203125
12:27:29,91282CLD1,TSRYS5850288,D,S,D,2024-08-27,1000000.00,3.741415,102.318359375
12:27:30,91282CLD1,TSRYS5850288,D,S,D,2024-08-27,2000000.00,3.741096,102.3203125
12:27:30,91282CLD1,TSRYS5850288,D,S,T,2024-08-27,1000000.00,3.741096,102.3203125
12:27:30,91282CLD1,TSRYS5850288,D,S,C,2024-08-27,1000000.00,3.741063,102.3205125
12:27:31,91282CLD1,TSRYS5850288,D,S,C,2024-08-27,1000000.00,3.74237,102.3125
12:27:31,91282CLD1,TSRYS5850288,D,S,C,2024-08-27,1000000.00,3.74237,102.312675
12:27:31,91282CLD1,TSRYS5850288,D,B,C,2024-08-27,1000000.00,3.74237,102.3125
12:27:32,91282CLD1,TSRYS5850288,D,S,D,2024-08-27,1000000.00,3.742052,102.314453125
12:27:32,91282CLD1,TSRYS5850288,D,B,C,2024-08-27,1000000.00,3.742052,102.314453125
12:27:34,91282CLD1,TSRYS5850288,D,S,T,2024-08-27,1000000.00,3.741096,102.3203125
12:27:35,91282CLD1,TSRYS5850288,D,S,C,2024-08-27,1000000.00,3.741063,102.3205125
12:27:35,91282CLD1,TSRYS5850288,D,B,C,2024-08-27,1000000.00,3.741096,102.3203125
12:27:35,91282CLD1,TSRYS5850288,D,S,D,2024-08-27,1000000.00,3.741096,102.3203125
12:27:37,91282CLD1,TSRYS5850288,D,S,T,2024-08-27,1000000.00,3.741096,102.3203125
12:27:48,91282CLD1,TSRYS5850288,D,S,C,2024-08-27,2000000.00,3.739822,102.328125
12:27:48,91282CLD1,TSRYS5850288,D,S,C,2024-08-27,1000000.00,3.739822,102.328125
12:27:48,91282CLD1,TSRYS5850288,D,S,C,2024-08-27,1000000.00,3.739822,102.328125
12:27:48,91282CLD1,TSRYS5850288,D,S,C,2024-08-27,2000000.00,3.739822,102.328125
12:27:48,91282CLD1,TSRYS5850288,D,B,C,2024-08-27,1000000.00,3.739822,102.328125
12:27:48,91282CLD1,TSRYS5850288,D,B,C,2024-08-27,2000000.00,3.739863,102.327875
12:27:53,91282CLD1,TSRYS5850288,D,S,C,2024-08-27,1000000.00,3.742052,102.314453125
12:27:53,91282CLD1,TSRYS5850288,D,B,C,2024-08-27,1000000.00,3.742052,102.314453125
12:27:54,91282CLD1,TSRYS5850288,D,S,D,2024-08-27,1000000.00,3.742052,102.314453125
12:28:01,91282CLD1,TSRYS5850288,D,S,T,2024-08-27,2000000.00,3.741733,102.31640625
12:28:03,91282CLD1,TSRYS5850288,D,S,C,2024-08-27,1000000.00,3.739822,102.328125
12:28:03,91282CLD1,TSRYS5850288,D,S,C,2024-08-27,1000000.00,3.739822,102.328125
12:28:03,91282CLD1,TSRYS5850288,D,B,C,2024-08-27,1000000.00,3.739871,102.327825
12:28:03,91282CLD1,TSRYS5850288,D,S,D,2024-08-27,1000000.00,3.741096,102.3203125
12:28:03,91282CLD1,TSRYS5850288,D,S,C,2024-08-27,1000000.00,3.741072,102.3204625
12:28:03,91282CLD1,TSRYS5850288,D,S,C,2024-08-27,1000000.00,3.741072,102.3204625
12:28:03,91282CLD1,TSRYS5850288,D,S,C,2024-08-27,1000000.00,3.741072,102.3204625
12:28:03,91282CLD1,TSRYS5850288,D,B,C,2024-08-27,1000000.00,3.741096,102.3203125
12:28:03,91282CLD1,TSRYS5850288,D,S,C,2024-08-27,3000000.00,3.741072,102.3204625
12:28:03,91282CLD1,TSRYS5850288,D,S,C,2024-08-27,1000000.00,3.741072,102.3204625
12:28:03,91282CLD1,TSRYS5850288,D,B,C,2024-08-27,3000000.00,3.741096,102.3203125
12:28:03,91282CLD1,TSRYS5850288,D,B,C,2024-08-27,1000000.00,3.741096,102.3203125
12:28:06,91282CLD1,TSRYS5850288,D,S,C,2024-08-27,2000000.00,3.741733,102.31640625
12:28:20,91282CLD1,TSRYS5850288,D,S,C,2024-08-27,1000000.00,3.742052,102.31445312
12:28:22,91282CLD1,TSRYS5850288,D,S,C,2024-08-27,1000000.00,3.742052,102.31445312
12:28:22,91282CLD1,TSRYS5850288,D,S,C,2024-08-27,1000000.00,3.742052,102.31445312
12:28:33,91282CLD1,TSRYS5850288,D,B,C,2024-08-27,1000000.00,3.741096,102.3203125
12:28:33,91282CLD1,TSRYS5850288,D,S,C,2024-08-27,1000000.00,3.741096,102.3203125
12:28:33,91282CLD1,TSRYS5850288,D,B,C,2024-08-27,1000000.00,3.741096,102.3203125
12:28:33,91282CLD1,TSRYS5850288,D,S,C,2024-08-27,1000000.00,3.741096,102.3203125
12:28:33,91282CLD1,TSRYS5850288,D,B,C,2024-08-27,1000000.00,3.741096,102.3203125
12:28:33,91282CLD1,TSRYS5850288,D,S,C,2024-08-27,1000000.00,3.741096,102.3203125
12:28:33,91282CLD1,TSRYS5850288,D,B,C,2024-08-27,2000000.00,3.741096,102.3203125
12:28:33,91282CLD1,TSRYS5850288,D,B,C,2024-08-27,1000000.00,3.741096,102.3203125
12:28:33,91282CLD1,TSRYS5850288,D,S,D,2024-08-27,1000000.00,3.741096,102.3203125
12:28:33,91282CLD1,TSRYS5850288,D,S,C,2024-08-27,2000000.00,3.741072,102.3204625
12:28:33,91282CLD1,TSRYS5850288,D,B,C,2024-08-27,1000000.00,3.741096,102.3203125
12:28:33,91282CLD1,TSRYS5850288,D,S,C,2024-08-27,1000000.00,3.741096,102.3203125
12:28:33,91282CLD1,TSRYS5850288,D,B,C,2024-08-27,1000000.00,3.741096,102.3203125
12:28:33,91282CLD1,TSRYS5850288,D,B,C,2024-08-27,1000000.00,3.741096,102.3203125
12:28:33,91282CLD1,TSRYS5850288,D,S,C,2024-08-27,1000000.00,3.741096,102.3203125
12:28:33,91282CLD1,TSRYS5850288,D,S,C,2024-08-27,1000000.00,3.741096,102.3203125
12:28:33,91282CLD1,TSRYS5850288,D,B,C,2024-08-27,1000000.00,3.741096,102.3203125
12:28:33,91282CLD1,TSRYS5850288,D,S,C,2024-08-27,1000000.00,3.741055,102.3205625
12:28:33,91282CLD1,TSRYS5850288,D,S,C,2024-08-27,1000000.00,3.741096,102.3203125
12:28:33,91282CLD1,TSRYS5850288,D,B,C,2024-08-27,1000000.00,3.741096,102.3203125
12:28:33,91282CLD1,TSRYS5850288,D,B,C,2024-08-27,1000000.00,3.741096,102.3203125
12:28:33,91282CLD1,TSRYS5850288,D,S,C,2024-08-27,1000000.00,3.741096,102.3203125
12:28:33,91282CLD1,TSRYS5850288,D,S,T,2024-08-27,1000000.00,3.741415,102.318359375
12:28:33,91282CLD1,TSRYS5850288,D,S,D,2024-08-27,1000000.00,3.741415,102.318359375
12:28:48,91282CLD1,TSRYS5850288,D,B,C,2024-08-27,1000000.00,3.742052,102.314453125
12:28:51,91282CLD1,TSRYS5850288,D,S,D,2024-08-27,2000000.00,3.741096,102.3203125
12:28:54,91282CLD1,TSRYS5850288,D,S,T,2024-08-27,1000000.00,3.741096,102.3203125
12:28:55,91282CLD1,TSRYS5850288,D,S,D,2024-08-27,1000000.00,3.744918,102.296875
12:28:56,91282CLD1,TSRYS5850288,D,S,T,2024-08-27,1000000.00,3.741096,102.3203125
12:29:03,91282CLD1,TSRYS5850288,D,B,C,2024-08-27,2000000.00,3.747006,102.28408
12:29:03,91282CLD1,TSRYS5850288,D,S,C,2024-08-27,1000000.00,3.741096,102.3203125
12:29:05,91282CLD1,TSRYS5850288,D,S,C,2024-08-27,1000000.00,3.741096,102.3203125
12:29:08,91282CLD1,TSRYS5850288,D,S,T,2024-08-27,1000000.00,3.741096,102.3203125
12:29:08,91282CLD1,TSRYS5850288,D,S,T,2024-08-27,1000000.00,3.741096,102.3203125
12:29:11,91282CLD1,TSRYS5850288,D,S,D,2024-08-27,1000000.00,3.741096,102.3203125
12:29:11,91282CLD1,TSRYS5850288,D,S,D,2024-08-27,1000000.00,3.741096,102.3203125
12:29:21,91282CLD1,TSRYS5850288,D,S,D,2024-08-27,1000000.00,3.741096,102.3203125
12:29:21,91282CLD1,TSRYS5850288,D,B,C,2024-08-27,1000000.00,3.741137,102.3200625
12:29:21,91282CLD1,TSRYS5850288,D,B,C,2024-08-27,1000000.00,3.741096,102.3203125
12:29:21,91282CLD1,TSRYS5850288,D,S,C,2024-08-27,1000000.00,3.741096,102.3203125
12:29:21,91282CLD1,TSRYS5850288,D,B,C,2024-08-27,1000000.00,3.741137,102.3200625
12:29:21,91282CLD1,TSRYS5850288,D,S,D,2024-08-27,1000000.00,3.741096,102.3203125
12:29:21,91282CLD1,TSRYS5850288,D,S,D,2024-08-27,1000000.00,3.741096,102.3203125
12:29:25,91282CLD1,TSRYS5850288,D,S,D,2024-08-27,1000000.00,3.741096,102.3203125
12:29:25,91282CLD1,TSRYS5850288,D,S,D,2024-08-27,1000000.00,3.741096,102.3203125
12:29:25,91282CLD1,TSRYS5850288,D,S,D,2024-08-27,1000000.00,3.741096,102.3203125
12:29:25,91282CLD1,TSRYS5850288,D,S,D,2024-08-27,1000000.00,3.741096,102.3203125
12:29:25,91282CLD1,TSRYS5850288,D,S,D,2024-08-27,1000000.00,3.741096,102.3203125
12:29:26,91282CLD1,TSRYS5850288,D,S,T,2024-08-27,1000000.00,3.741096,102.3203125
12:29:27,91282CLD1,TSRYS5850288,D,S,T,2024-08-27,1000000.00,3.741096,102.3203125
12:29:27,91282CLD1,TSRYS5850288,D,S,T,2024-08-27,1000000.00,3.741116,102.3201875
12:29:27,91282CLD1,TSRYS5850288,D,S,T,2024-08-27,1000000.00,3.741116,102.3201875
12:29:27,91282CLD1,TSRYS5850288,D,S,T,2024-08-27,1000000.00,3.741096,102.3203125
12:29:28,91282CLD1,TSRYS5850288,D,S,T,2024-08-27,1000000.00,3.741116,102.3201875
12:29:28,91282CLD1,TSRYS5850288,D,S,T,2024-08-27,1000000.00,3.741133,102.3200855
12:29:30,91282CLD1,TSRYS5850288,D,S,D,2024-08-27,1000000.00,3.741096,102.3203125
12:29:30,91282CLD1,TSRYS5850288,D,S,D,2024-08-27,1000000.00,3.741096,102.3203125
12:29:30,91282CLD1,TSRYS5850288,D,S,C,2024-08-27,1000000.00,3.741096,102.3203125
12:29:35,91282CLD1,TSRYS5850288,D,S,T,2024-08-27,1000000.00,3.741096,102.3203125
12:29:52,91282CLD1,TSRYS5850288,D,S,D,2024-08-27,1000000.00,3.741096,102.3203125
12:29:52,91282CLD1,TSRYS5850288,D,S,T,2024-08-27,1000000.00,3.741116,102.3201875
12:29:52,91282CLD1,TSRYS5850288,D,B,C,2024-08-27,15000000.00,3.741733,102.31640625
12:29:52,91282CLD1,TSRYS5850288,D,S,T,2024-08-27,1000000.00,3.741133,102.3200855
12:29:53,91282CLD1,TSRYS5850288,D,S,T,2024-08-27,1000000.00,3.741133,102.3200855
12:29:55,91282CLD1,TSRYS5850288,D,B,C,2024-08-27,1000000.00,3.741096,102.3203125
12:29:55,91282CLD1,TSRYS5850288,D,S,C,2024-08-27,1000000.00,3.741096,102.3206125
12:29:57,91282CLD1,TSRYS5850288,D,S,T,2024-08-27,1000000.00,3.741096,102.3203125
12:30:03,91282CLD1,TSRYS5850288,D,S,D,2024-08-27,1000000.00,3.741096,102.3203125
12:30:10,91282CLD1,TSRYS5850288,D,S,D,2024-08-27,16300000.00,3.741096,102.3203125
12:30:12,91282CLD1,TSRYS5850288,D,B,C,2024-08-27,16300000.00,3.741161,102.3199125
12:30:27,91282CLD1,TSRYS5850288,D,S,T,2024-08-27,1000000.00,3.741096,102.3203125
12:30:27,91282CLD1,TSRYS5850288,D,S,T,2024-08-27,1000000.00,3.741096,102.3203125
12:30:33,91282CLD1,TSRYS5850288,D,S,C,2024-08-27,1000000.00,3.741096,102.3203125
12:30:33,91282CLD1,TSRYS5850288,D,S,C,2024-08-27,1000000.00,3.741096,102.3203125
12:30:33,91282CLD1,TSRYS5850288,D,B,C,2024-08-27,1000000.00,3.741096,102.3203125
12:30:33,91282CLD1,TSRYS5850288,D,S,C,2024-08-27,1000000.00,3.741096,102.3203125
12:30:33,91282CLD1,TSRYS5850288,D,S,C,2024-08-27,1000000.00,3.741096,102.3203125
12:30:51,91282CLD1,TSRYS5850288,D,S,D,2024-08-27,1000000.00,3.741096,102.3203125
12:31:00,91282CLD1,TSRYS5850288,D,B,C,2024-08-27,1000000.00,3.742052,102.314453125
12:31:00,91282CLD1,TSRYS5850288,D,S,D,2024-08-27,1000000.00,3.742052,102.314453125
12:31:05,91282CLD1,TSRYS5850288,D,S,C,2024-08-27,1000000.00,3.741063,102.3205125
12:31:05,91282CLD1,TSRYS5850288,D,S,D,2024-08-27,1000000.00,3.741096,102.3203125
12:31:06,91282CLD1,TSRYS5850288,D,B,C,2024-08-27,150000000.00,3.74237,102.3125
12:31:16,91282CLD1,TSRYS5850288,D,S,D,2024-08-27,2000000.00,3.741415,102.31835937
12:31:22,91282CLD1,TSRYS5850288,D,S,D,2024-08-27,1000000.00,3.767875,102.15625
12:31:28,91282CLD1,TSRYS5850288,D,S,C,2024-08-27,1000000.00,3.741415,102.31835937
12:31:29,91282CLD1,TSRYS5850288,D,S,C,2024-08-27,1000000.00,3.741415,102.31835937
12:31:31,91282CLD1,TSRYS5850288,D,S,C,2024-08-27,2000000.00,3.741415,102.31835937
12:31:33,91282CLD1,TSRYS5850288,D,S,D,2024-08-27,92000000.00,3.74237,102.3125
12:31:33,91282CLD1,TSRYS5850288,D,S,C,2024-08-27,92000000.00,3.74237,102.3125
12:31:33,91282CLD1,TSRYS5850288,D,S,C,2024-08-27,1000000.00,3.741415,102.31835937
12:31:47,91282CLD1,TSRYS5850288,D,S,T,2024-08-27,1000000.00,3.74237,102.3125
12:31:51,91282CLD1,TSRYS5850288,D,S,T,2024-08-27,1000000.00,3.741096,102.3203125
12:31:53,91282CLD1,TSRYS5850288,D,S,D,2024-08-27,1000000.00,3.741096,102.3203125
12:31:56,91282CLD1,TSRYS5850288,D,S,T,2024-08-27,1000000.00,3.741096,102.3203125
12:31:57,91282CLD1,TSRYS5850288,D,S,C,2024-08-27,2000000.00,3.742689,102.31054687
12:31:57,91282CLD1,TSRYS5850288,D,S,C,2024-08-27,1000000.00,3.742689,102.31054687
12:31:58,91282CLD1,TSRYS5850288,D,S,D,2024-08-27,1000000.00,3.741733,102.31640625
12:31:59,91282CLD1,TSRYS5850288,D,S,C,2024-08-27,1000000.00,3.741733,102.31640625
12:32:12,91282CLD1,TSRYS5850288,D,B,C,2024-08-27,1000000.00,3.742052,102.314453125
12:32:13,91282CLD1,TSRYS5850288,D,S,D,2024-08-27,1000000.00,3.742052,102.314453125
12:32:13,91282CLD1,TSRYS5850288,D,S,T,2024-08-27,1000000.00,3.741096,102.3203125
12:32:13,91282CLD1,TSRYS5850288,D,S,T,2024-08-27,1000000.00,3.741096,102.3203125
12:32:14,91282CLD1,TSRYS5850288,D,S,D,2024-08-27,2000000.00,3.741096,102.3203125
12:32:16,91282CLD1,TSRYS5850288,D,S,T,2024-08-27,1000000.00,3.741096,102.3203125
12:32:19,91282CLD1,TSRYS5850288,D,S,T,2024-08-27,1000000.00,3.741096,102.3203125
12:32:20,91282CLD1,TSRYS5850288,D,S,D,2024-08-27,1000000.00,3.742689,102.31054687
12:32:20,91282CLD1,TSRYS5850288,D,S,D,2024-08-27,2000000.00,3.742689,102.31054687
12:32:20,91282CLD1,TSRYS5850288,D,B,C,2024-08-27,1000000.00,3.74237,102.3125
12:32:20,91282CLD1,TSRYS5850288,D,S,D,2024-08-27,1000000.00,3.74237,102.3125
12:32:23,91282CLD1,TSRYS5850288,D,S,T,2024-08-27,1000000.00,3.741096,102.3203125
12:32:35,91282CLD1,TSRYS5850288,D,B,C,2024-08-27,1000000.00,3.74237,102.3125
12:32:35,91282CLD1,TSRYS5850288,D,S,C,2024-08-27,1000000.00,3.74237,102.3125
12:32:35,91282CLD1,TSRYS5850288,D,S,D,2024-08-27,1000000.00,3.74237,102.3125
12:32:35,91282CLD1,TSRYS5850288,D,B,C,2024-08-27,1000000.00,3.741096,102.3203125
12:32:35,91282CLD1,TSRYS5850288,D,S,D,2024-08-27,1000000.00,3.741096,102.3203125
12:32:41,91282CLD1,TSRYS5850288,D,S,T,2024-08-27,1000000.00,3.743007,102.30859375
12:32:42,91282CLD1,TSRYS5850288,D,S,D,2024-08-27,1000000.00,3.743007,102.30859375
12:32:47,91282CLD1,TSRYS5850288,D,S,T,2024-08-27,3000000.00,3.743644,102.3046875
12:32:53,91282CLD1,TSRYS5850288,D,S,C,2024-08-27,1000000.00,3.741096,102.3203125
12:32:53,91282CLD1,TSRYS5850288,D,S,D,2024-08-27,1000000.00,3.741096,102.3203125
12:32:53,91282CLD1,TSRYS5850288,D,S,D,2024-08-27,1000000.00,3.741096,102.3203125
12:32:53,91282CLD1,TSRYS5850288,D,S,D,2024-08-27,2000000.00,3.741096,102.3203125
12:32:53,91282CLD1,TSRYS5850288,D,B,C,2024-08-27,2000000.00,3.74112,102.3201625
12:32:54,91282CLD1,TSRYS5850288,D,S,D,2024-08-27,1000000.00,3.741096,102.3203125
12:32:57,91282CLD1,TSRYS5850288,D,S,T,2024-08-27,15000000.00,3.743644,102.3046875
12:32:57,91282CLD1,TSRYS5850288,D,S,T,2024-08-27,1000000.00,3.743644,102.3046875
12:33:09,91282CLD1,TSRYS5850288,D,S,C,2024-08-27,1000000.00,3.742689,102.31054687
12:33:36,91282CLD1,TSRYS5850288,D,S,C,2024-08-27,3000000.00,3.74362,102.3048375
12:33:36,91282CLD1,TSRYS5850288,D,S,D,2024-08-27,1000000.00,3.743644,102.3046875
12:33:36,91282CLD1,TSRYS5850288,D,B,C,2024-08-27,1000000.00,3.743644,102.3046875
12:33:36,91282CLD1,TSRYS5850288,D,S,D,2024-08-27,1000000.00,3.743644,102.3046875
12:33:37,91282CLD1,TSRYS5850288,D,S,D,2024-08-27,1000000.00,3.7446,102.298828125
12:33:38,91282CLD1,TSRYS5850288,D,B,C,2024-08-27,1000000.00,3.7446,102.298828125
12:33:51,91282CLD1,TSRYS5850288,D,S,D,2024-08-27,15000000.00,3.743644,102.3046875
12:33:59,91282CLD1,TSRYS5850288,D,S,T,2024-08-27,4000000.00,3.744918,102.296875
12:33:59,91282CLD1,TSRYS5850288,D,S,T,2024-08-27,1000000.00,3.744918,102.296875
12:33:59,91282CLD1,TSRYS5850288,D,S,T,2024-08-27,1000000.00,3.743644,102.3046875
12:33:59,91282CLD1,TSRYS5850288,D,S,T,2024-08-27,1000000.00,3.743644,102.3046875
12:33:59,91282CLD1,TSRYS5850288,D,S,T,2024-08-27,1000000.00,3.743644,102.3046875
12:33:59,91282CLD1,TSRYS5850288,D,S,T,2024-08-27,1000000.00,3.743644,102.3046875
12:33:59,91282CLD1,TSRYS5850288,D,S,T,2024-08-27,2000000.00,3.743644,102.3046875
12:33:59,91282CLD1,TSRYS5850288,D,S,T,2024-08-27,1000000.00,3.743644,102.3046875
12:34:00,91282CLD1,TSRYS5850288,D,S,T,2024-08-27,1000000.00,3.743644,102.3046875
12:34:00,91282CLD1,TSRYS5850288,D,S,T,2024-08-27,1000000.00,3.744918,102.296875
12:34:02,91282CLD1,TSRYS5850288,D,S,D,2024-08-27,1200000.00,3.744918,102.296875
12:34:03,91282CLD1,TSRYS5850288,D,S,C,2024-08-27,1000000.00,3.743628,102.3047875
12:34:03,91282CLD1,TSRYS5850288,D,S,D,2024-08-27,1200000.00,3.744918,102.296875
12:34:04,91282CLD1,TSRYS5850288,D,B,C,2024-08-27,35000000.00,3.757631,102.21897321428
12:34:04,91282CLD1,TSRYS5850288,D,B,C,2024-08-27,2000000.00,3.743644,102.3046875
12:34:04,91282CLD1,TSRYS5850288,D,S,C,2024-08-27,1000000.00,3.743644,102.3046875
12:34:04,91282CLD1,TSRYS5850288,D,S,C,2024-08-27,1000000.00,3.743644,102.3046875
12:34:05,91282CLD1,TSRYS5850288,D,S,D,2024-08-27,2000000.00,3.743644,102.3046875
12:34:11,91282CLD1,TSRYS5850288,D,S,T,2024-08-27,1000000.00,3.743644,102.3046875
12:34:53,91282CLD1,TSRYS5850288,D,S,C,2024-08-27,1000000.00,3.744918,102.296875
12:34:53,91282CLD1,TSRYS5850288,D,S,C,2024-08-27,1000000.00,3.74487,102.297175
12:34:53,91282CLD1,TSRYS5850288,D,S,D,2024-08-27,1000000.00,3.744918,102.296875
12:34:54,91282CLD1,TSRYS5850288,D,S,C,2024-08-27,1000000.00,3.744918,102.296875
12:34:56,91282CLD1,TSRYS5850288,D,S,D,2024-08-27,1000000.00,3.742689,102.310546875
12:34:57,91282CLD1,TSRYS5850288,D,S,D,2024-08-27,1000000.00,3.743007,102.30859375
12:34:57,91282CLD1,TSRYS5850288,D,S,D,2024-08-27,1000000.00,3.743007,102.30859375
12:34:59,91282CLD1,TSRYS5850288,D,S,T,2024-08-27,1000000.00,3.742689,102.310546875
12:34:59,91282CLD1,TSRYS5850288,D,S,T,2024-08-27,1000000.00,3.743007,102.30859375
12:34:59,91282CLD1,TSRYS5850288,D,S,T,2024-08-27,1000000.00,3.743007,102.30859375
12:35:04,91282CLD1,TSRYS5850288,D,S,T,2024-08-27,1000000.00,3.743007,102.30859375
12:35:04,91282CLD1,TSRYS5850288,D,S,D,2024-08-27,1000000.00,3.743007,102.30859375
12:35:04,91282CLD1,TSRYS5850288,D,S,D,2024-08-27,1000000.00,3.743007,102.30859375
12:35:09,91282CLD1,TSRYS5850288,D,S,T,2024-08-27,1000000.00,3.743007,102.30859375
12:35:10,91282CLD1,TSRYS5850288,D,B,C,2024-08-27,1000000.00,3.74237,102.3125
12:35:10,91282CLD1,TSRYS5850288,D,S,D,2024-08-27,1000000.00,3.74237,102.3125
12:35:12,91282CLD1,TSRYS5850288,D,S,D,2024-08-27,2000000.00,3.743007,102.30859375
12:35:12,91282CLD1,TSRYS5850288,D,S,D,2024-08-27,1000000.00,3.743326,102.306640625
12:35:14,91282CLD1,TSRYS5850288,D,S,T,2024-08-27,2000000.00,3.743007,102.30859375
12:35:14,91282CLD1,TSRYS5850288,D,S,T,2024-08-27,1000000.00,3.743326,102.306640625
12:35:22,91282CLD1,TSRYS5850288,D,B,C,2024-08-27,1000000.00,3.743661,102.3045875
12:35:22,91282CLD1,TSRYS5850288,D,S,D,2024-08-27,1000000.00,3.744918,102.296875
12:35:22,91282CLD1,TSRYS5850288,D,S,D,2024-08-27,1000000.00,3.743644,102.3046875
12:35:22,91282CLD1,TSRYS5850288,D,B,C,2024-08-27,1000000.00,3.743661,102.3045875
12:35:30,91282CLD1,TSRYS5850288,D,S,C,2024-08-27,150MM+,3.8344,101.75
12:35:37,91282CLD1,TSRYS5850288,D,S,C,2024-08-27,1000000.00,3.743644,102.3046875
12:35:37,91282CLD1,TSRYS5850288,D,S,C,2024-08-27,1000000.00,3.744886,102.297075
12:35:37,91282CLD1,TSRYS5850288,D,B,C,2024-08-27,1000000.00,3.743644,102.3046875
12:35:37,91282CLD1,TSRYS5850288,D,S,C,2024-08-27,1000000.00,3.74362,102.3048375
12:35:37,91282CLD1,TSRYS5850288,D,S,C,2024-08-27,1000000.00,3.743644,102.3046875
12:35:37,91282CLD1,TSRYS5850288,D,B,C,2024-08-27,1000000.00,3.743644,102.3046875
12:35:37,91282CLD1,TSRYS5850288,D,S,D,2024-08-27,1000000.00,3.743644,102.3046875
12:35:43,91282CLD1,TSRYS5850288,D,S,D,2024-08-27,1000000.00,3.742689,102.310546875
12:35:43,91282CLD1,TSRYS5850288,D,S,T,2024-08-27,1000000.00,3.742689,102.310546875
12:35:43,91282CLD1,TSRYS5850288,D,S,T,2024-08-27,1000000.00,3.74237,102.3125
12:35:43,91282CLD1,TSRYS5850288,D,S,T,2024-08-27,1000000.00,3.74237,102.3125
12:35:43,91282CLD1,TSRYS5850288,D,S,T,2024-08-27,1000000.00,3.74237,102.3125
12:35:43,91282CLD1,TSRYS5850288,D,S,T,2024-08-27,1000000.00,3.74237,102.3125
12:35:43,91282CLD1,TSRYS5850288,D,S,T,2024-08-27,1000000.00,3.74237,102.3125
12:35:43,91282CLD1,TSRYS5850288,D,S,T,2024-08-27,1000000.00,3.74237,102.3125
12:35:43,91282CLD1,TSRYS5850288,D,S,D,2024-08-27,2000000.00,3.74237,102.3125
12:35:43,91282CLD1,TSRYS5850288,D,S,T,2024-08-27,1000000.00,3.74237,102.3125
12:35:43,91282CLD1,TSRYS5850288,D,S,T,2024-08-27,1000000.00,3.74237,102.3125
12:35:43,91282CLD1,TSRYS5850288,D,S,T,2024-08-27,1000000.00,3.74237,102.3125
12:35:43,91282CLD1,TSRYS5850288,D,S,D,2024-08-27,1000000.00,3.74237,102.3125
12:35:43,91282CLD1,TSRYS5850288,D,S,T,2024-08-27,1000000.00,3.74237,102.3125
12:35:45,91282CLD1,TSRYS5850288,D,S,D,2024-08-27,1000000.00,3.74237,102.3125
12:35:46,91282CLD1,TSRYS5850288,D,S,D,2024-08-27,1000000.00,3.74237,102.3125
12:35:47,91282CLD1,TSRYS5850288,D,S,D,2024-08-27,1000000.00,3.74237,102.3125
12:35:47,91282CLD1,TSRYS5850288,D,S,D,2024-08-27,1000000.00,3.74237,102.3125
12:35:48,91282CLD1,TSRYS5850288,D,S,T,2024-08-27,1000000.00,3.742689,102.310546875
12:35:48,91282CLD1,TSRYS5850288,D,S,T,2024-08-27,1000000.00,3.742689,102.310546875
12:35:48,91282CLD1,TSRYS5850288,D,S,D,2024-08-27,1000000.00,3.74237,102.3125
12:35:48,91282CLD1,TSRYS5850288,D,B,C,2024-08-27,1000000.00,3.74237,102.3125
12:35:48,91282CLD1,TSRYS5850288,D,S,D,2024-08-27,1000000.00,3.74237,102.3125
12:35:48,91282CLD1,TSRYS5850288,D,S,D,2024-08-27,1000000.00,3.74237,102.3125
12:35:48,91282CLD1,TSRYS5850288,D,S,D,2024-08-27,1000000.00,3.742689,102.310546875
12:35:48,91282CLD1,TSRYS5850288,D,S,T,2024-08-27,2000000.00,3.74237,102.3125
12:35:48,91282CLD1,TSRYS5850288,D,S,D,2024-08-27,1000000.00,3.742689,102.310546875
12:35:49,91282CLD1,TSRYS5850288,D,S,D,2024-08-27,1000000.00,3.742689,102.310546875
12:35:49,91282CLD1,TSRYS5850288,D,S,D,2024-08-27,1000000.00,3.742689,102.310546875
12:35:49,91282CLD1,TSRYS5850288,D,S,D,2024-08-27,1000000.00,3.742689,102.310546875
12:35:49,91282CLD1,TSRYS5850288,D,S,D,2024-08-27,1000000.00,3.742689,102.310546875
12:35:49,91282CLD1,TSRYS5850288,D,S,D,2024-08-27,1000000.00,3.74237,102.3125
12:35:52,91282CLD1,TSRYS5850288,D,S,D,2024-08-27,345000.00,3.743644,102.304687
12:35:52,91282CLD1,TSRYS5850288,D,S,C,2024-08-27,1000000.00,3.74362,102.3048375
12:35:52,91282CLD1,TSRYS5850288,D,S,C,2024-08-27,1000000.00,3.74362,102.3048375
12:35:52,91282CLD1,TSRYS5850288,D,S,D,2024-08-27,1000000.00,3.743644,102.3046875
12:35:52,91282CLD1,TSRYS5850288,D,S,C,2024-08-27,1000000.00,3.74362,102.3048375
12:35:52,91282CLD1,TSRYS5850288,D,S,C,2024-08-27,1000000.00,3.74362,102.3048375
12:35:52,91282CLD1,TSRYS5850288,D,B,C,2024-08-27,1000000.00,3.743644,102.3046875
12:35:54,91282CLD1,TSRYS5850288,D,S,D,2024-08-27,345000.00,3.743644,102.3046875
12:35:55,91282CLD1,TSRYS5850288,D,S,D,2024-08-27,1000000.00,3.74237,102.3125
12:35:55,91282CLD1,TSRYS5850288,D,B,C,2024-08-27,1000000.00,3.74237,102.3125
12:35:57,91282CLD1,TSRYS5850288,D,S,D,2024-08-27,1000000.00,3.742052,102.314453125
12:35:57,91282CLD1,TSRYS5850288,D,S,C,2024-08-27,1000000.00,3.742052,102.314453125
12:35:57,91282CLD1,TSRYS5850288,D,S,T,2024-08-27,1000000.00,3.742689,102.310546875
12:35:57,91282CLD1,TSRYS5850288,D,S,T,2024-08-27,1000000.00,3.742689,102.310546875
12:35:57,91282CLD1,TSRYS5850288,D,S,T,2024-08-27,1000000.00,3.742689,102.310546875
12:35:57,91282CLD1,TSRYS5850288,D,S,T,2024-08-27,1000000.00,3.74237,102.3125
12:35:58,91282CLD1,TSRYS5850288,D,S,T,2024-08-27,1000000.00,3.742689,102.310546875
12:36:07,91282CLD1,TSRYS5850288,D,S,T,2024-08-27,1000000.00,3.742689,102.310546875
12:36:07,91282CLD1,TSRYS5850288,D,S,D,2024-08-27,1000000.00,3.742689,102.310546875
12:36:07,91282CLD1,TSRYS5850288,D,B,C,2024-08-27,1000000.00,3.742689,102.310546875
12:36:07,91282CLD1,TSRYS5850288,D,S,D,2024-08-27,1000000.00,3.742689,102.310546875
12:36:07,91282CLD1,TSRYS5850288,D,B,C,2024-08-27,1000000.00,3.742689,102.310546875
12:36:07,91282CLD1,TSRYS5850288,D,S,D,2024-08-27,1000000.00,3.742689,102.310546875
12:36:07,91282CLD1,TSRYS5850288,D,B,C,2024-08-27,1000000.00,3.743661,102.3045875
12:36:08,91282CLD1,TSRYS5850288,D,S,C,2024-08-27,1000000.00,3.74362,102.3048375
12:36:08,91282CLD1,TSRYS5850288,D,S,D,2024-08-27,1000000.00,3.743644,102.3046875
12:36:08,91282CLD1,TSRYS5850288,D,B,C,2024-08-27,1000000.00,3.743644,102.3046875
12:36:08,91282CLD1,TSRYS5850288,D,B,C,2024-08-27,1000000.00,3.743644,102.3046875
12:36:08,91282CLD1,TSRYS5850288,D,S,D,2024-08-27,1000000.00,3.742689,102.310546875
12:36:08,91282CLD1,TSRYS5850288,D,S,C,2024-08-27,1000000.00,3.74362,102.3048375
12:36:08,91282CLD1,TSRYS5850288,D,S,C,2024-08-27,1000000.00,3.74362,102.3048375
12:36:08,91282CLD1,TSRYS5850288,D,S,C,2024-08-27,1000000.00,3.74362,102.3048375
12:36:08,91282CLD1,TSRYS5850288,D,B,C,2024-08-27,1000000.00,3.743661,102.3045875
12:36:08,91282CLD1,TSRYS5850288,D,S,D,2024-08-27,1000000.00,3.742689,102.310546875
12:36:14,91282CLD1,TSRYS5850288,D,S,D,2024-08-27,900000.00,3.741096,102.3203125
12:36:18,91282CLD1,TSRYS5850288,D,S,T,2024-08-27,1000000.00,3.742689,102.310546875
12:36:18,91282CLD1,TSRYS5850288,D,S,T,2024-08-27,1000000.00,3.742689,102.310546875
12:36:22,91282CLD1,TSRYS5850288,D,B,C,2024-08-27,1000000.00,3.74237,102.3125
12:36:22,91282CLD1,TSRYS5850288,D,S,D,2024-08-27,1000000.00,3.74237,102.3125
12:36:22,91282CLD1,TSRYS5850288,D,S,D,2024-08-27,1000000.00,3.74237,102.3125
12:36:22,91282CLD1,TSRYS5850288,D,B,C,2024-08-27,1000000.00,3.742411,102.31225
12:36:23,91282CLD1,TSRYS5850288,D,S,D,2024-08-27,1000000.00,3.74237,102.3125
12:36:23,91282CLD1,TSRYS5850288,D,B,C,2024-08-27,1000000.00,3.74237,102.3125
12:36:37,91282CLD1,TSRYS5850288,D,S,D,2024-08-27,1000000.00,3.74237,102.3125
12:37:02,91282CLD1,TSRYS5850288,D,S,T,2024-08-27,1000000.00,3.74237,102.3125
12:37:03,91282CLD1,TSRYS5850288,D,S,T,2024-08-27,1000000.00,3.74237,102.3125
12:37:06,91282CLD1,TSRYS5850288,D,S,T,2024-08-27,1000000.00,3.74237,102.3125
12:37:08,91282CLD1,TSRYS5850288,D,S,D,2024-08-27,1000000.00,3.74237,102.3125
12:37:08,91282CLD1,TSRYS5850288,D,S,D,2024-08-27,1000000.00,3.74237,102.3125
12:37:09,91282CLD1,TSRYS5850288,D,S,T,2024-08-27,1000000.00,3.74237,102.3125
12:37:09,91282CLD1,TSRYS5850288,D,S,T,2024-08-27,1000000.00,3.74237,102.3125
12:37:11,91282CLD1,TSRYS5850288,D,S,C,2024-08-27,1000000.00,3.74237,102.3125
12:37:16,91282CLD1,TSRYS5850288,D,S,T,2024-08-27,1000000.00,3.74237,102.3125
12:37:20,91282CLD1,TSRYS5850288,D,S,T,2024-08-27,1000000.00,3.74237,102.3125
12:37:20,91282CLD1,TSRYS5850288,D,S,T,2024-08-27,1000000.00,3.74237,102.3125
12:37:21,91282CLD1,TSRYS5850288,D,S,D,2024-08-27,1000000.00,3.74237,102.3125
12:37:21,91282CLD1,TSRYS5850288,D,S,D,2024-08-27,1000000.00,3.74237,102.3125
12:37:23,91282CLD1,TSRYS5850288,D,B,C,2024-08-27,1000000.00,3.74237,102.3125
12:37:23,91282CLD1,TSRYS5850288,D,S,D,2024-08-27,1000000.00,3.74237,102.3125
12:37:26,91282CLD1,TSRYS5850288,D,S,T,2024-08-27,1000000.00,3.74237,102.3125
12:37:27,91282CLD1,TSRYS5850288,D,S,T,2024-08-27,1000000.00,3.74237,102.3125
12:37:38,91282CLD1,TSRYS5850288,D,S,C,2024-08-27,1000000.00,3.74237,102.3125
12:37:38,91282CLD1,TSRYS5850288,D,S,D,2024-08-27,1000000.00,3.74237,102.3125
12:37:38,91282CLD1,TSRYS5850288,D,S,C,2024-08-27,1000000.00,3.74237,102.3125
12:37:38,91282CLD1,TSRYS5850288,D,S,D,2024-08-27,1000000.00,3.74237,102.3125
12:37:38,91282CLD1,TSRYS5850288,D,S,C,2024-08-27,1000000.00,3.74237,102.3125
12:37:38,91282CLD1,TSRYS5850288,D,S,C,2024-08-27,1000000.00,3.74237,102.3125
12:37:38,91282CLD1,TSRYS5850288,D,S,D,2024-08-27,1000000.00,3.74237,102.3125
12:37:49,91282CLD1,TSRYS5850288,D,B,C,2024-08-27,147600000.00,3.8344,101.75
12:37:55,91282CLD1,TSRYS5850288,D,S,T,2024-08-27,1000000.00,3.74237,102.3125
12:38:10,91282CLD1,TSRYS5850288,D,S,T,2024-08-27,1000000.00,3.741096,102.3203125
12:38:10,91282CLD1,TSRYS5850288,D,S,T,2024-08-27,1000000.00,3.741096,102.3203125
12:38:25,91282CLD1,TSRYS5850288,D,S,C,2024-08-27,1000000.00,3.740778,102.32226562
12:38:25,91282CLD1,TSRYS5850288,D,S,C,2024-08-27,1000000.00,3.740778,102.32226562
12:38:30,91282CLD1,TSRYS5850288,D,B,C,2024-08-27,150MM+,,101.75
12:38:37,91282CLD1,TSRYS5850288,D,S,C,2024-08-27,1000000.00,3.74237,102.3125
12:38:37,91282CLD1,TSRYS5850288,D,S,C,2024-08-27,1000000.00,3.74237,102.3125
12:38:37,91282CLD1,TSRYS5850288,D,B,C,2024-08-27,1000000.00,3.74237,102.3125
12:38:37,91282CLD1,TSRYS5850288,D,S,C,2024-08-27,1000000.00,3.741067,102.3204875
12:38:55,91282CLD1,TSRYS5850288,D,S,C,2024-08-27,1000000.00,3.741096,102.3203125
12:38:55,91282CLD1,TSRYS5850288,D,B,C,2024-08-27,1000000.00,3.741137,102.3200625
12:38:55,91282CLD1,TSRYS5850288,D,S,C,2024-08-27,1000000.00,3.741063,102.3205125
12:38:55,91282CLD1,TSRYS5850288,D,B,C,2024-08-27,1000000.00,3.741096,102.3203125
12:38:55,91282CLD1,TSRYS5850288,D,S,C,2024-08-27,1000000.00,3.741067,102.3204875
12:38:56,91282CLD1,TSRYS5850288,D,S,D,2024-08-27,1400000.00,3.739822,102.328125
12:38:58,91282CLD1,TSRYS5850288,D,B,C,2024-08-27,150MM+,3.740459,102.32421875
12:39:11,91282CLD1,TSRYS5850288,D,S,T,2024-08-27,1000000.00,3.741733,102.31640625
12:39:11,91282CLD1,TSRYS5850288,D,S,T,2024-08-27,1000000.00,3.74237,102.3125
12:39:11,91282CLD1,TSRYS5850288,D,S,T,2024-08-27,1000000.00,3.742052,102.314453125
12:39:11,91282CLD1,TSRYS5850288,D,S,T,2024-08-27,1000000.00,3.742052,102.314453125
12:39:11,91282CLD1,TSRYS5850288,D,S,T,2024-08-27,1000000.00,3.74237,102.3125
12:39:12,91282CLD1,TSRYS5850288,D,S,D,2024-08-27,1000000.00,3.741733,102.31640625
12:39:12,91282CLD1,TSRYS5850288,D,S,D,2024-08-27,1000000.00,3.742689,102.310546875
12:39:12,91282CLD1,TSRYS5850288,D,S,D,2024-08-27,1000000.00,3.742689,102.310546875
12:39:12,91282CLD1,TSRYS5850288,D,S,T,2024-08-27,1000000.00,3.742689,102.310546875
12:39:12,91282CLD1,TSRYS5850288,D,S,D,2024-08-27,1000000.00,3.742689,102.310546875
12:39:13,91282CLD1,TSRYS5850288,D,S,C,2024-08-27,1000000.00,3.742035,102.314553125
12:39:13,91282CLD1,TSRYS5850288,D,S,D,2024-08-27,1000000.00,3.742052,102.314453125
12:39:14,91282CLD1,TSRYS5850288,D,S,D,2024-08-27,1000000.00,3.74237,102.3125
12:39:15,91282CLD1,TSRYS5850288,D,S,D,2024-08-27,1000000.00,3.742689,102.310546875
12:39:16,91282CLD1,TSRYS5850288,D,S,T,2024-08-27,1000000.00,3.74237,102.3125
12:39:16,91282CLD1,TSRYS5850288,D,S,T,2024-08-27,1000000.00,3.74237,102.3125
12:39:16,91282CLD1,TSRYS5850288,D,S,T,2024-08-27,1000000.00,3.74237,102.3125
12:39:16,91282CLD1,TSRYS5850288,D,B,A,2024-08-27,21000.00,3.743135,102.3078125
12:39:17,91282CLD1,TSRYS5850288,D,S,D,2024-08-27,1341000.00,3.742803,102.30984546
12:39:18,91282CLD1,TSRYS5850288,D,S,D,2024-08-27,2000000.00,3.74237,102.3125
12:39:19,91282CLD1,TSRYS5850288,D,S,T,2024-08-27,1000000.00,3.74237,102.3125
12:39:19,91282CLD1,TSRYS5850288,D,S,D,2024-08-27,6708000.00,3.74304,102.3083897
12:39:27,91282CLD1,TSRYS5850288,D,S,D,2024-08-27,45000.00,3.740921,102.321388889
12:39:44,91282CLD1,TSRYS5850288,D,S,D,2024-08-27,45000.00,3.74237,102.3125
12:39:54,91282CLD1,TSRYS5850288,D,B,C,2024-08-27,1000000.00,3.741096,102.3203125
12:39:55,91282CLD1,TSRYS5850288,D,B,C,2024-08-27,1000000.00,3.742403,102.3123
12:39:55,91282CLD1,TSRYS5850288,D,S,C,2024-08-27,1000000.00,3.742354,102.3126
12:39:55,91282CLD1,TSRYS5850288,D,S,C,2024-08-27,1000000.00,3.742354,102.3126
12:39:55,91282CLD1,TSRYS5850288,D,S,C,2024-08-27,1000000.00,3.742346,102.31265
12:39:55,91282CLD1,TSRYS5850288,D,S,C,2024-08-27,1000000.00,3.74237,102.3125
12:39:55,91282CLD1,TSRYS5850288,D,S,C,2024-08-27,1000000.00,3.742329,102.31275
12:39:55,91282CLD1,TSRYS5850288,D,S,C,2024-08-27,1000000.00,3.74237,102.3125
12:39:55,91282CLD1,TSRYS5850288,D,B,C,2024-08-27,1000000.00,3.74112,102.3201625
12:39:55,91282CLD1,TSRYS5850288,D,B,C,2024-08-27,1000000.00,3.74112,102.3201625
12:39:56,91282CLD1,TSRYS5850288,D,B,C,2024-08-27,1000000.00,3.742052,102.31445312
12:39:56,91282CLD1,TSRYS5850288,D,S,D,2024-08-27,1000000.00,3.742689,102.310546875
12:39:56,91282CLD1,TSRYS5850288,D,S,C,2024-08-27,1000000.00,3.742689,102.310546875
12:39:58,91282CLD1,TSRYS5850288,D,S,C,2024-08-27,1000000.00,3.742689,102.31054687
12:39:59,91282CLD1,TSRYS5850288,D,S,C,2024-08-27,1000000.00,3.742689,102.31054687
12:40:13,91282CLD1,TSRYS5850288,D,S,T,2024-08-27,1000000.00,3.74237,102.3125
12:40:13,91282CLD1,TSRYS5850288,D,B,C,2024-08-27,1000000.00,3.74237,102.3125
12:40:13,91282CLD1,TSRYS5850288,D,S,D,2024-08-27,1000000.00,3.74237,102.3125
12:40:13,91282CLD1,TSRYS5850288,D,S,D,2024-08-27,1000000.00,3.74237,102.3125
12:40:15,91282CLD1,TSRYS5850288,D,S,D,2024-08-27,1000000.00,3.742052,102.314453125
12:40:18,91282CLD1,TSRYS5850288,D,S,D,2024-08-27,1000000.00,3.742052,102.314453125
12:40:19,91282CLD1,TSRYS5850288,D,S,D,2024-08-27,1000000.00,3.74237,102.3125
12:40:19,91282CLD1,TSRYS5850288,D,B,C,2024-08-27,1000000.00,3.74237,102.3125
12:40:22,91282CLD1,TSRYS5850288,D,B,C,2024-08-27,1000000.00,3.74112,102.3201625
12:40:22,91282CLD1,TSRYS5850288,D,S,C,2024-08-27,1000000.00,3.741096,102.3203125
12:40:22,91282CLD1,TSRYS5850288,D,B,C,2024-08-27,1000000.00,3.74112,102.3201625
12:40:22,91282CLD1,TSRYS5850288,D,B,C,2024-08-27,1000000.00,3.74112,102.3201625
12:40:22,91282CLD1,TSRYS5850288,D,S,C,2024-08-27,1000000.00,3.741096,102.3203125
12:40:22,91282CLD1,TSRYS5850288,D,S,C,2024-08-27,1000000.00,3.741096,102.3203125
12:40:22,91282CLD1,TSRYS5850288,D,S,C,2024-08-27,1000000.00,3.741096,102.3203125
12:40:22,91282CLD1,TSRYS5850288,D,S,C,2024-08-27,1000000.00,3.741096,102.3203125
12:40:23,91282CLD1,TSRYS5850288,D,S,D,2024-08-27,1000000.00,3.741096,102.3203125
12:40:23,91282CLD1,TSRYS5850288,D,S,D,2024-08-27,1000000.00,3.741096,102.3203125
12:40:23,91282CLD1,TSRYS5850288,D,S,C,2024-08-27,1000000.00,3.741096,102.3203125
12:40:23,91282CLD1,TSRYS5850288,D,S,C,2024-08-27,2000000.00,3.741055,102.3205625
12:40:23,91282CLD1,TSRYS5850288,D,B,C,2024-08-27,1000000.00,3.74112,102.3201625
12:40:23,91282CLD1,TSRYS5850288,D,B,C,2024-08-27,1000000.00,3.74112,102.3201625
12:40:23,91282CLD1,TSRYS5850288,D,B,C,2024-08-27,2000000.00,3.74112,102.3201625
12:40:23,91282CLD1,TSRYS5850288,D,S,C,2024-08-27,1000000.00,3.741096,102.3203125
12:40:23,91282CLD1,TSRYS5850288,D,B,C,2024-08-27,1000000.00,3.74112,102.3201625
12:40:23,91282CLD1,TSRYS5850288,D,B,C,2024-08-27,1000000.00,3.74112,102.3201625
12:40:26,91282CLD1,TSRYS5850288,D,S,D,2024-08-27,1000000.00,3.74237,102.3125
12:40:26,91282CLD1,TSRYS5850288,D,B,C,2024-08-27,1000000.00,3.74237,102.3125
12:40:27,91282CLD1,TSRYS5850288,D,S,D,2024-08-27,1000000.00,3.74237,102.3125
12:40:31,91282CLD1,TSRYS5850288,D,S,D,2024-08-27,1000000.00,3.74237,102.3125
12:40:31,91282CLD1,TSRYS5850288,D,B,C,2024-08-27,1000000.00,3.74237,102.3125
12:40:31,91282CLD1,TSRYS5850288,D,S,D,2024-08-27,1000000.00,3.74237,102.3125
12:40:31,91282CLD1,TSRYS5850288,D,B,C,2024-08-27,1000000.00,3.74237,102.3125
12:40:33,91282CLD1,TSRYS5850288,D,S,D,2024-08-27,1000000.00,3.74237,102.3125
12:40:33,91282CLD1,TSRYS5850288,D,B,C,2024-08-27,1000000.00,3.74237,102.3125
12:40:34,91282CLD1,TSRYS5850288,D,B,C,2024-08-27,143600000.00,3.8344,101.75
12:40:34,91282CLD1,TSRYS5850288,D,S,D,2024-08-27,1000000.00,3.74237,102.3125
12:40:42,91282CLD1,TSRYS5850288,D,S,T,2024-08-27,1000000.00,3.74237,102.3125
12:40:43,91282CLD1,TSRYS5850288,D,B,C,2024-08-27,1000000.00,3.74237,102.3125
12:40:43,91282CLD1,TSRYS5850288,D,S,D,2024-08-27,1000000.00,3.74237,102.3125
12:40:46,91282CLD1,TSRYS5850288,D,B,C,2024-08-27,1000000.00,3.742052,102.31445312
12:40:52,91282CLD1,TSRYS5850288,D,S,D,2024-08-27,1000000.00,3.742052,102.314453125
12:40:52,91282CLD1,TSRYS5850288,D,S,C,2024-08-27,1000000.00,3.742346,102.31265
12:40:53,91282CLD1,TSRYS5850288,D,B,C,2024-08-27,1000000.00,3.74237,102.3125
12:41:10,91282CLD1,TSRYS5850288,D,S,D,2024-08-27,1000000.00,3.742052,102.314453125
12:41:10,91282CLD1,TSRYS5850288,D,B,C,2024-08-27,1000000.00,3.742052,102.314453125
12:41:11,91282CLD1,TSRYS5850288,D,S,D,2024-08-27,1000000.00,3.742052,102.314453125
12:41:13,91282CLD1,TSRYS5850288,D,S,C,2024-08-27,6300000.00,3.742305,102.3129
12:41:19,91282CLD1,TSRYS5850288,D,B,C,2024-08-27,35000000.00,3.756504,102.22587777
12:41:23,91282CLD1,TSRYS5850288,D,S,D,2024-08-27,1000000.00,3.74237,102.3125
12:41:26,91282CLD1,TSRYS5850288,D,S,D,2024-08-27,1000000.00,3.741096,102.3203125
12:41:27,91282CLD1,TSRYS5850288,D,S,D,2024-08-27,1000000.00,3.741096,102.3203125
12:41:28,91282CLD1,TSRYS5850288,D,S,T,2024-08-27,1000000.00,3.741096,102.3203125
12:41:29,91282CLD1,TSRYS5850288,D,S,D,2024-08-27,4000000.00,3.741096,102.3203125
12:41:29,91282CLD1,TSRYS5850288,D,S,T,2024-08-27,1000000.00,3.741096,102.3203125
12:41:30,91282CLD1,TSRYS5850288,D,S,D,2024-08-27,1000000.00,3.741096,102.3203125
12:41:31,91282CLD1,TSRYS5850288,D,B,C,2024-08-27,1000000.00,3.742052,102.31445312
12:41:33,91282CLD1,TSRYS5850288,D,S,T,2024-08-27,1000000.00,3.741096,102.3203125
12:41:34,91282CLD1,TSRYS5850288,D,S,T,2024-08-27,1000000.00,3.741096,102.3203125
12:41:34,91282CLD1,TSRYS5850288,D,S,T,2024-08-27,1000000.00,3.741096,102.3203125
12:41:39,91282CLD1,TSRYS5850288,D,S,T,2024-08-27,1000000.00,3.741096,102.3203125
12:41:49,91282CLD1,TSRYS5850288,D,S,T,2024-08-27,1000000.00,3.741096,102.3203125
12:41:49,91282CLD1,TSRYS5850288,D,S,T,2024-08-27,1000000.00,3.741096,102.3203125
12:41:53,91282CLD1,TSRYS5850288,D,B,A,2024-08-27,172000.00,3.740586,102.3234375
12:41:55,91282CLD1,TSRYS5850288,D,S,D,2024-08-27,1000000.00,3.740778,102.322265625
12:41:57,91282CLD1,TSRYS5850288,D,S,T,2024-08-27,1000000.00,3.741096,102.3203125
12:42:06,91282CLD1,TSRYS5850288,D,S,D,2024-08-27,2000000.00,3.739822,102.328125
12:42:06,91282CLD1,TSRYS5850288,D,S,D,2024-08-27,1000000.00,3.739822,102.328125
12:42:06,91282CLD1,TSRYS5850288,D,S,D,2024-08-27,1000000.00,3.741096,102.3203125
12:42:06,91282CLD1,TSRYS5850288,D,S,D,2024-08-27,1000000.00,3.741096,102.3203125
12:42:07,91282CLD1,TSRYS5850288,D,S,D,2024-08-27,1000000.00,3.739822,102.328125
12:42:07,91282CLD1,TSRYS5850288,D,S,D,2024-08-27,1000000.00,3.739822,102.328125
12:42:07,91282CLD1,TSRYS5850288,D,S,D,2024-08-27,2000000.00,3.739822,102.328125
12:42:07,91282CLD1,TSRYS5850288,D,S,D,2024-08-27,1000000.00,3.739822,102.328125
12:42:07,91282CLD1,TSRYS5850288,D,S,D,2024-08-27,1000000.00,3.739822,102.328125
12:42:07,91282CLD1,TSRYS5850288,D,S,D,2024-08-27,1000000.00,3.739822,102.328125
12:42:07,91282CLD1,TSRYS5850288,D,S,D,2024-08-27,2000000.00,3.739822,102.328125
12:42:07,91282CLD1,TSRYS5850288,D,S,T,2024-08-27,3000000.00,3.739822,102.328125
12:42:07,91282CLD1,TSRYS5850288,D,S,D,2024-08-27,1000000.00,3.739822,102.328125
12:42:07,91282CLD1,TSRYS5850288,D,S,D,2024-08-27,1000000.00,3.739822,102.328125
12:42:08,91282CLD1,TSRYS5850288,D,S,D,2024-08-27,1000000.00,3.739822,102.328125
12:42:08,91282CLD1,TSRYS5850288,D,S,T,2024-08-27,1000000.00,3.739822,102.328125
12:42:08,91282CLD1,TSRYS5850288,D,S,D,2024-08-27,1000000.00,3.739822,102.328125
12:42:08,91282CLD1,TSRYS5850288,D,S,D,2024-08-27,1000000.00,3.739822,102.328125
12:42:08,91282CLD1,TSRYS5850288,D,S,D,2024-08-27,1000000.00,3.739822,102.328125
12:42:08,91282CLD1,TSRYS5850288,D,S,D,2024-08-27,1000000.00,3.739822,102.328125
12:42:08,91282CLD1,TSRYS5850288,D,S,D,2024-08-27,1000000.00,3.741096,102.3203125
12:42:09,91282CLD1,TSRYS5850288,D,S,D,2024-08-27,1000000.00,3.739822,102.328125
12:42:09,91282CLD1,TSRYS5850288,D,S,D,2024-08-27,1000000.00,3.739822,102.328125
12:42:09,91282CLD1,TSRYS5850288,D,S,T,2024-08-27,2000000.00,3.739822,102.328125
12:42:09,91282CLD1,TSRYS5850288,D,S,T,2024-08-27,1000000.00,3.739822,102.328125
12:42:09,91282CLD1,TSRYS5850288,D,S,D,2024-08-27,1000000.00,3.739822,102.328125
12:42:09,91282CLD1,TSRYS5850288,D,S,D,2024-08-27,1000000.00,3.739822,102.328125
12:42:10,91282CLD1,TSRYS5850288,D,S,D,2024-08-27,2000000.00,3.739822,102.328125
12:42:10,91282CLD1,TSRYS5850288,D,S,T,2024-08-27,1000000.00,3.739822,102.328125
12:42:10,91282CLD1,TSRYS5850288,D,S,T,2024-08-27,1000000.00,3.739822,102.328125
12:42:10,91282CLD1,TSRYS5850288,D,S,D,2024-08-27,2000000.00,3.739822,102.328125
12:42:10,91282CLD1,TSRYS5850288,D,S,D,2024-08-27,1000000.00,3.739822,102.328125
12:42:10,91282CLD1,TSRYS5850288,D,S,T,2024-08-27,1000000.00,3.739822,102.328125
12:42:10,91282CLD1,TSRYS5850288,D,S,D,2024-08-27,1000000.00,3.739822,102.328125
12:42:10,91282CLD1,TSRYS5850288,D,S,T,2024-08-27,1000000.00,3.739822,102.328125
12:42:11,91282CLD1,TSRYS5850288,D,S,T,2024-08-27,1000000.00,3.739822,102.328125
12:42:11,91282CLD1,TSRYS5850288,D,S,T,2024-08-27,1000000.00,3.739822,102.328125
12:42:11,91282CLD1,TSRYS5850288,D,S,T,2024-08-27,1000000.00,3.739822,102.328125
12:42:11,91282CLD1,TSRYS5850288,D,S,T,2024-08-27,1000000.00,3.739822,102.328125
12:42:11,91282CLD1,TSRYS5850288,D,S,T,2024-08-27,1000000.00,3.739822,102.328125
12:42:11,91282CLD1,TSRYS5850288,D,S,T,2024-08-27,1000000.00,3.739822,102.328125
12:42:11,91282CLD1,TSRYS5850288,D,S,T,2024-08-27,1000000.00,3.739822,102.328125
12:42:11,91282CLD1,TSRYS5850288,D,S,T,2024-08-27,1000000.00,3.739822,102.328125
12:42:11,91282CLD1,TSRYS5850288,D,S,D,2024-08-27,3000000.00,3.739822,102.328125
12:42:11,91282CLD1,TSRYS5850288,D,B,C,2024-08-27,1000000.00,3.739822,102.328125
12:42:11,91282CLD1,TSRYS5850288,D,S,D,2024-08-27,1000000.00,3.739822,102.328125
12:42:11,91282CLD1,TSRYS5850288,D,S,D,2024-08-27,1000000.00,3.739822,102.328125
12:42:11,91282CLD1,TSRYS5850288,D,S,D,2024-08-27,1000000.00,3.739822,102.328125
12:42:11,91282CLD1,TSRYS5850288,D,S,D,2024-08-27,1000000.00,3.739822,102.328125
12:42:11,91282CLD1,TSRYS5850288,D,S,D,2024-08-27,1000000.00,3.739822,102.328125
12:42:11,91282CLD1,TSRYS5850288,D,S,T,2024-08-27,1000000.00,3.739822,102.328125
12:42:12,91282CLD1,TSRYS5850288,D,S,T,2024-08-27,1000000.00,3.739822,102.328125
12:42:12,91282CLD1,TSRYS5850288,D,S,T,2024-08-27,1000000.00,3.739822,102.328125
12:42:12,91282CLD1,TSRYS5850288,D,S,T,2024-08-27,1000000.00,3.739822,102.328125
12:42:12,91282CLD1,TSRYS5850288,D,S,T,2024-08-27,1000000.00,3.739822,102.328125
12:42:12,91282CLD1,TSRYS5850288,D,S,T,2024-08-27,1000000.00,3.739822,102.328125
12:42:12,91282CLD1,TSRYS5850288,D,S,T,2024-08-27,1000000.00,3.739822,102.328125
12:42:12,91282CLD1,TSRYS5850288,D,S,T,2024-08-27,1000000.00,3.739822,102.328125
12:42:12,91282CLD1,TSRYS5850288,D,S,T,2024-08-27,2000000.00,3.739822,102.328125
12:42:12,91282CLD1,TSRYS5850288,D,S,T,2024-08-27,1000000.00,3.739822,102.328125
12:42:12,91282CLD1,TSRYS5850288,D,S,T,2024-08-27,1000000.00,3.739822,102.328125
12:42:13,91282CLD1,TSRYS5850288,D,S,T,2024-08-27,1000000.00,3.739822,102.328125
12:42:13,91282CLD1,TSRYS5850288,D,S,T,2024-08-27,1000000.00,3.739822,102.328125
12:42:13,91282CLD1,TSRYS5850288,D,S,T,2024-08-27,1000000.00,3.739822,102.328125
12:42:13,91282CLD1,TSRYS5850288,D,S,T,2024-08-27,1000000.00,3.739822,102.328125
12:42:13,91282CLD1,TSRYS5850288,D,S,T,2024-08-27,1000000.00,3.739822,102.328125
12:42:13,91282CLD1,TSRYS5850288,D,S,T,2024-08-27,1000000.00,3.739822,102.328125
12:42:13,91282CLD1,TSRYS5850288,D,S,T,2024-08-27,1000000.00,3.739822,102.328125
12:42:13,91282CLD1,TSRYS5850288,D,S,T,2024-08-27,1000000.00,3.739822,102.328125
12:42:13,91282CLD1,TSRYS5850288,D,S,T,2024-08-27,1000000.00,3.739822,102.328125
12:42:14,91282CLD1,TSRYS5850288,D,S,T,2024-08-27,1000000.00,3.739822,102.328125
12:42:14,91282CLD1,TSRYS5850288,D,S,T,2024-08-27,1000000.00,3.739822,102.328125
12:42:14,91282CLD1,TSRYS5850288,D,S,T,2024-08-27,1000000.00,3.739822,102.328125
12:42:14,91282CLD1,TSRYS5850288,D,S,T,2024-08-27,1000000.00,3.739822,102.328125
12:42:14,91282CLD1,TSRYS5850288,D,S,T,2024-08-27,1000000.00,3.739822,102.328125
12:42:14,91282CLD1,TSRYS5850288,D,S,T,2024-08-27,1000000.00,3.739822,102.328125
12:42:14,91282CLD1,TSRYS5850288,D,S,T,2024-08-27,1000000.00,3.739822,102.328125
12:42:14,91282CLD1,TSRYS5850288,D,S,C,2024-08-27,1000000.00,3.739185,102.33203125
12:42:15,91282CLD1,TSRYS5850288,D,S,T,2024-08-27,1000000.00,3.739822,102.328125
12:42:15,91282CLD1,TSRYS5850288,D,S,T,2024-08-27,1000000.00,3.739822,102.328125
12:42:15,91282CLD1,TSRYS5850288,D,S,T,2024-08-27,1000000.00,3.739822,102.328125
12:42:21,91282CLD1,TSRYS5850288,D,B,C,2024-08-27,1000000.00,3.740459,102.32421875
12:42:21,91282CLD1,TSRYS5850288,D,B,C,2024-08-27,1000000.00,3.740459,102.32421875
12:42:21,91282CLD1,TSRYS5850288,D,S,T,2024-08-27,1000000.00,3.739185,102.33203125
12:42:24,91282CLD1,TSRYS5850288,D,S,C,2024-08-27,1000000.00,3.741096,102.3203125
12:42:24,91282CLD1,TSRYS5850288,D,S,C,2024-08-27,1000000.00,3.741072,102.3204625
12:42:26,91282CLD1,TSRYS5850288,D,S,T,2024-08-27,1000000.00,3.740778,102.32226562
12:42:26,91282CLD1,TSRYS5850288,D,S,D,2024-08-27,1000000.00,3.740778,102.32226562
12:42:34,91282CLD1,TSRYS5850288,D,B,C,2024-08-27,1000000.00,3.739822,102.328125
12:42:41,91282CLD1,TSRYS5850288,D,S,C,2024-08-27,1000000.00,3.741072,102.3204625
12:42:42,91282CLD1,TSRYS5850288,D,B,C,2024-08-27,1000000.00,3.741096,102.3203125
12:42:42,91282CLD1,TSRYS5850288,D,S,C,2024-08-27,1000000.00,3.741096,102.3203125
12:42:49,91282CLD1,TSRYS5850288,D,B,C,2024-08-27,143500000.00,,101.75
12:42:52,91282CLD1,TSRYS5850288,D,S,T,2024-08-27,1000000.00,3.739822,102.328125
12:42:52,91282CLD1,TSRYS5850288,D,S,T,2024-08-27,1000000.00,3.740141,102.326171875
12:42:52,91282CLD1,TSRYS5850288,D,S,C,2024-08-27,1000000.00,3.740141,102.326171875
12:42:57,91282CLD1,TSRYS5850288,D,S,D,2024-08-27,1000000.00,3.741096,102.3203125
12:42:57,91282CLD1,TSRYS5850288,D,S,C,2024-08-27,2000000.00,3.739789,102.328325
12:42:57,91282CLD1,TSRYS5850288,D,S,D,2024-08-27,1000000.00,3.739822,102.328125
12:42:57,91282CLD1,TSRYS5850288,D,S,D,2024-08-27,1000000.00,3.739822,102.328125
12:42:57,91282CLD1,TSRYS5850288,D,B,C,2024-08-27,1000000.00,3.739822,102.328125
12:42:57,91282CLD1,TSRYS5850288,D,S,D,2024-08-27,1000000.00,3.739822,102.328125
12:42:57,91282CLD1,TSRYS5850288,D,S,D,2024-08-27,1000000.00,3.739822,102.328125
12:42:57,91282CLD1,TSRYS5850288,D,S,D,2024-08-27,1000000.00,3.739822,102.328125
12:43:05,91282CLD1,TSRYS5850288,D,S,T,2024-08-27,1000000.00,3.739822,102.328125
12:43:05,91282CLD1,TSRYS5850288,D,S,T,2024-08-27,1000000.00,3.739822,102.328125
12:43:05,91282CLD1,TSRYS5850288,D,S,T,2024-08-27,1000000.00,3.739822,102.328125
12:43:05,91282CLD1,TSRYS5850288,D,S,T,2024-08-27,4000000.00,3.739822,102.328125
12:43:06,91282CLD1,TSRYS5850288,D,S,T,2024-08-27,1000000.00,3.739822,102.328125
12:43:06,91282CLD1,TSRYS5850288,D,S,T,2024-08-27,1000000.00,3.739822,102.328125
12:43:06,91282CLD1,TSRYS5850288,D,S,T,2024-08-27,1000000.00,3.739822,102.328125
12:43:06,91282CLD1,TSRYS5850288,D,S,T,2024-08-27,1000000.00,3.739822,102.328125
12:43:12,91282CLD1,TSRYS5850288,D,S,D,2024-08-27,1000000.00,3.739822,102.328125
12:43:12,91282CLD1,TSRYS5850288,D,S,C,2024-08-27,1000000.00,3.739822,102.328125
12:43:12,91282CLD1,TSRYS5850288,D,S,D,2024-08-27,1000000.00,3.739822,102.328125
12:43:12,91282CLD1,TSRYS5850288,D,S,C,2024-08-27,1000000.00,3.739822,102.328125
12:43:12,91282CLD1,TSRYS5850288,D,S,C,2024-08-27,1000000.00,3.739822,102.328125
12:43:12,91282CLD1,TSRYS5850288,D,S,C,2024-08-27,1000000.00,3.739822,102.328125
12:43:12,91282CLD1,TSRYS5850288,D,S,C,2024-08-27,1000000.00,3.739822,102.328125
12:43:12,91282CLD1,TSRYS5850288,D,S,D,2024-08-27,1000000.00,3.739822,102.328125
12:43:12,91282CLD1,TSRYS5850288,D,S,D,2024-08-27,1000000.00,3.739822,102.328125
12:43:12,91282CLD1,TSRYS5850288,D,S,D,2024-08-27,1000000.00,3.739822,102.328125
12:43:12,91282CLD1,TSRYS5850288,D,S,D,2024-08-27,1000000.00,3.739822,102.328125
12:43:12,91282CLD1,TSRYS5850288,D,S,C,2024-08-27,1000000.00,3.739822,102.328125
12:43:12,91282CLD1,TSRYS5850288,D,S,D,2024-08-27,1000000.00,3.739822,102.328125
12:43:12,91282CLD1,TSRYS5850288,D,S,D,2024-08-27,1000000.00,3.739822,102.328125
12:43:12,91282CLD1,TSRYS5850288,D,S,D,2024-08-27,1000000.00,3.739822,102.328125
12:43:12,91282CLD1,TSRYS5850288,D,S,D,2024-08-27,1000000.00,3.739822,102.328125
12:43:12,91282CLD1,TSRYS5850288,D,S,C,2024-08-27,1000000.00,3.739789,102.328325
12:43:12,91282CLD1,TSRYS5850288,D,B,C,2024-08-27,1000000.00,3.738589,102.3356875
12:43:12,91282CLD1,TSRYS5850288,D,S,D,2024-08-27,1000000.00,3.738548,102.3359375
12:43:16,91282CLD1,TSRYS5850288,D,S,T,2024-08-27,1000000.00,3.741096,102.3203125
12:43:22,91282CLD1,TSRYS5850288,D,S,D,2024-08-27,9000000.00,3.741096,102.3203125
12:43:23,91282CLD1,TSRYS5850288,D,S,D,2024-08-27,3000000.00,3.741096,102.3203125
12:43:23,91282CLD1,TSRYS5850288,D,S,D,2024-08-27,1000000.00,3.741096,102.3203125
12:43:23,91282CLD1,TSRYS5850288,D,S,D,2024-08-27,1000000.00,3.741096,102.3203125
12:43:26,91282CLD1,TSRYS5850288,D,S,T,2024-08-27,1000000.00,3.741096,102.3203125
12:43:26,91282CLD1,TSRYS5850288,D,S,T,2024-08-27,1000000.00,3.741096,102.3203125
12:43:26,91282CLD1,TSRYS5850288,D,S,T,2024-08-27,3000000.00,3.741096,102.3203125
12:43:26,91282CLD1,TSRYS5850288,D,S,T,2024-08-27,1000000.00,3.741096,102.3203125
12:43:26,91282CLD1,TSRYS5850288,D,S,T,2024-08-27,1000000.00,3.741096,102.3203125
12:43:26,91282CLD1,TSRYS5850288,D,S,T,2024-08-27,9000000.00,3.741096,102.3203125
12:43:27,91282CLD1,TSRYS5850288,D,S,C,2024-08-27,1000000.00,3.739789,102.328325
12:43:27,91282CLD1,TSRYS5850288,D,S,D,2024-08-27,1000000.00,3.739822,102.328125
12:43:27,91282CLD1,TSRYS5850288,D,S,D,2024-08-27,1000000.00,3.739822,102.328125
12:43:27,91282CLD1,TSRYS5850288,D,S,C,2024-08-27,1000000.00,3.739822,102.328125
12:43:27,91282CLD1,TSRYS5850288,D,S,C,2024-08-27,1000000.00,3.739822,102.328125
12:43:27,91282CLD1,TSRYS5850288,D,S,C,2024-08-27,1000000.00,3.739822,102.328125
12:43:38,91282CLD1,TSRYS5850288,D,S,C,2024-08-27,25000000.00,3.740943,102.32125
12:43:52,91282CLD1,TSRYS5850288,D,S,C,2024-08-27,1000000.00,3.740778,102.322265625
12:43:53,91282CLD1,TSRYS5850288,D,B,C,2024-08-27,1000000.00,3.740778,102.322265625
12:43:53,91282CLD1,TSRYS5850288,D,S,D,2024-08-27,1000000.00,3.740778,102.322265625
12:43:54,91282CLD1,TSRYS5850288,D,B,C,2024-08-27,1000000.00,3.741096,102.3203125
12:43:56,91282CLD1,TSRYS5850288,D,S,C,2024-08-27,1000000.00,3.739798,102.328275
12:43:56,91282CLD1,TSRYS5850288,D,S,C,2024-08-27,1000000.00,3.739798,102.328275
12:43:56,91282CLD1,TSRYS5850288,D,S,C,2024-08-27,1000000.00,3.739798,102.328275
12:43:56,91282CLD1,TSRYS5850288,D,S,C,2024-08-27,1000000.00,3.739798,102.328275
12:43:56,91282CLD1,TSRYS5850288,D,S,C,2024-08-27,1000000.00,3.739798,102.328275
12:43:56,91282CLD1,TSRYS5850288,D,S,C,2024-08-27,4000000.00,3.739798,102.328275
12:43:56,91282CLD1,TSRYS5850288,D,S,C,2024-08-27,1000000.00,3.739798,102.328275
12:43:56,91282CLD1,TSRYS5850288,D,S,C,2024-08-27,1000000.00,3.739798,102.328275
12:43:56,91282CLD1,TSRYS5850288,D,S,C,2024-08-27,1000000.00,3.739798,102.328275
12:43:56,91282CLD1,TSRYS5850288,D,B,C,2024-08-27,1000000.00,3.739822,102.328125
12:43:59,91282CLD1,TSRYS5850288,D,S,T,2024-08-27,1000000.00,3.74237,102.3125
12:43:59,91282CLD1,TSRYS5850288,D,S,D,2024-08-27,1000000.00,3.741733,102.31640625
12:44:01,91282CLD1,TSRYS5850288,D,B,C,2024-08-27,1000000.00,3.74237,102.3125
12:44:01,91282CLD1,TSRYS5850288,D,S,C,2024-08-27,1000000.00,3.742354,102.3126
12:44:01,91282CLD1,TSRYS5850288,D,S,T,2024-08-27,1000000.00,3.741733,102.31640625
12:44:02,91282CLD1,TSRYS5850288,D,S,D,2024-08-27,2000000.00,3.74237,102.3125
12:44:07,91282CLD1,TSRYS5850288,D,S,T,2024-08-27,1000000.00,3.74237,102.3125
12:44:07,91282CLD1,TSRYS5850288,D,S,T,2024-08-27,1000000.00,3.74237,102.3125
12:44:11,91282CLD1,TSRYS5850288,D,S,C,2024-08-27,1000000.00,3.739822,102.328125
12:44:11,91282CLD1,TSRYS5850288,D,S,C,2024-08-27,1000000.00,3.741047,102.3206125
12:44:11,91282CLD1,TSRYS5850288,D,S,D,2024-08-27,1000000.00,3.741096,102.3203125
12:44:11,91282CLD1,TSRYS5850288,D,S,C,2024-08-27,1000000.00,3.741096,102.3203125
12:44:15,91282CLD1,TSRYS5850288,D,S,T,2024-08-27,1000000.00,3.74237,102.3125
12:44:15,91282CLD1,TSRYS5850288,D,S,D,2024-08-27,1000000.00,3.741415,102.31835937
12:44:20,91282CLD1,TSRYS5850288,D,S,D,2024-08-27,250000.00,3.74237,102.3125
12:44:23,91282CLD1,TSRYS5850288,D,S,T,2024-08-27,1000000.00,3.741096,102.3203125
12:44:23,91282CLD1,TSRYS5850288,D,S,D,2024-08-27,1000000.00,3.741096,102.3203125
12:44:24,91282CLD1,TSRYS5850288,D,S,D,2024-08-27,1000000.00,3.741096,102.3203125
12:44:24,91282CLD1,TSRYS5850288,D,S,C,2024-08-27,2000000.00,3.741415,102.318359375
12:44:25,91282CLD1,TSRYS5850288,D,S,D,2024-08-27,1000000.00,3.741096,102.3203125
12:44:27,91282CLD1,TSRYS5850288,D,S,T,2024-08-27,2000000.00,3.741415,102.318359375
12:44:30,91282CLD1,TSRYS5850288,D,S,D,2024-08-27,1000000.00,3.741096,102.3203125
12:44:33,91282CLD1,TSRYS5850288,D,S,T,2024-08-27,1000000.00,3.741096,102.3203125
12:44:43,91282CLD1,TSRYS5850288,D,S,D,2024-08-27,2950000.00,3.739822,102.328125
12:44:58,91282CLD1,TSRYS5850288,D,S,C,2024-08-27,1000000.00,3.742346,102.31265
12:44:58,91282CLD1,TSRYS5850288,D,S,C,2024-08-27,1000000.00,3.74237,102.3125
12:44:58,91282CLD1,TSRYS5850288,D,S,D,2024-08-27,1000000.00,3.74237,102.3125
12:44:59,91282CLD1,TSRYS5850288,D,S,D,2024-08-27,1000000.00,3.74237,102.3125
12:44:59,91282CLD1,TSRYS5850288,D,B,C,2024-08-27,1000000.00,3.742411,102.31225
12:44:59,91282CLD1,TSRYS5850288,D,S,D,2024-08-27,1000000.00,3.74237,102.3125
12:44:59,91282CLD1,TSRYS5850288,D,S,D,2024-08-27,1000000.00,3.74237,102.3125
12:44:59,91282CLD1,TSRYS5850288,D,B,C,2024-08-27,1000000.00,3.742411,102.31225
12:44:59,91282CLD1,TSRYS5850288,D,B,C,2024-08-27,1000000.00,3.74237,102.3125
12:44:59,91282CLD1,TSRYS5850288,D,S,C,2024-08-27,1000000.00,3.74237,102.3125
12:45:10,91282CLD1,TSRYS5850288,D,S,D,2024-08-27,1000000.00,3.743007,102.30859375
12:45:10,91282CLD1,TSRYS5850288,D,S,D,2024-08-27,1000000.00,3.743007,102.30859375
12:45:14,91282CLD1,TSRYS5850288,D,S,D,2024-08-27,1000000.00,3.741096,102.3203125
12:45:14,91282CLD1,TSRYS5850288,D,S,C,2024-08-27,1000000.00,3.741063,102.3205125
12:45:14,91282CLD1,TSRYS5850288,D,B,C,2024-08-27,1000000.00,3.741096,102.3203125
12:45:55,91282CLD1,TSRYS5850288,D,S,A,2024-08-27,25000.00,3.743644,102.3046875
12:46:03,91282CLD1,TSRYS5850288,D,S,D,2024-08-27,1550000.00,3.739822,102.328125
12:46:04,91282CLD1,TSRYS5850288,D,S,T,2024-08-27,1000000.00,3.74237,102.3125
12:46:05,91282CLD1,TSRYS5850288,D,S,D,2024-08-27,200000.00,3.743644,102.3046875
12:46:08,91282CLD1,TSRYS5850288,D,S,C,2024-08-27,1000000.00,3.74237,102.3125
12:46:08,91282CLD1,TSRYS5850288,D,B,C,2024-08-27,1000000.00,3.74237,102.3125
12:46:26,91282CLD1,TSRYS5850288,D,S,C,2024-08-27,1000000.00,3.74237,102.3125
12:46:26,91282CLD1,TSRYS5850288,D,B,C,2024-08-27,1000000.00,3.74237,102.3125
12:46:41,91282CLD1,TSRYS5850288,D,S,D,2024-08-27,1000000.00,3.74237,102.3125
12:46:41,91282CLD1,TSRYS5850288,D,B,C,2024-08-27,1000000.00,3.74237,102.3125
12:46:41,91282CLD1,TSRYS5850288,D,S,C,2024-08-27,1000000.00,3.74237,102.3125
12:46:43,91282CLD1,TSRYS5850288,D,S,C,2024-08-27,300000.00,3.741733,102.31640625
12:46:50,91282CLD1,TSRYS5850288,D,S,T,2024-08-27,1000000.00,3.74237,102.3125
12:47:05,91282CLD1,TSRYS5850288,D,S,D,2024-08-27,25000.00,3.743644,102.3046875
12:47:09,91282CLD1,TSRYS5850288,D,S,T,2024-08-27,25000.00,3.743644,102.304687
12:47:13,91282CLD1,TSRYS5850288,D,S,D,2024-08-27,1000000.00,3.74237,102.3125
12:47:28,91282CLD1,TSRYS5850288,D,S,D,2024-08-27,1000000.00,3.74237,102.3125
12:47:28,91282CLD1,TSRYS5850288,D,B,C,2024-08-27,1000000.00,3.74237,102.3125
12:47:31,91282CLD1,TSRYS5850288,D,S,T,2024-08-27,2000000.00,3.743644,102.3046875
12:47:31,91282CLD1,TSRYS5850288,D,S,T,2024-08-27,1000000.00,3.743644,102.3046875
12:47:31,91282CLD1,TSRYS5850288,D,S,T,2024-08-27,1000000.00,3.743644,102.3046875
12:47:31,91282CLD1,TSRYS5850288,D,S,T,2024-08-27,10000000.00,3.743644,102.3046875
12:47:31,91282CLD1,TSRYS5850288,D,S,T,2024-08-27,1000000.00,3.743644,102.3046875
12:47:31,91282CLD1,TSRYS5850288,D,S,T,2024-08-27,4000000.00,3.743644,102.3046875
12:47:31,91282CLD1,TSRYS5850288,D,S,T,2024-08-27,2000000.00,3.743644,102.3046875
12:47:31,91282CLD1,TSRYS5850288,D,S,T,2024-08-27,1000000.00,3.743644,102.3046875
12:47:31,91282CLD1,TSRYS5850288,D,S,T,2024-08-27,1000000.00,3.743644,102.3046875
12:47:31,91282CLD1,TSRYS5850288,D,S,T,2024-08-27,1000000.00,3.743644,102.3046875
12:47:31,91282CLD1,TSRYS5850288,D,S,T,2024-08-27,1000000.00,3.743644,102.3046875
12:47:32,91282CLD1,TSRYS5850288,D,S,C,2024-08-27,1000000.00,3.743628,102.3047875
12:47:33,91282CLD1,TSRYS5850288,D,S,T,2024-08-27,1000000.00,3.743673,102.3045105
12:47:35,91282CLD1,TSRYS5850288,D,S,T,2024-08-27,1000000.00,3.743644,102.3046875
12:47:36,91282CLD1,TSRYS5850288,D,S,D,2024-08-27,2000000.00,3.743644,102.3046875
12:47:36,91282CLD1,TSRYS5850288,D,S,C,2024-08-27,2000000.00,3.743963,102.302734375
12:47:37,91282CLD1,TSRYS5850288,D,S,C,2024-08-27,1000000.00,3.743644,102.3046875
12:47:38,91282CLD1,TSRYS5850288,D,S,C,2024-08-27,1000000.00,3.743644,102.3046875
12:47:38,91282CLD1,TSRYS5850288,D,S,T,2024-08-27,1000000.00,3.743644,102.3046875
12:47:38,91282CLD1,TSRYS5850288,D,S,T,2024-08-27,1000000.00,3.743644,102.3046875
12:47:39,91282CLD1,TSRYS5850288,D,S,T,2024-08-27,1000000.00,3.743644,102.3046875
12:47:39,91282CLD1,TSRYS5850288,D,S,T,2024-08-27,2000000.00,3.743963,102.302734375
12:47:39,91282CLD1,TSRYS5850288,D,S,T,2024-08-27,1000000.00,3.743644,102.3046875
12:47:39,91282CLD1,TSRYS5850288,D,S,T,2024-08-27,1000000.00,3.743644,102.3046875
12:47:47,91282CLD1,TSRYS5850288,D,S,D,2024-08-27,1000000.00,3.743644,102.3046875
12:47:49,91282CLD1,TSRYS5850288,D,S,T,2024-08-27,1000000.00,3.743644,102.3046875
12:47:58,91282CLD1,TSRYS5850288,D,S,C,2024-08-27,1000000.00,3.743644,102.3046875
12:47:58,91282CLD1,TSRYS5850288,D,S,D,2024-08-27,10000000.00,3.743644,102.3046875
12:47:58,91282CLD1,TSRYS5850288,D,S,C,2024-08-27,1000000.00,3.743612,102.3048875
12:47:58,91282CLD1,TSRYS5850288,D,S,C,2024-08-27,1000000.00,3.743326,102.306640625
12:47:58,91282CLD1,TSRYS5850288,D,S,D,2024-08-27,1000000.00,3.743326,102.306640625
12:47:59,91282CLD1,TSRYS5850288,D,B,C,2024-08-27,1000000.00,3.743326,102.306640625
12:48:07,91282CLD1,TSRYS5850288,D,S,C,2024-08-27,1000000.00,3.743007,102.30859375
12:48:10,91282CLD1,TSRYS5850288,D,S,C,2024-08-27,1000000.00,3.743326,102.30664062
12:48:13,91282CLD1,TSRYS5850288,D,S,D,2024-08-27,1000000.00,3.743644,102.3046875
12:48:13,91282CLD1,TSRYS5850288,D,S,D,2024-08-27,1000000.00,3.743644,102.3046875
12:48:28,91282CLD1,TSRYS5850288,D,S,C,2024-08-27,1000000.00,3.743644,102.3046875
12:48:28,91282CLD1,TSRYS5850288,D,S,D,2024-08-27,1000000.00,3.743644,102.3046875
12:48:28,91282CLD1,TSRYS5850288,D,S,C,2024-08-27,1000000.00,3.743616,102.3048625
12:48:28,91282CLD1,TSRYS5850288,D,S,D,2024-08-27,4000000.00,3.743644,102.3046875
12:48:28,91282CLD1,TSRYS5850288,D,S,C,2024-08-27,1000000.00,3.743644,102.3046875
12:48:28,91282CLD1,TSRYS5850288,D,S,C,2024-08-27,2000000.00,3.74362,102.3048375
12:48:28,91282CLD1,TSRYS5850288,D,S,C,2024-08-27,1000000.00,3.74362,102.3048375
12:48:28,91282CLD1,TSRYS5850288,D,S,C,2024-08-27,1000000.00,3.743644,102.3046875
12:48:33,91282CLD1,TSRYS5850288,D,S,D,2024-08-27,1000000.00,3.743326,102.306640625
12:48:33,91282CLD1,TSRYS5850288,D,B,C,2024-08-27,1000000.00,3.743326,102.306640625
12:48:34,91282CLD1,TSRYS5850288,D,S,D,2024-08-27,1000000.00,3.743326,102.306640625
12:48:43,91282CLD1,TSRYS5850288,D,S,D,2024-08-27,1000000.00,3.743644,102.3046875
12:49:14,91282CLD1,TSRYS5850288,D,B,C,2024-08-27,1000000.00,3.743326,102.30664062
12:49:29,91282CLD1,TSRYS5850288,D,B,C,2024-08-27,1000000.00,3.743644,102.3046875
12:49:29,91282CLD1,TSRYS5850288,D,S,D,2024-08-27,1000000.00,3.743644,102.3046875
12:49:29,91282CLD1,TSRYS5850288,D,B,C,2024-08-27,1000000.00,3.743644,102.3046875
12:49:29,91282CLD1,TSRYS5850288,D,S,D,2024-08-27,1000000.00,3.743644,102.3046875
12:49:29,91282CLD1,TSRYS5850288,D,S,D,2024-08-27,20000000.00,3.741714,102.31652
12:49:38,91282CLD1,TSRYS5850288,D,S,T,2024-08-27,7000000.00,3.743644,102.3046875
12:49:38,91282CLD1,TSRYS5850288,D,S,T,2024-08-27,2000000.00,3.743644,102.3046875
12:49:38,91282CLD1,TSRYS5850288,D,S,T,2024-08-27,1000000.00,3.743644,102.3046875
12:49:39,91282CLD1,TSRYS5850288,D,S,D,2024-08-27,1000000.00,3.743644,102.3046875
12:49:46,91282CLD1,TSRYS5850288,D,S,T,2024-08-27,1000000.00,3.743644,102.3046875
12:49:46,91282CLD1,TSRYS5850288,D,S,T,2024-08-27,1000000.00,3.743644,102.3046875
12:49:47,91282CLD1,TSRYS5850288,D,B,C,2024-08-27,1000000.00,3.743644,102.3046875
12:50:03,91282CLD1,TSRYS5850288,D,B,C,2024-08-27,1000000.00,3.743963,102.302734375
12:50:03,91282CLD1,TSRYS5850288,D,S,D,2024-08-27,1000000.00,3.743644,102.3046875
12:50:04,91282CLD1,TSRYS5850288,D,S,D,2024-08-27,1000000.00,3.743644,102.3046875
12:50:10,91282CLD1,TSRYS5850288,D,B,C,2024-08-27,2000000.00,3.743644,102.3046875
12:50:13,91282CLD1,TSRYS5850288,D,S,D,2024-08-27,2000000.00,3.743644,102.3046875
12:50:13,91282CLD1,TSRYS5850288,D,B,C,2024-08-27,2000000.00,3.743644,102.3046875
12:50:13,91282CLD1,TSRYS5850288,D,S,D,2024-08-27,1000000.00,3.743644,102.3046875
12:50:13,91282CLD1,TSRYS5850288,D,S,D,2024-08-27,1000000.00,3.743644,102.3046875
12:50:13,91282CLD1,TSRYS5850288,D,S,D,2024-08-27,7000000.00,3.743644,102.3046875
12:50:13,91282CLD1,TSRYS5850288,D,S,D,2024-08-27,1000000.00,3.743644,102.3046875
12:50:13,91282CLD1,TSRYS5850288,D,B,C,2024-08-27,1000000.00,3.743644,102.3046875
12:50:13,91282CLD1,TSRYS5850288,D,S,D,2024-08-27,2000000.00,3.743644,102.3046875
12:50:14,91282CLD1,TSRYS5850288,D,S,T,2024-08-27,31850000.00,3.8344,101.75
12:50:14,91282CLD1,TSRYS5850288,D,S,T,2024-08-27,9950000.00,3.8344,101.75
12:50:14,91282CLD1,TSRYS5850288,D,S,T,2024-08-27,9950000.00,3.8344,101.75
12:50:14,91282CLD1,TSRYS5850288,D,S,T,2024-08-27,47700000.00,3.8344,101.75
12:50:14,91282CLD1,TSRYS5850288,D,S,T,2024-08-27,32850000.00,3.8344,101.75
12:50:28,91282CLD1,TSRYS5850288,D,S,D,2024-08-27,1000000.00,3.743644,102.3046875
12:50:38,91282CLD1,TSRYS5850288,D,S,T,2024-08-27,1000000.00,3.743644,102.3046875
12:50:41,91282CLD1,TSRYS5850288,D,S,D,2024-08-27,32800000.00,3.8344,101.75
12:50:44,91282CLD1,TSRYS5850288,D,S,D,2024-08-27,31850000.00,3.8344,101.75
12:50:46,91282CLD1,TSRYS5850288,D,S,D,2024-08-27,9950000.00,3.8344,101.75
12:50:46,91282CLD1,TSRYS5850288,D,S,D,2024-08-27,47750000.00,3.8344,101.75
12:50:48,91282CLD1,TSRYS5850288,D,S,D,2024-08-27,9950000.00,3.8344,101.75
12:50:54,91282CLD1,TSRYS5850288,D,S,D,2024-08-27,1000000.00,3.743644,102.3046875
12:50:55,91282CLD1,TSRYS5850288,D,S,D,2024-08-27,2000000.00,3.743326,102.306640625
12:50:57,91282CLD1,TSRYS5850288,D,B,C,2024-08-27,1000000.00,3.743644,102.3046875
12:51:03,91282CLD1,TSRYS5850288,D,S,D,2024-08-27,1000000.00,3.743644,102.3046875
12:51:03,91282CLD1,TSRYS5850288,D,S,D,2024-08-27,1000000.00,3.743326,102.306640625
12:51:03,91282CLD1,TSRYS5850288,D,S,D,2024-08-27,1000000.00,3.743644,102.3046875
12:51:03,91282CLD1,TSRYS5850288,D,S,D,2024-08-27,1000000.00,3.743644,102.3046875
12:51:04,91282CLD1,TSRYS5850288,D,S,D,2024-08-27,2000000.00,3.743644,102.3046875
12:51:04,91282CLD1,TSRYS5850288,D,S,C,2024-08-27,1000000.00,3.743644,102.3046875
12:51:04,91282CLD1,TSRYS5850288,D,S,D,2024-08-27,1000000.00,3.743644,102.3046875
12:51:04,91282CLD1,TSRYS5850288,D,S,C,2024-08-27,1000000.00,3.743644,102.3046875
12:51:04,91282CLD1,TSRYS5850288,D,B,C,2024-08-27,1000000.00,3.743644,102.3046875
12:51:04,91282CLD1,TSRYS5850288,D,S,D,2024-08-27,1000000.00,3.743644,102.3046875
12:51:05,91282CLD1,TSRYS5850288,D,B,C,2024-08-27,1000000.00,3.743644,102.3046875
12:51:05,91282CLD1,TSRYS5850288,D,S,D,2024-08-27,1000000.00,3.743644,102.3046875
12:51:05,91282CLD1,TSRYS5850288,D,S,D,2024-08-27,1000000.00,3.743644,102.3046875
12:51:05,91282CLD1,TSRYS5850288,D,S,D,2024-08-27,1000000.00,3.743644,102.3046875
12:51:05,91282CLD1,TSRYS5850288,D,S,D,2024-08-27,10000000.00,3.743644,102.3046875
12:51:12,91282CLD1,TSRYS5850288,D,S,D,2024-08-27,1000000.00,3.743644,102.3046875
12:51:14,91282CLD1,TSRYS5850288,D,B,A,2024-08-27,150MM+,3.744489,102.299508
12:51:16,91282CLD1,TSRYS5850288,D,S,T,2024-08-27,1000000.00,3.743644,102.3046875
12:51:16,91282CLD1,TSRYS5850288,D,S,T,2024-08-27,2000000.00,3.743644,102.3046875
12:51:16,91282CLD1,TSRYS5850288,D,S,T,2024-08-27,1000000.00,3.743644,102.3046875
12:51:17,91282CLD1,TSRYS5850288,D,S,T,2024-08-27,1000000.00,3.743644,102.3046875
12:51:17,91282CLD1,TSRYS5850288,D,S,T,2024-08-27,1000000.00,3.743644,102.3046875
12:51:17,91282CLD1,TSRYS5850288,D,S,T,2024-08-27,1000000.00,3.743644,102.3046875
12:51:17,91282CLD1,TSRYS5850288,D,S,T,2024-08-27,1000000.00,3.743644,102.3046875
12:51:18,91282CLD1,TSRYS5850288,D,S,T,2024-08-27,1000000.00,3.743644,102.3046875
12:51:18,91282CLD1,TSRYS5850288,D,S,T,2024-08-27,1000000.00,3.743644,102.3046875
12:51:18,91282CLD1,TSRYS5850288,D,S,T,2024-08-27,1000000.00,3.743644,102.3046875
12:51:19,91282CLD1,TSRYS5850288,D,S,T,2024-08-27,1000000.00,3.743644,102.3046875
12:51:19,91282CLD1,TSRYS5850288,D,S,D,2024-08-27,6000000.00,3.743644,102.3046875
12:51:19,91282CLD1,TSRYS5850288,D,S,T,2024-08-27,1000000.00,3.743644,102.3046875
12:51:19,91282CLD1,TSRYS5850288,D,S,T,2024-08-27,1000000.00,3.743644,102.3046875
12:51:19,91282CLD1,TSRYS5850288,D,S,T,2024-08-27,1000000.00,3.743644,102.3046875
12:51:19,91282CLD1,TSRYS5850288,D,S,T,2024-08-27,1000000.00,3.743644,102.3046875
12:51:20,91282CLD1,TSRYS5850288,D,S,T,2024-08-27,1000000.00,3.743644,102.3046875
12:51:20,91282CLD1,TSRYS5850288,D,S,T,2024-08-27,1000000.00,3.743644,102.3046875
12:51:20,91282CLD1,TSRYS5850288,D,S,T,2024-08-27,1000000.00,3.743644,102.3046875
12:51:20,91282CLD1,TSRYS5850288,D,S,T,2024-08-27,1000000.00,3.743644,102.3046875
12:51:20,91282CLD1,TSRYS5850288,D,S,T,2024-08-27,1000000.00,3.743644,102.3046875
12:51:20,91282CLD1,TSRYS5850288,D,S,T,2024-08-27,1000000.00,3.743644,102.3046875
12:51:21,91282CLD1,TSRYS5850288,D,S,T,2024-08-27,1000000.00,3.743644,102.3046875
12:51:21,91282CLD1,TSRYS5850288,D,S,T,2024-08-27,1000000.00,3.743644,102.3046875
12:51:21,91282CLD1,TSRYS5850288,D,S,T,2024-08-27,1000000.00,3.743644,102.3046875
12:51:21,91282CLD1,TSRYS5850288,D,S,T,2024-08-27,1000000.00,3.743644,102.3046875
12:51:21,91282CLD1,TSRYS5850288,D,S,T,2024-08-27,1000000.00,3.743644,102.3046875
12:51:22,91282CLD1,TSRYS5850288,D,S,T,2024-08-27,1000000.00,3.743644,102.3046875
12:51:22,91282CLD1,TSRYS5850288,D,S,T,2024-08-27,1000000.00,3.743644,102.3046875
12:51:22,91282CLD1,TSRYS5850288,D,S,D,2024-08-27,45000.00,3.743644,102.3046875
12:51:27,91282CLD1,TSRYS5850288,D,S,T,2024-08-27,1000000.00,3.743644,102.3046875
12:51:27,91282CLD1,TSRYS5850288,D,S,T,2024-08-27,1000000.00,3.743644,102.3046875
12:51:27,91282CLD1,TSRYS5850288,D,S,T,2024-08-27,1000000.00,3.743644,102.3046875
12:51:27,91282CLD1,TSRYS5850288,D,S,T,2024-08-27,1000000.00,3.743644,102.3046875
12:51:33,91282CLD1,TSRYS5850288,D,S,T,2024-08-27,1000000.00,3.743644,102.3046875
12:51:33,91282CLD1,TSRYS5850288,D,S,T,2024-08-27,1000000.00,3.743644,102.3046875
12:51:33,91282CLD1,TSRYS5850288,D,S,T,2024-08-27,1000000.00,3.743644,102.3046875
12:51:33,91282CLD1,TSRYS5850288,D,S,T,2024-08-27,1000000.00,3.743644,102.3046875
12:51:45,91282CLD1,TSRYS5850288,D,S,C,2024-08-27,1000000.00,3.743644,102.3046875
12:51:45,91282CLD1,TSRYS5850288,D,S,C,2024-08-27,1000000.00,3.743603,102.3049375
12:51:45,91282CLD1,TSRYS5850288,D,S,C,2024-08-27,1000000.00,3.743628,102.3047875
12:51:45,91282CLD1,TSRYS5850288,D,S,C,2024-08-27,1000000.00,3.743628,102.3047875
12:51:45,91282CLD1,TSRYS5850288,D,S,C,2024-08-27,1000000.00,3.743644,102.3046875
12:51:45,91282CLD1,TSRYS5850288,D,S,D,2024-08-27,1000000.00,3.743644,102.3046875
12:51:45,91282CLD1,TSRYS5850288,D,S,C,2024-08-27,1000000.00,3.743628,102.3047875
12:51:45,91282CLD1,TSRYS5850288,D,S,C,2024-08-27,1000000.00,3.743612,102.3048875
12:51:45,91282CLD1,TSRYS5850288,D,S,C,2024-08-27,1000000.00,3.743644,102.3046875
12:51:45,91282CLD1,TSRYS5850288,D,S,C,2024-08-27,1000000.00,3.743644,102.3046875
12:51:45,91282CLD1,TSRYS5850288,D,S,D,2024-08-27,1000000.00,3.743644,102.3046875
12:51:45,91282CLD1,TSRYS5850288,D,S,D,2024-08-27,1000000.00,3.743644,102.3046875
12:51:45,91282CLD1,TSRYS5850288,D,S,D,2024-08-27,1000000.00,3.743644,102.3046875
12:51:45,91282CLD1,TSRYS5850288,D,S,C,2024-08-27,1000000.00,3.743644,102.3046875
12:51:45,91282CLD1,TSRYS5850288,D,S,D,2024-08-27,1000000.00,3.743644,102.3046875
12:51:45,91282CLD1,TSRYS5850288,D,S,D,2024-08-27,1000000.00,3.743612,102.3048875
12:51:50,91282CLD1,TSRYS5850288,D,S,D,2024-08-27,1000000.00,3.743644,102.3046875
12:51:50,91282CLD1,TSRYS5850288,D,B,C,2024-08-27,1000000.00,3.743644,102.3046875
12:51:51,91282CLD1,TSRYS5850288,D,S,D,2024-08-27,1000000.00,3.743644,102.3046875
12:51:52,91282CLD1,TSRYS5850288,D,S,D,2024-08-27,1000000.00,3.743644,102.3046875
12:51:52,91282CLD1,TSRYS5850288,D,S,D,2024-08-27,1000000.00,3.743644,102.3046875
12:51:52,91282CLD1,TSRYS5850288,D,S,C,2024-08-27,1000000.00,3.743612,102.3048875
12:51:52,91282CLD1,TSRYS5850288,D,S,D,2024-08-27,1000000.00,3.743644,102.3046875
12:51:53,91282CLD1,TSRYS5850288,D,S,D,2024-08-27,1000000.00,3.743644,102.3046875
12:51:54,91282CLD1,TSRYS5850288,D,S,T,2024-08-27,1000000.00,3.743644,102.3046875
12:51:54,91282CLD1,TSRYS5850288,D,S,T,2024-08-27,1000000.00,3.743644,102.3046875
12:51:59,91282CLD1,TSRYS5850288,D,S,T,2024-08-27,1000000.00,3.743644,102.3046875
12:51:59,91282CLD1,TSRYS5850288,D,S,T,2024-08-27,1000000.00,3.743644,102.3046875
12:52:00,91282CLD1,TSRYS5850288,D,S,T,2024-08-27,1000000.00,3.743644,102.3046875
12:52:00,91282CLD1,TSRYS5850288,D,S,C,2024-08-27,1000000.00,3.743628,102.3047875
12:52:00,91282CLD1,TSRYS5850288,D,S,D,2024-08-27,1000000.00,3.743644,102.3046875
12:52:00,91282CLD1,TSRYS5850288,D,S,D,2024-08-27,1000000.00,3.743644,102.3046875
12:52:00,91282CLD1,TSRYS5850288,D,S,C,2024-08-27,1000000.00,3.743612,102.3048875
12:52:00,91282CLD1,TSRYS5850288,D,S,C,2024-08-27,1000000.00,3.743644,102.3046875
12:52:00,91282CLD1,TSRYS5850288,D,S,C,2024-08-27,1000000.00,3.743644,102.3046875
12:52:00,91282CLD1,TSRYS5850288,D,S,C,2024-08-27,1000000.00,3.743644,102.3046875
12:52:00,91282CLD1,TSRYS5850288,D,B,C,2024-08-27,1000000.00,3.743644,102.3046875
12:52:00,91282CLD1,TSRYS5850288,D,S,C,2024-08-27,1000000.00,3.743644,102.3046875
12:52:00,91282CLD1,TSRYS5850288,D,S,C,2024-08-27,1000000.00,3.743603,102.3049375
12:52:00,91282CLD1,TSRYS5850288,D,S,D,2024-08-27,1000000.00,3.743644,102.3046875
12:52:00,91282CLD1,TSRYS5850288,D,S,C,2024-08-27,1000000.00,3.743644,102.3046875
12:52:00,91282CLD1,TSRYS5850288,D,S,C,2024-08-27,1000000.00,3.743612,102.3048875
12:52:00,91282CLD1,TSRYS5850288,D,S,D,2024-08-27,1000000.00,3.743644,102.3046875
12:52:00,91282CLD1,TSRYS5850288,D,S,D,2024-08-27,1000000.00,3.743644,102.3046875
12:52:01,91282CLD1,TSRYS5850288,D,S,T,2024-08-27,1000000.00,3.743644,102.3046875
12:52:01,91282CLD1,TSRYS5850288,D,S,T,2024-08-27,1000000.00,3.743644,102.3046875
12:52:02,91282CLD1,TSRYS5850288,D,S,T,2024-08-27,1000000.00,3.743644,102.3046875
12:52:02,91282CLD1,TSRYS5850288,D,S,T,2024-08-27,1000000.00,3.743644,102.3046875
12:52:02,91282CLD1,TSRYS5850288,D,S,T,2024-08-27,1000000.00,3.743644,102.3046875
12:52:03,91282CLD1,TSRYS5850288,D,S,T,2024-08-27,1000000.00,3.743644,102.3046875
12:52:03,91282CLD1,TSRYS5850288,D,S,T,2024-08-27,1000000.00,3.743644,102.3046875
12:52:03,91282CLD1,TSRYS5850288,D,S,T,2024-08-27,1000000.00,3.743644,102.3046875
12:52:03,91282CLD1,TSRYS5850288,D,S,T,2024-08-27,1000000.00,3.743644,102.3046875
12:52:04,91282CLD1,TSRYS5850288,D,S,T,2024-08-27,1000000.00,3.743644,102.3046875
12:52:04,91282CLD1,TSRYS5850288,D,S,T,2024-08-27,1000000.00,3.743644,102.3046875
12:52:04,91282CLD1,TSRYS5850288,D,S,T,2024-08-27,1000000.00,3.743644,102.3046875
12:52:05,91282CLD1,TSRYS5850288,D,S,T,2024-08-27,1000000.00,3.743644,102.3046875
12:52:09,91282CLD1,TSRYS5850288,D,S,D,2024-08-27,1000000.00,3.743644,102.3046875
12:52:10,91282CLD1,TSRYS5850288,D,S,T,2024-08-27,1000000.00,3.743644,102.3046875
12:52:10,91282CLD1,TSRYS5850288,D,S,T,2024-08-27,1000000.00,3.743644,102.3046875
12:52:11,91282CLD1,TSRYS5850288,D,S,T,2024-08-27,1000000.00,3.743644,102.3046875
12:52:11,91282CLD1,TSRYS5850288,D,S,T,2024-08-27,1000000.00,3.743644,102.3046875
12:52:11,91282CLD1,TSRYS5850288,D,S,T,2024-08-27,1000000.00,3.743644,102.3046875
12:52:11,91282CLD1,TSRYS5850288,D,S,T,2024-08-27,1000000.00,3.743644,102.3046875
12:52:11,91282CLD1,TSRYS5850288,D,S,T,2024-08-27,1000000.00,3.743644,102.3046875
12:52:12,91282CLD1,TSRYS5850288,D,S,T,2024-08-27,2000000.00,3.743644,102.3046875
12:52:12,91282CLD1,TSRYS5850288,D,S,T,2024-08-27,1000000.00,3.743644,102.3046875
12:52:12,91282CLD1,TSRYS5850288,D,S,T,2024-08-27,15000000.00,3.743644,102.3046875
12:52:12,91282CLD1,TSRYS5850288,D,S,T,2024-08-27,1000000.00,3.743644,102.3046875
12:52:12,91282CLD1,TSRYS5850288,D,S,T,2024-08-27,1000000.00,3.743644,102.3046875
12:52:13,91282CLD1,TSRYS5850288,D,S,T,2024-08-27,15000000.00,3.743644,102.3046875
12:52:13,91282CLD1,TSRYS5850288,D,S,T,2024-08-27,1000000.00,3.743644,102.3046875
12:52:13,91282CLD1,TSRYS5850288,D,S,T,2024-08-27,1000000.00,3.743644,102.3046875
12:52:15,91282CLD1,TSRYS5850288,D,S,C,2024-08-27,1000000.00,3.743612,102.3048875
12:52:15,91282CLD1,TSRYS5850288,D,S,C,2024-08-27,1000000.00,3.743644,102.3046875
12:52:18,91282CLD1,TSRYS5850288,D,S,T,2024-08-27,1000000.00,3.743644,102.3046875
12:52:25,91282CLD1,TSRYS5850288,D,S,C,2024-08-27,1000000.00,3.743644,102.3046875
12:52:30,91282CLD1,TSRYS5850288,D,S,D,2024-08-27,1000000.00,3.743644,102.3046875
12:52:30,91282CLD1,TSRYS5850288,D,S,D,2024-08-27,1000000.00,3.743644,102.3046875
12:52:30,91282CLD1,TSRYS5850288,D,S,C,2024-08-27,1000000.00,3.743644,102.3046875
12:52:30,91282CLD1,TSRYS5850288,D,S,D,2024-08-27,1000000.00,3.743644,102.3046875
12:52:30,91282CLD1,TSRYS5850288,D,S,C,2024-08-27,1000000.00,3.743644,102.3046875
12:52:30,91282CLD1,TSRYS5850288,D,S,D,2024-08-27,1000000.00,3.743644,102.3046875
12:52:30,91282CLD1,TSRYS5850288,D,S,C,2024-08-27,1000000.00,3.743603,102.3049375
12:52:30,91282CLD1,TSRYS5850288,D,S,C,2024-08-27,1000000.00,3.743644,102.3046875
12:52:30,91282CLD1,TSRYS5850288,D,S,C,2024-08-27,1000000.00,3.743644,102.3046875
12:52:30,91282CLD1,TSRYS5850288,D,S,C,2024-08-27,1000000.00,3.743644,102.3046875
12:52:30,91282CLD1,TSRYS5850288,D,S,D,2024-08-27,1000000.00,3.743644,102.3049875
12:52:34,91282CLD1,TSRYS5850288,D,B,C,2024-08-27,81400000.00,3.743422,102.30605
12:52:34,91282CLD1,TSRYS5850288,D,S,D,2024-08-27,14000000.00,3.743644,102.3046875
12:52:34,91282CLD1,TSRYS5850288,D,S,T,2024-08-27,1000000.00,3.743644,102.3046875
12:52:34,91282CLD1,TSRYS5850288,D,S,T,2024-08-27,10000000.00,3.743644,102.3046875
12:52:36,91282CLD1,TSRYS5850288,D,S,D,2024-08-27,1000000.00,3.74237,102.3125
12:52:39,91282CLD1,TSRYS5850288,D,S,D,2024-08-27,6000000.00,3.743644,102.3046875
12:52:40,91282CLD1,TSRYS5850288,D,S,T,2024-08-27,3000000.00,3.743644,102.3046875
12:52:40,91282CLD1,TSRYS5850288,D,S,T,2024-08-27,1000000.00,3.743644,102.3046875
12:52:44,91282CLD1,TSRYS5850288,D,S,D,2024-08-27,1000000.00,3.743326,102.306640625
12:52:44,91282CLD1,TSRYS5850288,D,B,C,2024-08-27,1000000.00,3.743326,102.306640625
12:52:45,91282CLD1,TSRYS5850288,D,S,C,2024-08-27,1000000.00,3.743644,102.3046875
12:52:45,91282CLD1,TSRYS5850288,D,S,C,2024-08-27,1000000.00,3.743644,102.3046875
12:52:45,91282CLD1,TSRYS5850288,D,B,C,2024-08-27,1000000.00,3.743644,102.3046875
12:52:45,91282CLD1,TSRYS5850288,D,S,C,2024-08-27,1000000.00,3.743644,102.3046875
12:52:45,91282CLD1,TSRYS5850288,D,S,C,2024-08-27,1000000.00,3.743603,102.3049375
12:52:45,91282CLD1,TSRYS5850288,D,S,C,2024-08-27,1000000.00,3.743644,102.3046875
12:52:45,91282CLD1,TSRYS5850288,D,S,C,2024-08-27,1000000.00,3.743612,102.3048875
12:52:45,91282CLD1,TSRYS5850288,D,S,D,2024-08-27,1000000.00,3.743644,102.3046875
12:52:45,91282CLD1,TSRYS5850288,D,S,C,2024-08-27,1000000.00,3.743603,102.3049375
12:52:45,91282CLD1,TSRYS5850288,D,S,D,2024-08-27,1000000.00,3.743644,102.3046875
12:52:45,91282CLD1,TSRYS5850288,D,S,C,2024-08-27,1000000.00,3.743644,102.3046875
12:52:45,91282CLD1,TSRYS5850288,D,S,C,2024-08-27,2000000.00,3.743612,102.3048875
12:52:45,91282CLD1,TSRYS5850288,D,S,C,2024-08-27,1000000.00,3.743603,102.3049375
12:52:45,91282CLD1,TSRYS5850288,D,S,C,2024-08-27,1000000.00,3.743644,102.3046875
12:52:45,91282CLD1,TSRYS5850288,D,S,D,2024-08-27,15000000.00,3.743644,102.3046875
12:52:45,91282CLD1,TSRYS5850288,D,S,C,2024-08-27,1000000.00,3.743644,102.3046875
12:52:45,91282CLD1,TSRYS5850288,D,S,D,2024-08-27,15000000.00,3.743644,102.3046875
12:52:45,91282CLD1,TSRYS5850288,D,S,C,2024-08-27,1000000.00,3.743644,102.3046875
12:52:50,91282CLD1,TSRYS5850288,D,B,C,2024-08-27,81400000.00,3.743422,102.30605
12:52:56,91282CLD1,TSRYS5850288,D,S,D,2024-08-27,1000000.00,3.743644,102.3046875
12:52:57,91282CLD1,TSRYS5850288,D,S,C,2024-08-27,1000000.00,3.743644,102.3046875
12:52:57,91282CLD1,TSRYS5850288,D,S,D,2024-08-27,1000000.00,3.743644,102.3046875
12:52:57,91282CLD1,TSRYS5850288,D,B,C,2024-08-27,1000000.00,3.743644,102.3046875
12:53:00,91282CLD1,TSRYS5850288,D,S,C,2024-08-27,1000000.00,3.743644,102.3046875
12:53:00,91282CLD1,TSRYS5850288,D,S,C,2024-08-27,1000000.00,3.743644,102.3046875
12:53:01,91282CLD1,TSRYS5850288,D,S,C,2024-08-27,1000000.00,3.743644,102.3046875
12:53:02,91282CLD1,TSRYS5850288,D,S,T,2024-08-27,1000000.00,3.743644,102.3046875
12:53:02,91282CLD1,TSRYS5850288,D,S,T,2024-08-27,1000000.00,3.743644,102.3046875
12:53:03,91282CLD1,TSRYS5850288,D,S,T,2024-08-27,1000000.00,3.743644,102.3046875
12:53:09,91282CLD1,TSRYS5850288,D,S,C,2024-08-27,1000000.00,3.742207,102.3135
12:53:09,91282CLD1,TSRYS5850288,D,S,C,2024-08-27,1000000.00,3.742207,102.3135
12:53:10,91282CLD1,TSRYS5850288,D,S,C,2024-08-27,1000000.00,3.742207,102.3135
12:53:13,91282CLD1,TSRYS5850288,D,S,D,2024-08-27,150MM+,3.8344,101.75
12:53:13,91282CLD1,TSRYS5850288,D,S,C,2024-08-27,150MM+,3.8344,101.75
12:53:15,91282CLD1,TSRYS5850288,D,S,D,2024-08-27,10000000.00,3.743644,102.3046875
12:53:15,91282CLD1,TSRYS5850288,D,S,D,2024-08-27,3000000.00,3.743644,102.3046875
12:53:15,91282CLD1,TSRYS5850288,D,S,D,2024-08-27,1000000.00,3.743644,102.3046875
12:53:15,91282CLD1,TSRYS5850288,D,S,D,2024-08-27,3000000.00,3.743644,102.3046875
12:53:16,91282CLD1,TSRYS5850288,D,S,T,2024-08-27,1000000.00,3.743644,102.3046875
12:53:16,91282CLD1,TSRYS5850288,D,S,T,2024-08-27,1000000.00,3.743644,102.3046875
12:53:16,91282CLD1,TSRYS5850288,D,S,T,2024-08-27,1000000.00,3.743644,102.3046875
12:53:16,91282CLD1,TSRYS5850288,D,S,T,2024-08-27,4000000.00,3.743644,102.3046875
12:53:16,91282CLD1,TSRYS5850288,D,S,D,2024-08-27,1000000.00,3.743007,102.30859375
12:53:18,91282CLD1,TSRYS5850288,D,S,T,2024-08-27,2000000.00,3.74237,102.3125
12:53:18,91282CLD1,TSRYS5850288,D,S,T,2024-08-27,2000000.00,3.74237,102.3125
12:53:18,91282CLD1,TSRYS5850288,D,S,T,2024-08-27,1000000.00,3.74237,102.3125
12:53:21,91282CLD1,TSRYS5850288,D,S,D,2024-08-27,2000000.00,3.74237,102.3125
12:53:21,91282CLD1,TSRYS5850288,D,S,D,2024-08-27,2000000.00,3.74237,102.3125
12:53:21,91282CLD1,TSRYS5850288,D,S,D,2024-08-27,1000000.00,3.74237,102.3125
12:53:21,91282CLD1,TSRYS5850288,D,S,D,2024-08-27,1000000.00,3.743007,102.30859375
12:53:21,91282CLD1,TSRYS5850288,D,S,D,2024-08-27,73550000.00,3.8344,101.75
12:53:26,91282CLD1,TSRYS5850288,D,S,D,2024-08-27,8250000.00,3.8344,101.75
12:53:26,91282CLD1,TSRYS5850288,D,S,D,2024-08-27,8200000.00,3.8344,101.75
12:53:33,91282CLD1,TSRYS5850288,D,S,D,2024-08-27,8250000.00,3.8344,101.75
12:53:36,91282CLD1,TSRYS5850288,D,S,T,2024-08-27,1000000.00,3.741096,102.3203125
12:53:38,91282CLD1,TSRYS5850288,D,S,C,2024-08-27,150MM+,3.74237,102.3125
12:53:44,91282CLD1,TSRYS5850288,D,S,C,2024-08-27,1000000.00,3.743612,102.3048875
12:53:44,91282CLD1,TSRYS5850288,D,S,C,2024-08-27,1000000.00,3.743603,102.3049375
12:53:44,91282CLD1,TSRYS5850288,D,S,D,2024-08-27,1000000.00,3.743644,102.3046875
12:53:44,91282CLD1,TSRYS5850288,D,S,C,2024-08-27,4000000.00,3.743644,102.3046875
12:53:44,91282CLD1,TSRYS5850288,D,S,D,2024-08-27,7000000.00,3.743295,102.30683
12:53:59,91282CLD1,TSRYS5850288,D,S,C,2024-08-27,1000000.00,3.74237,102.3125
12:53:59,91282CLD1,TSRYS5850288,D,B,C,2024-08-27,1000000.00,3.74237,102.3125
12:54:14,91282CLD1,TSRYS5850288,D,S,D,2024-08-27,1000000.00,3.741096,102.3203125
12:54:20,91282CLD1,TSRYS5850288,D,S,D,2024-08-27,70000.00,3.741733,102.31640625
12:54:32,91282CLD1,TSRYS5850288,D,S,C,2024-08-27,1000000.00,3.741096,102.3203125
12:54:32,91282CLD1,TSRYS5850288,D,B,C,2024-08-27,1000000.00,3.741096,102.3203125
12:54:55,91282CLD1,TSRYS5850288,D,S,D,2024-08-27,186000.00,3.741733,102.31640625
12:54:57,91282CLD1,TSRYS5850288,D,S,T,2024-08-27,1000000.00,3.740778,102.322265625
12:55:00,91282CLD1,TSRYS5850288,D,S,D,2024-08-27,1000000.00,3.740778,102.322265625
12:55:04,91282CLD1,TSRYS5850288,D,S,D,2024-08-27,1000000.00,3.740778,102.322265625
12:55:12,91282CLD1,TSRYS5850288,D,S,T,2024-08-27,1000000.00,3.739843,102.327995
12:55:16,91282CLD1,TSRYS5850288,D,S,D,2024-08-27,2000000.00,3.739822,102.328125
12:55:27,91282CLD1,TSRYS5850288,D,S,D,2024-08-27,2000000.00,3.739822,102.328125
12:55:30,91282CLD1,TSRYS5850288,D,S,T,2024-08-27,2000000.00,3.739822,102.328125
12:55:30,91282CLD1,TSRYS5850288,D,S,T,2024-08-27,1000000.00,3.740141,102.326171875
12:55:30,91282CLD1,TSRYS5850288,D,S,T,2024-08-27,1000000.00,3.739822,102.328125
12:55:30,91282CLD1,TSRYS5850288,D,S,C,2024-08-27,1000000.00,3.740124,102.326271875
12:55:35,91282CLD1,TSRYS5850288,D,S,D,2024-08-27,2000000.00,3.739822,102.328125
12:55:39,91282CLD1,TSRYS5850288,D,S,D,2024-08-27,2000000.00,3.739185,102.33203125
12:55:39,91282CLD1,TSRYS5850288,D,S,C,2024-08-27,1000000.00,3.739185,102.33203125
12:55:39,91282CLD1,TSRYS5850288,D,S,C,2024-08-27,1000000.00,3.739185,102.33203125
12:55:40,91282CLD1,TSRYS5850288,D,S,C,2024-08-27,1000000.00,3.739185,102.33203125
12:55:40,91282CLD1,TSRYS5850288,D,S,D,2024-08-27,1000000.00,3.739185,102.33203125
12:55:40,91282CLD1,TSRYS5850288,D,B,C,2024-08-27,1000000.00,3.739185,102.33203125
12:55:40,91282CLD1,TSRYS5850288,D,S,D,2024-08-27,2000000.00,3.739185,102.33203125
12:55:41,91282CLD1,TSRYS5850288,D,S,D,2024-08-27,1000000.00,3.739185,102.33203125
12:55:42,91282CLD1,TSRYS5850288,D,S,T,2024-08-27,1000000.00,3.739218,102.33183125
12:55:45,91282CLD1,TSRYS5850288,D,S,D,2024-08-27,1000000.00,3.741096,102.3203125
12:55:45,91282CLD1,TSRYS5850288,D,B,C,2024-08-27,1000000.00,3.741096,102.3203125
12:55:45,91282CLD1,TSRYS5850288,D,S,D,2024-08-27,1000000.00,3.741096,102.3203125
12:55:45,91282CLD1,TSRYS5850288,D,B,C,2024-08-27,1000000.00,3.741096,102.3203125
12:55:54,91282CLD1,TSRYS5850288,D,S,T,2024-08-27,1000000.00,3.743644,102.3046875
12:55:57,91282CLD1,TSRYS5850288,D,S,D,2024-08-27,1000000.00,3.739822,102.328125
12:55:58,91282CLD1,TSRYS5850288,D,S,D,2024-08-27,1000000.00,3.739822,102.328125
12:55:59,91282CLD1,TSRYS5850288,D,S,T,2024-08-27,1000000.00,3.740141,102.326171875
12:56:00,91282CLD1,TSRYS5850288,D,S,C,2024-08-27,1000000.00,3.739822,102.328125
12:56:00,91282CLD1,TSRYS5850288,D,S,T,2024-08-27,1000000.00,3.739822,102.328125
12:56:01,91282CLD1,TSRYS5850288,D,S,C,2024-08-27,1000000.00,3.740124,102.326271875
12:56:05,91282CLD1,TSRYS5850288,D,S,T,2024-08-27,1000000.00,3.739822,102.328125
12:56:05,91282CLD1,TSRYS5850288,D,S,T,2024-08-27,1000000.00,3.739822,102.328125
12:56:16,91282CLD1,TSRYS5850288,D,S,C,2024-08-27,1000000.00,3.739822,102.328125
12:56:17,91282CLD1,TSRYS5850288,D,S,T,2024-08-27,1000000.00,3.739822,102.328125
12:56:17,91282CLD1,TSRYS5850288,D,S,T,2024-08-27,1000000.00,3.739822,102.328125
12:56:26,91282CLD1,TSRYS5850288,D,S,T,2024-08-27,1000000.00,3.739822,102.328125
12:56:26,91282CLD1,TSRYS5850288,D,S,C,2024-08-27,1000000.00,3.739822,102.328125
12:56:26,91282CLD1,TSRYS5850288,D,S,C,2024-08-27,1000000.00,3.739822,102.328125
12:56:26,91282CLD1,TSRYS5850288,D,S,C,2024-08-27,1000000.00,3.740124,102.326271875
12:56:26,91282CLD1,TSRYS5850288,D,B,C,2024-08-27,1000000.00,3.739822,102.328125
12:56:26,91282CLD1,TSRYS5850288,D,B,C,2024-08-27,1000000.00,3.740173,102.325971875
12:56:27,91282CLD1,TSRYS5850288,D,S,D,2024-08-27,1000000.00,3.739822,102.328125
12:56:28,91282CLD1,TSRYS5850288,D,S,D,2024-08-27,1000000.00,3.739822,102.328125
12:56:28,91282CLD1,TSRYS5850288,D,B,C,2024-08-27,1000000.00,3.739822,102.328125
12:56:29,91282CLD1,TSRYS5850288,D,S,T,2024-08-27,1000000.00,3.740459,102.32421875
12:56:31,91282CLD1,TSRYS5850288,D,S,D,2024-08-27,2000000.00,3.740459,102.32421875
12:56:32,91282CLD1,TSRYS5850288,D,S,D,2024-08-27,1000000.00,3.740459,102.32421875
12:56:34,91282CLD1,TSRYS5850288,D,B,C,2024-08-27,1000000.00,3.740459,102.32421875
12:56:34,91282CLD1,TSRYS5850288,D,S,D,2024-08-27,1000000.00,3.740459,102.32421875
12:56:34,91282CLD1,TSRYS5850288,D,B,C,2024-08-27,1000000.00,3.740459,102.32421875
12:56:34,91282CLD1,TSRYS5850288,D,S,D,2024-08-27,1000000.00,3.740459,102.32421875
12:56:39,91282CLD1,TSRYS5850288,D,S,D,2024-08-27,1000000.00,3.740459,102.32421875
12:56:39,91282CLD1,TSRYS5850288,D,S,D,2024-08-27,1000000.00,3.740459,102.32421875
12:56:39,91282CLD1,TSRYS5850288,D,S,D,2024-08-27,1000000.00,3.740459,102.32421875
12:56:49,91282CLD1,TSRYS5850288,D,S,C,2024-08-27,1000000.00,3.739822,102.328125
12:56:50,91282CLD1,TSRYS5850288,D,S,T,2024-08-27,1000000.00,3.739822,102.328125
12:56:50,91282CLD1,TSRYS5850288,D,S,T,2024-08-27,1000000.00,3.739822,102.328125
12:56:50,91282CLD1,TSRYS5850288,D,S,T,2024-08-27,1000000.00,3.739822,102.328125
12:56:52,91282CLD1,TSRYS5850288,D,S,T,2024-08-27,2000000.00,3.740459,102.32421875
12:56:55,91282CLD1,TSRYS5850288,D,S,D,2024-08-27,2000000.00,3.740459,102.32421875
12:56:59,91282CLD1,TSRYS5850288,D,S,D,2024-08-27,1000000.00,3.739822,102.328125
12:56:59,91282CLD1,TSRYS5850288,D,S,D,2024-08-27,1000000.00,3.739822,102.328125
12:57:00,91282CLD1,TSRYS5850288,D,S,D,2024-08-27,12000000.00,3.745818,102.29136
12:57:01,91282CLD1,TSRYS5850288,D,S,C,2024-08-27,1000000.00,3.739785,102.32835
12:57:01,91282CLD1,TSRYS5850288,D,S,D,2024-08-27,1000000.00,3.739822,102.328125
12:57:01,91282CLD1,TSRYS5850288,D,S,C,2024-08-27,1000000.00,3.739785,102.32835
12:57:25,91282CLD1,TSRYS5850288,D,S,D,2024-08-27,1000000.00,3.739822,102.328125
12:57:25,91282CLD1,TSRYS5850288,D,S,D,2024-08-27,2000000.00,3.739822,102.328125
12:57:26,91282CLD1,TSRYS5850288,D,S,C,2024-08-27,1000000.00,3.739822,102.328125
12:57:26,91282CLD1,TSRYS5850288,D,S,C,2024-08-27,2000000.00,3.739822,102.328125
12:57:26,91282CLD1,TSRYS5850288,D,S,T,2024-08-27,1000000.00,3.739822,102.328125
12:57:26,91282CLD1,TSRYS5850288,D,S,T,2024-08-27,1000000.00,3.739822,102.328125
12:57:27,91282CLD1,TSRYS5850288,D,S,T,2024-08-27,1000000.00,3.739822,102.328125
12:57:27,91282CLD1,TSRYS5850288,D,S,T,2024-08-27,1000000.00,3.739822,102.328125
12:57:27,91282CLD1,TSRYS5850288,D,S,T,2024-08-27,1000000.00,3.739822,102.328125
12:57:27,91282CLD1,TSRYS5850288,D,S,T,2024-08-27,1000000.00,3.739822,102.328125
12:57:27,91282CLD1,TSRYS5850288,D,S,T,2024-08-27,1000000.00,3.739822,102.328125
12:57:27,91282CLD1,TSRYS5850288,D,S,T,2024-08-27,2000000.00,3.739822,102.328125
12:57:28,91282CLD1,TSRYS5850288,D,S,T,2024-08-27,1000000.00,3.739822,102.328125
12:57:28,91282CLD1,TSRYS5850288,D,S,C,2024-08-27,1000000.00,3.739822,102.328125
12:57:29,91282CLD1,TSRYS5850288,D,S,T,2024-08-27,1000000.00,3.739822,102.328125
12:57:30,91282CLD1,TSRYS5850288,D,S,T,2024-08-27,1000000.00,3.739822,102.328125
12:57:30,91282CLD1,TSRYS5850288,D,S,T,2024-08-27,1000000.00,3.739822,102.328125
12:57:30,91282CLD1,TSRYS5850288,D,S,T,2024-08-27,1000000.00,3.739822,102.328125
12:57:30,91282CLD1,TSRYS5850288,D,S,T,2024-08-27,1000000.00,3.739822,102.328125
12:57:30,91282CLD1,TSRYS5850288,D,S,D,2024-08-27,1000000.00,3.739822,102.328125
12:57:30,91282CLD1,TSRYS5850288,D,S,C,2024-08-27,1000000.00,3.739822,102.328125
12:57:30,91282CLD1,TSRYS5850288,D,S,T,2024-08-27,1000000.00,3.739822,102.328125
12:57:30,91282CLD1,TSRYS5850288,D,S,T,2024-08-27,1000000.00,3.739822,102.328125
12:57:30,91282CLD1,TSRYS5850288,D,S,T,2024-08-27,1000000.00,3.739822,102.328125
12:57:30,91282CLD1,TSRYS5850288,D,S,T,2024-08-27,1000000.00,3.739822,102.328125
12:57:31,91282CLD1,TSRYS5850288,D,S,T,2024-08-27,1000000.00,3.739822,102.328125
12:57:32,91282CLD1,TSRYS5850288,D,S,C,2024-08-27,1000000.00,3.739822,102.328125
12:57:32,91282CLD1,TSRYS5850288,D,S,C,2024-08-27,1000000.00,3.739822,102.328125
12:57:32,91282CLD1,TSRYS5850288,D,B,C,2024-08-27,1000000.00,3.739822,102.328125
12:57:32,91282CLD1,TSRYS5850288,D,S,C,2024-08-27,1000000.00,3.739822,102.328125
12:57:32,91282CLD1,TSRYS5850288,D,B,C,2024-08-27,1000000.00,3.739822,102.328125
12:57:32,91282CLD1,TSRYS5850288,D,S,D,2024-08-27,1000000.00,3.739822,102.328125
12:57:32,91282CLD1,TSRYS5850288,D,S,D,2024-08-27,1000000.00,3.739822,102.328125
12:57:32,91282CLD1,TSRYS5850288,D,S,C,2024-08-27,1000000.00,3.739822,102.328125
12:57:33,91282CLD1,TSRYS5850288,D,S,C,2024-08-27,1000000.00,3.739822,102.328125
12:57:39,91282CLD1,TSRYS5850288,D,S,D,2024-08-27,2000000.00,3.739504,102.330078125
12:57:40,91282CLD1,TSRYS5850288,D,S,D,2024-08-27,1000000.00,3.739822,102.328425
12:57:40,91282CLD1,TSRYS5850288,D,S,C,2024-08-27,1000000.00,3.739822,102.328125
12:57:47,91282CLD1,TSRYS5850288,D,S,C,2024-08-27,1000000.00,3.739789,102.328325
12:57:47,91282CLD1,TSRYS5850288,D,B,C,2024-08-27,1000000.00,3.739822,102.328125
12:57:48,91282CLD1,TSRYS5850288,D,S,T,2024-08-27,1000000.00,3.739822,102.328125
12:57:49,91282CLD1,TSRYS5850288,D,S,T,2024-08-27,2000000.00,3.739504,102.33007813
12:57:49,91282CLD1,TSRYS5850288,D,S,D,2024-08-27,4000000.00,3.739822,102.328125
12:57:49,91282CLD1,TSRYS5850288,D,S,T,2024-08-27,1000000.00,3.739822,102.328125
12:57:49,91282CLD1,TSRYS5850288,D,S,T,2024-08-27,1000000.00,3.739822,102.328125
12:57:50,91282CLD1,TSRYS5850288,D,S,T,2024-08-27,1000000.00,3.739822,102.328125
12:57:54,91282CLD1,TSRYS5850288,D,S,T,2024-08-27,1000000.00,3.740141,102.326171875
12:57:54,91282CLD1,TSRYS5850288,D,S,C,2024-08-27,1000000.00,3.740141,102.326171875
12:57:56,91282CLD1,TSRYS5850288,D,S,D,2024-08-27,2000000.00,3.739822,102.328125
12:57:56,91282CLD1,TSRYS5850288,D,S,T,2024-08-27,6000000.00,3.739822,102.328125
12:57:57,91282CLD1,TSRYS5850288,D,S,T,2024-08-27,1000000.00,3.739822,102.328125
12:57:57,91282CLD1,TSRYS5850288,D,S,T,2024-08-27,1000000.00,3.739822,102.328125
12:57:59,91282CLD1,TSRYS5850288,D,S,D,2024-08-27,1000000.00,3.739822,102.328125
12:57:59,91282CLD1,TSRYS5850288,D,S,C,2024-08-27,1000000.00,3.739822,102.328125
12:57:59,91282CLD1,TSRYS5850288,D,S,D,2024-08-27,1000000.00,3.739822,102.328125
12:58:00,91282CLD1,TSRYS5850288,D,S,T,2024-08-27,1000000.00,3.739822,102.328125
12:58:00,91282CLD1,TSRYS5850288,D,S,T,2024-08-27,1000000.00,3.739822,102.328125
12:58:00,91282CLD1,TSRYS5850288,D,S,T,2024-08-27,1000000.00,3.739822,102.328125
12:58:00,91282CLD1,TSRYS5850288,D,S,T,2024-08-27,1000000.00,3.739822,102.328125
12:58:00,91282CLD1,TSRYS5850288,D,S,T,2024-08-27,1000000.00,3.739822,102.328125
12:58:01,91282CLD1,TSRYS5850288,D,S,T,2024-08-27,1000000.00,3.739822,102.328125
12:58:01,91282CLD1,TSRYS5850288,D,S,T,2024-08-27,1000000.00,3.739822,102.328125
12:58:03,91282CLD1,TSRYS5850288,D,S,D,2024-08-27,1000000.00,3.739822,102.328125
12:58:03,91282CLD1,TSRYS5850288,D,S,D,2024-08-27,1000000.00,3.739822,102.328125
12:58:03,91282CLD1,TSRYS5850288,D,S,D,2024-08-27,1000000.00,3.739822,102.328125
12:58:03,91282CLD1,TSRYS5850288,D,S,C,2024-08-27,1000000.00,3.739806,102.328225
12:58:03,91282CLD1,TSRYS5850288,D,S,C,2024-08-27,1000000.00,3.739806,102.328225
12:58:03,91282CLD1,TSRYS5850288,D,S,C,2024-08-27,1000000.00,3.739789,102.328325
12:58:03,91282CLD1,TSRYS5850288,D,S,C,2024-08-27,1000000.00,3.739806,102.328225
12:58:03,91282CLD1,TSRYS5850288,D,S,C,2024-08-27,1000000.00,3.739789,102.328325
12:58:03,91282CLD1,TSRYS5850288,D,S,C,2024-08-27,1000000.00,3.739789,102.328325
12:58:03,91282CLD1,TSRYS5850288,D,B,C,2024-08-27,1000000.00,3.739822,102.328125
12:58:03,91282CLD1,TSRYS5850288,D,S,C,2024-08-27,1000000.00,3.739822,102.328125
12:58:03,91282CLD1,TSRYS5850288,D,S,C,2024-08-27,1000000.00,3.739822,102.328125
12:58:03,91282CLD1,TSRYS5850288,D,S,D,2024-08-27,1000000.00,3.739822,102.328125
12:58:04,91282CLD1,TSRYS5850288,D,S,T,2024-08-27,73550000.00,3.8344,101.75
12:58:08,91282CLD1,TSRYS5850288,D,S,T,2024-08-27,1000000.00,3.739822,102.328125
12:58:09,91282CLD1,TSRYS5850288,D,S,T,2024-08-27,2000000.00,3.739822,102.328125
12:58:09,91282CLD1,TSRYS5850288,D,S,T,2024-08-27,1000000.00,3.739822,102.328125
12:58:12,91282CLD1,TSRYS5850288,D,S,D,2024-08-27,1000000.00,3.739822,102.328125
12:58:12,91282CLD1,TSRYS5850288,D,S,D,2024-08-27,1000000.00,3.739822,102.328125
12:58:13,91282CLD1,TSRYS5850288,D,S,C,2024-08-27,1000000.00,3.739789,102.328325
12:58:13,91282CLD1,TSRYS5850288,D,S,T,2024-08-27,1000000.00,3.739822,102.328125
12:58:13,91282CLD1,TSRYS5850288,D,S,T,2024-08-27,1000000.00,3.739822,102.328125
12:58:13,91282CLD1,TSRYS5850288,D,S,T,2024-08-27,1000000.00,3.739822,102.328125
12:58:13,91282CLD1,TSRYS5850288,D,S,T,2024-08-27,1000000.00,3.739822,102.328125
12:58:13,91282CLD1,TSRYS5850288,D,S,T,2024-08-27,1000000.00,3.739822,102.328125
12:58:13,91282CLD1,TSRYS5850288,D,S,T,2024-08-27,1000000.00,3.739822,102.328125
12:58:13,91282CLD1,TSRYS5850288,D,S,T,2024-08-27,1000000.00,3.739822,102.328125
12:58:13,91282CLD1,TSRYS5850288,D,S,T,2024-08-27,2000000.00,3.739822,102.328125
12:58:16,91282CLD1,TSRYS5850288,D,S,T,2024-08-27,1000000.00,3.738867,102.333984375
12:58:16,91282CLD1,TSRYS5850288,D,S,D,2024-08-27,1000000.00,3.739822,102.328125
12:58:18,91282CLD1,TSRYS5850288,D,S,C,2024-08-27,1000000.00,3.739794,102.3283
12:58:18,91282CLD1,TSRYS5850288,D,S,D,2024-08-27,1000000.00,3.739822,102.328125
12:58:18,91282CLD1,TSRYS5850288,D,S,D,2024-08-27,1000000.00,3.739822,102.328125
12:58:18,91282CLD1,TSRYS5850288,D,S,C,2024-08-27,6000000.00,3.739822,102.328125
12:58:18,91282CLD1,TSRYS5850288,D,S,D,2024-08-27,1000000.00,3.739822,102.328125
12:58:18,91282CLD1,TSRYS5850288,D,S,D,2024-08-27,1000000.00,3.739822,102.328125
12:58:19,91282CLD1,TSRYS5850288,D,S,D,2024-08-27,1000000.00,3.738867,102.333984375
12:58:24,91282CLD1,TSRYS5850288,D,S,D,2024-08-27,1000000.00,3.738867,102.333984375
12:58:29,91282CLD1,TSRYS5850288,D,S,C,2024-08-27,2000000.00,3.739822,102.328125
12:58:31,91282CLD1,TSRYS5850288,D,S,D,2024-08-27,2000000.00,3.739822,102.328125
12:58:33,91282CLD1,TSRYS5850288,D,S,D,2024-08-27,1000000.00,3.739822,102.328125
12:58:33,91282CLD1,TSRYS5850288,D,S,C,2024-08-27,1000000.00,3.739794,102.3283
12:58:33,91282CLD1,TSRYS5850288,D,S,C,2024-08-27,2000000.00,3.739789,102.328325
12:58:34,91282CLD1,TSRYS5850288,D,S,D,2024-08-27,19870000.00,3.8344,101.75
12:58:35,91282CLD1,TSRYS5850288,D,S,T,2024-08-27,1000000.00,3.739822,102.328125
12:58:51,91282CLD1,TSRYS5850288,D,S,C,2024-08-27,1000000.00,3.739794,102.3283
12:58:51,91282CLD1,TSRYS5850288,D,S,C,2024-08-27,1000000.00,3.739794,102.3283
12:58:51,91282CLD1,TSRYS5850288,D,S,C,2024-08-27,1000000.00,3.739789,102.328325
12:58:51,91282CLD1,TSRYS5850288,D,S,C,2024-08-27,1000000.00,3.739789,102.328325
12:58:51,91282CLD1,TSRYS5850288,D,B,C,2024-08-27,1000000.00,3.739822,102.328125
12:58:51,91282CLD1,TSRYS5850288,D,S,C,2024-08-27,1000000.00,3.739789,102.328325
12:58:51,91282CLD1,TSRYS5850288,D,S,C,2024-08-27,1000000.00,3.739789,102.328325
12:58:51,91282CLD1,TSRYS5850288,D,B,C,2024-08-27,1000000.00,3.739822,102.328125
12:58:51,91282CLD1,TSRYS5850288,D,S,C,2024-08-27,1000000.00,3.739789,102.328325
12:58:51,91282CLD1,TSRYS5850288,D,S,C,2024-08-27,1000000.00,3.739798,102.328275
12:58:51,91282CLD1,TSRYS5850288,D,S,C,2024-08-27,2000000.00,3.739798,102.328275
12:58:58,91282CLD1,TSRYS5850288,D,B,C,2024-08-27,2000000.00,3.739822,102.328125
12:58:58,91282CLD1,TSRYS5850288,D,S,D,2024-08-27,2000000.00,3.739822,102.328125
12:58:59,91282CLD1,TSRYS5850288,D,S,T,2024-08-27,2000000.00,3.740459,102.32421875
12:59:00,91282CLD1,TSRYS5850288,D,S,T,2024-08-27,1000000.00,3.740459,102.32421875
12:59:00,91282CLD1,TSRYS5850288,D,S,T,2024-08-27,1000000.00,3.740161,102.326046875
12:59:01,91282CLD1,TSRYS5850288,D,S,T,2024-08-27,1000000.00,3.740161,102.326046875
12:59:02,91282CLD1,TSRYS5850288,D,S,T,2024-08-27,1000000.00,3.740479,102.32409375
12:59:02,91282CLD1,TSRYS5850288,D,S,T,2024-08-27,1000000.00,3.740479,102.32409375
12:59:03,91282CLD1,TSRYS5850288,D,S,D,2024-08-27,2000000.00,3.740459,102.32421875
12:59:03,91282CLD1,TSRYS5850288,D,S,C,2024-08-27,1000000.00,3.740459,102.32421875
12:59:03,91282CLD1,TSRYS5850288,D,S,C,2024-08-27,1000000.00,3.740141,102.326171875
12:59:03,91282CLD1,TSRYS5850288,D,S,C,2024-08-27,1000000.00,3.740141,102.326171875
12:59:03,91282CLD1,TSRYS5850288,D,S,T,2024-08-27,1000000.00,3.740161,102.326046875
12:59:03,91282CLD1,TSRYS5850288,D,S,C,2024-08-27,1000000.00,3.740141,102.326171875
12:59:03,91282CLD1,TSRYS5850288,D,S,C,2024-08-27,1000000.00,3.740459,102.32421875
12:59:04,91282CLD1,TSRYS5850288,D,S,C,2024-08-27,1000000.00,3.740459,102.32421875
12:59:05,91282CLD1,TSRYS5850288,D,S,T,2024-08-27,2000000.00,3.739822,102.328125
12:59:15,91282CLD1,TSRYS5850288,D,S,D,2024-08-27,1000000.00,3.738548,102.3359375
12:59:16,91282CLD1,TSRYS5850288,D,S,D,2024-08-27,1000000.00,3.738548,102.3359375
12:59:18,91282CLD1,TSRYS5850288,D,S,C,2024-08-27,1000000.00,3.739773,102.328425
12:59:19,91282CLD1,TSRYS5850288,D,B,C,2024-08-27,1000000.00,3.737275,102.34375
12:59:19,91282CLD1,TSRYS5850288,D,S,C,2024-08-27,1000000.00,3.737275,102.34405
12:59:19,91282CLD1,TSRYS5850288,D,B,C,2024-08-27,1000000.00,3.737275,102.34375
12:59:19,91282CLD1,TSRYS5850288,D,S,C,2024-08-27,1000000.00,3.737275,102.34405
12:59:19,91282CLD1,TSRYS5850288,D,S,D,2024-08-27,1770000.00,3.73912,102.33243125
12:59:19,91282CLD1,TSRYS5850288,D,S,T,2024-08-27,2000000.00,3.738548,102.3359375
12:59:20,91282CLD1,TSRYS5850288,D,S,C,2024-08-27,1770000.00,3.73912,102.33243125
12:59:26,91282CLD1,TSRYS5850288,D,S,T,2024-08-27,19870000.00,3.8344,101.75
12:59:34,91282CLD1,TSRYS5850288,D,B,A,2024-08-27,21000.00,3.738803,102.334375
12:59:43,91282CLD1,TSRYS5850288,D,S,T,2024-08-27,1000000.00,3.739822,102.328125
12:59:43,91282CLD1,TSRYS5850288,D,S,T,2024-08-27,15000000.00,3.739822,102.328125
12:59:43,91282CLD1,TSRYS5850288,D,S,T,2024-08-27,1000000.00,3.739822,102.328125
12:59:43,91282CLD1,TSRYS5850288,D,S,T,2024-08-27,2000000.00,3.739822,102.328125
12:59:43,91282CLD1,TSRYS5850288,D,S,T,2024-08-27,2000000.00,3.739822,102.328125
12:59:43,91282CLD1,TSRYS5850288,D,S,D,2024-08-27,1000000.00,3.739504,102.330078125
12:59:43,91282CLD1,TSRYS5850288,D,S,C,2024-08-27,1000000.00,3.739504,102.330078125
12:59:48,91282CLD1,TSRYS5850288,D,S,C,2024-08-27,1000000.00,3.739822,102.328125
12:59:49,91282CLD1,TSRYS5850288,D,S,C,2024-08-27,100000.00,3.732181,102.375
12:59:56,91282CLD1,TSRYS5850288,D,S,T,2024-08-27,1000000.00,3.738548,102.3359375
12:59:56,91282CLD1,TSRYS5850288,D,S,T,2024-08-27,1000000.00,3.738548,102.3359375
12:59:59,91282CLD1,TSRYS5850288,D,S,T,2024-08-27,2000000.00,3.738548,102.3359375
13:00:01,91282CLD1,TSRYS5850288,D,B,C,2024-08-27,1000000.00,3.738548,102.3359375
13:00:01,91282CLD1,TSRYS5850288,D,S,D,2024-08-27,1000000.00,3.738548,102.3359375
13:00:02,91282CLD1,TSRYS5850288,D,S,T,2024-08-27,1000000.00,3.738548,102.3359375
13:00:03,91282CLD1,TSRYS5850288,D,S,D,2024-08-27,100000.00,3.732181,102.375
13:00:03,91282CLD1,TSRYS5850288,D,S,D,2024-08-27,2000000.00,3.738548,102.3359375
13:00:03,91282CLD1,TSRYS5850288,D,B,C,2024-08-27,1000000.00,3.738548,102.3359375
13:00:03,91282CLD1,TSRYS5850288,D,S,C,2024-08-27,1000000.00,3.738499,102.3362375
13:00:06,91282CLD1,TSRYS5850288,D,S,C,2024-08-27,12600000.00,3.739185,102.33203125
13:00:19,91282CLD1,TSRYS5850288,D,S,D,2024-08-27,15000000.00,3.739822,102.328125
13:00:19,91282CLD1,TSRYS5850288,D,S,D,2024-08-27,1000000.00,3.739785,102.328352
13:00:19,91282CLD1,TSRYS5850288,D,S,C,2024-08-27,2000000.00,3.739798,102.328275
13:00:19,91282CLD1,TSRYS5850288,D,S,D,2024-08-27,2000000.00,3.739822,102.328125
13:00:20,91282CLD1,TSRYS5850288,D,S,D,2024-08-27,250000.00,3.738548,102.3359375
13:00:21,91282CLD1,TSRYS5850288,D,S,T,2024-08-27,2000000.00,3.741096,102.3203125
13:00:21,91282CLD1,TSRYS5850288,D,S,T,2024-08-27,1000000.00,3.741096,102.3203125
13:00:21,91282CLD1,TSRYS5850288,D,S,T,2024-08-27,1000000.00,3.741096,102.3203125
13:00:23,91282CLD1,TSRYS5850288,D,S,C,2024-08-27,1000000.00,3.741096,102.3204875
13:00:23,91282CLD1,TSRYS5850288,D,B,C,2024-08-27,1000000.00,3.741096,102.3203125
13:00:33,91282CLD1,TSRYS5850288,D,S,D,2024-08-27,1000000.00,3.741096,102.3203125
13:00:33,91282CLD1,TSRYS5850288,D,S,T,2024-08-27,1000000.00,3.740459,102.32421875
13:00:33,91282CLD1,TSRYS5850288,D,S,T,2024-08-27,1000000.00,3.740459,102.32421875
13:00:34,91282CLD1,TSRYS5850288,D,S,D,2024-08-27,1000000.00,3.738548,102.3359375
13:00:34,91282CLD1,TSRYS5850288,D,S,D,2024-08-27,1000000.00,3.738548,102.3359375
13:00:34,91282CLD1,TSRYS5850288,D,B,C,2024-08-27,1000000.00,3.738573,102.3357875
13:00:34,91282CLD1,TSRYS5850288,D,S,D,2024-08-27,1000000.00,3.738548,102.3359375
13:00:34,91282CLD1,TSRYS5850288,D,S,D,2024-08-27,1000000.00,3.738548,102.3359375
13:00:34,91282CLD1,TSRYS5850288,D,S,D,2024-08-27,2000000.00,3.738548,102.3359375
13:00:34,91282CLD1,TSRYS5850288,D,B,C,2024-08-27,1000000.00,3.738548,102.3359375
13:00:34,91282CLD1,TSRYS5850288,D,S,D,2024-08-27,1000000.00,3.738548,102.3359375
13:00:37,91282CLD1,TSRYS5850288,D,S,D,2024-08-27,24800000.00,3.741733,102.31640625
13:00:37,91282CLD1,TSRYS5850288,D,S,D,2024-08-27,24800000.00,3.741733,102.31640625
13:00:38,91282CLD1,TSRYS5850288,D,S,D,2024-08-27,1000000.00,3.740459,102.32421875
13:00:38,91282CLD1,TSRYS5850288,D,S,D,2024-08-27,1000000.00,3.740459,102.32421875
13:00:38,91282CLD1,TSRYS5850288,D,B,C,2024-08-27,1000000.00,3.740141,102.326171875
13:00:38,91282CLD1,TSRYS5850288,D,S,D,2024-08-27,1000000.00,3.740141,102.326171875
13:00:42,91282CLD1,TSRYS5850288,D,S,T,2024-08-27,1000000.00,3.741096,102.3203125
13:00:43,91282CLD1,TSRYS5850288,D,S,C,2024-08-27,250000.00,3.738548,102.3359375
13:00:44,91282CLD1,TSRYS5850288,D,S,D,2024-08-27,1000000.00,3.740459,102.32421875
13:00:44,91282CLD1,TSRYS5850288,D,S,D,2024-08-27,1000000.00,3.740459,102.32421875
13:00:44,91282CLD1,TSRYS5850288,D,S,D,2024-08-27,1000000.00,3.740141,102.326171875
13:00:45,91282CLD1,TSRYS5850288,D,S,D,2024-08-27,150MM+,3.74237,102.3125
13:00:48,91282CLD1,TSRYS5850288,D,B,C,2024-08-27,4000000.00,3.745019,102.29626
13:00:49,91282CLD1,TSRYS5850288,D,S,C,2024-08-27,150MM+,3.74237,102.3125
13:00:59,91282CLD1,TSRYS5850288,D,S,D,2024-08-27,2950000.00,3.740719,102.32262518235
13:01:00,91282CLD1,TSRYS5850288,D,S,T,2024-08-27,1000000.00,3.741096,102.3203125
13:01:01,91282CLD1,TSRYS5850288,D,S,T,2024-08-27,1000000.00,3.74237,102.3125
13:01:02,91282CLD1,TSRYS5850288,D,S,C,2024-08-27,1000000.00,3.741733,102.31640625
13:01:02,91282CLD1,TSRYS5850288,D,B,C,2024-08-27,1000000.00,3.741733,102.31640625
13:01:05,91282CLD1,TSRYS5850288,D,S,T,2024-08-27,1000000.00,3.741096,102.3203125
13:01:05,91282CLD1,TSRYS5850288,D,S,D,2024-08-27,1000000.00,3.741096,102.3203125
13:01:05,91282CLD1,TSRYS5850288,D,S,C,2024-08-27,1000000.00,3.741733,102.31640625
13:01:06,91282CLD1,TSRYS5850288,D,S,D,2024-08-27,1000000.00,3.741733,102.31640625
13:01:06,91282CLD1,TSRYS5850288,D,S,C,2024-08-27,1000000.00,3.742052,102.314453125
13:01:06,91282CLD1,TSRYS5850288,D,S,D,2024-08-27,1000000.00,3.742052,102.314453125
13:01:08,91282CLD1,TSRYS5850288,D,S,T,2024-08-27,1000000.00,3.739822,102.328125
13:01:11,91282CLD1,TSRYS5850288,D,S,T,2024-08-27,1000000.00,3.741749,102.31630625
13:01:11,91282CLD1,TSRYS5850288,D,S,T,2024-08-27,1000000.00,3.741749,102.31630625
13:01:12,91282CLD1,TSRYS5850288,D,S,T,2024-08-27,2000000.00,3.742068,102.314353125
13:01:21,91282CLD1,TSRYS5850288,D,S,C,2024-08-27,1000000.00,3.741072,102.3204625
13:01:21,91282CLD1,TSRYS5850288,D,S,C,2024-08-27,2000000.00,3.741072,102.3204625
13:01:21,91282CLD1,TSRYS5850288,D,S,C,2024-08-27,1000000.00,3.741063,102.3205125
13:01:28,91282CLD1,TSRYS5850288,D,S,T,2024-08-27,1000000.00,3.738548,102.3359375
13:01:28,91282CLD1,TSRYS5850288,D,S,T,2024-08-27,1000000.00,3.738548,102.3359375
13:01:28,91282CLD1,TSRYS5850288,D,S,T,2024-08-27,1000000.00,3.735683,102.353515625
13:01:32,91282CLD1,TSRYS5850288,D,S,T,2024-08-27,1000000.00,3.739822,102.328125
13:01:33,91282CLD1,TSRYS5850288,D,B,C,2024-08-27,1000000.00,3.737275,102.343575
13:01:33,91282CLD1,TSRYS5850288,D,S,D,2024-08-27,1000000.00,3.737275,102.34375
13:01:33,91282CLD1,TSRYS5850288,D,S,D,2024-08-27,1000000.00,3.735683,102.353515625
13:01:33,91282CLD1,TSRYS5850288,D,S,T,2024-08-27,1000000.00,3.737275,102.34375
13:01:34,91282CLD1,TSRYS5850288,D,S,T,2024-08-27,1000000.00,3.737911,102.33984375
13:01:34,91282CLD1,TSRYS5850288,D,B,C,2024-08-27,1000000.00,3.736001,102.3515625
13:01:34,91282CLD1,TSRYS5850288,D,S,T,2024-08-27,1000000.00,3.738548,102.3359375
13:01:34,91282CLD1,TSRYS5850288,D,S,D,2024-08-27,1000000.00,3.736001,102.3515625
13:01:34,91282CLD1,TSRYS5850288,D,B,C,2024-08-27,1000000.00,3.736001,102.3515625
13:01:34,91282CLD1,TSRYS5850288,D,S,T,2024-08-27,1000000.00,3.739822,102.328125
13:01:34,91282CLD1,TSRYS5850288,D,S,D,2024-08-27,1000000.00,3.736001,102.3515625
13:01:34,91282CLD1,TSRYS5850288,D,B,C,2024-08-27,1000000.00,3.736001,102.3515625
13:01:34,91282CLD1,TSRYS5850288,D,S,D,2024-08-27,1000000.00,3.736001,102.3515625
13:01:35,91282CLD1,TSRYS5850288,D,B,C,2024-08-27,1000000.00,3.736001,102.3515625
13:01:35,91282CLD1,TSRYS5850288,D,S,D,2024-08-27,1000000.00,3.736001,102.3515625
13:01:35,91282CLD1,TSRYS5850288,D,B,C,2024-08-27,1000000.00,3.736001,102.3515625
13:01:35,91282CLD1,TSRYS5850288,D,S,D,2024-08-27,1000000.00,3.736001,102.3515625
13:01:36,91282CLD1,TSRYS5850288,D,B,C,2024-08-27,1000000.00,3.736001,102.3515625
13:01:36,91282CLD1,TSRYS5850288,D,S,D,2024-08-27,1000000.00,3.736001,102.3515625
13:01:37,91282CLD1,TSRYS5850288,D,S,C,2024-08-27,1000000.00,3.741096,102.3203125
13:01:37,91282CLD1,TSRYS5850288,D,S,T,2024-08-27,1000000.00,3.735683,102.353515625
13:01:37,91282CLD1,TSRYS5850288,D,S,T,2024-08-27,1000000.00,3.735364,102.35546875
13:01:38,91282CLD1,TSRYS5850288,D,B,C,2024-08-27,1000000.00,3.735683,102.353515625
13:01:38,91282CLD1,TSRYS5850288,D,S,D,2024-08-27,1000000.00,3.735683,102.353515625
13:01:38,91282CLD1,TSRYS5850288,D,S,D,2024-08-27,1000000.00,3.737911,102.33984375
13:01:39,91282CLD1,TSRYS5850288,D,S,D,2024-08-27,1000000.00,3.734728,102.359375
13:01:39,91282CLD1,TSRYS5850288,D,S,D,2024-08-27,1000000.00,3.735683,102.353515625
13:01:39,91282CLD1,TSRYS5850288,D,S,D,2024-08-27,1000000.00,3.737911,102.33984375
13:01:39,91282CLD1,TSRYS5850288,D,S,D,2024-08-27,1000000.00,3.738548,102.3359375
13:01:39,91282CLD1,TSRYS5850288,D,S,D,2024-08-27,1000000.00,3.736001,102.3515625
13:01:40,91282CLD1,TSRYS5850288,D,S,D,2024-08-27,1000000.00,3.736001,102.3515625
13:01:41,91282CLD1,TSRYS5850288,D,S,D,2024-08-27,1000000.00,3.735683,102.353515625
13:01:41,91282CLD1,TSRYS5850288,D,S,D,2024-08-27,1000000.00,3.735364,102.35546875
13:01:41,91282CLD1,TSRYS5850288,D,B,C,2024-08-27,1000000.00,3.736001,102.3515625
13:01:41,91282CLD1,TSRYS5850288,D,S,D,2024-08-27,1000000.00,3.736001,102.3515625
13:01:42,91282CLD1,TSRYS5850288,D,S,D,2024-08-27,1000000.00,3.735683,102.353515625
13:01:44,91282CLD1,TSRYS5850288,D,S,D,2024-08-27,1000000.00,3.736001,102.3515625
13:01:44,91282CLD1,TSRYS5850288,D,S,D,2024-08-27,1000000.00,3.737275,102.34375
13:01:44,91282CLD1,TSRYS5850288,D,S,T,2024-08-27,1000000.00,3.736001,102.3515625
13:01:44,91282CLD1,TSRYS5850288,D,S,T,2024-08-27,1000000.00,3.735683,102.353515625
13:01:44,91282CLD1,TSRYS5850288,D,S,D,2024-08-27,1000000.00,3.736001,102.3515625
13:01:44,91282CLD1,TSRYS5850288,D,S,D,2024-08-27,1000000.00,3.736001,102.3515625
13:01:44,91282CLD1,TSRYS5850288,D,S,D,2024-08-27,1000000.00,3.736001,102.3515625
13:01:44,91282CLD1,TSRYS5850288,D,S,D,2024-08-27,1000000.00,3.736001,102.3515625
13:01:44,91282CLD1,TSRYS5850288,D,S,D,2024-08-27,1000000.00,3.736001,102.3515625
13:01:44,91282CLD1,TSRYS5850288,D,S,D,2024-08-27,1000000.00,3.736001,102.3515625
13:01:44,91282CLD1,TSRYS5850288,D,S,D,2024-08-27,1000000.00,3.735364,102.35546875
13:01:44,91282CLD1,TSRYS5850288,D,S,D,2024-08-27,1000000.00,3.735683,102.353515625
13:01:44,91282CLD1,TSRYS5850288,D,S,D,2024-08-27,1000000.00,3.735683,102.353515625
13:01:44,91282CLD1,TSRYS5850288,D,S,T,2024-08-27,1000000.00,3.736001,102.3515625
13:01:45,91282CLD1,TSRYS5850288,D,S,T,2024-08-27,1000000.00,3.736638,102.34765625
13:01:45,91282CLD1,TSRYS5850288,D,S,T,2024-08-27,1000000.00,3.735364,102.35546875
13:01:45,91282CLD1,TSRYS5850288,D,S,D,2024-08-27,1000000.00,3.736001,102.3515625
13:01:45,91282CLD1,TSRYS5850288,D,S,D,2024-08-27,1000000.00,3.735683,102.353515625
13:01:45,91282CLD1,TSRYS5850288,D,S,T,2024-08-27,1000000.00,3.735364,102.35546875
13:01:45,91282CLD1,TSRYS5850288,D,S,D,2024-08-27,1000000.00,3.735364,102.35546875
13:01:45,91282CLD1,TSRYS5850288,D,S,D,2024-08-27,1000000.00,3.735046,102.357421875
13:01:45,91282CLD1,TSRYS5850288,D,B,C,2024-08-27,1000000.00,3.736319,102.349609375
13:01:46,91282CLD1,TSRYS5850288,D,S,D,2024-08-27,1000000.00,3.736319,102.349609375
13:01:47,91282CLD1,TSRYS5850288,D,S,D,2024-08-27,1000.00,3.736001,102.3515625
13:01:48,91282CLD1,TSRYS5850288,D,S,T,2024-08-27,1000000.00,3.734728,102.359375
13:01:48,91282CLD1,TSRYS5850288,D,S,T,2024-08-27,1000000.00,3.734728,102.359375
13:01:49,91282CLD1,TSRYS5850288,D,B,C,2024-08-27,1000000.00,3.733454,102.3671875
13:01:49,91282CLD1,TSRYS5850288,D,S,D,2024-08-27,2000000.00,3.733454,102.3671875
13:01:49,91282CLD1,TSRYS5850288,D,S,D,2024-08-27,1000000.00,3.736001,102.3515625
13:01:49,91282CLD1,TSRYS5850288,D,S,D,2024-08-27,1000000.00,3.736001,102.3515625
13:01:49,91282CLD1,TSRYS5850288,D,S,D,2024-08-27,1000000.00,3.735683,102.353515625
13:01:49,91282CLD1,TSRYS5850288,D,S,D,2024-08-27,1000000.00,3.735683,102.353515625
13:01:49,91282CLD1,TSRYS5850288,D,S,D,2024-08-27,1000000.00,3.735046,102.357421875
13:01:49,91282CLD1,TSRYS5850288,D,S,T,2024-08-27,1000000.00,3.735683,102.353515625
13:01:49,91282CLD1,TSRYS5850288,D,S,T,2024-08-27,1000000.00,3.735364,102.35546875
13:01:49,91282CLD1,TSRYS5850288,D,S,T,2024-08-27,1000000.00,3.735046,102.357421875
13:01:49,91282CLD1,TSRYS5850288,D,S,T,2024-08-27,1000000.00,3.733454,102.3671875
13:01:49,91282CLD1,TSRYS5850288,D,S,T,2024-08-27,1000000.00,3.736001,102.3515625
13:01:49,91282CLD1,TSRYS5850288,D,S,D,2024-08-27,1000000.00,3.736638,102.34765625
13:01:50,91282CLD1,TSRYS5850288,D,S,D,2024-08-27,1000000.00,3.735364,102.35546875
13:01:50,91282CLD1,TSRYS5850288,D,S,D,2024-08-27,1000000.00,3.735364,102.35546875
13:01:52,91282CLD1,TSRYS5850288,D,S,C,2024-08-27,1000000.00,3.742337,102.3127
13:01:52,91282CLD1,TSRYS5850288,D,S,D,2024-08-27,1000000.00,3.734091,102.36328125
13:01:53,91282CLD1,TSRYS5850288,D,S,D,2024-08-27,1000000.00,3.734091,102.36328125
13:01:53,91282CLD1,TSRYS5850288,D,S,D,2024-08-27,1000000.00,3.734091,102.36328125
13:01:53,91282CLD1,TSRYS5850288,D,S,D,2024-08-27,1000000.00,3.734091,102.36328125
13:01:54,91282CLD1,TSRYS5850288,D,S,D,2024-08-27,1000000.00,3.736001,102.3515625
13:01:54,91282CLD1,TSRYS5850288,D,S,D,2024-08-27,1000000.00,3.736638,102.34765625
13:01:54,91282CLD1,TSRYS5850288,D,S,D,2024-08-27,1000000.00,3.735364,102.35546875
13:01:54,91282CLD1,TSRYS5850288,D,S,D,2024-08-27,1000000.00,3.735364,102.35546875
13:01:54,91282CLD1,TSRYS5850288,D,S,T,2024-08-27,2000000.00,3.736001,102.3515625
13:01:54,91282CLD1,TSRYS5850288,D,S,D,2024-08-27,1000000.00,3.734091,102.36328125
13:01:54,91282CLD1,TSRYS5850288,D,S,T,2024-08-27,1000000.00,3.734091,102.36328125
13:01:55,91282CLD1,TSRYS5850288,D,S,T,2024-08-27,1000000.00,3.734091,102.36328125
13:01:56,91282CLD1,TSRYS5850288,D,S,T,2024-08-27,1000000.00,3.736001,102.3515625
13:01:57,91282CLD1,TSRYS5850288,D,S,T,2024-08-27,1000000.00,3.734091,102.36328125
13:01:59,91282CLD1,TSRYS5850288,D,S,D,2024-08-27,1000000.00,3.736319,102.349609375
13:01:59,91282CLD1,TSRYS5850288,D,S,D,2024-08-27,1000000.00,3.735364,102.35546875
13:01:59,91282CLD1,TSRYS5850288,D,S,D,2024-08-27,2000000.00,3.733454,102.3671875
13:01:59,91282CLD1,TSRYS5850288,D,S,D,2024-08-27,1000000.00,3.734728,102.359375
13:01:59,91282CLD1,TSRYS5850288,D,S,D,2024-08-27,1000000.00,3.734728,102.359375
13:01:59,91282CLD1,TSRYS5850288,D,S,D,2024-08-27,1000000.00,3.734728,102.359375
13:02:00,91282CLD1,TSRYS5850288,D,S,D,2024-08-27,1000000.00,3.734091,102.36328125
13:02:00,91282CLD1,TSRYS5850288,D,S,T,2024-08-27,1000000.00,3.734091,102.36328125
13:02:00,91282CLD1,TSRYS5850288,D,S,T,2024-08-27,1000000.00,3.734091,102.36328125
13:02:00,91282CLD1,TSRYS5850288,D,S,T,2024-08-27,1000000.00,3.734091,102.36328125
13:02:00,91282CLD1,TSRYS5850288,D,S,T,2024-08-27,1000000.00,3.734091,102.36328125
13:02:02,91282CLD1,TSRYS5850288,D,S,D,2024-08-27,1000000.00,3.734091,102.36328125
13:02:04,91282CLD1,TSRYS5850288,D,S,D,2024-08-27,1000000.00,3.734091,102.36328125
13:02:04,91282CLD1,TSRYS5850288,D,S,D,2024-08-27,1000000.00,3.734091,102.36328125
13:02:04,91282CLD1,TSRYS5850288,D,S,D,2024-08-27,1000000.00,3.734091,102.36328125
13:02:04,91282CLD1,TSRYS5850288,D,S,D,2024-08-27,1000000.00,3.734091,102.36328125
13:02:04,91282CLD1,TSRYS5850288,D,S,D,2024-08-27,1000000.00,3.734091,102.36328125
13:02:04,91282CLD1,TSRYS5850288,D,S,D,2024-08-27,1000000.00,3.734091,102.36328125
13:02:04,91282CLD1,TSRYS5850288,D,S,D,2024-08-27,1000000.00,3.734091,102.36328125
13:02:06,91282CLD1,TSRYS5850288,D,S,T,2024-08-27,1000000.00,3.734409,102.361328125
13:02:06,91282CLD1,TSRYS5850288,D,S,T,2024-08-27,1000000.00,3.734409,102.361328125
13:02:06,91282CLD1,TSRYS5850288,D,S,T,2024-08-27,1000000.00,3.734409,102.361328125
13:02:06,91282CLD1,TSRYS5850288,D,S,C,2024-08-27,1000000.00,3.734409,102.361328125
13:02:07,91282CLD1,TSRYS5850288,D,S,C,2024-08-27,1000000.00,3.734409,102.361328125
13:02:07,91282CLD1,TSRYS5850288,D,S,D,2024-08-27,1000000.00,3.739822,102.328125
13:02:07,91282CLD1,TSRYS5850288,D,B,C,2024-08-27,1000000.00,3.739822,102.328125
13:02:07,91282CLD1,TSRYS5850288,D,S,C,2024-08-27,1000000.00,3.739822,102.328125
13:02:07,91282CLD1,TSRYS5850288,D,S,D,2024-08-27,1000000.00,3.739822,102.328125
13:02:07,91282CLD1,TSRYS5850288,D,S,D,2024-08-27,1000000.00,3.739822,102.328125
13:02:07,91282CLD1,TSRYS5850288,D,S,C,2024-08-27,1000000.00,3.735046,102.357421875
13:02:07,91282CLD1,TSRYS5850288,D,S,C,2024-08-27,1000000.00,3.737275,102.34375
13:02:07,91282CLD1,TSRYS5850288,D,B,C,2024-08-27,1000000.00,3.737303,102.343575
13:02:07,91282CLD1,TSRYS5850288,D,B,C,2024-08-27,1000000.00,3.737291,102.34365
13:02:07,91282CLD1,TSRYS5850288,D,S,C,2024-08-27,1000000.00,3.737275,102.34375
13:02:08,91282CLD1,TSRYS5850288,D,S,C,2024-08-27,1000000.00,3.734409,102.361328125
13:02:09,91282CLD1,TSRYS5850288,D,S,T,2024-08-27,2000000.00,3.733454,102.3671875
13:02:10,91282CLD1,TSRYS5850288,D,S,T,2024-08-27,1000000.00,3.733136,102.369140625
13:02:10,91282CLD1,TSRYS5850288,D,S,C,2024-08-27,1000000.00,3.733136,102.369140625
13:02:11,91282CLD1,TSRYS5850288,D,S,T,2024-08-27,1000000.00,3.735046,102.357421875
13:02:12,91282CLD1,TSRYS5850288,D,S,T,2024-08-27,1000000.00,3.734409,102.361328125
13:02:12,91282CLD1,TSRYS5850288,D,S,T,2024-08-27,1000000.00,3.734728,102.359375
13:02:12,91282CLD1,TSRYS5850288,D,S,T,2024-08-27,1000000.00,3.734728,102.359375
13:02:12,91282CLD1,TSRYS5850288,D,S,T,2024-08-27,1000000.00,3.734728,102.359375
13:02:15,91282CLD1,TSRYS5850288,D,S,T,2024-08-27,1000000.00,3.735364,102.35546875
13:02:15,91282CLD1,TSRYS5850288,D,S,T,2024-08-27,2000000.00,3.735683,102.353515625
13:02:16,91282CLD1,TSRYS5850288,D,S,D,2024-08-27,2000000.00,3.735683,102.353515625
13:02:17,91282CLD1,TSRYS5850288,D,S,C,2024-08-27,1000000.00,3.734409,102.361328125
13:02:17,91282CLD1,TSRYS5850288,D,S,T,2024-08-27,1000000.00,3.735683,102.353515625
13:02:17,91282CLD1,TSRYS5850288,D,S,C,2024-08-27,1000000.00,3.734728,102.359375
13:02:17,91282CLD1,TSRYS5850288,D,S,C,2024-08-27,1000000.00,3.734728,102.359375
13:02:17,91282CLD1,TSRYS5850288,D,S,C,2024-08-27,1000000.00,3.734728,102.359375
13:02:18,91282CLD1,TSRYS5850288,D,S,T,2024-08-27,1000000.00,3.735683,102.353515625
13:02:18,91282CLD1,TSRYS5850288,D,S,T,2024-08-27,1000000.00,3.735683,102.353515625
13:02:18,91282CLD1,TSRYS5850288,D,S,T,2024-08-27,1000000.00,3.735683,102.353515625
13:02:19,91282CLD1,TSRYS5850288,D,S,D,2024-08-27,2000000.00,3.736001,102.3515625
13:02:19,91282CLD1,TSRYS5850288,D,B,C,2024-08-27,1000000.00,3.739838,102.328025
13:02:19,91282CLD1,TSRYS5850288,D,S,D,2024-08-27,1000000.00,3.734728,102.359375
13:02:19,91282CLD1,TSRYS5850288,D,S,C,2024-08-27,1000000.00,3.738516,102.3361375
13:02:19,91282CLD1,TSRYS5850288,D,S,C,2024-08-27,1000000.00,3.738532,102.3360375
13:02:19,91282CLD1,TSRYS5850288,D,S,C,2024-08-27,1000000.00,3.737226,102.34405
13:02:19,91282CLD1,TSRYS5850288,D,B,C,2024-08-27,1000000.00,3.73476,102.359175
13:02:19,91282CLD1,TSRYS5850288,D,S,D,2024-08-27,1000000.00,3.737275,102.34375
13:02:19,91282CLD1,TSRYS5850288,D,B,C,2024-08-27,1000000.00,3.737291,102.34365
13:02:20,91282CLD1,TSRYS5850288,D,S,D,2024-08-27,1000000.00,3.738548,102.3359375
13:02:20,91282CLD1,TSRYS5850288,D,B,C,2024-08-27,1000000.00,3.738565,102.3358375
13:02:20,91282CLD1,TSRYS5850288,D,S,D,2024-08-27,1000000.00,3.738548,102.3359375
13:02:20,91282CLD1,TSRYS5850288,D,S,D,2024-08-27,1000000.00,3.736001,102.3515625
13:02:20,91282CLD1,TSRYS5850288,D,B,C,2024-08-27,1000000.00,3.736034,102.3513625
13:02:20,91282CLD1,TSRYS5850288,D,S,D,2024-08-27,1000000.00,3.737275,102.34375
13:02:20,91282CLD1,TSRYS5850288,D,B,C,2024-08-27,1000000.00,3.737291,102.34365
13:02:20,91282CLD1,TSRYS5850288,D,S,D,2024-08-27,1000000.00,3.736001,102.3515625
13:02:20,91282CLD1,TSRYS5850288,D,S,D,2024-08-27,1000000.00,3.735364,102.35546875
13:02:20,91282CLD1,TSRYS5850288,D,S,D,2024-08-27,1000000.00,3.736001,102.3515625
13:02:20,91282CLD1,TSRYS5850288,D,S,C,2024-08-27,1000000.00,3.736001,102.3515625
13:02:21,91282CLD1,TSRYS5850288,D,S,T,2024-08-27,1000000.00,3.735683,102.353515625
13:02:22,91282CLD1,TSRYS5850288,D,S,C,2024-08-27,1000000.00,3.735683,102.353515625
13:02:23,91282CLD1,TSRYS5850288,D,S,D,2024-08-27,1000000.00,3.735683,102.353515625
13:02:23,91282CLD1,TSRYS5850288,D,S,C,2024-08-27,1000000.00,3.735683,102.353515625
13:02:23,91282CLD1,TSRYS5850288,D,S,T,2024-08-27,1000000.00,3.736001,102.3515625
13:02:23,91282CLD1,TSRYS5850288,D,S,C,2024-08-27,1000000.00,3.735683,102.353515625
13:02:24,91282CLD1,TSRYS5850288,D,S,D,2024-08-27,2000000.00,3.735683,102.353515625
13:02:24,91282CLD1,TSRYS5850288,D,S,D,2024-08-27,1000000.00,3.735364,102.35546875
13:02:25,91282CLD1,TSRYS5850288,D,S,T,2024-08-27,1000000.00,3.736319,102.349609375
13:02:26,91282CLD1,TSRYS5850288,D,S,C,2024-08-27,1000000.00,3.735683,102.353515625
13:02:26,91282CLD1,TSRYS5850288,D,S,T,2024-08-27,1000000.00,3.736001,102.3515625
13:02:26,91282CLD1,TSRYS5850288,D,S,T,2024-08-27,1000000.00,3.736638,102.34765625
13:02:28,91282CLD1,TSRYS5850288,D,S,C,2024-08-27,1000000.00,3.736001,102.3515625
13:02:29,91282CLD1,TSRYS5850288,D,S,D,2024-08-27,1000000.00,3.735683,102.353515625
13:02:29,91282CLD1,TSRYS5850288,D,S,C,2024-08-27,1000000.00,3.736638,102.34765625
13:02:29,91282CLD1,TSRYS5850288,D,S,C,2024-08-27,1000000.00,3.736956,102.345703125
13:02:29,91282CLD1,TSRYS5850288,D,B,C,2024-08-27,1000000.00,3.736989,102.345503125
13:02:30,91282CLD1,TSRYS5850288,D,S,C,2024-08-27,1000000.00,3.736319,102.349609375
13:02:30,91282CLD1,TSRYS5850288,D,B,A,2024-08-27,19000.00,3.737529,102.3421875
13:02:31,91282CLD1,TSRYS5850288,D,S,D,2024-08-27,1000000.00,3.736001,102.3515625
13:02:34,91282CLD1,TSRYS5850288,D,S,D,2024-08-27,1000000.00,3.736001,102.3515625
13:02:34,91282CLD1,TSRYS5850288,D,S,D,2024-08-27,1000000.00,3.736001,102.3515625
13:02:35,91282CLD1,TSRYS5850288,D,B,C,2024-08-27,1000000.00,3.729667,102.390425
13:02:35,91282CLD1,TSRYS5850288,D,S,C,2024-08-27,1000000.00,3.729598,102.39085
13:02:35,91282CLD1,TSRYS5850288,D,S,D,2024-08-27,1000000.00,3.736001,102.3515625
13:02:35,91282CLD1,TSRYS5850288,D,S,D,2024-08-27,2000000.00,3.734728,102.359375
13:02:35,91282CLD1,TSRYS5850288,D,B,C,2024-08-27,2000000.00,3.734752,102.359225
13:02:35,91282CLD1,TSRYS5850288,D,S,T,2024-08-27,1000000.00,3.73603,102.3513875
13:02:35,91282CLD1,TSRYS5850288,D,S,T,2024-08-27,1000000.00,3.736038,102.3513375
13:02:35,91282CLD1,TSRYS5850288,D,S,T,2024-08-27,1000000.00,3.736001,102.3515625
13:02:47,91282CLD1,TSRYS5850288,D,S,T,2024-08-27,2000000.00,3.73823,102.337890625
13:02:47,91282CLD1,TSRYS5850288,D,S,T,2024-08-27,2000000.00,3.738548,102.3359375
13:02:47,91282CLD1,TSRYS5850288,D,S,T,2024-08-27,1000000.00,3.738548,102.3359375
13:02:47,91282CLD1,TSRYS5850288,D,S,T,2024-08-27,1000000.00,3.738548,102.3359375
13:02:47,91282CLD1,TSRYS5850288,D,S,T,2024-08-27,1000000.00,3.738548,102.3359375
13:02:47,91282CLD1,TSRYS5850288,D,S,T,2024-08-27,3000000.00,3.738548,102.3359375
13:02:47,91282CLD1,TSRYS5850288,D,S,D,2024-08-27,2000000.00,3.73823,102.337890625
13:02:47,91282CLD1,TSRYS5850288,D,S,D,2024-08-27,2000000.00,3.738548,102.3359375
13:02:48,91282CLD1,TSRYS5850288,D,S,D,2024-08-27,1000000.00,3.738548,102.3359375
13:02:48,91282CLD1,TSRYS5850288,D,S,D,2024-08-27,1000000.00,3.738548,102.3359375
13:02:49,91282CLD1,TSRYS5850288,D,S,C,2024-08-27,5000000.00,3.753492,102.24433
13:02:49,91282CLD1,TSRYS5850288,D,S,T,2024-08-27,2000000.00,3.737275,102.34375
13:02:50,91282CLD1,TSRYS5850288,D,B,C,2024-08-27,1000000.00,3.73476,102.359175
13:02:50,91282CLD1,TSRYS5850288,D,B,C,2024-08-27,1000000.00,3.736001,102.3515625
13:02:50,91282CLD1,TSRYS5850288,D,S,D,2024-08-27,2000000.00,3.736001,102.3515625
13:02:50,91282CLD1,TSRYS5850288,D,S,D,2024-08-27,1000000.00,3.736001,102.3515625
13:02:50,91282CLD1,TSRYS5850288,D,S,D,2024-08-27,1000000.00,3.734728,102.359375
13:02:50,91282CLD1,TSRYS5850288,D,S,D,2024-08-27,1000000.00,3.734728,102.359375
13:02:50,91282CLD1,TSRYS5850288,D,S,D,2024-08-27,1000000.00,3.734728,102.359375
13:02:50,91282CLD1,TSRYS5850288,D,B,C,2024-08-27,1000000.00,3.734728,102.359375
13:02:50,91282CLD1,TSRYS5850288,D,S,D,2024-08-27,1000000.00,3.734728,102.359375
13:02:52,91282CLD1,TSRYS5850288,D,S,D,2024-08-27,1000000.00,3.737275,102.34375
13:02:53,91282CLD1,TSRYS5850288,D,S,T,2024-08-27,1000000.00,3.737275,102.34375
13:02:57,91282CLD1,TSRYS5850288,D,S,T,2024-08-27,2000000.00,3.737275,102.34375
13:02:59,91282CLD1,TSRYS5850288,D,S,D,2024-08-27,2000000.00,3.737275,102.34375
13:02:59,91282CLD1,TSRYS5850288,D,S,D,2024-08-27,1000000.00,3.737275,102.34375
13:02:59,91282CLD1,TSRYS5850288,D,S,D,2024-08-27,1000000.00,3.737275,102.34375
13:03:03,91282CLD1,TSRYS5850288,D,S,D,2024-08-27,2000000.00,3.736956,102.345703125
13:03:05,91282CLD1,TSRYS5850288,D,S,D,2024-08-27,2000000.00,3.733454,102.3671875
13:03:05,91282CLD1,TSRYS5850288,D,S,D,2024-08-27,1000000.00,3.733454,102.3671875
13:03:05,91282CLD1,TSRYS5850288,D,B,C,2024-08-27,1000000.00,3.733454,102.3671875
13:03:05,91282CLD1,TSRYS5850288,D,S,T,2024-08-27,1000000.00,3.737275,102.34375
13:03:05,91282CLD1,TSRYS5850288,D,S,D,2024-08-27,1000000.00,3.736001,102.3515625
13:03:05,91282CLD1,TSRYS5850288,D,B,C,2024-08-27,1000000.00,3.737275,102.34375
13:03:05,91282CLD1,TSRYS5850288,D,S,D,2024-08-27,1000000.00,3.737275,102.34375
13:03:05,91282CLD1,TSRYS5850288,D,S,D,2024-08-27,1000000.00,3.737275,102.34375
13:03:05,91282CLD1,TSRYS5850288,D,B,C,2024-08-27,1000000.00,3.737275,102.34375
13:03:05,91282CLD1,TSRYS5850288,D,S,D,2024-08-27,1000000.00,3.737275,102.34375
13:03:05,91282CLD1,TSRYS5850288,D,B,C,2024-08-27,1000000.00,3.737275,102.34375
13:03:07,91282CLD1,TSRYS5850288,D,S,D,2024-08-27,2000000.00,3.736956,102.34570313
13:03:10,91282CLD1,TSRYS5850288,D,B,C,2024-08-27,1000000.00,3.736001,102.3515625
13:03:10,91282CLD1,TSRYS5850288,D,S,C,2024-08-27,1000000.00,3.736001,102.3515625
13:03:10,91282CLD1,TSRYS5850288,D,B,C,2024-08-27,1000000.00,3.736001,102.3515625
13:03:10,91282CLD1,TSRYS5850288,D,S,C,2024-08-27,1000000.00,3.736001,102.3515625
13:03:10,91282CLD1,TSRYS5850288,D,S,C,2024-08-27,1000000.00,3.736001,102.3515625
13:03:12,91282CLD1,TSRYS5850288,D,S,T,2024-08-27,2000000.00,3.736001,102.3515625
13:03:14,91282CLD1,TSRYS5850288,D,S,T,2024-08-27,1000000.00,3.737275,102.34375
13:03:17,91282CLD1,TSRYS5850288,D,S,T,2024-08-27,1000000.00,3.736001,102.3515625
13:03:19,91282CLD1,TSRYS5850288,D,S,D,2024-08-27,2000000.00,3.737911,102.33984375
13:03:23,91282CLD1,TSRYS5850288,D,S,D,2024-08-27,1000000.00,3.736001,102.3515625
13:03:23,91282CLD1,TSRYS5850288,D,B,C,2024-08-27,1000000.00,3.736025,102.3514125
13:03:23,91282CLD1,TSRYS5850288,D,S,D,2024-08-27,1000000.00,3.737275,102.34375
13:03:23,91282CLD1,TSRYS5850288,D,B,C,2024-08-27,1000000.00,3.737275,102.34375
13:03:23,91282CLD1,TSRYS5850288,D,S,D,2024-08-27,1000000.00,3.737275,102.34375
13:03:23,91282CLD1,TSRYS5850288,D,B,C,2024-08-27,1000000.00,3.737275,102.34375
13:03:23,91282CLD1,TSRYS5850288,D,B,C,2024-08-27,1000000.00,3.737299,102.3436
13:03:23,91282CLD1,TSRYS5850288,D,S,D,2024-08-27,1000000.00,3.737275,102.34375
13:03:23,91282CLD1,TSRYS5850288,D,B,C,2024-08-27,1000000.00,3.737299,102.3436
13:03:23,91282CLD1,TSRYS5850288,D,S,D,2024-08-27,1000000.00,3.737275,102.34375
13:03:23,91282CLD1,TSRYS5850288,D,S,D,2024-08-27,2000000.00,3.737275,102.34375
13:03:24,91282CLD1,TSRYS5850288,D,S,D,2024-08-27,1000000.00,3.737275,102.34375
13:03:24,91282CLD1,TSRYS5850288,D,S,C,2024-08-27,1000000.00,3.737275,102.34375
13:03:24,91282CLD1,TSRYS5850288,D,B,C,2024-08-27,1000000.00,3.737299,102.3436
13:03:24,91282CLD1,TSRYS5850288,D,S,T,2024-08-27,1000000.00,3.737275,102.34375
13:03:25,91282CLD1,TSRYS5850288,D,S,D,2024-08-27,2000000.00,3.737911,102.33984375
13:03:25,91282CLD1,TSRYS5850288,D,S,D,2024-08-27,2000000.00,3.737911,102.33984375
13:03:38,91282CLD1,TSRYS5850288,D,S,D,2024-08-27,1000000.00,3.737275,102.34375
13:03:38,91282CLD1,TSRYS5850288,D,B,C,2024-08-27,1000000.00,3.737307,102.34355
13:03:38,91282CLD1,TSRYS5850288,D,B,C,2024-08-27,2000000.00,3.737299,102.3436
13:03:39,91282CLD1,TSRYS5850288,D,S,D,2024-08-27,1000000.00,3.737275,102.34375
13:03:39,91282CLD1,TSRYS5850288,D,B,C,2024-08-27,1000000.00,3.737275,102.34375
13:03:39,91282CLD1,TSRYS5850288,D,S,D,2024-08-27,1000000.00,3.737275,102.34375
13:03:39,91282CLD1,TSRYS5850288,D,S,D,2024-08-27,2000000.00,3.737275,102.34375
13:03:39,91282CLD1,TSRYS5850288,D,B,C,2024-08-27,1000000.00,3.737275,102.34375
13:03:39,91282CLD1,TSRYS5850288,D,S,D,2024-08-27,1000000.00,3.737275,102.34375
13:03:39,91282CLD1,TSRYS5850288,D,B,C,2024-08-27,1000000.00,3.737275,102.34375
13:03:39,91282CLD1,TSRYS5850288,D,S,C,2024-08-27,1000000.00,3.737275,102.34375
13:03:39,91282CLD1,TSRYS5850288,D,B,C,2024-08-27,1000000.00,3.737299,102.3436
13:03:39,91282CLD1,TSRYS5850288,D,B,C,2024-08-27,1000000.00,3.737275,102.34375
13:03:39,91282CLD1,TSRYS5850288,D,S,D,2024-08-27,1000000.00,3.737275,102.34375
13:03:39,91282CLD1,TSRYS5850288,D,S,C,2024-08-27,1000000.00,3.737275,102.34375
13:03:39,91282CLD1,TSRYS5850288,D,B,C,2024-08-27,1000000.00,3.737299,102.3436
13:03:39,91282CLD1,TSRYS5850288,D,B,C,2024-08-27,1000000.00,3.737299,102.3436
13:03:39,91282CLD1,TSRYS5850288,D,B,C,2024-08-27,1000000.00,3.737299,102.3436
13:03:39,91282CLD1,TSRYS5850288,D,B,C,2024-08-27,1000000.00,3.737299,102.3436
13:03:39,91282CLD1,TSRYS5850288,D,S,C,2024-08-27,1000000.00,3.737275,102.34375
13:03:39,91282CLD1,TSRYS5850288,D,S,C,2024-08-27,1000000.00,3.737275,102.34375
13:03:39,91282CLD1,TSRYS5850288,D,S,D,2024-08-27,1000000.00,3.737275,102.34375
13:03:42,91282CLD1,TSRYS5850288,D,S,D,2024-08-27,1000000.00,3.73823,102.337890625
13:03:43,91282CLD1,TSRYS5850288,D,S,D,2024-08-27,1000000.00,3.738548,102.3359375
13:03:44,91282CLD1,TSRYS5850288,D,S,T,2024-08-27,1000000.00,3.737275,102.34375
13:03:44,91282CLD1,TSRYS5850288,D,S,T,2024-08-27,1000000.00,3.737275,102.34375
13:03:45,91282CLD1,TSRYS5850288,D,S,T,2024-08-27,1000000.00,3.73823,102.337890625
13:03:45,91282CLD1,TSRYS5850288,D,S,D,2024-08-27,2000000.00,3.736638,102.34765625
13:03:45,91282CLD1,TSRYS5850288,D,S,D,2024-08-27,2000000.00,3.736638,102.34765625
13:03:45,91282CLD1,TSRYS5850288,D,S,D,2024-08-27,2000000.00,3.737275,102.34375
13:03:45,91282CLD1,TSRYS5850288,D,S,D,2024-08-27,2000000.00,3.736956,102.345703125
13:03:46,91282CLD1,TSRYS5850288,D,S,D,2024-08-27,6195000.00,3.736747,102.346984086
13:03:46,91282CLD1,TSRYS5850288,D,S,D,2024-08-27,4735000.00,3.736799,102.346668564
13:03:49,91282CLD1,TSRYS5850288,D,S,T,2024-08-27,1000000.00,3.737275,102.34375
13:03:51,91282CLD1,TSRYS5850288,D,S,C,2024-08-27,1000000.00,3.737275,102.34375
13:03:51,91282CLD1,TSRYS5850288,D,S,C,2024-08-27,1000000.00,3.737275,102.34375
13:03:51,91282CLD1,TSRYS5850288,D,B,C,2024-08-27,1000000.00,3.737299,102.3436
13:03:51,91282CLD1,TSRYS5850288,D,B,C,2024-08-27,1000000.00,3.737299,102.3436
13:03:52,91282CLD1,TSRYS5850288,D,S,D,2024-08-27,1000000.00,3.736001,102.3515625
13:03:52,91282CLD1,TSRYS5850288,D,B,C,2024-08-27,1000000.00,3.736001,102.3515625
13:03:52,91282CLD1,TSRYS5850288,D,S,D,2024-08-27,2000000.00,3.736001,102.3515625
13:03:52,91282CLD1,TSRYS5850288,D,S,C,2024-08-27,1000000.00,3.736956,102.345703125
13:03:53,91282CLD1,TSRYS5850288,D,B,C,2024-08-27,1000000.00,3.736956,102.345703125
13:03:53,91282CLD1,TSRYS5850288,D,S,D,2024-08-27,1000000.00,3.736956,102.345703125
13:03:54,91282CLD1,TSRYS5850288,D,S,T,2024-08-27,1000000.00,3.737275,102.34375
13:03:54,91282CLD1,TSRYS5850288,D,S,D,2024-08-27,2930000.00,3.736638,102.34765625
13:03:56,91282CLD1,TSRYS5850288,D,S,D,2024-08-27,1000000.00,3.737275,102.34375
13:04:03,91282CLD1,TSRYS5850288,D,S,T,2024-08-27,1000000.00,3.737275,102.34375
13:04:07,91282CLD1,TSRYS5850288,D,B,C,2024-08-27,1000000.00,3.738548,102.3359375
13:04:07,91282CLD1,TSRYS5850288,D,S,D,2024-08-27,1000000.00,3.738548,102.3359375
13:04:07,91282CLD1,TSRYS5850288,D,S,D,2024-08-27,2000000.00,3.737275,102.34375
13:04:07,91282CLD1,TSRYS5850288,D,S,D,2024-08-27,1000000.00,3.737275,102.34375
13:04:07,91282CLD1,TSRYS5850288,D,B,C,2024-08-27,1000000.00,3.737307,102.34355
13:04:07,91282CLD1,TSRYS5850288,D,S,C,2024-08-27,1000000.00,3.737275,102.34375
13:04:07,91282CLD1,TSRYS5850288,D,S,C,2024-08-27,1000000.00,3.73725,102.3439
13:04:07,91282CLD1,TSRYS5850288,D,S,C,2024-08-27,1000000.00,3.73725,102.3439
13:04:07,91282CLD1,TSRYS5850288,D,B,C,2024-08-27,1000000.00,3.737275,102.34375
13:04:07,91282CLD1,TSRYS5850288,D,S,C,2024-08-27,1000000.00,3.73725,102.3439
13:04:07,91282CLD1,TSRYS5850288,D,B,C,2024-08-27,1000000.00,3.737275,102.34375
13:04:18,91282CLD1,TSRYS5850288,D,S,T,2024-08-27,1000000.00,3.738548,102.3359375
13:04:21,91282CLD1,TSRYS5850288,D,S,T,2024-08-27,1000000.00,3.739504,102.330078125
13:04:21,91282CLD1,TSRYS5850288,D,S,T,2024-08-27,1000000.00,3.739822,102.328125
13:04:21,91282CLD1,TSRYS5850288,D,S,T,2024-08-27,3000000.00,3.739822,102.328125
13:04:21,91282CLD1,TSRYS5850288,D,S,T,2024-08-27,1000000.00,3.739504,102.330078125
13:04:21,91282CLD1,TSRYS5850288,D,S,T,2024-08-27,1000000.00,3.739822,102.328125
13:04:21,91282CLD1,TSRYS5850288,D,S,T,2024-08-27,1000000.00,3.739822,102.328125
13:04:21,91282CLD1,TSRYS5850288,D,S,T,2024-08-27,1000000.00,3.739822,102.328125
13:04:21,91282CLD1,TSRYS5850288,D,S,T,2024-08-27,1000000.00,3.739822,102.328125
13:04:22,91282CLD1,TSRYS5850288,D,S,C,2024-08-27,1000000.00,3.739487,102.330178125
13:04:23,91282CLD1,TSRYS5850288,D,S,D,2024-08-27,1000000.00,3.738548,102.3359375
13:04:23,91282CLD1,TSRYS5850288,D,S,D,2024-08-27,3000000.00,3.738548,102.3359375
13:04:23,91282CLD1,TSRYS5850288,D,S,C,2024-08-27,1000000.00,3.737258,102.34385
13:04:23,91282CLD1,TSRYS5850288,D,B,C,2024-08-27,1000000.00,3.737275,102.34375
13:04:24,91282CLD1,TSRYS5850288,D,S,C,2024-08-27,1000000.00,3.740124,102.326271875
13:04:24,91282CLD1,TSRYS5850288,D,B,C,2024-08-27,1000000.00,3.740141,102.326171875
13:04:25,91282CLD1,TSRYS5850288,D,S,T,2024-08-27,1000000.00,3.737275,102.34375
13:04:25,91282CLD1,TSRYS5850288,D,S,D,2024-08-27,1000000.00,3.740141,102.326171875
13:04:26,91282CLD1,TSRYS5850288,D,S,C,2024-08-27,1000000.00,3.739822,102.3283
13:04:26,91282CLD1,TSRYS5850288,D,S,D,2024-08-27,1000000.00,3.739504,102.330078125
13:04:26,91282CLD1,TSRYS5850288,D,B,C,2024-08-27,1000000.00,3.739504,102.330078125
13:04:26,91282CLD1,TSRYS5850288,D,S,D,2024-08-27,1000000.00,3.739504,102.330078125
13:04:26,91282CLD1,TSRYS5850288,D,S,D,2024-08-27,1000000.00,3.739822,102.328125
13:04:28,91282CLD1,TSRYS5850288,D,S,T,2024-08-27,1000000.00,3.741096,102.3203125
13:04:29,91282CLD1,TSRYS5850288,D,S,D,2024-08-27,1000000.00,3.739504,102.330078125
13:04:29,91282CLD1,TSRYS5850288,D,S,D,2024-08-27,1000000.00,3.739504,102.330078125
13:04:29,91282CLD1,TSRYS5850288,D,S,D,2024-08-27,3000000.00,3.739822,102.328125
13:04:29,91282CLD1,TSRYS5850288,D,S,D,2024-08-27,1000000.00,3.739822,102.328125
13:04:29,91282CLD1,TSRYS5850288,D,S,D,2024-08-27,1000000.00,3.739822,102.328125
13:04:29,91282CLD1,TSRYS5850288,D,B,C,2024-08-27,1000000.00,3.740459,102.32421875
13:04:29,91282CLD1,TSRYS5850288,D,S,D,2024-08-27,2000000.00,3.739822,102.328125
13:04:30,91282CLD1,TSRYS5850288,D,S,D,2024-08-27,1000000.00,3.740141,102.326171875
13:04:32,91282CLD1,TSRYS5850288,D,S,T,2024-08-27,1000000.00,3.741096,102.3203125
13:04:32,91282CLD1,TSRYS5850288,D,S,T,2024-08-27,1000000.00,3.741096,102.3203125
13:04:33,91282CLD1,TSRYS5850288,D,S,T,2024-08-27,4000000.00,3.741096,102.3203125
13:04:33,91282CLD1,TSRYS5850288,D,S,D,2024-08-27,1000000.00,3.741096,102.3203125
13:04:34,91282CLD1,TSRYS5850288,D,S,T,2024-08-27,1000000.00,3.741096,102.3203125
13:04:34,91282CLD1,TSRYS5850288,D,S,T,2024-08-27,1000000.00,3.741096,102.3203125
13:04:34,91282CLD1,TSRYS5850288,D,S,T,2024-08-27,1000000.00,3.741096,102.3203125
13:04:34,91282CLD1,TSRYS5850288,D,S,T,2024-08-27,1000000.00,3.741096,102.3203125
13:04:34,91282CLD1,TSRYS5850288,D,S,T,2024-08-27,1000000.00,3.741096,102.3203125
13:04:34,91282CLD1,TSRYS5850288,D,S,T,2024-08-27,2000000.00,3.741096,102.3203125
13:04:34,91282CLD1,TSRYS5850288,D,S,T,2024-08-27,1000000.00,3.741096,102.3203125
13:04:34,91282CLD1,TSRYS5850288,D,S,T,2024-08-27,1000000.00,3.741096,102.3203125
13:04:34,91282CLD1,TSRYS5850288,D,S,T,2024-08-27,1000000.00,3.741096,102.3203125
13:04:34,91282CLD1,TSRYS5850288,D,S,T,2024-08-27,1000000.00,3.741096,102.3203125
13:04:34,91282CLD1,TSRYS5850288,D,S,T,2024-08-27,1000000.00,3.741096,102.3203125
13:04:34,91282CLD1,TSRYS5850288,D,S,T,2024-08-27,1000000.00,3.741096,102.3203125
13:04:34,91282CLD1,TSRYS5850288,D,S,T,2024-08-27,1000000.00,3.741096,102.3203125
13:04:34,91282CLD1,TSRYS5850288,D,S,T,2024-08-27,1000000.00,3.741096,102.3203125
13:04:34,91282CLD1,TSRYS5850288,D,S,T,2024-08-27,1000000.00,3.741096,102.3203125
13:04:34,91282CLD1,TSRYS5850288,D,S,T,2024-08-27,2000000.00,3.741096,102.3203125
13:04:36,91282CLD1,TSRYS5850288,D,B,A,2024-08-27,150000000.00,3.741733,102.31640625
13:04:37,91282CLD1,TSRYS5850288,D,S,T,2024-08-27,3000000.00,3.741415,102.318359375
13:04:37,91282CLD1,TSRYS5850288,D,S,T,2024-08-27,2000000.00,3.741415,102.318359375
13:04:37,91282CLD1,TSRYS5850288,D,S,T,2024-08-27,11000000.00,3.741096,102.3203125
13:04:37,91282CLD1,TSRYS5850288,D,S,T,2024-08-27,5000000.00,3.741096,102.3203125
13:04:37,91282CLD1,TSRYS5850288,D,S,T,2024-08-27,7000000.00,3.741096,102.3203125
13:04:38,91282CLD1,TSRYS5850288,D,S,C,2024-08-27,1000000.00,3.740745,102.322465625
13:04:38,91282CLD1,TSRYS5850288,D,S,T,2024-08-27,1000000.00,3.741096,102.3203125
13:04:38,91282CLD1,TSRYS5850288,D,S,T,2024-08-27,1000000.00,3.741096,102.3203125
13:04:38,91282CLD1,TSRYS5850288,D,S,T,2024-08-27,2000000.00,3.741096,102.3203125
13:04:38,91282CLD1,TSRYS5850288,D,S,T,2024-08-27,1000000.00,3.741096,102.3203125
13:04:38,91282CLD1,TSRYS5850288,D,S,C,2024-08-27,1000000.00,3.741096,102.3203125
13:04:38,91282CLD1,TSRYS5850288,D,S,T,2024-08-27,1000000.00,3.741096,102.3203125
13:04:38,91282CLD1,TSRYS5850288,D,S,T,2024-08-27,1000000.00,3.741096,102.3203125
13:04:38,91282CLD1,TSRYS5850288,D,S,T,2024-08-27,1000000.00,3.741096,102.3203125
13:04:38,91282CLD1,TSRYS5850288,D,S,C,2024-08-27,1000000.00,3.741096,102.3203125
13:04:38,91282CLD1,TSRYS5850288,D,B,C,2024-08-27,1000000.00,3.741096,102.3203125
13:04:38,91282CLD1,TSRYS5850288,D,S,D,2024-08-27,1000000.00,3.741096,102.3203125
13:04:38,91282CLD1,TSRYS5850288,D,S,C,2024-08-27,1000000.00,3.741096,102.3203125
13:04:38,91282CLD1,TSRYS5850288,D,S,T,2024-08-27,1000000.00,3.740778,102.322265625
13:04:38,91282CLD1,TSRYS5850288,D,S,T,2024-08-27,1000000.00,3.741096,102.3203125
13:04:38,91282CLD1,TSRYS5850288,D,S,T,2024-08-27,3000000.00,3.741096,102.3203125
13:04:39,91282CLD1,TSRYS5850288,D,S,T,2024-08-27,1000000.00,3.741096,102.3203125
13:04:39,91282CLD1,TSRYS5850288,D,S,C,2024-08-27,1000000.00,3.741063,102.3205125
13:04:39,91282CLD1,TSRYS5850288,D,S,T,2024-08-27,1000000.00,3.741096,102.3203125
13:04:39,91282CLD1,TSRYS5850288,D,S,T,2024-08-27,2000000.00,3.741096,102.3203125
13:04:39,91282CLD1,TSRYS5850288,D,S,T,2024-08-27,1000000.00,3.741096,102.3203125
13:04:39,91282CLD1,TSRYS5850288,D,S,C,2024-08-27,1000000.00,3.737275,102.34375
13:04:39,91282CLD1,TSRYS5850288,D,S,D,2024-08-27,7000000.00,3.741096,102.3203125
13:04:39,91282CLD1,TSRYS5850288,D,S,D,2024-08-27,1000000.00,3.741096,102.3203125
13:04:39,91282CLD1,TSRYS5850288,D,S,D,2024-08-27,1000000.00,3.741096,102.3203125
13:04:39,91282CLD1,TSRYS5850288,D,S,D,2024-08-27,1000000.00,3.737275,102.34375
13:04:39,91282CLD1,TSRYS5850288,D,S,D,2024-08-27,3000000.00,3.741415,102.318359375
13:04:39,91282CLD1,TSRYS5850288,D,S,D,2024-08-27,2000000.00,3.741415,102.318359375
13:04:40,91282CLD1,TSRYS5850288,D,S,T,2024-08-27,1000000.00,3.741096,102.3203125
13:04:40,91282CLD1,TSRYS5850288,D,S,T,2024-08-27,1000000.00,3.741096,102.3203125
13:04:41,91282CLD1,TSRYS5850288,D,S,T,2024-08-27,2000000.00,3.741096,102.3203125
13:04:41,91282CLD1,TSRYS5850288,D,S,T,2024-08-27,2000000.00,3.741096,102.3203125
13:04:41,91282CLD1,TSRYS5850288,D,S,T,2024-08-27,1000000.00,3.741096,102.3203125
13:04:41,91282CLD1,TSRYS5850288,D,S,T,2024-08-27,1000000.00,3.741096,102.3203125
13:04:41,91282CLD1,TSRYS5850288,D,S,T,2024-08-27,1000000.00,3.741096,102.3203125
13:04:41,91282CLD1,TSRYS5850288,D,S,T,2024-08-27,1000000.00,3.741096,102.3203125
13:04:41,91282CLD1,TSRYS5850288,D,S,T,2024-08-27,5000000.00,3.741096,102.3203125
13:04:41,91282CLD1,TSRYS5850288,D,S,T,2024-08-27,1000000.00,3.741096,102.3203125
13:04:41,91282CLD1,TSRYS5850288,D,S,T,2024-08-27,1000000.00,3.741096,102.3203125
13:04:41,91282CLD1,TSRYS5850288,D,S,T,2024-08-27,1000000.00,3.741096,102.3203125
13:04:42,91282CLD1,TSRYS5850288,D,B,C,2024-08-27,1000000.00,3.741415,102.318359375
13:04:42,91282CLD1,TSRYS5850288,D,S,D,2024-08-27,1000000.00,3.741415,102.318359375
13:04:42,91282CLD1,TSRYS5850288,D,B,C,2024-08-27,1000000.00,3.741415,102.318359375
13:04:42,91282CLD1,TSRYS5850288,D,S,D,2024-08-27,1000000.00,3.741415,102.318359375
13:04:42,91282CLD1,TSRYS5850288,D,S,D,2024-08-27,3000000.00,3.741415,102.318359375
13:04:42,91282CLD1,TSRYS5850288,D,S,T,2024-08-27,1000000.00,3.741096,102.3203125
13:04:43,91282CLD1,TSRYS5850288,D,S,D,2024-08-27,1000000.00,3.741096,102.3203125
13:04:43,91282CLD1,TSRYS5850288,D,S,D,2024-08-27,1000000.00,3.741096,102.3203125
13:04:44,91282CLD1,TSRYS5850288,D,S,D,2024-08-27,1000000.00,3.741096,102.3203125
13:04:44,91282CLD1,TSRYS5850288,D,S,D,2024-08-27,1000000.00,3.741096,102.3203125
13:04:44,91282CLD1,TSRYS5850288,D,S,T,2024-08-27,1000000.00,3.741096,102.3203125
13:04:44,91282CLD1,TSRYS5850288,D,S,T,2024-08-27,1000000.00,3.741096,102.3203125
13:04:44,91282CLD1,TSRYS5850288,D,S,D,2024-08-27,1000000.00,3.741096,102.3203125
13:04:44,91282CLD1,TSRYS5850288,D,S,D,2024-08-27,2000000.00,3.741096,102.3203125
13:04:44,91282CLD1,TSRYS5850288,D,S,D,2024-08-27,1000000.00,3.741096,102.3203125
13:04:44,91282CLD1,TSRYS5850288,D,S,D,2024-08-27,1000000.00,3.741415,102.318359375
13:04:44,91282CLD1,TSRYS5850288,D,S,D,2024-08-27,1000000.00,3.741096,102.3203125
13:04:44,91282CLD1,TSRYS5850288,D,S,T,2024-08-27,1000000.00,3.741096,102.3203125
13:04:44,91282CLD1,TSRYS5850288,D,S,T,2024-08-27,1000000.00,3.741096,102.3203125
13:04:44,91282CLD1,TSRYS5850288,D,S,T,2024-08-27,1000000.00,3.741096,102.3203125
13:04:44,91282CLD1,TSRYS5850288,D,S,T,2024-08-27,1000000.00,3.741096,102.3203125
13:04:44,91282CLD1,TSRYS5850288,D,S,T,2024-08-27,1000000.00,3.741096,102.3203125
13:04:44,91282CLD1,TSRYS5850288,D,S,T,2024-08-27,1000000.00,3.741096,102.3203125
13:04:44,91282CLD1,TSRYS5850288,D,S,T,2024-08-27,1000000.00,3.741096,102.3203125
13:04:44,91282CLD1,TSRYS5850288,D,S,T,2024-08-27,1000000.00,3.741096,102.3203125
13:04:44,91282CLD1,TSRYS5850288,D,S,T,2024-08-27,1000000.00,3.741096,102.3203125
13:04:44,91282CLD1,TSRYS5850288,D,S,T,2024-08-27,1000000.00,3.741096,102.3203125
13:04:44,91282CLD1,TSRYS5850288,D,S,T,2024-08-27,1000000.00,3.741096,102.3203125
13:04:44,91282CLD1,TSRYS5850288,D,S,T,2024-08-27,1000000.00,3.741096,102.3203125
13:04:44,91282CLD1,TSRYS5850288,D,S,T,2024-08-27,1000000.00,3.741096,102.3203125
13:04:44,91282CLD1,TSRYS5850288,D,S,T,2024-08-27,1000000.00,3.741096,102.3203125
13:04:44,91282CLD1,TSRYS5850288,D,S,T,2024-08-27,1000000.00,3.741096,102.3203125
13:04:44,91282CLD1,TSRYS5850288,D,S,T,2024-08-27,1000000.00,3.741096,102.3203125
13:04:44,91282CLD1,TSRYS5850288,D,S,T,2024-08-27,1000000.00,3.741096,102.3203125
13:04:44,91282CLD1,TSRYS5850288,D,S,T,2024-08-27,1000000.00,3.741096,102.3203125
13:04:45,91282CLD1,TSRYS5850288,D,S,T,2024-08-27,1000000.00,3.741096,102.3203125
13:04:45,91282CLD1,TSRYS5850288,D,S,T,2024-08-27,1000000.00,3.741096,102.3203125
13:04:45,91282CLD1,TSRYS5850288,D,S,T,2024-08-27,1000000.00,3.741096,102.3203125
13:04:45,91282CLD1,TSRYS5850288,D,S,T,2024-08-27,1000000.00,3.741096,102.3203125
13:04:45,91282CLD1,TSRYS5850288,D,S,T,2024-08-27,1000000.00,3.741096,102.3203125
13:04:45,91282CLD1,TSRYS5850288,D,S,T,2024-08-27,1000000.00,3.741096,102.3203125
13:04:45,91282CLD1,TSRYS5850288,D,S,T,2024-08-27,1000000.00,3.741096,102.3203125
13:04:45,91282CLD1,TSRYS5850288,D,S,T,2024-08-27,8000000.00,3.741096,102.3203125
13:04:45,91282CLD1,TSRYS5850288,D,S,T,2024-08-27,1000000.00,3.741096,102.3203125
13:04:45,91282CLD1,TSRYS5850288,D,S,T,2024-08-27,1000000.00,3.741096,102.3203125
13:04:45,91282CLD1,TSRYS5850288,D,S,T,2024-08-27,1000000.00,3.741096,102.3203125
13:04:45,91282CLD1,TSRYS5850288,D,S,T,2024-08-27,1000000.00,3.741096,102.3203125
13:04:45,91282CLD1,TSRYS5850288,D,S,T,2024-08-27,1000000.00,3.741096,102.3203125
13:04:45,91282CLD1,TSRYS5850288,D,S,T,2024-08-27,1000000.00,3.741096,102.3203125
13:04:45,91282CLD1,TSRYS5850288,D,S,T,2024-08-27,1000000.00,3.741096,102.3203125
13:04:45,91282CLD1,TSRYS5850288,D,S,T,2024-08-27,2000000.00,3.741096,102.3203125
13:04:45,91282CLD1,TSRYS5850288,D,S,T,2024-08-27,1000000.00,3.741096,102.3203125
13:04:45,91282CLD1,TSRYS5850288,D,S,T,2024-08-27,1000000.00,3.741096,102.3203125
13:04:45,91282CLD1,TSRYS5850288,D,S,T,2024-08-27,2000000.00,3.741096,102.3203125
13:04:45,91282CLD1,TSRYS5850288,D,S,T,2024-08-27,1000000.00,3.741096,102.3203125
13:04:45,91282CLD1,TSRYS5850288,D,S,T,2024-08-27,1000000.00,3.741096,102.3203125
13:04:45,91282CLD1,TSRYS5850288,D,S,T,2024-08-27,1000000.00,3.741096,102.3203125
13:04:45,91282CLD1,TSRYS5850288,D,S,T,2024-08-27,1000000.00,3.741096,102.3203125
13:04:45,91282CLD1,TSRYS5850288,D,S,D,2024-08-27,1000000.00,3.741096,102.3203125
13:04:45,91282CLD1,TSRYS5850288,D,S,T,2024-08-27,1000000.00,3.741096,102.3203125
13:04:46,91282CLD1,TSRYS5850288,D,S,T,2024-08-27,1000000.00,3.741096,102.3203125
13:04:46,91282CLD1,TSRYS5850288,D,S,T,2024-08-27,1000000.00,3.741096,102.3203125
13:04:46,91282CLD1,TSRYS5850288,D,S,T,2024-08-27,1000000.00,3.741096,102.3203125
13:04:46,91282CLD1,TSRYS5850288,D,S,T,2024-08-27,1000000.00,3.741096,102.3203125
13:04:46,91282CLD1,TSRYS5850288,D,S,T,2024-08-27,1000000.00,3.741096,102.3203125
13:04:46,91282CLD1,TSRYS5850288,D,S,D,2024-08-27,1000000.00,3.741096,102.3203125
13:04:47,91282CLD1,TSRYS5850288,D,S,D,2024-08-27,1000000.00,3.741096,102.3203125
13:04:47,91282CLD1,TSRYS5850288,D,S,T,2024-08-27,1000000.00,3.741129,102.3201125
13:04:47,91282CLD1,TSRYS5850288,D,S,T,2024-08-27,1000000.00,3.741096,102.3203125
13:04:47,91282CLD1,TSRYS5850288,D,S,T,2024-08-27,1000000.00,3.741096,102.3203125
13:04:47,91282CLD1,TSRYS5850288,D,S,T,2024-08-27,1000000.00,3.741096,102.3203125
13:04:47,91282CLD1,TSRYS5850288,D,S,T,2024-08-27,1000000.00,3.741096,102.3203125
13:04:47,91282CLD1,TSRYS5850288,D,S,T,2024-08-27,1000000.00,3.741096,102.3203125
13:04:47,91282CLD1,TSRYS5850288,D,S,T,2024-08-27,1000000.00,3.741096,102.3203125
13:04:47,91282CLD1,TSRYS5850288,D,S,T,2024-08-27,3000000.00,3.741415,102.318359375
13:04:47,91282CLD1,TSRYS5850288,D,S,T,2024-08-27,1000000.00,3.741096,102.3203125
13:04:48,91282CLD1,TSRYS5850288,D,S,T,2024-08-27,1000000.00,3.741096,102.3203125
13:04:48,91282CLD1,TSRYS5850288,D,S,T,2024-08-27,1000000.00,3.741096,102.3203125
13:04:48,91282CLD1,TSRYS5850288,D,S,T,2024-08-27,1000000.00,3.741096,102.3203125
13:04:48,91282CLD1,TSRYS5850288,D,S,T,2024-08-27,1000000.00,3.741096,102.3203125
13:04:48,91282CLD1,TSRYS5850288,D,S,D,2024-08-27,1000000.00,3.741096,102.3203125
13:04:49,91282CLD1,TSRYS5850288,D,S,D,2024-08-27,1000000.00,3.741096,102.3203125
13:04:49,91282CLD1,TSRYS5850288,D,S,D,2024-08-27,1000000.00,3.741096,102.3203125
13:04:49,91282CLD1,TSRYS5850288,D,S,D,2024-08-27,1000000.00,3.741415,102.318359375
13:04:50,91282CLD1,TSRYS5850288,D,S,T,2024-08-27,1000000.00,3.741733,102.31640625
13:04:50,91282CLD1,TSRYS5850288,D,S,D,2024-08-27,1000000.00,3.741733,102.31640625
13:04:50,91282CLD1,TSRYS5850288,D,S,T,2024-08-27,1000000.00,3.741096,102.3203125
13:04:50,91282CLD1,TSRYS5850288,D,S,T,2024-08-27,1000000.00,3.741096,102.3203125
13:04:51,91282CLD1,TSRYS5850288,D,S,T,2024-08-27,1000000.00,3.741096,102.3203125
13:04:51,91282CLD1,TSRYS5850288,D,S,C,2024-08-27,1000000.00,3.737242,102.34395
13:04:51,91282CLD1,TSRYS5850288,D,S,D,2024-08-27,1000000.00,3.737275,102.34375
13:04:51,91282CLD1,TSRYS5850288,D,S,D,2024-08-27,1000000.00,3.737275,102.34375
13:04:51,91282CLD1,TSRYS5850288,D,S,C,2024-08-27,1000000.00,3.738548,102.3359375
13:04:51,91282CLD1,TSRYS5850288,D,B,C,2024-08-27,1000000.00,3.738573,102.3357875
13:04:51,91282CLD1,TSRYS5850288,D,B,C,2024-08-27,1000000.00,3.738573,102.3357875
13:04:51,91282CLD1,TSRYS5850288,D,S,C,2024-08-27,1000000.00,3.738508,102.3361875
13:04:51,91282CLD1,TSRYS5850288,D,B,C,2024-08-27,1000000.00,3.739822,102.328125
13:04:51,91282CLD1,TSRYS5850288,D,S,C,2024-08-27,1000000.00,3.739794,102.3283
13:04:51,91282CLD1,TSRYS5850288,D,S,C,2024-08-27,1000000.00,3.739806,102.328225
13:04:52,91282CLD1,TSRYS5850288,D,B,C,2024-08-27,1000000.00,3.738573,102.3357875
13:04:52,91282CLD1,TSRYS5850288,D,S,C,2024-08-27,1000000.00,3.738548,102.3359375
13:04:52,91282CLD1,TSRYS5850288,D,S,T,2024-08-27,1000000.00,3.741096,102.3203125
13:04:52,91282CLD1,TSRYS5850288,D,S,C,2024-08-27,1000000.00,3.741096,102.3203125
13:04:52,91282CLD1,TSRYS5850288,D,B,C,2024-08-27,1000000.00,3.741096,102.3203125
13:04:53,91282CLD1,TSRYS5850288,D,S,T,2024-08-27,8000000.00,3.741096,102.3203125
13:04:53,91282CLD1,TSRYS5850288,D,S,T,2024-08-27,1000000.00,3.741096,102.3203125
13:04:54,91282CLD1,TSRYS5850288,D,S,D,2024-08-27,1000000.00,3.741733,102.31640625
13:05:06,91282CLD1,TSRYS5850288,D,S,T,2024-08-27,1000000.00,3.743644,102.3046875
13:05:06,91282CLD1,TSRYS5850288,D,B,C,2024-08-27,1000000.00,3.738573,102.3357875
13:05:06,91282CLD1,TSRYS5850288,D,B,C,2024-08-27,1000000.00,3.739847,102.327975
13:05:06,91282CLD1,TSRYS5850288,D,S,D,2024-08-27,1000000.00,3.739822,102.328125
13:05:06,91282CLD1,TSRYS5850288,D,S,C,2024-08-27,1000000.00,3.739789,102.328325
13:05:06,91282CLD1,TSRYS5850288,D,S,C,2024-08-27,1000000.00,3.738548,102.3359375
13:05:06,91282CLD1,TSRYS5850288,D,B,C,2024-08-27,1000000.00,3.738573,102.3357875
13:05:06,91282CLD1,TSRYS5850288,D,S,C,2024-08-27,1000000.00,3.738548,102.3359375
13:05:06,91282CLD1,TSRYS5850288,D,B,C,2024-08-27,1000000.00,3.738573,102.3357875
13:05:06,91282CLD1,TSRYS5850288,D,S,C,2024-08-27,1000000.00,3.738548,102.3359375
13:05:06,91282CLD1,TSRYS5850288,D,B,C,2024-08-27,1000000.00,3.739847,102.327975
13:05:07,91282CLD1,TSRYS5850288,D,S,C,2024-08-27,1000000.00,3.741096,102.3203125
13:05:07,91282CLD1,TSRYS5850288,D,S,C,2024-08-27,1000000.00,3.741055,102.3205625
13:05:07,91282CLD1,TSRYS5850288,D,S,C,2024-08-27,1000000.00,3.74108,102.3204125
13:05:07,91282CLD1,TSRYS5850288,D,S,D,2024-08-27,1000000.00,3.741096,102.3203125
13:05:07,91282CLD1,TSRYS5850288,D,S,D,2024-08-27,1000000.00,3.741096,102.3203125
13:05:07,91282CLD1,TSRYS5850288,D,S,C,2024-08-27,1000000.00,3.741055,102.3205625
13:05:07,91282CLD1,TSRYS5850288,D,S,C,2024-08-27,1000000.00,3.741072,102.3204625
13:05:07,91282CLD1,TSRYS5850288,D,S,C,2024-08-27,1000000.00,3.741063,102.3205125
13:05:07,91282CLD1,TSRYS5850288,D,S,C,2024-08-27,1000000.00,3.741096,102.3203125
13:05:07,91282CLD1,TSRYS5850288,D,S,C,2024-08-27,1000000.00,3.741096,102.3203125
13:05:07,91282CLD1,TSRYS5850288,D,S,D,2024-08-27,1000000.00,3.741096,102.3203125
13:05:07,91282CLD1,TSRYS5850288,D,S,D,2024-08-27,4000000.00,3.741096,102.3203125
13:05:07,91282CLD1,TSRYS5850288,D,S,C,2024-08-27,2000000.00,3.741055,102.3205625
13:05:07,91282CLD1,TSRYS5850288,D,S,C,2024-08-27,1000000.00,3.741096,102.3203125
13:05:07,91282CLD1,TSRYS5850288,D,S,C,2024-08-27,1000000.00,3.741096,102.3203125
13:05:07,91282CLD1,TSRYS5850288,D,S,C,2024-08-27,1000000.00,3.741096,102.3203125
13:05:07,91282CLD1,TSRYS5850288,D,S,C,2024-08-27,2000000.00,3.741055,102.3205625
13:05:07,91282CLD1,TSRYS5850288,D,S,C,2024-08-27,1000000.00,3.741096,102.3203125
13:05:07,91282CLD1,TSRYS5850288,D,S,C,2024-08-27,1000000.00,3.741055,102.3205625
13:05:07,91282CLD1,TSRYS5850288,D,S,C,2024-08-27,2000000.00,3.741072,102.3204625
13:05:07,91282CLD1,TSRYS5850288,D,S,C,2024-08-27,1000000.00,3.741096,102.3203125
13:05:07,91282CLD1,TSRYS5850288,D,S,D,2024-08-27,1000000.00,3.741096,102.3203125
13:05:07,91282CLD1,TSRYS5850288,D,S,D,2024-08-27,1000000.00,3.741096,102.3203125
13:05:07,91282CLD1,TSRYS5850288,D,S,D,2024-08-27,1000000.00,3.741096,102.3203125
13:05:07,91282CLD1,TSRYS5850288,D,S,C,2024-08-27,1000000.00,3.741096,102.3203125
13:05:07,91282CLD1,TSRYS5850288,D,S,C,2024-08-27,1000000.00,3.741055,102.3205625
13:05:08,91282CLD1,TSRYS5850288,D,S,D,2024-08-27,1000000.00,3.743326,102.306640625
13:05:08,91282CLD1,TSRYS5850288,D,S,D,2024-08-27,1000000.00,3.743326,102.306640625
13:05:10,91282CLD1,TSRYS5850288,D,S,D,2024-08-27,1000000.00,3.743326,102.306640625
13:05:11,91282CLD1,TSRYS5850288,D,S,T,2024-08-27,1000000.00,3.743358,102.306440625
13:05:11,91282CLD1,TSRYS5850288,D,S,T,2024-08-27,1000000.00,3.743326,102.306640625
13:05:11,91282CLD1,TSRYS5850288,D,S,T,2024-08-27,1000000.00,3.743644,102.3046875
13:05:11,91282CLD1,TSRYS5850288,D,S,T,2024-08-27,1000000.00,3.743326,102.306640625
13:05:12,91282CLD1,TSRYS5850288,D,S,T,2024-08-27,1000000.00,3.743644,102.3046875
13:05:12,91282CLD1,TSRYS5850288,D,S,T,2024-08-27,1000000.00,3.743644,102.3046875
13:05:12,91282CLD1,TSRYS5850288,D,S,C,2024-08-27,2000000.00,3.743946,102.302834375
13:05:13,91282CLD1,TSRYS5850288,D,S,D,2024-08-27,1000000.00,3.743326,102.306640625
13:05:13,91282CLD1,TSRYS5850288,D,S,D,2024-08-27,1000000.00,3.743326,102.306640625
13:05:13,91282CLD1,TSRYS5850288,D,S,D,2024-08-27,1000000.00,3.743644,102.3046875
13:05:16,91282CLD1,TSRYS5850288,D,S,D,2024-08-27,1000000.00,3.744281,102.30078125
13:05:16,91282CLD1,TSRYS5850288,D,S,D,2024-08-27,1000000.00,3.744281,102.30078125
13:05:17,91282CLD1,TSRYS5850288,D,S,D,2024-08-27,1000000.00,3.743644,102.3046875
13:05:19,91282CLD1,TSRYS5850288,D,S,T,2024-08-27,1000000.00,3.743644,102.3046875
13:05:19,91282CLD1,TSRYS5850288,D,S,D,2024-08-27,1000000.00,3.743644,102.3046875
13:05:19,91282CLD1,TSRYS5850288,D,S,D,2024-08-27,1000000.00,3.743644,102.3046875
13:05:21,91282CLD1,TSRYS5850288,D,B,C,2024-08-27,1000000.00,3.740141,102.32617187
13:05:21,91282CLD1,TSRYS5850288,D,S,D,2024-08-27,1000000.00,3.740141,102.32617187
13:05:21,91282CLD1,TSRYS5850288,D,S,T,2024-08-27,2000000.00,3.743963,102.302734375
13:05:21,91282CLD1,TSRYS5850288,D,S,T,2024-08-27,2000000.00,3.744281,102.30078125
13:05:25,91282CLD1,TSRYS5850288,D,S,C,2024-08-27,1000000.00,3.739806,102.328225
13:05:25,91282CLD1,TSRYS5850288,D,B,C,2024-08-27,1000000.00,3.739822,102.328125
13:05:25,91282CLD1,TSRYS5850288,D,S,D,2024-08-27,1000000.00,3.739822,102.328125
13:05:25,91282CLD1,TSRYS5850288,D,B,C,2024-08-27,1000000.00,3.739822,102.328125
13:05:25,91282CLD1,TSRYS5850288,D,S,D,2024-08-27,3000000.00,3.739822,102.328125
13:05:25,91282CLD1,TSRYS5850288,D,S,C,2024-08-27,2000000.00,3.741072,102.3204625
13:05:25,91282CLD1,TSRYS5850288,D,S,C,2024-08-27,1000000.00,3.741096,102.3203125
13:05:25,91282CLD1,TSRYS5850288,D,S,D,2024-08-27,7000000.00,3.741096,102.3203125
13:05:25,91282CLD1,TSRYS5850288,D,S,C,2024-08-27,11000000.00,3.741063,102.3205125
13:05:25,91282CLD1,TSRYS5850288,D,S,D,2024-08-27,1000000.00,3.741096,102.3203125
13:05:25,91282CLD1,TSRYS5850288,D,S,D,2024-08-27,1000000.00,3.741096,102.3203125
13:05:25,91282CLD1,TSRYS5850288,D,S,C,2024-08-27,1000000.00,3.741096,102.3203125
13:05:25,91282CLD1,TSRYS5850288,D,S,D,2024-08-27,5000000.00,3.741096,102.3203125
13:05:25,91282CLD1,TSRYS5850288,D,S,C,2024-08-27,1000000.00,3.741096,102.3203125
13:05:25,91282CLD1,TSRYS5850288,D,S,C,2024-08-27,2000000.00,3.741096,102.3203125
13:05:25,91282CLD1,TSRYS5850288,D,S,C,2024-08-27,1000000.00,3.741096,102.3203125
13:05:25,91282CLD1,TSRYS5850288,D,S,D,2024-08-27,1000000.00,3.743963,102.302734375
13:05:25,91282CLD1,TSRYS5850288,D,S,D,2024-08-27,3000000.00,3.741096,102.3203125
13:05:25,91282CLD1,TSRYS5850288,D,B,C,2024-08-27,1000000.00,3.741096,102.3203125
13:05:25,91282CLD1,TSRYS5850288,D,S,D,2024-08-27,1000000.00,3.741096,102.3203125
13:05:25,91282CLD1,TSRYS5850288,D,S,D,2024-08-27,1000000.00,3.741096,102.3203125
13:05:25,91282CLD1,TSRYS5850288,D,S,D,2024-08-27,2000000.00,3.741096,102.3203125
13:05:25,91282CLD1,TSRYS5850288,D,S,C,2024-08-27,1000000.00,3.74108,102.3204125
13:05:25,91282CLD1,TSRYS5850288,D,S,C,2024-08-27,5000000.00,3.74108,102.3204125
13:05:25,91282CLD1,TSRYS5850288,D,S,C,2024-08-27,1000000.00,3.74108,102.3204125
13:05:25,91282CLD1,TSRYS5850288,D,S,C,2024-08-27,1000000.00,3.741096,102.3203125
13:05:25,91282CLD1,TSRYS5850288,D,B,C,2024-08-27,1000000.00,3.741096,102.3203125
13:05:25,91282CLD1,TSRYS5850288,D,S,C,2024-08-27,1000000.00,3.741055,102.3205625
13:05:25,91282CLD1,TSRYS5850288,D,S,D,2024-08-27,1000000.00,3.741096,102.3203125
13:05:25,91282CLD1,TSRYS5850288,D,S,C,2024-08-27,1000000.00,3.741096,102.3203125
13:05:25,91282CLD1,TSRYS5850288,D,S,D,2024-08-27,1000000.00,3.741096,102.3203125
13:05:25,91282CLD1,TSRYS5850288,D,S,C,2024-08-27,2000000.00,3.741072,102.3204625
13:05:25,91282CLD1,TSRYS5850288,D,S,C,2024-08-27,1000000.00,3.741096,102.3203125
13:05:25,91282CLD1,TSRYS5850288,D,S,C,2024-08-27,1000000.00,3.741096,102.3203125
13:05:25,91282CLD1,TSRYS5850288,D,S,C,2024-08-27,1000000.00,3.741096,102.3203125
13:05:25,91282CLD1,TSRYS5850288,D,S,C,2024-08-27,1000000.00,3.741096,102.3203125
13:05:25,91282CLD1,TSRYS5850288,D,S,C,2024-08-27,1000000.00,3.741096,102.3203125
13:05:25,91282CLD1,TSRYS5850288,D,S,C,2024-08-27,2000000.00,3.741072,102.3204625
13:05:25,91282CLD1,TSRYS5850288,D,S,C,2024-08-27,1000000.00,3.74108,102.3204125
13:05:25,91282CLD1,TSRYS5850288,D,S,D,2024-08-27,1000000.00,3.741096,102.3203125
13:05:25,91282CLD1,TSRYS5850288,D,S,C,2024-08-27,1000000.00,3.741096,102.3203125
13:05:25,91282CLD1,TSRYS5850288,D,S,C,2024-08-27,1000000.00,3.741096,102.3203125
13:05:25,91282CLD1,TSRYS5850288,D,S,D,2024-08-27,1000000.00,3.741096,102.3203125
13:05:25,91282CLD1,TSRYS5850288,D,S,D,2024-08-27,1000000.00,3.741096,102.3203125
13:05:25,91282CLD1,TSRYS5850288,D,S,D,2024-08-27,1000000.00,3.741063,102.3205125
13:05:25,91282CLD1,TSRYS5850288,D,S,D,2024-08-27,1000000.00,3.741063,102.3205125
13:05:25,91282CLD1,TSRYS5850288,D,S,D,2024-08-27,1000000.00,3.741063,102.3205125
13:05:25,91282CLD1,TSRYS5850288,D,S,D,2024-08-27,1000000.00,3.741063,102.3205125
13:05:25,91282CLD1,TSRYS5850288,D,S,D,2024-08-27,1000000.00,3.741063,102.3205125
13:05:26,91282CLD1,TSRYS5850288,D,S,D,2024-08-27,1000000.00,3.743963,102.302734375
13:05:27,91282CLD1,TSRYS5850288,D,S,T,2024-08-27,1000000.00,3.743963,102.302734375
13:05:27,91282CLD1,TSRYS5850288,D,S,T,2024-08-27,1000000.00,3.743963,102.302734375
13:05:36,91282CLD1,TSRYS5850288,D,B,C,2024-08-27,1000000.00,3.74237,102.3125
13:05:36,91282CLD1,TSRYS5850288,D,S,C,2024-08-27,1000000.00,3.74237,102.3125
13:05:37,91282CLD1,TSRYS5850288,D,S,C,2024-08-27,1000000.00,3.74237,102.3125
13:05:37,91282CLD1,TSRYS5850288,D,S,T,2024-08-27,1000000.00,3.74237,102.3125
13:05:41,91282CLD1,TSRYS5850288,D,B,C,2024-08-27,1000000.00,3.739822,102.328125
13:05:41,91282CLD1,TSRYS5850288,D,S,C,2024-08-27,1000000.00,3.739822,102.328125
13:05:41,91282CLD1,TSRYS5850288,D,S,C,2024-08-27,1000000.00,3.739794,102.3283
13:05:41,91282CLD1,TSRYS5850288,D,S,C,2024-08-27,1000000.00,3.739822,102.328125
13:05:41,91282CLD1,TSRYS5850288,D,B,C,2024-08-27,1000000.00,3.739822,102.328125
13:05:41,91282CLD1,TSRYS5850288,D,B,C,2024-08-27,1000000.00,3.739822,102.328125
13:05:41,91282CLD1,TSRYS5850288,D,S,C,2024-08-27,1000000.00,3.739822,102.328125
13:05:41,91282CLD1,TSRYS5850288,D,S,D,2024-08-27,1000000.00,3.741096,102.3203125
13:05:41,91282CLD1,TSRYS5850288,D,S,D,2024-08-27,1000000.00,3.741096,102.3203125
13:05:41,91282CLD1,TSRYS5850288,D,S,D,2024-08-27,1000000.00,3.741096,102.3203125
13:05:41,91282CLD1,TSRYS5850288,D,S,D,2024-08-27,1000000.00,3.741096,102.3203125
13:05:41,91282CLD1,TSRYS5850288,D,S,C,2024-08-27,1000000.00,3.741055,102.3205625
13:05:41,91282CLD1,TSRYS5850288,D,S,C,2024-08-27,1000000.00,3.741096,102.3203125
13:05:41,91282CLD1,TSRYS5850288,D,S,C,2024-08-27,1000000.00,3.741055,102.3205625
13:05:41,91282CLD1,TSRYS5850288,D,S,D,2024-08-27,1000000.00,3.741096,102.3203125
13:05:41,91282CLD1,TSRYS5850288,D,S,C,2024-08-27,1000000.00,3.741096,102.3203125
13:05:41,91282CLD1,TSRYS5850288,D,S,D,2024-08-27,1000000.00,3.741096,102.3203125
13:05:41,91282CLD1,TSRYS5850288,D,S,C,2024-08-27,1000000.00,3.741096,102.3203125
13:05:41,91282CLD1,TSRYS5850288,D,S,C,2024-08-27,1000000.00,3.741096,102.3203125
13:05:41,91282CLD1,TSRYS5850288,D,S,C,2024-08-27,1000000.00,3.741096,102.3203125
13:05:41,91282CLD1,TSRYS5850288,D,S,C,2024-08-27,1000000.00,3.741096,102.3203125
13:05:41,91282CLD1,TSRYS5850288,D,S,C,2024-08-27,1000000.00,3.741096,102.3203125
13:05:41,91282CLD1,TSRYS5850288,D,S,D,2024-08-27,1000000.00,3.741096,102.3203125
13:05:41,91282CLD1,TSRYS5850288,D,S,D,2024-08-27,1000000.00,3.741063,102.3205125
13:05:41,91282CLD1,TSRYS5850288,D,B,C,2024-08-27,1000000.00,3.74237,102.3125
13:05:41,91282CLD1,TSRYS5850288,D,S,C,2024-08-27,1000000.00,3.742321,102.3128
13:05:41,91282CLD1,TSRYS5850288,D,S,D,2024-08-27,1000000.00,3.743644,102.3046875
13:05:43,91282CLD1,TSRYS5850288,D,S,C,2024-08-27,1000000.00,3.742052,102.314453125
13:05:43,91282CLD1,TSRYS5850288,D,S,D,2024-08-27,1000000.00,3.742052,102.314453125
13:05:44,91282CLD1,TSRYS5850288,D,S,D,2024-08-27,1000000.00,3.742052,102.314453125
13:05:44,91282CLD1,TSRYS5850288,D,S,D,2024-08-27,1000000.00,3.742052,102.314453125
13:05:44,91282CLD1,TSRYS5850288,D,S,D,2024-08-27,1000000.00,3.742052,102.314453125
13:05:44,91282CLD1,TSRYS5850288,D,S,T,2024-08-27,1000000.00,3.742084,102.314253125
13:05:44,91282CLD1,TSRYS5850288,D,S,T,2024-08-27,4000000.00,3.742084,102.314253125
13:05:54,91282CLD1,TSRYS5850288,D,S,D,2024-08-27,1000000.00,3.740778,102.322265625
13:05:54,91282CLD1,TSRYS5850288,D,S,D,2024-08-27,1000000.00,3.740778,102.322265625
13:05:55,91282CLD1,TSRYS5850288,D,B,C,2024-08-27,14300000.00,3.743644,102.3046875
13:05:57,91282CLD1,TSRYS5850288,D,S,C,2024-08-27,1000000.00,3.739822,102.328125
13:05:57,91282CLD1,TSRYS5850288,D,S,C,2024-08-27,1000000.00,3.738548,102.3359375
13:05:57,91282CLD1,TSRYS5850288,D,S,C,2024-08-27,1000000.00,3.741055,102.3205625
13:05:57,91282CLD1,TSRYS5850288,D,S,C,2024-08-27,1000000.00,3.741055,102.3205625
13:05:57,91282CLD1,TSRYS5850288,D,S,C,2024-08-27,1000000.00,3.741096,102.3203125
13:05:57,91282CLD1,TSRYS5850288,D,S,D,2024-08-27,1000000.00,3.741096,102.3203125
13:05:57,91282CLD1,TSRYS5850288,D,S,D,2024-08-27,1000000.00,3.741096,102.3203125
13:05:57,91282CLD1,TSRYS5850288,D,S,D,2024-08-27,1000000.00,3.741096,102.3203125
13:05:57,91282CLD1,TSRYS5850288,D,S,C,2024-08-27,1000000.00,3.741096,102.3203125
13:05:57,91282CLD1,TSRYS5850288,D,S,C,2024-08-27,1000000.00,3.741096,102.3203125
13:05:57,91282CLD1,TSRYS5850288,D,S,C,2024-08-27,1000000.00,3.741047,102.3206125
13:05:57,91282CLD1,TSRYS5850288,D,S,C,2024-08-27,1000000.00,3.741096,102.3203125
13:05:57,91282CLD1,TSRYS5850288,D,S,C,2024-08-27,1000000.00,3.741096,102.3203125
13:05:57,91282CLD1,TSRYS5850288,D,S,C,2024-08-27,8000000.00,3.741096,102.3203125
13:05:57,91282CLD1,TSRYS5850288,D,S,D,2024-08-27,1000000.00,3.741063,102.3205125
13:05:57,91282CLD1,TSRYS5850288,D,S,D,2024-08-27,1000000.00,3.741096,102.3203125
13:05:57,91282CLD1,TSRYS5850288,D,S,D,2024-08-27,1000000.00,3.741063,102.3205125
13:05:57,91282CLD1,TSRYS5850288,D,S,C,2024-08-27,1000000.00,3.741096,102.3203125
13:05:57,91282CLD1,TSRYS5850288,D,S,C,2024-08-27,1000000.00,3.741096,102.3203125
13:05:57,91282CLD1,TSRYS5850288,D,S,D,2024-08-27,1000000.00,3.741096,102.3203125
13:05:57,91282CLD1,TSRYS5850288,D,S,D,2024-08-27,1000000.00,3.741096,102.3203125
13:05:57,91282CLD1,TSRYS5850288,D,S,D,2024-08-27,1000000.00,3.741063,102.3205125
13:05:57,91282CLD1,TSRYS5850288,D,S,C,2024-08-27,1000000.00,3.741096,102.3203125
13:05:57,91282CLD1,TSRYS5850288,D,S,C,2024-08-27,8000000.00,3.741096,102.3203125
13:05:57,91282CLD1,TSRYS5850288,D,S,T,2024-08-27,1000000.00,3.741096,102.3203125
13:05:57,91282CLD1,TSRYS5850288,D,S,T,2024-08-27,1000000.00,3.741096,102.3203125
13:05:57,91282CLD1,TSRYS5850288,D,S,C,2024-08-27,1000000.00,3.743644,102.3046875
13:05:57,91282CLD1,TSRYS5850288,D,B,C,2024-08-27,1000000.00,3.743644,102.3046875
13:05:57,91282CLD1,TSRYS5850288,D,S,C,2024-08-27,1000000.00,3.74362,102.3048375
13:05:57,91282CLD1,TSRYS5850288,D,S,C,2024-08-27,1000000.00,3.74362,102.3048375
13:05:57,91282CLD1,TSRYS5850288,D,B,C,2024-08-27,1000000.00,3.743644,102.3046875
13:06:00,91282CLD1,TSRYS5850288,D,S,D,2024-08-27,70000.00,3.741096,102.3203125
13:06:02,91282CLD1,TSRYS5850288,D,S,D,2024-08-27,1000000.00,3.741096,102.3203125
13:06:02,91282CLD1,TSRYS5850288,D,S,D,2024-08-27,2000000.00,3.741096,102.3203125
13:06:07,91282CLD1,TSRYS5850288,D,S,D,2024-08-27,70000.00,3.742028,102.31459821
13:06:09,91282CLD1,TSRYS5850288,D,S,C,2024-08-27,1000000.00,3.738548,102.3359375
13:06:09,91282CLD1,TSRYS5850288,D,B,C,2024-08-27,1000000.00,3.738573,102.3357875
13:06:09,91282CLD1,TSRYS5850288,D,S,D,2024-08-27,1000000.00,3.738548,102.3359375
13:06:10,91282CLD1,TSRYS5850288,D,B,C,2024-08-27,1000000.00,3.738573,102.3357875
13:06:10,91282CLD1,TSRYS5850288,D,B,C,2024-08-27,1000000.00,3.738573,102.3357875
13:06:10,91282CLD1,TSRYS5850288,D,S,C,2024-08-27,1000000.00,3.738548,102.3359375
13:06:10,91282CLD1,TSRYS5850288,D,S,C,2024-08-27,1000000.00,3.739822,102.328125
13:06:10,91282CLD1,TSRYS5850288,D,B,C,2024-08-27,1000000.00,3.738573,102.3357875
13:06:10,91282CLD1,TSRYS5850288,D,B,C,2024-08-27,1000000.00,3.739822,102.328125
13:06:10,91282CLD1,TSRYS5850288,D,S,C,2024-08-27,1000000.00,3.738548,102.3359375
13:06:10,91282CLD1,TSRYS5850288,D,B,C,2024-08-27,1000000.00,3.738573,102.3357875
13:06:10,91282CLD1,TSRYS5850288,D,S,D,2024-08-27,1000000.00,3.743644,102.3046875
13:06:10,91282CLD1,TSRYS5850288,D,B,C,2024-08-27,1000000.00,3.743661,102.3045875
13:06:10,91282CLD1,TSRYS5850288,D,S,D,2024-08-27,1000000.00,3.743644,102.3046875
13:06:10,91282CLD1,TSRYS5850288,D,S,D,2024-08-27,1000000.00,3.74237,102.3125
13:06:10,91282CLD1,TSRYS5850288,D,B,C,2024-08-27,1000000.00,3.742386,102.3124
13:06:24,91282CLD1,TSRYS5850288,D,S,T,2024-08-27,1000000.00,3.739822,102.328125
13:06:25,91282CLD1,TSRYS5850288,D,S,C,2024-08-27,1000000.00,3.741072,102.3204625
13:06:25,91282CLD1,TSRYS5850288,D,B,C,2024-08-27,1000000.00,3.741096,102.3203125
13:06:25,91282CLD1,TSRYS5850288,D,B,C,2024-08-27,1000000.00,3.741129,102.3201125
13:06:25,91282CLD1,TSRYS5850288,D,S,D,2024-08-27,1000000.00,3.741096,102.3203125
13:06:25,91282CLD1,TSRYS5850288,D,S,C,2024-08-27,1000000.00,3.741047,102.3206125
13:06:25,91282CLD1,TSRYS5850288,D,B,C,2024-08-27,2000000.00,3.741129,102.3201125
13:06:25,91282CLD1,TSRYS5850288,D,S,D,2024-08-27,2000000.00,3.741063,102.3205125
13:06:27,91282CLD1,TSRYS5850288,D,S,C,2024-08-27,1000000.00,3.740459,102.32421875
13:06:28,91282CLD1,TSRYS5850288,D,S,T,2024-08-27,1000000.00,3.740459,102.32421875
13:06:31,91282CLD1,TSRYS5850288,D,S,T,2024-08-27,1000000.00,3.740459,102.32421875
13:06:31,91282CLD1,TSRYS5850288,D,S,C,2024-08-27,1000000.00,3.740459,102.32421875
13:06:32,91282CLD1,TSRYS5850288,D,S,D,2024-08-27,1000000.00,3.741096,102.3203125
13:06:37,91282CLD1,TSRYS5850288,D,S,T,2024-08-27,1000000.00,3.739822,102.328125
13:06:39,91282CLD1,TSRYS5850288,D,S,C,2024-08-27,1000000.00,3.739822,102.328125
13:06:39,91282CLD1,TSRYS5850288,D,S,T,2024-08-27,1000000.00,3.739822,102.328125
13:06:39,91282CLD1,TSRYS5850288,D,S,T,2024-08-27,1000000.00,3.739822,102.328125
13:06:39,91282CLD1,TSRYS5850288,D,S,T,2024-08-27,1000000.00,3.739822,102.328125
13:06:39,91282CLD1,TSRYS5850288,D,B,C,2024-08-27,1000000.00,3.739822,102.328125
13:06:40,91282CLD1,TSRYS5850288,D,S,D,2024-08-27,1000000.00,3.739822,102.328125
13:06:44,91282CLD1,TSRYS5850288,D,S,D,2024-08-27,1000000.00,3.739822,102.328125
13:06:44,91282CLD1,TSRYS5850288,D,S,D,2024-08-27,1000000.00,3.739822,102.328125
13:06:44,91282CLD1,TSRYS5850288,D,S,D,2024-08-27,1000000.00,3.739822,102.328125
13:06:44,91282CLD1,TSRYS5850288,D,S,D,2024-08-27,2000000.00,3.739822,102.328125
13:06:44,91282CLD1,TSRYS5850288,D,S,D,2024-08-27,1000000.00,3.739822,102.328125
13:06:44,91282CLD1,TSRYS5850288,D,S,D,2024-08-27,1000000.00,3.739822,102.328125
13:06:45,91282CLD1,TSRYS5850288,D,S,T,2024-08-27,1000000.00,3.739822,102.328125
13:06:49,91282CLD1,TSRYS5850288,D,S,D,2024-08-27,1000000.00,3.739822,102.328125
13:06:49,91282CLD1,TSRYS5850288,D,S,D,2024-08-27,1000000.00,3.739822,102.328125
13:06:56,91282CLD1,TSRYS5850288,D,S,C,2024-08-27,1000000.00,3.739798,102.328275
13:06:56,91282CLD1,TSRYS5850288,D,S,C,2024-08-27,2000000.00,3.739798,102.328275
13:06:56,91282CLD1,TSRYS5850288,D,B,C,2024-08-27,2000000.00,3.739863,102.327875
13:06:56,91282CLD1,TSRYS5850288,D,S,C,2024-08-27,1000000.00,3.739798,102.328275
13:06:56,91282CLD1,TSRYS5850288,D,B,C,2024-08-27,1000000.00,3.739822,102.328125
13:06:56,91282CLD1,TSRYS5850288,D,S,C,2024-08-27,1000000.00,3.739798,102.328275
13:06:56,91282CLD1,TSRYS5850288,D,B,C,2024-08-27,1000000.00,3.739822,102.328125
13:06:58,91282CLD1,TSRYS5850288,D,S,A,2024-08-27,2000000.00,3.741096,102.3203125
13:07:08,91282CLD1,TSRYS5850288,D,S,D,2024-08-27,100000.00,3.740459,102.32421875
13:07:09,91282CLD1,TSRYS5850288,D,S,D,2024-08-27,1000000.00,3.739822,102.328125
13:07:09,91282CLD1,TSRYS5850288,D,S,D,2024-08-27,1000000.00,3.739822,102.328125
13:07:09,91282CLD1,TSRYS5850288,D,B,C,2024-08-27,1000000.00,3.739822,102.328125
13:07:10,91282CLD1,TSRYS5850288,D,S,T,2024-08-27,1000000.00,3.741096,102.3203125
13:07:23,91282CLD1,TSRYS5850288,D,S,D,2024-08-27,1000000.00,3.739822,102.328125
13:07:23,91282CLD1,TSRYS5850288,D,S,D,2024-08-27,1000000.00,3.739822,102.328125
13:07:27,91282CLD1,TSRYS5850288,D,S,D,2024-08-27,7000000.00,3.741064,102.32051
13:07:44,91282CLD1,TSRYS5850288,D,S,D,2024-08-27,2000000.00,3.739822,102.328125
13:07:48,91282CLD1,TSRYS5850288,D,B,C,2024-08-27,3000000.00,3.740459,102.32421875
13:07:55,91282CLD1,TSRYS5850288,D,S,D,2024-08-27,1000000.00,3.740459,102.32421875
13:07:55,91282CLD1,TSRYS5850288,D,S,D,2024-08-27,1000000.00,3.741096,102.3203125
13:07:55,91282CLD1,TSRYS5850288,D,S,C,2024-08-27,1000000.00,3.740459,102.32421875
13:07:57,91282CLD1,TSRYS5850288,D,S,D,2024-08-27,1000000.00,3.741096,102.3203125
13:07:57,91282CLD1,TSRYS5850288,D,S,D,2024-08-27,1000000.00,3.741096,102.3203125
13:07:57,91282CLD1,TSRYS5850288,D,B,C,2024-08-27,1000000.00,3.741096,102.3203125
13:07:57,91282CLD1,TSRYS5850288,D,B,C,2024-08-27,1000000.00,3.74112,102.3201625
13:07:57,91282CLD1,TSRYS5850288,D,S,D,2024-08-27,1000000.00,3.741096,102.3203125
13:07:59,91282CLD1,TSRYS5850288,D,S,C,2024-08-27,1000000.00,3.740745,102.322465625
13:08:04,91282CLD1,TSRYS5850288,D,S,T,2024-08-27,1000000.00,3.741096,102.3203125
13:08:05,91282CLD1,TSRYS5850288,D,S,C,2024-08-27,1000000.00,3.741415,102.318359375
13:08:06,91282CLD1,TSRYS5850288,D,S,T,2024-08-27,1000000.00,3.740778,102.322265625
13:08:09,91282CLD1,TSRYS5850288,D,S,T,2024-08-27,1000000.00,3.741096,102.3203125
13:08:09,91282CLD1,TSRYS5850288,D,S,T,2024-08-27,1000000.00,3.741096,102.3203125
13:08:09,91282CLD1,TSRYS5850288,D,S,T,2024-08-27,1000000.00,3.741415,102.318359375
13:08:10,91282CLD1,TSRYS5850288,D,S,D,2024-08-27,1000000.00,3.741096,102.3203125
13:08:10,91282CLD1,TSRYS5850288,D,B,C,2024-08-27,1000000.00,3.741096,102.3203125
13:08:17,91282CLD1,TSRYS5850288,D,S,D,2024-08-27,2000000.00,3.741096,102.3203125
13:08:28,91282CLD1,TSRYS5850288,D,S,D,2024-08-27,1000000.00,3.741096,102.3203125
13:08:33,91282CLD1,TSRYS5850288,D,S,T,2024-08-27,1000000.00,3.739822,102.328125
13:08:37,91282CLD1,TSRYS5850288,D,S,D,2024-08-27,1000000.00,3.739822,102.328125
13:08:39,91282CLD1,TSRYS5850288,D,S,D,2024-08-27,2000000.00,3.739822,102.328125
13:08:39,91282CLD1,TSRYS5850288,D,S,D,2024-08-27,1000000.00,3.739822,102.328125
13:08:39,91282CLD1,TSRYS5850288,D,S,T,2024-08-27,1000000.00,3.739822,102.328125
13:08:39,91282CLD1,TSRYS5850288,D,S,T,2024-08-27,1000000.00,3.739822,102.328125
13:08:40,91282CLD1,TSRYS5850288,D,S,T,2024-08-27,1000000.00,3.739822,102.328125
13:08:41,91282CLD1,TSRYS5850288,D,S,T,2024-08-27,1000000.00,3.739822,102.328125
13:08:44,91282CLD1,TSRYS5850288,D,S,D,2024-08-27,1000000.00,3.739822,102.328125
13:08:51,91282CLD1,TSRYS5850288,D,B,C,2024-08-27,1000000.00,3.741096,102.3203125
13:08:54,91282CLD1,TSRYS5850288,D,S,D,2024-08-27,1000000.00,3.739822,102.328125
13:08:55,91282CLD1,TSRYS5850288,D,S,D,2024-08-27,1000000.00,3.741096,102.3203125
13:08:55,91282CLD1,TSRYS5850288,D,B,C,2024-08-27,1000000.00,3.741096,102.3203125
13:08:55,91282CLD1,TSRYS5850288,D,S,C,2024-08-27,1000000.00,3.741055,102.3205625
13:09:03,91282CLD1,TSRYS5850288,D,S,T,2024-08-27,1000000.00,3.738548,102.3359375
13:09:10,91282CLD1,TSRYS5850288,D,S,C,2024-08-27,1000000.00,3.739822,102.328125
13:09:10,91282CLD1,TSRYS5850288,D,S,D,2024-08-27,1000000.00,3.739822,102.328125
13:09:14,91282CLD1,TSRYS5850288,D,S,T,2024-08-27,1000000.00,3.739185,102.33203125
13:09:15,91282CLD1,TSRYS5850288,D,S,D,2024-08-27,1000000.00,3.739185,102.33203125
13:09:28,91282CLD1,TSRYS5850288,D,S,D,2024-08-27,1000000.00,3.739822,102.328125
13:09:28,91282CLD1,TSRYS5850288,D,S,C,2024-08-27,1000000.00,3.739822,102.328125
13:09:29,91282CLD1,TSRYS5850288,D,S,D,2024-08-27,1000000.00,3.739822,102.328125
13:09:29,91282CLD1,TSRYS5850288,D,B,C,2024-08-27,1000000.00,3.739822,102.328125
13:09:29,91282CLD1,TSRYS5850288,D,B,C,2024-08-27,1000000.00,3.739822,102.328125
13:09:29,91282CLD1,TSRYS5850288,D,S,D,2024-08-27,1000000.00,3.739822,102.328125
13:09:36,91282CLD1,TSRYS5850288,D,B,C,2024-08-27,1000000.00,3.73823,102.337890625
13:09:38,91282CLD1,TSRYS5850288,D,S,T,2024-08-27,1000000.00,3.737275,102.34375
13:09:38,91282CLD1,TSRYS5850288,D,S,T,2024-08-27,1000000.00,3.737275,102.34375
13:09:38,91282CLD1,TSRYS5850288,D,S,T,2024-08-27,1000000.00,3.737275,102.34375
13:09:39,91282CLD1,TSRYS5850288,D,S,T,2024-08-27,1000000.00,3.737275,102.34375
13:09:40,91282CLD1,TSRYS5850288,D,S,T,2024-08-27,1000000.00,3.737275,102.34375
13:09:40,91282CLD1,TSRYS5850288,D,S,T,2024-08-27,1000000.00,3.737275,102.34375
13:09:41,91282CLD1,TSRYS5850288,D,S,T,2024-08-27,1000000.00,3.737275,102.34375
13:09:41,91282CLD1,TSRYS5850288,D,S,T,2024-08-27,1000000.00,3.737275,102.34375
13:09:41,91282CLD1,TSRYS5850288,D,S,T,2024-08-27,1000000.00,3.737275,102.34375
13:09:41,91282CLD1,TSRYS5850288,D,S,T,2024-08-27,2000000.00,3.737275,102.34375
13:09:41,91282CLD1,TSRYS5850288,D,S,T,2024-08-27,1000000.00,3.737275,102.34375
13:09:41,91282CLD1,TSRYS5850288,D,S,T,2024-08-27,2000000.00,3.737275,102.34375
13:09:41,91282CLD1,TSRYS5850288,D,S,C,2024-08-27,1000000.00,3.737275,102.34375
13:09:42,91282CLD1,TSRYS5850288,D,S,T,2024-08-27,1000000.00,3.737275,102.34375
13:09:42,91282CLD1,TSRYS5850288,D,S,T,2024-08-27,1000000.00,3.737275,102.34375
13:09:42,91282CLD1,TSRYS5850288,D,S,T,2024-08-27,1000000.00,3.737275,102.34375
13:09:42,91282CLD1,TSRYS5850288,D,S,T,2024-08-27,1000000.00,3.737275,102.34375
13:09:42,91282CLD1,TSRYS5850288,D,S,D,2024-08-27,1000000.00,3.737275,102.34375
13:09:42,91282CLD1,TSRYS5850288,D,S,T,2024-08-27,1000000.00,3.737275,102.34375
13:09:42,91282CLD1,TSRYS5850288,D,S,T,2024-08-27,1000000.00,3.738548,102.3359375
13:09:42,91282CLD1,TSRYS5850288,D,S,T,2024-08-27,1000000.00,3.737275,102.34375
13:09:43,91282CLD1,TSRYS5850288,D,S,T,2024-08-27,1000000.00,3.737275,102.34375
13:09:43,91282CLD1,TSRYS5850288,D,S,C,2024-08-27,1000000.00,3.737242,102.34395
13:09:43,91282CLD1,TSRYS5850288,D,S,T,2024-08-27,1000000.00,3.737275,102.34375
13:09:43,91282CLD1,TSRYS5850288,D,S,C,2024-08-27,1000000.00,3.741072,102.3204625
13:09:43,91282CLD1,TSRYS5850288,D,B,C,2024-08-27,1000000.00,3.741096,102.3203125
13:09:44,91282CLD1,TSRYS5850288,D,B,C,2024-08-27,1000000.00,3.738548,102.3359375
13:09:44,91282CLD1,TSRYS5850288,D,S,C,2024-08-27,1000000.00,3.738524,102.3360875
13:09:44,91282CLD1,TSRYS5850288,D,S,C,2024-08-27,1000000.00,3.737275,102.34375
13:09:45,91282CLD1,TSRYS5850288,D,S,C,2024-08-27,1000000.00,3.737275,102.34375
13:09:45,91282CLD1,TSRYS5850288,D,S,D,2024-08-27,1000000.00,3.737275,102.34375
13:09:45,91282CLD1,TSRYS5850288,D,S,D,2024-08-27,1000000.00,3.737275,102.34375
13:09:46,91282CLD1,TSRYS5850288,D,S,D,2024-08-27,1000000.00,3.737275,102.34375
13:09:46,91282CLD1,TSRYS5850288,D,S,D,2024-08-27,2000000.00,3.737275,102.34375
13:09:46,91282CLD1,TSRYS5850288,D,S,D,2024-08-27,1000000.00,3.737275,102.34375
13:09:48,91282CLD1,TSRYS5850288,D,S,C,2024-08-27,1000000.00,3.736956,102.345703125
13:09:48,91282CLD1,TSRYS5850288,D,S,D,2024-08-27,1000000.00,3.737275,102.34375
13:09:49,91282CLD1,TSRYS5850288,D,S,C,2024-08-27,1000000.00,3.737275,102.34375
13:09:49,91282CLD1,TSRYS5850288,D,S,C,2024-08-27,1000000.00,3.737275,102.34375
13:09:49,91282CLD1,TSRYS5850288,D,S,D,2024-08-27,1000000.00,3.737275,102.34375
13:09:49,91282CLD1,TSRYS5850288,D,S,D,2024-08-27,1000000.00,3.737275,102.34375
13:09:49,91282CLD1,TSRYS5850288,D,S,T,2024-08-27,1000000.00,3.736956,102.345703125
13:09:50,91282CLD1,TSRYS5850288,D,S,T,2024-08-27,1000000.00,3.737275,102.34375
13:09:50,91282CLD1,TSRYS5850288,D,S,T,2024-08-27,1000000.00,3.737275,102.34375
13:09:50,91282CLD1,TSRYS5850288,D,S,T,2024-08-27,1000000.00,3.737275,102.34375
13:09:50,91282CLD1,TSRYS5850288,D,S,T,2024-08-27,1000000.00,3.737275,102.34375
13:09:50,91282CLD1,TSRYS5850288,D,S,T,2024-08-27,1000000.00,3.737275,102.34375
13:09:50,91282CLD1,TSRYS5850288,D,S,T,2024-08-27,1000000.00,3.737275,102.34375
13:09:50,91282CLD1,TSRYS5850288,D,S,T,2024-08-27,1000000.00,3.737275,102.34375
13:09:51,91282CLD1,TSRYS5850288,D,S,T,2024-08-27,1000000.00,3.737275,102.34375
13:09:51,91282CLD1,TSRYS5850288,D,S,T,2024-08-27,1000000.00,3.737275,102.34375
13:09:53,91282CLD1,TSRYS5850288,D,S,D,2024-08-27,1000000.00,3.737275,102.34375
13:09:53,91282CLD1,TSRYS5850288,D,S,C,2024-08-27,1000000.00,3.737275,102.34375
13:09:59,91282CLD1,TSRYS5850288,D,S,C,2024-08-27,1000000.00,3.741072,102.3204625
13:09:59,91282CLD1,TSRYS5850288,D,B,C,2024-08-27,1000000.00,3.741096,102.3203125
13:09:59,91282CLD1,TSRYS5850288,D,B,C,2024-08-27,1000000.00,3.741096,102.3203125
13:09:59,91282CLD1,TSRYS5850288,D,S,C,2024-08-27,1000000.00,3.741072,102.3204625
13:10:00,91282CLD1,TSRYS5850288,D,S,C,2024-08-27,1000000.00,3.738548,102.3359375
13:10:04,91282CLD1,TSRYS5850288,D,S,T,2024-08-27,36700000.00,3.736001,102.3515625
13:10:10,91282CLD1,TSRYS5850288,D,S,T,2024-08-27,1000000.00,3.739822,102.328125
13:10:12,91282CLD1,TSRYS5850288,D,S,C,2024-08-27,1000000.00,3.738548,102.3359375
13:10:14,91282CLD1,TSRYS5850288,D,S,T,2024-08-27,1000000.00,3.736638,102.34765625
13:10:14,91282CLD1,TSRYS5850288,D,S,T,2024-08-27,1000000.00,3.736319,102.349609375
13:10:14,91282CLD1,TSRYS5850288,D,S,T,2024-08-27,1000000.00,3.736001,102.3515625
13:10:14,91282CLD1,TSRYS5850288,D,S,T,2024-08-27,2000000.00,3.736001,102.3515625
13:10:14,91282CLD1,TSRYS5850288,D,S,T,2024-08-27,1000000.00,3.736001,102.3515625
13:10:14,91282CLD1,TSRYS5850288,D,S,T,2024-08-27,1000000.00,3.736001,102.3515625
13:10:19,91282CLD1,TSRYS5850288,D,S,D,2024-08-27,1000000.00,3.736638,102.34765625
13:10:20,91282CLD1,TSRYS5850288,D,S,D,2024-08-27,1000000.00,3.736319,102.349609375
13:10:20,91282CLD1,TSRYS5850288,D,B,C,2024-08-27,1000000.00,3.736319,102.349609375
13:10:20,91282CLD1,TSRYS5850288,D,S,D,2024-08-27,1000000.00,3.736319,102.349609375
13:10:20,91282CLD1,TSRYS5850288,D,B,C,2024-08-27,1000000.00,3.736319,102.349609375
13:10:20,91282CLD1,TSRYS5850288,D,S,D,2024-08-27,1000000.00,3.736319,102.349609375
13:10:20,91282CLD1,TSRYS5850288,D,S,D,2024-08-27,1000000.00,3.736001,102.3515625
13:10:20,91282CLD1,TSRYS5850288,D,S,T,2024-08-27,1000000.00,3.736001,102.3515625
13:10:20,91282CLD1,TSRYS5850288,D,S,T,2024-08-27,1000000.00,3.736001,102.3515625
13:10:21,91282CLD1,TSRYS5850288,D,B,C,2024-08-27,1000000.00,3.736001,102.3515625
13:10:21,91282CLD1,TSRYS5850288,D,S,D,2024-08-27,1000000.00,3.736001,102.3515625
13:10:21,91282CLD1,TSRYS5850288,D,B,C,2024-08-27,1000000.00,3.736001,102.3515625
13:10:21,91282CLD1,TSRYS5850288,D,S,D,2024-08-27,1000000.00,3.736001,102.3515625
13:10:21,91282CLD1,TSRYS5850288,D,S,D,2024-08-27,1000000.00,3.736001,102.3515625
13:10:21,91282CLD1,TSRYS5850288,D,S,D,2024-08-27,1000000.00,3.736001,102.3515625
13:10:22,91282CLD1,TSRYS5850288,D,B,C,2024-08-27,1000000.00,3.736001,102.3515625
13:10:22,91282CLD1,TSRYS5850288,D,S,D,2024-08-27,1000000.00,3.736001,102.3515625
13:10:22,91282CLD1,TSRYS5850288,D,B,C,2024-08-27,1000000.00,3.736001,102.3515625
13:10:22,91282CLD1,TSRYS5850288,D,S,D,2024-08-27,1000000.00,3.736001,102.3515625
13:10:22,91282CLD1,TSRYS5850288,D,S,D,2024-08-27,1000000.00,3.736001,102.3515625
13:10:22,91282CLD1,TSRYS5850288,D,S,D,2024-08-27,1000000.00,3.736001,102.3515625
13:10:22,91282CLD1,TSRYS5850288,D,B,C,2024-08-27,1000000.00,3.736001,102.3515625
13:10:23,91282CLD1,TSRYS5850288,D,S,D,2024-08-27,1000000.00,3.736001,102.3515625
13:10:23,91282CLD1,TSRYS5850288,D,B,C,2024-08-27,1000000.00,3.736001,102.3515625
13:10:23,91282CLD1,TSRYS5850288,D,S,D,2024-08-27,1000000.00,3.736001,102.3515625
13:10:23,91282CLD1,TSRYS5850288,D,B,C,2024-08-27,1000000.00,3.736001,102.3515625
13:10:23,91282CLD1,TSRYS5850288,D,S,D,2024-08-27,1000000.00,3.736001,102.3515625
13:10:24,91282CLD1,TSRYS5850288,D,S,T,2024-08-27,1000000.00,3.737275,102.34375
13:10:24,91282CLD1,TSRYS5850288,D,S,C,2024-08-27,1000000.00,3.737275,102.34375
13:10:24,91282CLD1,TSRYS5850288,D,S,D,2024-08-27,1000000.00,3.737275,102.34375
13:10:24,91282CLD1,TSRYS5850288,D,S,C,2024-08-27,1000000.00,3.737275,102.34375
13:10:25,91282CLD1,TSRYS5850288,D,S,T,2024-08-27,1000000.00,3.737275,102.34375
13:10:25,91282CLD1,TSRYS5850288,D,S,T,2024-08-27,1000000.00,3.737275,102.34375
13:10:25,91282CLD1,TSRYS5850288,D,S,D,2024-08-27,1000000.00,3.737275,102.34375
13:10:25,91282CLD1,TSRYS5850288,D,S,T,2024-08-27,1000000.00,3.737275,102.34375
13:10:25,91282CLD1,TSRYS5850288,D,S,T,2024-08-27,1000000.00,3.737275,102.34375
13:10:25,91282CLD1,TSRYS5850288,D,S,D,2024-08-27,1000000.00,3.737275,102.34375
13:10:25,91282CLD1,TSRYS5850288,D,S,T,2024-08-27,1000000.00,3.737275,102.34375
13:10:27,91282CLD1,TSRYS5850288,D,B,C,2024-08-27,1000000.00,3.738548,102.3359375
13:10:27,91282CLD1,TSRYS5850288,D,S,D,2024-08-27,1000000.00,3.738548,102.3359375
13:10:27,91282CLD1,TSRYS5850288,D,S,C,2024-08-27,1000000.00,3.737275,102.34375
13:10:27,91282CLD1,TSRYS5850288,D,S,C,2024-08-27,1000000.00,3.737275,102.34375
13:10:27,91282CLD1,TSRYS5850288,D,S,D,2024-08-27,1000000.00,3.737275,102.34375
13:10:27,91282CLD1,TSRYS5850288,D,S,C,2024-08-27,1000000.00,3.737275,102.34375
13:10:29,91282CLD1,TSRYS5850288,D,S,C,2024-08-27,1000000.00,3.737275,102.34375
13:10:42,91282CLD1,TSRYS5850288,D,S,C,2024-08-27,1000000.00,3.737275,102.34375
13:10:42,91282CLD1,TSRYS5850288,D,S,C,2024-08-27,2000000.00,3.73725,102.3439
13:10:42,91282CLD1,TSRYS5850288,D,S,C,2024-08-27,2000000.00,3.73725,102.3439
13:10:42,91282CLD1,TSRYS5850288,D,S,D,2024-08-27,1000000.00,3.737275,102.34375
13:10:46,91282CLD1,TSRYS5850288,D,S,T,2024-08-27,1000000.00,3.738548,102.3359375
13:10:46,91282CLD1,TSRYS5850288,D,S,T,2024-08-27,1000000.00,3.738548,102.3359375
13:10:53,91282CLD1,TSRYS5850288,D,S,D,2024-08-27,1000000.00,3.737275,102.34375
13:10:55,91282CLD1,TSRYS5850288,D,S,T,2024-08-27,1000000.00,3.737275,102.34375
13:10:57,91282CLD1,TSRYS5850288,D,S,D,2024-08-27,1000000.00,3.737275,102.34375
13:10:57,91282CLD1,TSRYS5850288,D,S,D,2024-08-27,1000000.00,3.737275,102.34375
13:10:57,91282CLD1,TSRYS5850288,D,S,C,2024-08-27,1000000.00,3.737275,102.34375
13:10:57,91282CLD1,TSRYS5850288,D,S,D,2024-08-27,1000000.00,3.737275,102.34375
13:10:58,91282CLD1,TSRYS5850288,D,S,D,2024-08-27,2000000.00,3.736001,102.3515625
13:11:05,91282CLD1,TSRYS5850288,D,S,T,2024-08-27,1000000.00,3.737275,102.34375
13:11:08,91282CLD1,TSRYS5850288,D,S,T,2024-08-27,1000000.00,3.737275,102.34375
13:11:08,91282CLD1,TSRYS5850288,D,S,T,2024-08-27,1000000.00,3.737275,102.34375
13:11:09,91282CLD1,TSRYS5850288,D,S,T,2024-08-27,1000000.00,3.737275,102.34375
13:11:11,91282CLD1,TSRYS5850288,D,S,T,2024-08-27,1000000.00,3.736001,102.3515625
13:11:12,91282CLD1,TSRYS5850288,D,S,D,2024-08-27,1000000.00,3.736001,102.3515625
13:11:12,91282CLD1,TSRYS5850288,D,B,C,2024-08-27,1000000.00,3.736001,102.3515625
13:11:12,91282CLD1,TSRYS5850288,D,S,D,2024-08-27,1000000.00,3.736001,102.3515625
13:11:12,91282CLD1,TSRYS5850288,D,S,D,2024-08-27,1000000.00,3.736001,102.3515625
13:11:13,91282CLD1,TSRYS5850288,D,S,C,2024-08-27,1000000.00,3.738548,102.3359375
13:11:13,91282CLD1,TSRYS5850288,D,S,C,2024-08-27,1000000.00,3.738548,102.3359375
13:11:21,91282CLD1,TSRYS5850288,D,S,T,2024-08-27,1000000.00,3.736001,102.3515625
13:11:33,91282CLD1,TSRYS5850288,D,S,C,2024-08-27,26255000.00,3.735968,102.3517625
13:11:34,91282CLD1,TSRYS5850288,D,S,D,2024-08-27,26255000.00,3.735968,102.3517625
13:11:46,91282CLD1,TSRYS5850288,D,S,C,2024-08-27,1000000.00,3.737275,102.34375
13:11:47,91282CLD1,TSRYS5850288,D,S,C,2024-08-27,1000000.00,3.737234,102.344
13:11:47,91282CLD1,TSRYS5850288,D,S,C,2024-08-27,1000000.00,3.737234,102.344
13:11:47,91282CLD1,TSRYS5850288,D,B,C,2024-08-27,1000000.00,3.737275,102.34375
13:11:47,91282CLD1,TSRYS5850288,D,S,C,2024-08-27,1000000.00,3.737234,102.344
13:11:47,91282CLD1,TSRYS5850288,D,B,C,2024-08-27,1000000.00,3.736001,102.3515625
13:11:47,91282CLD1,TSRYS5850288,D,S,D,2024-08-27,1000000.00,3.736001,102.3515625
13:11:59,91282CLD1,TSRYS5850288,D,S,C,2024-08-27,1000000.00,3.737275,102.34375
13:12:18,91282CLD1,TSRYS5850288,D,B,C,2024-08-27,8200000.00,3.8344,101.75
13:12:24,91282CLD1,TSRYS5850288,D,S,D,2024-08-27,1000000.00,3.734728,102.359375
13:12:24,91282CLD1,TSRYS5850288,D,S,D,2024-08-27,2000000.00,3.735046,102.357421875
13:12:25,91282CLD1,TSRYS5850288,D,B,C,2024-08-27,57000000.00,3.736001,102.3515625
13:12:27,91282CLD1,TSRYS5850288,D,S,C,2024-08-27,1000000.00,3.735964,102.3517895
13:12:27,91282CLD1,TSRYS5850288,D,B,C,2024-08-27,1000000.00,3.736001,102.3515625
13:12:28,91282CLD1,TSRYS5850288,D,S,T,2024-08-27,1000000.00,3.736001,102.3515625
13:12:33,91282CLD1,TSRYS5850288,D,S,T,2024-08-27,1000000.00,3.735364,102.35546875
13:12:33,91282CLD1,TSRYS5850288,D,S,T,2024-08-27,1000000.00,3.736001,102.3515625
13:12:33,91282CLD1,TSRYS5850288,D,S,T,2024-08-27,2000000.00,3.735046,102.357421875
13:12:38,91282CLD1,TSRYS5850288,D,S,D,2024-08-27,1000000.00,3.735364,102.35546875
13:12:38,91282CLD1,TSRYS5850288,D,B,C,2024-08-27,8250000.00,3.8344,101.75
13:12:38,91282CLD1,TSRYS5850288,D,B,C,2024-08-27,1000000.00,3.735046,102.357421875
13:12:38,91282CLD1,TSRYS5850288,D,S,D,2024-08-27,1000000.00,3.735046,102.357421875
13:12:38,91282CLD1,TSRYS5850288,D,S,D,2024-08-27,2000000.00,3.735046,102.357421875
13:12:39,91282CLD1,TSRYS5850288,D,S,D,2024-08-27,5000000.00,3.735046,102.357421875
13:12:39,91282CLD1,TSRYS5850288,D,S,D,2024-08-27,3000000.00,3.735046,102.357421875
13:12:42,91282CLD1,TSRYS5850288,D,S,D,2024-08-27,90000.00,3.735046,102.357421875
13:12:43,91282CLD1,TSRYS5850288,D,S,D,2024-08-27,90000.00,3.734321,102.361866319
13:12:44,91282CLD1,TSRYS5850288,D,S,D,2024-08-27,2000000.00,3.735046,102.357421875
13:12:44,91282CLD1,TSRYS5850288,D,S,D,2024-08-27,1000000.00,3.735046,102.357421875
13:12:44,91282CLD1,TSRYS5850288,D,S,D,2024-08-27,1000000.00,3.735364,102.35546875
13:12:53,91282CLD1,TSRYS5850288,D,B,C,2024-08-27,8250000.00,3.8344,101.75
13:13:08,91282CLD1,TSRYS5850288,D,S,T,2024-08-27,1000000.00,3.735046,102.357421875
13:13:08,91282CLD1,TSRYS5850288,D,S,T,2024-08-27,1000000.00,3.734728,102.359375
13:13:08,91282CLD1,TSRYS5850288,D,S,T,2024-08-27,1000000.00,3.734728,102.359375
13:13:09,91282CLD1,TSRYS5850288,D,S,T,2024-08-27,1000000.00,3.734728,102.359375
13:13:12,91282CLD1,TSRYS5850288,D,S,T,2024-08-27,1000000.00,3.734728,102.359375
13:13:12,91282CLD1,TSRYS5850288,D,S,T,2024-08-27,1000000.00,3.734728,102.359375
13:13:13,91282CLD1,TSRYS5850288,D,S,D,2024-08-27,1000000.00,3.734728,102.359375
13:13:13,91282CLD1,TSRYS5850288,D,S,D,2024-08-27,1000000.00,3.735046,102.357421875
13:13:14,91282CLD1,TSRYS5850288,D,S,C,2024-08-27,1000000.00,3.735952,102.3518625
13:13:19,91282CLD1,TSRYS5850288,D,S,D,2024-08-27,1000000.00,3.734728,102.359375
13:13:19,91282CLD1,TSRYS5850288,D,S,D,2024-08-27,1000000.00,3.735046,102.357421875
13:13:19,91282CLD1,TSRYS5850288,D,S,D,2024-08-27,1000000.00,3.734728,102.359375
13:13:19,91282CLD1,TSRYS5850288,D,S,T,2024-08-27,1000000.00,3.734728,102.359375
13:13:19,91282CLD1,TSRYS5850288,D,S,T,2024-08-27,1000000.00,3.734728,102.359375
13:13:21,91282CLD1,TSRYS5850288,D,S,D,2024-08-27,19870000.00,3.8344,101.75
13:13:22,91282CLD1,TSRYS5850288,D,S,D,2024-08-27,1000000.00,3.734728,102.359375
13:13:22,91282CLD1,TSRYS5850288,D,S,T,2024-08-27,1000000.00,3.734728,102.359375
13:13:23,91282CLD1,TSRYS5850288,D,S,T,2024-08-27,1000000.00,3.737299,102.343598
13:13:32,91282CLD1,TSRYS5850288,D,S,C,2024-08-27,1000000.00,3.736001,102.3515625
13:13:32,91282CLD1,TSRYS5850288,D,S,C,2024-08-27,2000000.00,3.735977,102.3517125
13:13:32,91282CLD1,TSRYS5850288,D,B,C,2024-08-27,2000000.00,3.736001,102.3515625
13:13:42,91282CLD1,TSRYS5850288,D,S,T,2024-08-27,19870000.00,3.8344,101.75
13:13:47,91282CLD1,TSRYS5850288,D,S,C,2024-08-27,1000000.00,3.734728,102.359375
13:13:47,91282CLD1,TSRYS5850288,D,B,C,2024-08-27,1000000.00,3.734752,102.359225
13:14:00,91282CLD1,TSRYS5850288,D,S,T,2024-08-27,1000000.00,3.733454,102.3671875
13:14:00,91282CLD1,TSRYS5850288,D,S,T,2024-08-27,1000000.00,3.733454,102.3671875
13:14:00,91282CLD1,TSRYS5850288,D,S,T,2024-08-27,1000000.00,3.733454,102.3671875
13:14:01,91282CLD1,TSRYS5850288,D,S,D,2024-08-27,1000000.00,3.733454,102.3671875
13:14:02,91282CLD1,TSRYS5850288,D,S,D,2024-08-27,1000000.00,3.734728,102.359375
13:14:02,91282CLD1,TSRYS5850288,D,S,D,2024-08-27,1000000.00,3.734728,102.359375
13:14:02,91282CLD1,TSRYS5850288,D,S,D,2024-08-27,1000000.00,3.734728,102.359375
13:14:02,91282CLD1,TSRYS5850288,D,B,C,2024-08-27,1000000.00,3.734768,102.359125
13:14:02,91282CLD1,TSRYS5850288,D,S,D,2024-08-27,1000000.00,3.734728,102.359375
13:14:02,91282CLD1,TSRYS5850288,D,B,C,2024-08-27,1000000.00,3.734728,102.359375
13:14:02,91282CLD1,TSRYS5850288,D,S,D,2024-08-27,1000000.00,3.734728,102.359375
13:14:02,91282CLD1,TSRYS5850288,D,S,D,2024-08-27,1000000.00,3.734728,102.359375
13:14:02,91282CLD1,TSRYS5850288,D,S,D,2024-08-27,1000000.00,3.734728,102.359375
13:14:02,91282CLD1,TSRYS5850288,D,S,D,2024-08-27,1000000.00,3.734728,102.359375
13:14:02,91282CLD1,TSRYS5850288,D,B,C,2024-08-27,1000000.00,3.734728,102.359375
13:14:02,91282CLD1,TSRYS5850288,D,B,C,2024-08-27,1000000.00,3.734728,102.359375
13:14:02,91282CLD1,TSRYS5850288,D,B,C,2024-08-27,1000000.00,3.73476,102.359175
13:14:02,91282CLD1,TSRYS5850288,D,S,D,2024-08-27,1000000.00,3.734728,102.359375
13:14:02,91282CLD1,TSRYS5850288,D,S,D,2024-08-27,1000000.00,3.734728,102.359375
13:14:05,91282CLD1,TSRYS5850288,D,S,T,2024-08-27,1000000.00,3.733454,102.3671875
13:14:08,91282CLD1,TSRYS5850288,D,S,D,2024-08-27,90000.00,3.732499,102.373046875
13:14:09,91282CLD1,TSRYS5850288,D,S,D,2024-08-27,90000.00,3.731775,102.377491319
13:14:09,91282CLD1,TSRYS5850288,D,B,C,2024-08-27,1000000.00,3.732214,102.3748
13:14:09,91282CLD1,TSRYS5850288,D,S,D,2024-08-27,1000000.00,3.732181,102.375
13:14:09,91282CLD1,TSRYS5850288,D,S,T,2024-08-27,1000000.00,3.732181,102.375
13:14:09,91282CLD1,TSRYS5850288,D,S,D,2024-08-27,2000000.00,3.732181,102.375
13:14:10,91282CLD1,TSRYS5850288,D,S,T,2024-08-27,1000000.00,3.732181,102.375
13:14:15,91282CLD1,TSRYS5850288,D,B,C,2024-08-27,1000000.00,3.734728,102.359375
13:14:15,91282CLD1,TSRYS5850288,D,S,D,2024-08-27,1000000.00,3.734728,102.359375
13:14:16,91282CLD1,TSRYS5850288,D,S,T,2024-08-27,1000000.00,3.732181,102.375
13:14:30,91282CLD1,TSRYS5850288,D,S,D,2024-08-27,1000000.00,3.733438,102.3672895
13:14:30,91282CLD1,TSRYS5850288,D,B,C,2024-08-27,1000000.00,3.733454,102.3671875
13:14:30,91282CLD1,TSRYS5850288,D,S,D,2024-08-27,1000000.00,3.733438,102.3672895
13:14:30,91282CLD1,TSRYS5850288,D,S,D,2024-08-27,1000000.00,3.733438,102.3672895
13:14:34,91282CLD1,TSRYS5850288,D,S,D,2024-08-27,160000.00,3.733454,102.3671875
13:14:34,91282CLD1,TSRYS5850288,D,S,T,2024-08-27,1000000.00,3.733454,102.3671875
13:14:34,91282CLD1,TSRYS5850288,D,S,D,2024-08-27,160000.00,3.733047,102.3696875
13:14:44,91282CLD1,TSRYS5850288,D,S,D,2024-08-27,1000000.00,3.733454,102.3671875
13:14:57,91282CLD1,TSRYS5850288,D,S,C,2024-08-27,350000.00,3.733454,102.367187
13:14:59,91282CLD1,TSRYS5850288,D,S,D,2024-08-27,4000000.00,3.733454,102.3671875
13:14:59,91282CLD1,TSRYS5850288,D,S,D,2024-08-27,350000.00,3.733454,102.3671875
13:15:00,91282CLD1,TSRYS5850288,D,S,C,2024-08-27,1000000.00,3.732132,102.3753
13:15:00,91282CLD1,TSRYS5850288,D,S,C,2024-08-27,1000000.00,3.73343,102.3673375
13:15:00,91282CLD1,TSRYS5850288,D,B,C,2024-08-27,1000000.00,3.733454,102.3671875
13:15:00,91282CLD1,TSRYS5850288,D,S,C,2024-08-27,1000000.00,3.73343,102.3673375
13:15:06,91282CLD1,TSRYS5850288,D,S,D,2024-08-27,1000000.00,3.734728,102.359375
13:15:06,91282CLD1,TSRYS5850288,D,B,C,2024-08-27,1000000.00,3.734728,102.359375
13:15:07,91282CLD1,TSRYS5850288,D,S,T,2024-08-27,1000000.00,3.734728,102.359375
13:15:07,91282CLD1,TSRYS5850288,D,S,T,2024-08-27,1000000.00,3.734728,102.359375
13:15:07,91282CLD1,TSRYS5850288,D,S,T,2024-08-27,1000000.00,3.734728,102.359375
13:15:07,91282CLD1,TSRYS5850288,D,S,T,2024-08-27,4000000.00,3.734728,102.359375
13:15:09,91282CLD1,TSRYS5850288,D,S,D,2024-08-27,4000000.00,3.734728,102.359375
13:15:14,91282CLD1,TSRYS5850288,D,S,D,2024-08-27,1000000.00,3.734728,102.359375
13:15:25,91282CLD1,TSRYS5850288,D,S,D,2024-08-27,1000000.00,3.734728,102.359375
13:15:25,91282CLD1,TSRYS5850288,D,S,D,2024-08-27,1000000.00,3.734728,102.359375
13:15:26,91282CLD1,TSRYS5850288,D,S,C,2024-08-27,1000000.00,3.734728,102.359375
13:15:26,91282CLD1,TSRYS5850288,D,S,T,2024-08-27,1000000.00,3.734728,102.359375
13:15:26,91282CLD1,TSRYS5850288,D,S,T,2024-08-27,1000000.00,3.734728,102.359375
13:15:26,91282CLD1,TSRYS5850288,D,S,T,2024-08-27,1000000.00,3.734728,102.359375
13:15:26,91282CLD1,TSRYS5850288,D,S,T,2024-08-27,1000000.00,3.734728,102.359375
13:15:26,91282CLD1,TSRYS5850288,D,S,T,2024-08-27,1000000.00,3.734728,102.359375
13:15:27,91282CLD1,TSRYS5850288,D,S,T,2024-08-27,1000000.00,3.734728,102.359375
13:15:27,91282CLD1,TSRYS5850288,D,S,T,2024-08-27,1000000.00,3.734728,102.359375
13:15:27,91282CLD1,TSRYS5850288,D,S,T,2024-08-27,1000000.00,3.734728,102.359375
13:15:28,91282CLD1,TSRYS5850288,D,S,T,2024-08-27,1000000.00,3.734728,102.359375
13:15:30,91282CLD1,TSRYS5850288,D,S,C,2024-08-27,1000000.00,3.734728,102.359375
13:15:30,91282CLD1,TSRYS5850288,D,B,C,2024-08-27,4000000.00,3.733487,102.3669875
13:15:30,91282CLD1,TSRYS5850288,D,S,D,2024-08-27,4000000.00,3.733454,102.3671875
13:15:32,91282CLD1,TSRYS5850288,D,S,T,2024-08-27,1000000.00,3.734728,102.359375
13:15:34,91282CLD1,TSRYS5850288,D,S,D,2024-08-27,1000000.00,3.734728,102.359375
13:15:34,91282CLD1,TSRYS5850288,D,S,D,2024-08-27,1000000.00,3.734728,102.359375
13:15:41,91282CLD1,TSRYS5850288,D,S,T,2024-08-27,1000000.00,3.734728,102.359375
13:15:42,91282CLD1,TSRYS5850288,D,S,T,2024-08-27,1000000.00,3.734728,102.359375
13:15:47,91282CLD1,TSRYS5850288,D,S,D,2024-08-27,1000000.00,3.734728,102.359375
13:15:48,91282CLD1,TSRYS5850288,D,S,D,2024-08-27,1000000.00,3.734728,102.359375
13:15:48,91282CLD1,TSRYS5850288,D,S,C,2024-08-27,1000000.00,3.734728,102.359375
13:15:48,91282CLD1,TSRYS5850288,D,S,C,2024-08-27,1000000.00,3.734728,102.359375
13:15:48,91282CLD1,TSRYS5850288,D,S,D,2024-08-27,4000000.00,3.734728,102.359375
13:15:48,91282CLD1,TSRYS5850288,D,S,T,2024-08-27,1000000.00,3.734728,102.359375
13:15:52,91282CLD1,TSRYS5850288,D,S,T,2024-08-27,1000000.00,3.734728,102.359375
13:15:52,91282CLD1,TSRYS5850288,D,B,C,2024-08-27,1000000.00,3.734728,102.359375
13:15:56,91282CLD1,TSRYS5850288,D,S,D,2024-08-27,25000.00,3.727089,102.40625
13:15:56,91282CLD1,TSRYS5850288,D,S,C,2024-08-27,25000.00,3.727089,102.40625
13:15:56,91282CLD1,TSRYS5850288,D,S,D,2024-08-27,25000.00,3.727089,102.40625
13:15:56,91282CLD1,TSRYS5850288,D,S,C,2024-08-27,25000.00,3.727089,102.40625
13:16:03,91282CLD1,TSRYS5850288,D,S,C,2024-08-27,1000000.00,3.734691,102.359602
13:16:18,91282CLD1,TSRYS5850288,D,S,T,2024-08-27,1000000.00,3.733454,102.3671875
13:16:18,91282CLD1,TSRYS5850288,D,S,D,2024-08-27,1000000.00,3.734728,102.359375
13:16:18,91282CLD1,TSRYS5850288,D,B,C,2024-08-27,1000000.00,3.734728,102.359375
13:16:18,91282CLD1,TSRYS5850288,D,S,C,2024-08-27,1000000.00,3.734687,102.359625
13:16:18,91282CLD1,TSRYS5850288,D,S,C,2024-08-27,1000000.00,3.734728,102.359375
13:16:18,91282CLD1,TSRYS5850288,D,S,C,2024-08-27,1000000.00,3.734728,102.359375
13:16:18,91282CLD1,TSRYS5850288,D,S,C,2024-08-27,1000000.00,3.734711,102.359475
13:16:18,91282CLD1,TSRYS5850288,D,B,C,2024-08-27,1000000.00,3.734728,102.359375
13:16:18,91282CLD1,TSRYS5850288,D,S,D,2024-08-27,1000000.00,3.734728,102.359375
13:16:18,91282CLD1,TSRYS5850288,D,S,D,2024-08-27,1000000.00,3.734728,102.359375
13:16:18,91282CLD1,TSRYS5850288,D,B,C,2024-08-27,1000000.00,3.734728,102.359375
13:16:18,91282CLD1,TSRYS5850288,D,S,D,2024-08-27,1000000.00,3.734728,102.359375
13:16:30,91282CLD1,TSRYS5850288,D,S,T,2024-08-27,1000000.00,3.732181,102.375
13:16:30,91282CLD1,TSRYS5850288,D,S,T,2024-08-27,1000000.00,3.732181,102.375
13:16:30,91282CLD1,TSRYS5850288,D,S,T,2024-08-27,1000000.00,3.732181,102.375
13:16:33,91282CLD1,TSRYS5850288,D,S,D,2024-08-27,1000000.00,3.734728,102.359375
13:16:33,91282CLD1,TSRYS5850288,D,S,D,2024-08-27,1000000.00,3.734728,102.359375
13:16:33,91282CLD1,TSRYS5850288,D,S,C,2024-08-27,1000000.00,3.734728,102.359375
13:16:33,91282CLD1,TSRYS5850288,D,S,D,2024-08-27,1000000.00,3.734728,102.359375
13:16:39,91282CLD1,TSRYS5850288,D,S,T,2024-08-27,1000000.00,3.732181,102.375
13:16:42,91282CLD1,TSRYS5850288,D,S,T,2024-08-27,1000000.00,3.732181,102.375
13:16:42,91282CLD1,TSRYS5850288,D,S,D,2024-08-27,3000000.00,3.732181,102.375
13:16:44,91282CLD1,TSRYS5850288,D,S,D,2024-08-27,1000000.00,3.732181,102.375
13:16:48,91282CLD1,TSRYS5850288,D,S,D,2024-08-27,1000000.00,3.732181,102.375
13:16:49,91282CLD1,TSRYS5850288,D,S,T,2024-08-27,2000000.00,3.732181,102.375
13:16:49,91282CLD1,TSRYS5850288,D,S,T,2024-08-27,2000000.00,3.732181,102.375
13:16:49,91282CLD1,TSRYS5850288,D,S,T,2024-08-27,2000000.00,3.732181,102.375
13:16:49,91282CLD1,TSRYS5850288,D,S,T,2024-08-27,2000000.00,3.732181,102.375
13:16:53,91282CLD1,TSRYS5850288,D,S,T,2024-08-27,1000000.00,3.732181,102.375
13:16:53,91282CLD1,TSRYS5850288,D,S,T,2024-08-27,1000000.00,3.732181,102.375
13:16:53,91282CLD1,TSRYS5850288,D,S,T,2024-08-27,1000000.00,3.732181,102.375
13:16:55,91282CLD1,TSRYS5850288,D,S,T,2024-08-27,1000000.00,3.732181,102.375
13:16:55,91282CLD1,TSRYS5850288,D,S,T,2024-08-27,1000000.00,3.732181,102.375
13:16:55,91282CLD1,TSRYS5850288,D,S,T,2024-08-27,1000000.00,3.733454,102.3671875
13:17:00,91282CLD1,TSRYS5850288,D,S,C,2024-08-27,1000000.00,3.73343,102.3673375
13:17:00,91282CLD1,TSRYS5850288,D,B,C,2024-08-27,1000000.00,3.733454,102.3671875
13:17:00,91282CLD1,TSRYS5850288,D,S,C,2024-08-27,1000000.00,3.73343,102.3673375
13:17:00,91282CLD1,TSRYS5850288,D,S,D,2024-08-27,1000000.00,3.732181,102.375
13:17:00,91282CLD1,TSRYS5850288,D,S,D,2024-08-27,1000000.00,3.732181,102.375
13:17:00,91282CLD1,TSRYS5850288,D,B,C,2024-08-27,1000000.00,3.732222,102.37475
13:17:00,91282CLD1,TSRYS5850288,D,S,D,2024-08-27,1000000.00,3.732181,102.375
13:17:02,91282CLD1,TSRYS5850288,D,S,D,2024-08-27,19880000.00,3.8344,101.75
13:17:03,91282CLD1,TSRYS5850288,D,S,T,2024-08-27,1000000.00,3.733454,102.3671875
13:17:04,91282CLD1,TSRYS5850288,D,S,C,2024-08-27,1000000.00,3.733454,102.3671875
13:17:06,91282CLD1,TSRYS5850288,D,S,T,2024-08-27,1000000.00,3.732181,102.375
13:17:09,91282CLD1,TSRYS5850288,D,S,T,2024-08-27,9950000.00,3.8344,101.75
13:17:10,91282CLD1,TSRYS5850288,D,S,C,2024-08-27,1000000.00,3.732499,102.37304687
13:17:10,91282CLD1,TSRYS5850288,D,S,D,2024-08-27,1000000.00,3.734728,102.359375
13:17:14,91282CLD1,TSRYS5850288,D,S,C,2024-08-27,1000000.00,3.732499,102.37304687
13:17:14,91282CLD1,TSRYS5850288,D,S,D,2024-08-27,63000.00,3.734091,102.36328125
13:17:15,91282CLD1,TSRYS5850288,D,B,C,2024-08-27,1000000.00,3.732181,102.375
13:17:15,91282CLD1,TSRYS5850288,D,B,C,2024-08-27,1000000.00,3.732181,102.375
13:17:15,91282CLD1,TSRYS5850288,D,S,D,2024-08-27,1000000.00,3.732181,102.375
13:17:15,91282CLD1,TSRYS5850288,D,B,C,2024-08-27,1000000.00,3.732181,102.375
13:17:15,91282CLD1,TSRYS5850288,D,S,D,2024-08-27,1000000.00,3.732181,102.375
13:17:15,91282CLD1,TSRYS5850288,D,S,D,2024-08-27,1000000.00,3.732181,102.375
13:17:15,91282CLD1,TSRYS5850288,D,S,D,2024-08-27,1000000.00,3.732181,102.375
13:17:15,91282CLD1,TSRYS5850288,D,B,C,2024-08-27,1000000.00,3.732181,102.375
13:17:15,91282CLD1,TSRYS5850288,D,S,D,2024-08-27,1000000.00,3.732181,102.375
13:17:15,91282CLD1,TSRYS5850288,D,S,D,2024-08-27,1000000.00,3.732181,102.375
13:17:15,91282CLD1,TSRYS5850288,D,S,D,2024-08-27,1000000.00,3.732181,102.375
13:17:15,91282CLD1,TSRYS5850288,D,B,C,2024-08-27,1000000.00,3.732181,102.375
13:17:15,91282CLD1,TSRYS5850288,D,S,D,2024-08-27,1000000.00,3.732181,102.375
13:17:15,91282CLD1,TSRYS5850288,D,B,C,2024-08-27,1000000.00,3.732181,102.375
13:17:15,91282CLD1,TSRYS5850288,D,S,D,2024-08-27,1000000.00,3.732181,102.375
13:17:15,91282CLD1,TSRYS5850288,D,B,C,2024-08-27,1000000.00,3.732181,102.375
13:17:15,91282CLD1,TSRYS5850288,D,B,C,2024-08-27,1000000.00,3.732181,102.375
13:17:15,91282CLD1,TSRYS5850288,D,S,D,2024-08-27,1000000.00,3.732181,102.375
13:17:15,91282CLD1,TSRYS5850288,D,B,C,2024-08-27,1000000.00,3.732181,102.375
13:17:15,91282CLD1,TSRYS5850288,D,S,D,2024-08-27,1000000.00,3.732181,102.375
13:17:15,91282CLD1,TSRYS5850288,D,S,D,2024-08-27,1000000.00,3.732181,102.375
13:17:15,91282CLD1,TSRYS5850288,D,S,D,2024-08-27,1000000.00,3.732181,102.375
13:17:15,91282CLD1,TSRYS5850288,D,B,C,2024-08-27,1000000.00,3.732222,102.37475
13:17:15,91282CLD1,TSRYS5850288,D,B,C,2024-08-27,1000000.00,3.732181,102.375
13:17:15,91282CLD1,TSRYS5850288,D,S,D,2024-08-27,1000000.00,3.732181,102.375
13:17:15,91282CLD1,TSRYS5850288,D,B,C,2024-08-27,1000000.00,3.732181,102.375
13:17:16,91282CLD1,TSRYS5850288,D,S,D,2024-08-27,1000000.00,3.732181,102.375
13:17:16,91282CLD1,TSRYS5850288,D,S,D,2024-08-27,1000000.00,3.733454,102.3671875
13:17:24,91282CLD1,TSRYS5850288,D,S,T,2024-08-27,14900000.00,3.8344,101.75
13:17:26,91282CLD1,TSRYS5850288,D,S,T,2024-08-27,1000000.00,3.733454,102.3671875
13:17:27,91282CLD1,TSRYS5850288,D,B,A,2024-08-27,1000000.00,3.732818,102.37109375
13:17:27,91282CLD1,TSRYS5850288,D,S,D,2024-08-27,1000000.00,3.732818,102.37109375
13:17:29,91282CLD1,TSRYS5850288,D,S,T,2024-08-27,1000000.00,3.732181,102.375
13:17:30,91282CLD1,TSRYS5850288,D,S,D,2024-08-27,1000000.00,3.732181,102.375
13:17:30,91282CLD1,TSRYS5850288,D,S,D,2024-08-27,1000000.00,3.732181,102.375
13:17:30,91282CLD1,TSRYS5850288,D,S,D,2024-08-27,2000000.00,3.732181,102.375
13:17:30,91282CLD1,TSRYS5850288,D,S,D,2024-08-27,2000000.00,3.732181,102.375
13:17:30,91282CLD1,TSRYS5850288,D,S,D,2024-08-27,2000000.00,3.732181,102.375
13:17:30,91282CLD1,TSRYS5850288,D,S,D,2024-08-27,2000000.00,3.732181,102.375
13:17:30,91282CLD1,TSRYS5850288,D,S,D,2024-08-27,1000000.00,3.732181,102.375
13:17:30,91282CLD1,TSRYS5850288,D,S,D,2024-08-27,1000000.00,3.732181,102.375
13:17:32,91282CLD1,TSRYS5850288,D,S,C,2024-08-27,1199000.00,3.734091,102.36328125
13:17:48,91282CLD1,TSRYS5850288,D,S,D,2024-08-27,2000000.00,3.732181,102.375
13:17:48,91282CLD1,TSRYS5850288,D,S,T,2024-08-27,3000000.00,3.732181,102.375
13:17:48,91282CLD1,TSRYS5850288,D,S,D,2024-08-27,1000000.00,3.733454,102.3671875
13:17:48,91282CLD1,TSRYS5850288,D,S,T,2024-08-27,6000000.00,3.732181,102.375
13:17:49,91282CLD1,TSRYS5850288,D,S,D,2024-08-27,1000000.00,3.732181,102.375
13:17:49,91282CLD1,TSRYS5850288,D,S,T,2024-08-27,1000000.00,3.732181,102.375
13:17:49,91282CLD1,TSRYS5850288,D,S,T,2024-08-27,1000000.00,3.732181,102.375
13:17:49,91282CLD1,TSRYS5850288,D,S,C,2024-08-27,1000000.00,3.732181,102.375
13:17:49,91282CLD1,TSRYS5850288,D,S,T,2024-08-27,1000000.00,3.732181,102.375
13:17:49,91282CLD1,TSRYS5850288,D,S,T,2024-08-27,1000000.00,3.732181,102.375
13:17:50,91282CLD1,TSRYS5850288,D,S,T,2024-08-27,1000000.00,3.732181,102.375
13:17:50,91282CLD1,TSRYS5850288,D,S,C,2024-08-27,1000000.00,3.732181,102.375
13:17:50,91282CLD1,TSRYS5850288,D,S,C,2024-08-27,1000000.00,3.732181,102.375
13:17:50,91282CLD1,TSRYS5850288,D,S,T,2024-08-27,1000000.00,3.732181,102.375
13:17:51,91282CLD1,TSRYS5850288,D,S,D,2024-08-27,1000000.00,3.732181,102.375
13:17:51,91282CLD1,TSRYS5850288,D,S,T,2024-08-27,1000000.00,3.732181,102.375
13:17:51,91282CLD1,TSRYS5850288,D,S,T,2024-08-27,1000000.00,3.732181,102.375
13:17:51,91282CLD1,TSRYS5850288,D,S,T,2024-08-27,1000000.00,3.732181,102.375
13:17:52,91282CLD1,TSRYS5850288,D,S,T,2024-08-27,1000000.00,3.732181,102.375
13:17:52,91282CLD1,TSRYS5850288,D,S,T,2024-08-27,1000000.00,3.732181,102.375
13:17:52,91282CLD1,TSRYS5850288,D,S,T,2024-08-27,2000000.00,3.732181,102.375
13:17:52,91282CLD1,TSRYS5850288,D,S,T,2024-08-27,1000000.00,3.732181,102.375
13:17:52,91282CLD1,TSRYS5850288,D,S,T,2024-08-27,1000000.00,3.732181,102.375
13:17:52,91282CLD1,TSRYS5850288,D,S,T,2024-08-27,6000000.00,3.732181,102.375
13:17:52,91282CLD1,TSRYS5850288,D,S,C,2024-08-27,1000000.00,3.732181,102.375
13:17:52,91282CLD1,TSRYS5850288,D,S,C,2024-08-27,1000000.00,3.732181,102.375
13:17:54,91282CLD1,TSRYS5850288,D,S,D,2024-08-27,1000000.00,3.732181,102.375
13:17:54,91282CLD1,TSRYS5850288,D,S,D,2024-08-27,1000000.00,3.732181,102.375
13:17:54,91282CLD1,TSRYS5850288,D,S,D,2024-08-27,1000000.00,3.732181,102.375
13:18:04,91282CLD1,TSRYS5850288,D,S,D,2024-08-27,1000000.00,3.732181,102.375
13:18:04,91282CLD1,TSRYS5850288,D,S,D,2024-08-27,1000000.00,3.732181,102.375
13:18:04,91282CLD1,TSRYS5850288,D,S,D,2024-08-27,1000000.00,3.732181,102.375
13:18:04,91282CLD1,TSRYS5850288,D,S,D,2024-08-27,1000000.00,3.732181,102.375
13:18:04,91282CLD1,TSRYS5850288,D,S,D,2024-08-27,1000000.00,3.732181,102.375
13:18:04,91282CLD1,TSRYS5850288,D,B,C,2024-08-27,1000000.00,3.732181,102.375
13:18:04,91282CLD1,TSRYS5850288,D,S,T,2024-08-27,1000000.00,3.731863,102.376953125
13:18:04,91282CLD1,TSRYS5850288,D,S,C,2024-08-27,1000000.00,3.731863,102.376953125
13:18:06,91282CLD1,TSRYS5850288,D,S,T,2024-08-27,1000000.00,3.731863,102.376953125
13:18:06,91282CLD1,TSRYS5850288,D,S,C,2024-08-27,1000000.00,3.731544,102.37890625
13:18:06,91282CLD1,TSRYS5850288,D,S,C,2024-08-27,1000000.00,3.731544,102.37890625
13:18:06,91282CLD1,TSRYS5850288,D,S,C,2024-08-27,1000000.00,3.731863,102.376953125
13:18:06,91282CLD1,TSRYS5850288,D,S,C,2024-08-27,1000000.00,3.731544,102.37890625
13:18:06,91282CLD1,TSRYS5850288,D,B,C,2024-08-27,1000000.00,3.731544,102.37890625
13:18:06,91282CLD1,TSRYS5850288,D,S,C,2024-08-27,1000000.00,3.731544,102.37890625
13:18:06,91282CLD1,TSRYS5850288,D,S,D,2024-08-27,1000000.00,3.731544,102.37890625
13:18:06,91282CLD1,TSRYS5850288,D,S,T,2024-08-27,1000000.00,3.731544,102.37890625
13:18:06,91282CLD1,TSRYS5850288,D,S,D,2024-08-27,1000000.00,3.731544,102.37890625
13:18:06,91282CLD1,TSRYS5850288,D,S,C,2024-08-27,1000000.00,3.731544,102.37890625
13:18:06,91282CLD1,TSRYS5850288,D,S,C,2024-08-27,1000000.00,3.731544,102.37890625
13:18:06,91282CLD1,TSRYS5850288,D,S,C,2024-08-27,1000000.00,3.731544,102.37890625
13:18:07,91282CLD1,TSRYS5850288,D,B,C,2024-08-27,1000000.00,3.731544,102.37890625
13:18:07,91282CLD1,TSRYS5850288,D,S,C,2024-08-27,1000000.00,3.731544,102.37890625
13:18:07,91282CLD1,TSRYS5850288,D,B,C,2024-08-27,1000000.00,3.731544,102.37890625
13:18:07,91282CLD1,TSRYS5850288,D,S,D,2024-08-27,1000000.00,3.731544,102.37890625
13:18:07,91282CLD1,TSRYS5850288,D,S,C,2024-08-27,1000000.00,3.731544,102.37890625
13:18:07,91282CLD1,TSRYS5850288,D,S,C,2024-08-27,1000000.00,3.731544,102.37890625
13:18:07,91282CLD1,TSRYS5850288,D,S,T,2024-08-27,1000000.00,3.731544,102.37890625
13:18:07,91282CLD1,TSRYS5850288,D,S,D,2024-08-27,1000000.00,3.731544,102.37890625
13:18:07,91282CLD1,TSRYS5850288,D,S,D,2024-08-27,1000000.00,3.731544,102.37890625
13:18:07,91282CLD1,TSRYS5850288,D,S,C,2024-08-27,1000000.00,3.731544,102.37890625
13:18:08,91282CLD1,TSRYS5850288,D,S,C,2024-08-27,1000000.00,3.731544,102.37890625
13:18:08,91282CLD1,TSRYS5850288,D,S,C,2024-08-27,1000000.00,3.731544,102.37890625
13:18:08,91282CLD1,TSRYS5850288,D,S,T,2024-08-27,1000000.00,3.731544,102.37890625
13:18:08,91282CLD1,TSRYS5850288,D,S,D,2024-08-27,1000000.00,3.731544,102.37890625
13:18:08,91282CLD1,TSRYS5850288,D,S,D,2024-08-27,1000000.00,3.731544,102.37890625
13:18:08,91282CLD1,TSRYS5850288,D,S,D,2024-08-27,1000000.00,3.731544,102.37890625
13:18:08,91282CLD1,TSRYS5850288,D,S,C,2024-08-27,1000000.00,3.731544,102.37890625
13:18:08,91282CLD1,TSRYS5850288,D,B,C,2024-08-27,1000000.00,3.731544,102.37890625
13:18:08,91282CLD1,TSRYS5850288,D,S,D,2024-08-27,1000000.00,3.731544,102.37890625
13:18:09,91282CLD1,TSRYS5850288,D,B,C,2024-08-27,1000000.00,3.731544,102.37890625
13:18:09,91282CLD1,TSRYS5850288,D,S,D,2024-08-27,1000000.00,3.731544,102.37890625
13:18:28,91282CLD1,TSRYS5850288,D,S,T,2024-08-27,1000000.00,3.732181,102.375
13:18:31,91282CLD1,TSRYS5850288,D,B,C,2024-08-27,1000000.00,3.732181,102.375
13:18:31,91282CLD1,TSRYS5850288,D,B,C,2024-08-27,1000000.00,3.732181,102.375
13:18:31,91282CLD1,TSRYS5850288,D,B,C,2024-08-27,1000000.00,3.732181,102.375
13:18:44,91282CLD1,TSRYS5850288,D,S,D,2024-08-27,1000000.00,3.732181,102.375
13:18:44,91282CLD1,TSRYS5850288,D,B,C,2024-08-27,1000000.00,3.732181,102.375
13:18:45,91282CLD1,TSRYS5850288,D,S,T,2024-08-27,9940000.00,3.8344,101.75
13:18:46,91282CLD1,TSRYS5850288,D,S,T,2024-08-27,9940000.00,3.8344,101.75
13:18:49,91282CLD1,TSRYS5850288,D,S,D,2024-08-27,1000000.00,3.732181,102.375
13:18:49,91282CLD1,TSRYS5850288,D,S,D,2024-08-27,6000000.00,3.732181,102.375
13:18:49,91282CLD1,TSRYS5850288,D,B,C,2024-08-27,1000000.00,3.732181,102.375
13:18:49,91282CLD1,TSRYS5850288,D,S,D,2024-08-27,3000000.00,3.732181,102.375
13:18:49,91282CLD1,TSRYS5850288,D,S,C,2024-08-27,1000000.00,3.732181,102.375
13:18:49,91282CLD1,TSRYS5850288,D,S,D,2024-08-27,1000000.00,3.732181,102.375
13:18:49,91282CLD1,TSRYS5850288,D,B,C,2024-08-27,1000000.00,3.732181,102.375
13:18:49,91282CLD1,TSRYS5850288,D,S,D,2024-08-27,1000000.00,3.732181,102.375
13:18:56,91282CLD1,TSRYS5850288,D,S,D,2024-08-27,1000000.00,3.732181,102.375
13:18:56,91282CLD1,TSRYS5850288,D,B,C,2024-08-27,1000000.00,3.732181,102.375
13:18:59,91282CLD1,TSRYS5850288,D,S,T,2024-08-27,1000000.00,3.732181,102.375
13:19:04,91282CLD1,TSRYS5850288,D,B,C,2024-08-27,1000000.00,3.732181,102.375
13:19:04,91282CLD1,TSRYS5850288,D,S,D,2024-08-27,1000000.00,3.732181,102.375
13:19:04,91282CLD1,TSRYS5850288,D,S,D,2024-08-27,1000000.00,3.732181,102.375
13:19:04,91282CLD1,TSRYS5850288,D,S,D,2024-08-27,2000000.00,3.732181,102.375
13:19:04,91282CLD1,TSRYS5850288,D,S,D,2024-08-27,1000000.00,3.732181,102.375
13:19:04,91282CLD1,TSRYS5850288,D,S,D,2024-08-27,6000000.00,3.732181,102.375
13:19:04,91282CLD1,TSRYS5850288,D,B,C,2024-08-27,1000000.00,3.732181,102.375
13:19:15,91282CLD1,TSRYS5850288,D,S,T,2024-08-27,1000000.00,3.730908,102.3828125
13:19:19,91282CLD1,TSRYS5850288,D,S,C,2024-08-27,1000000.00,3.732132,102.3753
13:19:33,91282CLD1,TSRYS5850288,D,S,D,2024-08-27,16268000.00,3.730724,102.38393881825
13:19:36,91282CLD1,TSRYS5850288,D,S,D,2024-08-27,14900000.00,3.8344,101.75
13:19:40,91282CLD1,TSRYS5850288,D,S,D,2024-08-27,9950000.00,3.8344,101.75
13:19:42,91282CLD1,TSRYS5850288,D,S,D,2024-08-27,1000000.00,3.73059,102.384765625
13:19:42,91282CLD1,TSRYS5850288,D,S,C,2024-08-27,1000000.00,3.73059,102.384765625
13:19:49,91282CLD1,TSRYS5850288,D,S,C,2024-08-27,1000000.00,3.732181,102.375
13:19:49,91282CLD1,TSRYS5850288,D,B,C,2024-08-27,1000000.00,3.732181,102.375
13:19:49,91282CLD1,TSRYS5850288,D,S,D,2024-08-27,1000000.00,3.732181,102.375
13:19:59,91282CLD1,TSRYS5850288,D,S,D,2024-08-27,45700000.00,3.8344,101.75
13:20:03,91282CLD1,TSRYS5850288,D,S,T,2024-08-27,1000000.00,3.730908,102.3828125
13:20:03,91282CLD1,TSRYS5850288,D,S,T,2024-08-27,1000000.00,3.730908,102.3828125
13:20:19,91282CLD1,TSRYS5850288,D,S,D,2024-08-27,1000000.00,3.730908,102.3828125
13:20:19,91282CLD1,TSRYS5850288,D,B,C,2024-08-27,1000000.00,3.73094,102.3826125
13:20:19,91282CLD1,TSRYS5850288,D,S,D,2024-08-27,1000000.00,3.730908,102.3828125
13:20:19,91282CLD1,TSRYS5850288,D,S,C,2024-08-27,1000000.00,3.730908,102.3828125
13:20:21,91282CLD1,TSRYS5850288,D,S,T,2024-08-27,1000000.00,3.729635,102.390625
13:20:28,91282CLD1,TSRYS5850288,D,S,D,2024-08-27,2000000.00,3.730271,102.38671875
13:20:32,91282CLD1,TSRYS5850288,D,B,C,2024-08-27,1000000.00,3.730908,102.3828125
13:20:33,91282CLD1,TSRYS5850288,D,S,D,2024-08-27,1000000.00,3.730908,102.3828125
13:20:33,91282CLD1,TSRYS5850288,D,S,D,2024-08-27,1000000.00,3.730908,102.3828125
13:21:06,91282CLD1,TSRYS5850288,D,S,D,2024-08-27,1000000.00,3.732181,102.375
13:21:06,91282CLD1,TSRYS5850288,D,S,T,2024-08-27,1000000.00,3.732197,102.3749
13:21:06,91282CLD1,TSRYS5850288,D,S,T,2024-08-27,1000000.00,3.732197,102.3749
13:21:06,91282CLD1,TSRYS5850288,D,S,T,2024-08-27,1000000.00,3.732197,102.3749
13:21:06,91282CLD1,TSRYS5850288,D,S,D,2024-08-27,1000000.00,3.732181,102.375
13:21:06,91282CLD1,TSRYS5850288,D,S,T,2024-08-27,1000000.00,3.730908,102.3828125
13:21:06,91282CLD1,TSRYS5850288,D,S,T,2024-08-27,1000000.00,3.730908,102.3828125
13:21:06,91282CLD1,TSRYS5850288,D,S,T,2024-08-27,1000000.00,3.730908,102.3828125
13:21:06,91282CLD1,TSRYS5850288,D,S,T,2024-08-27,1000000.00,3.730908,102.3828125
13:21:06,91282CLD1,TSRYS5850288,D,S,T,2024-08-27,1000000.00,3.730908,102.3828125
13:21:06,91282CLD1,TSRYS5850288,D,S,T,2024-08-27,1000000.00,3.732181,102.375
13:21:06,91282CLD1,TSRYS5850288,D,S,T,2024-08-27,1000000.00,3.732181,102.375
13:21:06,91282CLD1,TSRYS5850288,D,S,C,2024-08-27,1000000.00,3.732181,102.375
13:21:06,91282CLD1,TSRYS5850288,D,S,T,2024-08-27,1000000.00,3.732181,102.375
13:21:09,91282CLD1,TSRYS5850288,D,S,C,2024-08-27,150MM+,3.8344,101.75
13:21:09,91282CLD1,TSRYS5850288,D,S,T,2024-08-27,1000000.00,3.732181,102.375
13:21:10,91282CLD1,TSRYS5850288,D,S,T,2024-08-27,1000000.00,3.732197,102.3749
13:21:10,91282CLD1,TSRYS5850288,D,S,T,2024-08-27,1000000.00,3.732197,102.3749
13:21:10,91282CLD1,TSRYS5850288,D,S,D,2024-08-27,1000000.00,3.732181,102.375
13:21:10,91282CLD1,TSRYS5850288,D,S,D,2024-08-27,1000000.00,3.732181,102.375
13:21:10,91282CLD1,TSRYS5850288,D,S,T,2024-08-27,1000000.00,3.732181,102.375
13:21:11,91282CLD1,TSRYS5850288,D,S,D,2024-08-27,1000000.00,3.732181,102.375
13:21:11,91282CLD1,TSRYS5850288,D,S,D,2024-08-27,1000000.00,3.732181,102.375
13:21:17,91282CLD1,TSRYS5850288,D,S,T,2024-08-27,1000000.00,3.730908,102.3828125
13:21:17,91282CLD1,TSRYS5850288,D,S,T,2024-08-27,1000000.00,3.730908,102.3828125
13:21:18,91282CLD1,TSRYS5850288,D,S,T,2024-08-27,1000000.00,3.730908,102.3828125
13:21:21,91282CLD1,TSRYS5850288,D,S,D,2024-08-27,1000000.00,3.729635,102.390625
13:21:22,91282CLD1,TSRYS5850288,D,B,C,2024-08-27,1000000.00,3.730908,102.3828125
13:21:22,91282CLD1,TSRYS5850288,D,S,D,2024-08-27,1000000.00,3.730908,102.3828125
13:21:44,91282CLD1,TSRYS5850288,D,S,T,2024-08-27,1000000.00,3.732181,102.375
13:21:45,91282CLD1,TSRYS5850288,D,B,A,2024-08-27,10000000.00,3.732181,102.375
13:21:50,91282CLD1,TSRYS5850288,D,S,D,2024-08-27,1000000.00,3.730908,102.3828125
13:21:50,91282CLD1,TSRYS5850288,D,S,C,2024-08-27,1000000.00,3.730908,102.3828125
13:21:50,91282CLD1,TSRYS5850288,D,S,C,2024-08-27,1000000.00,3.730908,102.3828125
13:21:50,91282CLD1,TSRYS5850288,D,S,C,2024-08-27,1000000.00,3.730908,102.3828125
13:21:50,91282CLD1,TSRYS5850288,D,S,C,2024-08-27,1000000.00,3.730908,102.3828125
13:21:50,91282CLD1,TSRYS5850288,D,B,C,2024-08-27,1000000.00,3.730908,102.3828125
13:21:50,91282CLD1,TSRYS5850288,D,S,D,2024-08-27,1000000.00,3.730908,102.3828125
13:21:50,91282CLD1,TSRYS5850288,D,B,C,2024-08-27,1000000.00,3.730908,102.3828125
13:21:50,91282CLD1,TSRYS5850288,D,S,C,2024-08-27,1000000.00,3.730908,102.3828125
13:21:51,91282CLD1,TSRYS5850288,D,S,C,2024-08-27,1000000.00,3.732181,102.375
13:21:51,91282CLD1,TSRYS5850288,D,S,C,2024-08-27,1000000.00,3.732181,102.375
13:21:51,91282CLD1,TSRYS5850288,D,S,C,2024-08-27,1000000.00,3.732156,102.37515
13:21:51,91282CLD1,TSRYS5850288,D,B,C,2024-08-27,1000000.00,3.732181,102.375
13:21:51,91282CLD1,TSRYS5850288,D,S,C,2024-08-27,1000000.00,3.732156,102.37515
13:21:53,91282CLD1,TSRYS5850288,D,S,C,2024-08-27,1000000.00,3.73183,102.377153125
13:22:00,91282CLD1,TSRYS5850288,D,S,T,2024-08-27,1000000.00,3.731863,102.376953125
13:22:03,91282CLD1,TSRYS5850288,D,S,C,2024-08-27,22020000.00,3.736001,102.3515625
13:22:03,91282CLD1,TSRYS5850288,D,S,C,2024-08-27,14680000.00,3.736001,102.3515625
13:22:05,91282CLD1,TSRYS5850288,D,S,D,2024-08-27,11282000.00,3.73199,102.37617337854
13:22:20,91282CLD1,TSRYS5850288,D,S,D,2024-08-27,1000000.00,3.730908,102.3828125
13:22:20,91282CLD1,TSRYS5850288,D,B,C,2024-08-27,1000000.00,3.730908,102.3828125
13:22:20,91282CLD1,TSRYS5850288,D,S,D,2024-08-27,1000000.00,3.730908,102.3828125
13:22:20,91282CLD1,TSRYS5850288,D,S,D,2024-08-27,1000000.00,3.730908,102.3828125
13:22:20,91282CLD1,TSRYS5850288,D,S,D,2024-08-27,1000000.00,3.730908,102.3828125
13:22:20,91282CLD1,TSRYS5850288,D,B,C,2024-08-27,1000000.00,3.730908,102.3828125
13:22:20,91282CLD1,TSRYS5850288,D,S,D,2024-08-27,1000000.00,3.730908,102.3828125
13:22:20,91282CLD1,TSRYS5850288,D,B,C,2024-08-27,1000000.00,3.730908,102.3828125
13:22:20,91282CLD1,TSRYS5850288,D,S,D,2024-08-27,1000000.00,3.730908,102.3828125
13:22:20,91282CLD1,TSRYS5850288,D,S,D,2024-08-27,1000000.00,3.730908,102.3828125
13:22:20,91282CLD1,TSRYS5850288,D,S,D,2024-08-27,1000000.00,3.730908,102.3828125
13:22:20,91282CLD1,TSRYS5850288,D,B,C,2024-08-27,1000000.00,3.730908,102.3828125
13:22:20,91282CLD1,TSRYS5850288,D,B,C,2024-08-27,1000000.00,3.730932,102.3826625
13:22:20,91282CLD1,TSRYS5850288,D,B,C,2024-08-27,1000000.00,3.730908,102.3828125
13:22:20,91282CLD1,TSRYS5850288,D,B,C,2024-08-27,1000000.00,3.730908,102.3828125
13:22:20,91282CLD1,TSRYS5850288,D,S,D,2024-08-27,1000000.00,3.730908,102.3828125
13:22:21,91282CLD1,TSRYS5850288,D,S,D,2024-08-27,1000000.00,3.730908,102.3828125
13:22:21,91282CLD1,TSRYS5850288,D,S,D,2024-08-27,1000000.00,3.730908,102.3828125
13:22:21,91282CLD1,TSRYS5850288,D,S,D,2024-08-27,1000000.00,3.730908,102.3828125
13:22:21,91282CLD1,TSRYS5850288,D,S,D,2024-08-27,1000000.00,3.730908,102.3828125
13:22:21,91282CLD1,TSRYS5850288,D,B,C,2024-08-27,1000000.00,3.730949,102.3825625
13:22:21,91282CLD1,TSRYS5850288,D,B,C,2024-08-27,1000000.00,3.730949,102.3825625
13:22:21,91282CLD1,TSRYS5850288,D,B,C,2024-08-27,1000000.00,3.730908,102.3828125
13:22:21,91282CLD1,TSRYS5850288,D,S,C,2024-08-27,1000000.00,3.732156,102.37515
13:22:21,91282CLD1,TSRYS5850288,D,S,C,2024-08-27,1000000.00,3.732156,102.37515
13:22:21,91282CLD1,TSRYS5850288,D,B,C,2024-08-27,1000000.00,3.732218,102.374775
13:22:36,91282CLD1,TSRYS5850288,D,S,A,2024-08-27,4669000.00,3.750017,102.265625
13:22:40,91282CLD1,TSRYS5850288,D,S,T,2024-08-27,1000000.00,3.732181,102.375
13:22:43,91282CLD1,TSRYS5850288,D,B,A,2024-08-27,4270000.00,3.732818,102.37109375
13:22:51,91282CLD1,TSRYS5850288,D,B,C,2024-08-27,1000000.00,3.732181,102.375
13:23:03,91282CLD1,TSRYS5850288,D,S,D,2024-08-27,1000000.00,3.732181,102.375
13:23:03,91282CLD1,TSRYS5850288,D,B,C,2024-08-27,1000000.00,3.732214,102.3748
13:23:03,91282CLD1,TSRYS5850288,D,S,D,2024-08-27,1000000.00,3.732181,102.375
13:23:03,91282CLD1,TSRYS5850288,D,S,D,2024-08-27,1000000.00,3.732148,102.3752
13:23:13,91282CLD1,TSRYS5850288,D,S,C,2024-08-27,16000000.00,3.731485,102.379273
13:23:29,91282CLD1,TSRYS5850288,D,S,C,2024-08-27,1000000.00,3.734728,102.359375
13:23:29,91282CLD1,TSRYS5850288,D,S,C,2024-08-27,1000000.00,3.734728,102.359375
13:23:29,91282CLD1,TSRYS5850288,D,S,D,2024-08-27,2000000.00,3.734728,102.359375
13:23:29,91282CLD1,TSRYS5850288,D,S,C,2024-08-27,1000000.00,3.734728,102.359375
13:23:30,91282CLD1,TSRYS5850288,D,S,D,2024-08-27,2000000.00,3.734728,102.359375
13:23:30,91282CLD1,TSRYS5850288,D,S,D,2024-08-27,2000000.00,3.734728,102.359375
13:23:30,91282CLD1,TSRYS5850288,D,S,D,2024-08-27,1000000.00,3.734728,102.359375
13:23:30,91282CLD1,TSRYS5850288,D,B,C,2024-08-27,1000000.00,3.734728,102.359375
13:23:30,91282CLD1,TSRYS5850288,D,S,D,2024-08-27,1000000.00,3.734728,102.359375
13:23:32,91282CLD1,TSRYS5850288,D,S,T,2024-08-27,2000000.00,3.734728,102.359375
13:23:32,91282CLD1,TSRYS5850288,D,S,T,2024-08-27,1000000.00,3.734728,102.359375
13:23:32,91282CLD1,TSRYS5850288,D,S,T,2024-08-27,1000000.00,3.734728,102.359375
13:23:32,91282CLD1,TSRYS5850288,D,S,T,2024-08-27,1000000.00,3.734728,102.359375
13:23:32,91282CLD1,TSRYS5850288,D,S,T,2024-08-27,4000000.00,3.734728,102.359375
13:23:32,91282CLD1,TSRYS5850288,D,S,T,2024-08-27,1000000.00,3.734728,102.359375
13:23:33,91282CLD1,TSRYS5850288,D,S,T,2024-08-27,1000000.00,3.734728,102.359375
13:23:33,91282CLD1,TSRYS5850288,D,S,T,2024-08-27,1000000.00,3.734728,102.359375
13:23:33,91282CLD1,TSRYS5850288,D,S,T,2024-08-27,1000000.00,3.734728,102.359375
13:23:40,91282CLD1,TSRYS5850288,D,B,C,2024-08-27,1000000.00,3.734728,102.359375
13:23:43,91282CLD1,TSRYS5850288,D,B,C,2024-08-27,1000000.00,3.734091,102.36328125
13:23:52,91282CLD1,TSRYS5850288,D,S,D,2024-08-27,1000000.00,3.733454,102.3671875
13:23:52,91282CLD1,TSRYS5850288,D,B,C,2024-08-27,1000000.00,3.733454,102.3671875
13:23:52,91282CLD1,TSRYS5850288,D,B,C,2024-08-27,1000000.00,3.733454,102.3671875
13:23:52,91282CLD1,TSRYS5850288,D,S,D,2024-08-27,1000000.00,3.733454,102.3671875
13:24:11,91282CLD1,TSRYS5850288,D,S,C,2024-08-27,65000.00,3.722019,102.437375
13:24:22,91282CLD1,TSRYS5850288,D,S,C,2024-08-27,4000000.00,3.734728,102.359375
13:24:22,91282CLD1,TSRYS5850288,D,S,C,2024-08-27,1000000.00,3.734728,102.359375
13:24:22,91282CLD1,TSRYS5850288,D,S,D,2024-08-27,1000000.00,3.734728,102.359375
13:24:22,91282CLD1,TSRYS5850288,D,S,D,2024-08-27,1000000.00,3.734728,102.359375
13:24:22,91282CLD1,TSRYS5850288,D,S,C,2024-08-27,1000000.00,3.734728,102.359375
13:24:27,91282CLD1,TSRYS5850288,D,S,T,2024-08-27,1000000.00,3.733454,102.3671875
13:24:44,91282CLD1,TSRYS5850288,D,S,D,2024-08-27,37000000.00,3.733454,102.3671875
13:24:52,91282CLD1,TSRYS5850288,D,B,C,2024-08-27,1000000.00,3.734091,102.36328125
13:25:20,91282CLD1,TSRYS5850288,D,B,C,2024-08-27,1000000.00,3.735364,102.35546875
13:25:25,91282CLD1,TSRYS5850288,D,S,D,2024-08-27,150MM+,3.739822,102.328125
13:25:41,91282CLD1,TSRYS5850288,D,S,C,2024-08-27,23725000.00,3.734662,102.359775
13:25:45,91282CLD1,TSRYS5850288,D,S,D,2024-08-27,1000000.00,3.735364,102.35546875
13:25:45,91282CLD1,TSRYS5850288,D,B,C,2024-08-27,1000000.00,3.735364,102.35546875
13:25:46,91282CLD1,TSRYS5850288,D,B,C,2024-08-27,1000000.00,3.735364,102.35546875
13:26:00,91282CLD1,TSRYS5850288,D,S,T,2024-08-27,1000000.00,3.734728,102.359375
13:26:10,91282CLD1,TSRYS5850288,D,S,T,2024-08-27,1000000.00,3.733454,102.3671875
13:26:10,91282CLD1,TSRYS5850288,D,S,T,2024-08-27,1000000.00,3.733454,102.3671875
13:26:10,91282CLD1,TSRYS5850288,D,S,T,2024-08-27,1000000.00,3.733454,102.3671875
13:26:10,91282CLD1,TSRYS5850288,D,S,T,2024-08-27,1000000.00,3.733454,102.3671875
13:26:10,91282CLD1,TSRYS5850288,D,S,T,2024-08-27,1000000.00,3.733454,102.3671875
13:26:17,91282CLD1,TSRYS5850288,D,S,T,2024-08-27,1000000.00,3.733454,102.3671875
13:26:37,91282CLD1,TSRYS5850288,D,S,D,2024-08-27,1000000.00,3.734728,102.359375
13:26:37,91282CLD1,TSRYS5850288,D,B,C,2024-08-27,1000000.00,3.734728,102.359375
13:26:37,91282CLD1,TSRYS5850288,D,S,D,2024-08-27,1000000.00,3.734728,102.359375
13:26:37,91282CLD1,TSRYS5850288,D,S,C,2024-08-27,1000000.00,3.73343,102.3673375
13:26:37,91282CLD1,TSRYS5850288,D,S,C,2024-08-27,1000000.00,3.73343,102.3673375
13:26:52,91282CLD1,TSRYS5850288,D,B,C,2024-08-27,1000000.00,3.733495,102.3669375
13:26:52,91282CLD1,TSRYS5850288,D,S,C,2024-08-27,1000000.00,3.73343,102.3673375
13:26:52,91282CLD1,TSRYS5850288,D,S,C,2024-08-27,1000000.00,3.73343,102.3673375
13:26:52,91282CLD1,TSRYS5850288,D,S,C,2024-08-27,1000000.00,3.73343,102.3673375
13:26:52,91282CLD1,TSRYS5850288,D,S,C,2024-08-27,1000000.00,3.73343,102.3673375
13:26:52,91282CLD1,TSRYS5850288,D,S,C,2024-08-27,1000000.00,3.73343,102.3673375
13:26:52,91282CLD1,TSRYS5850288,D,B,C,2024-08-27,1000000.00,3.733487,102.3669875
13:26:52,91282CLD1,TSRYS5850288,D,S,C,2024-08-27,1000000.00,3.73343,102.3673375
13:26:52,91282CLD1,TSRYS5850288,D,B,C,2024-08-27,1000000.00,3.733454,102.3671875
13:27:15,91282CLD1,TSRYS5850288,D,S,D,2024-08-27,1000000.00,3.733454,102.3671875
13:27:40,91282CLD1,TSRYS5850288,D,B,C,2024-08-27,1000000.00,3.734091,102.36328125
13:27:50,91282CLD1,TSRYS5850288,D,S,D,2024-08-27,1000000.00,3.733136,102.369140625
13:27:51,91282CLD1,TSRYS5850288,D,S,C,2024-08-27,1000000.00,3.733136,102.369140625
13:27:57,91282CLD1,TSRYS5850288,D,S,T,2024-08-27,1000000.00,3.733454,102.3671875
13:28:07,91282CLD1,TSRYS5850288,D,B,C,2024-08-27,1000000.00,3.734728,102.359375
13:28:07,91282CLD1,TSRYS5850288,D,S,D,2024-08-27,1000000.00,3.734728,102.359375
13:28:07,91282CLD1,TSRYS5850288,D,S,D,2024-08-27,1000000.00,3.734728,102.359375
13:28:07,91282CLD1,TSRYS5850288,D,B,C,2024-08-27,1000000.00,3.734728,102.359375
13:28:07,91282CLD1,TSRYS5850288,D,S,D,2024-08-27,1000000.00,3.734728,102.359375
13:28:07,91282CLD1,TSRYS5850288,D,B,C,2024-08-27,1000000.00,3.734728,102.359375
13:28:37,91282CLD1,TSRYS5850288,D,S,D,2024-08-27,1000000.00,3.733454,102.3671875
13:28:37,91282CLD1,TSRYS5850288,D,B,C,2024-08-27,1000000.00,3.733503,102.3668875
13:28:37,91282CLD1,TSRYS5850288,D,S,D,2024-08-27,1000000.00,3.733454,102.3671875
13:28:37,91282CLD1,TSRYS5850288,D,B,C,2024-08-27,1000000.00,3.733503,102.3668875
13:28:37,91282CLD1,TSRYS5850288,D,S,D,2024-08-27,1000000.00,3.733454,102.3671875
13:28:37,91282CLD1,TSRYS5850288,D,B,C,2024-08-27,1000000.00,3.733454,102.3671875
13:28:45,91282CLD1,TSRYS5850288,D,S,D,2024-08-27,2000000.00,3.734091,102.36328125
13:29:05,91282CLD1,TSRYS5850288,D,S,D,2024-08-27,1000000.00,3.733454,102.3671875
13:29:14,91282CLD1,TSRYS5850288,D,S,T,2024-08-27,1000000.00,3.733454,102.3671875
13:29:26,91282CLD1,TSRYS5850288,D,S,C,2024-08-27,150MM+,3.739185,102.33203125
13:29:41,91282CLD1,TSRYS5850288,D,S,T,2024-08-27,1000000.00,3.733454,102.3671875
13:29:42,91282CLD1,TSRYS5850288,D,B,C,2024-08-27,1000000.00,3.733454,102.3671875
13:29:53,91282CLD1,TSRYS5850288,D,B,C,2024-08-27,1000000.00,3.733503,102.3668875
13:29:53,91282CLD1,TSRYS5850288,D,S,D,2024-08-27,1000000.00,3.733454,102.3671875
13:29:53,91282CLD1,TSRYS5850288,D,S,D,2024-08-27,1000000.00,3.733454,102.3671875
13:30:02,91282CLD1,TSRYS5850288,D,B,C,2024-08-27,1000000.00,3.733772,102.365234375
13:30:08,91282CLD1,TSRYS5850288,D,B,C,2024-08-27,1000000.00,3.733454,102.3671875
13:30:08,91282CLD1,TSRYS5850288,D,S,D,2024-08-27,1000000.00,3.733454,102.3671875
13:30:23,91282CLD1,TSRYS5850288,D,B,C,2024-08-27,1000000.00,3.733454,102.3671875
13:30:23,91282CLD1,TSRYS5850288,D,S,C,2024-08-27,1000000.00,3.733422,102.3673875
13:30:23,91282CLD1,TSRYS5850288,D,S,D,2024-08-27,1000000.00,3.733454,102.3671875
13:30:30,91282CLD1,TSRYS5850288,D,S,D,2024-08-27,1000000.00,3.734091,102.36328125
13:30:32,91282CLD1,TSRYS5850288,D,B,C,2024-08-27,1000000.00,3.734091,102.36328125
13:30:33,91282CLD1,TSRYS5850288,D,S,D,2024-08-27,1000000.00,3.734091,102.36328125
13:30:49,91282CLD1,TSRYS5850288,D,S,T,2024-08-27,1000000.00,3.733454,102.3671875
13:30:49,91282CLD1,TSRYS5850288,D,S,T,2024-08-27,1000000.00,3.733454,102.3671875
13:30:51,91282CLD1,TSRYS5850288,D,S,C,2024-08-27,1000000.00,3.733772,102.365234375
13:30:51,91282CLD1,TSRYS5850288,D,S,D,2024-08-27,1000000.00,3.733772,102.365234375
13:30:54,91282CLD1,TSRYS5850288,D,B,C,2024-08-27,1000000.00,3.734091,102.36328125
13:30:57,91282CLD1,TSRYS5850288,D,S,T,2024-08-27,1000000.00,3.733772,102.365234375
13:30:57,91282CLD1,TSRYS5850288,D,S,D,2024-08-27,1000000.00,3.733772,102.365234375
13:30:59,91282CLD1,TSRYS5850288,D,S,D,2024-08-27,1000000.00,3.733454,102.3671875
13:31:03,91282CLD1,TSRYS5850288,D,S,D,2024-08-27,25000.00,3.733454,102.3671875
13:31:06,91282CLD1,TSRYS5850288,D,S,D,2024-08-27,1000000.00,3.734091,102.36328125
13:31:06,91282CLD1,TSRYS5850288,D,S,T,2024-08-27,1000000.00,3.734728,102.359375
13:31:06,91282CLD1,TSRYS5850288,D,S,D,2024-08-27,1000000.00,3.734091,102.36328125
13:31:07,91282CLD1,TSRYS5850288,D,S,C,2024-08-27,1000000.00,3.734728,102.359375
13:31:11,91282CLD1,TSRYS5850288,D,S,D,2024-08-27,1000000.00,3.734728,102.359375
13:31:11,91282CLD1,TSRYS5850288,D,B,C,2024-08-27,1000000.00,3.734728,102.359375
13:31:15,91282CLD1,TSRYS5850288,D,S,D,2024-08-27,1000000.00,3.733454,102.3671875
13:31:27,91282CLD1,TSRYS5850288,D,S,D,2024-08-27,37000000.00,3.733454,102.3671875
13:31:31,91282CLD1,TSRYS5850288,D,S,T,2024-08-27,1000000.00,3.733772,102.365234375
13:31:31,91282CLD1,TSRYS5850288,D,S,D,2024-08-27,1000000.00,3.733772,102.365234375
13:31:33,91282CLD1,TSRYS5850288,D,S,D,2024-08-27,1000000.00,3.733454,102.3671875
13:31:37,91282CLD1,TSRYS5850288,D,S,C,2024-08-27,1000000.00,3.733426,102.3673625
13:31:37,91282CLD1,TSRYS5850288,D,S,D,2024-08-27,1000000.00,3.733454,102.3671875
13:31:37,91282CLD1,TSRYS5850288,D,S,C,2024-08-27,1000000.00,3.733454,102.3671875
13:31:37,91282CLD1,TSRYS5850288,D,B,C,2024-08-27,1000000.00,3.733454,102.3671875
13:31:39,91282CLD1,TSRYS5850288,D,S,D,2024-08-27,1000000.00,3.733772,102.365234375
13:31:52,91282CLD1,TSRYS5850288,D,B,C,2024-08-27,1000000.00,3.73476,102.359175
13:31:52,91282CLD1,TSRYS5850288,D,S,C,2024-08-27,1000000.00,3.734728,102.359375
13:31:52,91282CLD1,TSRYS5850288,D,B,C,2024-08-27,1000000.00,3.73476,102.359175
13:31:52,91282CLD1,TSRYS5850288,D,S,D,2024-08-27,1000000.00,3.734728,102.359375
13:32:18,91282CLD1,TSRYS5850288,D,S,D,2024-08-27,1490000.00,3.733454,102.3671875
13:32:22,91282CLD1,TSRYS5850288,D,S,D,2024-08-27,20000.00,3.733454,102.3671875
13:32:24,91282CLD1,TSRYS5850288,D,S,D,2024-08-27,55000.00,3.733454,102.3671875
13:32:25,91282CLD1,TSRYS5850288,D,B,C,2024-08-27,1000000.00,3.733454,102.3671875
13:32:25,91282CLD1,TSRYS5850288,D,S,C,2024-08-27,1000000.00,3.733413,102.3674375
13:32:29,91282CLD1,TSRYS5850288,D,S,D,2024-08-27,1000000.00,3.733454,102.3671875
13:32:30,91282CLD1,TSRYS5850288,D,S,T,2024-08-27,1000000.00,3.733454,102.3671875
13:32:30,91282CLD1,TSRYS5850288,D,S,D,2024-08-27,1000000.00,3.733454,102.3671875
13:32:30,91282CLD1,TSRYS5850288,D,S,T,2024-08-27,5000000.00,3.733454,102.3671875
13:32:30,91282CLD1,TSRYS5850288,D,S,D,2024-08-27,5000000.00,3.733454,102.3671875
13:32:33,91282CLD1,TSRYS5850288,D,S,T,2024-08-27,20000.00,3.732181,102.375
13:32:33,91282CLD1,TSRYS5850288,D,S,D,2024-08-27,50000.00,3.733454,102.3671875
13:32:33,91282CLD1,TSRYS5850288,D,S,D,2024-08-27,50000.00,3.733454,102.3671875
13:32:40,91282CLD1,TSRYS5850288,D,S,T,2024-08-27,1000000.00,3.733772,102.365234375
13:32:40,91282CLD1,TSRYS5850288,D,S,C,2024-08-27,1000000.00,3.733772,102.365234375
13:32:40,91282CLD1,TSRYS5850288,D,S,T,2024-08-27,1000000.00,3.733471,102.3670855
13:32:40,91282CLD1,TSRYS5850288,D,B,C,2024-08-27,1000000.00,3.733454,102.3671875
13:32:40,91282CLD1,TSRYS5850288,D,S,D,2024-08-27,1000000.00,3.733454,102.3671875
13:32:43,91282CLD1,TSRYS5850288,D,S,D,2024-08-27,3050000.00,3.733454,102.3671875
13:32:55,91282CLD1,TSRYS5850288,D,S,D,2024-08-27,210000.00,3.733454,102.3671875
13:32:57,91282CLD1,TSRYS5850288,D,S,D,2024-08-27,625000.00,3.733454,102.367188
13:33:03,91282CLD1,TSRYS5850288,D,S,D,2024-08-27,1000000.00,3.734091,102.36328125
13:33:03,91282CLD1,TSRYS5850288,D,S,D,2024-08-27,1000000.00,3.734091,102.36328125
13:33:07,91282CLD1,TSRYS5850288,D,B,C,2024-08-27,2000000.00,3.734091,102.36328125
13:33:11,91282CLD1,TSRYS5850288,D,S,T,2024-08-27,1000000.00,3.734728,102.359375
13:33:22,91282CLD1,TSRYS5850288,D,S,D,2024-08-27,1000000.00,3.733454,102.3671875
13:33:28,91282CLD1,TSRYS5850288,D,S,C,2024-08-27,20000.00,3.730551,102.385
13:33:28,91282CLD1,TSRYS5850288,D,S,D,2024-08-27,20000.00,3.730551,102.385
13:33:28,91282CLD1,TSRYS5850288,D,S,C,2024-08-27,20000.00,3.730551,102.385
13:33:29,91282CLD1,TSRYS5850288,D,B,C,2024-08-27,1000000.00,3.734728,102.359375
13:33:37,91282CLD1,TSRYS5850288,D,S,D,2024-08-27,20000.00,3.732181,102.375
13:33:37,91282CLD1,TSRYS5850288,D,S,D,2024-08-27,20000.00,3.732181,102.375
13:33:39,91282CLD1,TSRYS5850288,D,S,T,2024-08-27,1000000.00,3.733454,102.3671875
13:33:41,91282CLD1,TSRYS5850288,D,S,D,2024-08-27,460000.00,3.733454,102.367187
13:33:41,91282CLD1,TSRYS5850288,D,S,D,2024-08-27,320000.00,3.733454,102.367187
13:33:42,91282CLD1,TSRYS5850288,D,S,D,2024-08-27,5000.00,3.735364,102.35546875
13:33:47,91282CLD1,TSRYS5850288,D,S,D,2024-08-27,230000.00,3.733454,102.367187
13:33:49,91282CLD1,TSRYS5850288,D,S,D,2024-08-27,55000.00,3.733454,102.367187
13:33:50,91282CLD1,TSRYS5850288,D,S,D,2024-08-27,2280000.00,3.733454,102.367187
13:33:51,91282CLD1,TSRYS5850288,D,S,D,2024-08-27,795000.00,3.733454,102.367187
13:33:52,91282CLD1,TSRYS5850288,D,S,D,2024-08-27,1000000.00,3.734728,102.359375
13:33:52,91282CLD1,TSRYS5850288,D,S,D,2024-08-27,1000000.00,3.734728,102.359375
13:33:52,91282CLD1,TSRYS5850288,D,B,C,2024-08-27,1000000.00,3.734728,102.359375
13:33:52,91282CLD1,TSRYS5850288,D,S,D,2024-08-27,1000000.00,3.734728,102.359375
13:33:52,91282CLD1,TSRYS5850288,D,S,D,2024-08-27,5000.00,3.748411,102.27546875
13:33:54,91282CLD1,TSRYS5850288,D,S,D,2024-08-27,3050000.00,3.733454,102.367187
13:33:59,91282CLD1,TSRYS5850288,D,S,D,2024-08-27,30000.00,3.733454,102.367187
13:33:59,91282CLD1,TSRYS5850288,D,S,D,2024-08-27,210000.00,3.733454,102.367187
13:33:59,91282CLD1,TSRYS5850288,D,S,D,2024-08-27,55000.00,3.733454,102.367187
13:34:00,91282CLD1,TSRYS5850288,D,S,D,2024-08-27,80000.00,3.733454,102.367187
13:34:05,91282CLD1,TSRYS5850288,D,S,D,2024-08-27,15000.00,3.733454,102.367187
13:34:06,91282CLD1,TSRYS5850288,D,S,D,2024-08-27,1000000.00,3.735683,102.353515625
13:34:06,91282CLD1,TSRYS5850288,D,S,D,2024-08-27,1000000.00,3.735683,102.353515625
13:34:06,91282CLD1,TSRYS5850288,D,S,D,2024-08-27,1000000.00,3.735683,102.353515625
13:34:07,91282CLD1,TSRYS5850288,D,S,D,2024-08-27,2050000.00,3.733454,102.3671875
13:34:10,91282CLD1,TSRYS5850288,D,B,C,2024-08-27,1000000.00,3.734776,102.359075
13:34:34,91282CLD1,TSRYS5850288,D,S,T,2024-08-27,1000000.00,3.736001,102.3515625
13:34:37,91282CLD1,TSRYS5850288,D,S,D,2024-08-27,1000000.00,3.736001,102.3515625
13:34:37,91282CLD1,TSRYS5850288,D,S,C,2024-08-27,1000000.00,3.736001,102.3515625
13:35:10,91282CLD1,TSRYS5850288,D,S,C,2024-08-27,1000000.00,3.735972,102.3517375
13:35:19,91282CLD1,TSRYS5850288,D,B,C,2024-08-27,2000000.00,3.736638,102.34765625
13:35:30,91282CLD1,TSRYS5850288,D,S,T,2024-08-27,1000000.00,3.736001,102.3515625
13:35:32,91282CLD1,TSRYS5850288,D,S,C,2024-08-27,1010000.00,3.736638,102.34765625
13:35:38,91282CLD1,TSRYS5850288,D,S,T,2024-08-27,1000000.00,3.736001,102.3515625
13:35:38,91282CLD1,TSRYS5850288,D,S,T,2024-08-27,1000000.00,3.736001,102.3515625
13:35:38,91282CLD1,TSRYS5850288,D,S,T,2024-08-27,1000000.00,3.736001,102.3515625
13:35:38,91282CLD1,TSRYS5850288,D,S,D,2024-08-27,1000000.00,3.736001,102.3515625
13:35:38,91282CLD1,TSRYS5850288,D,S,T,2024-08-27,1000000.00,3.736001,102.3515625
13:35:38,91282CLD1,TSRYS5850288,D,S,T,2024-08-27,1000000.00,3.736001,102.3515625
13:35:38,91282CLD1,TSRYS5850288,D,S,T,2024-08-27,1000000.00,3.736001,102.3515625
13:35:38,91282CLD1,TSRYS5850288,D,S,T,2024-08-27,1000000.00,3.736001,102.3515625
13:35:39,91282CLD1,TSRYS5850288,D,S,D,2024-08-27,1000000.00,3.736001,102.3515625
13:35:39,91282CLD1,TSRYS5850288,D,S,T,2024-08-27,1000000.00,3.736001,102.3515625
13:35:39,91282CLD1,TSRYS5850288,D,S,T,2024-08-27,1000000.00,3.736001,102.3515625
13:35:39,91282CLD1,TSRYS5850288,D,B,C,2024-08-27,1000000.00,3.736001,102.3515625
13:35:39,91282CLD1,TSRYS5850288,D,S,T,2024-08-27,1000000.00,3.736001,102.3515625
13:35:39,91282CLD1,TSRYS5850288,D,S,D,2024-08-27,1000000.00,3.736001,102.3515625
13:35:39,91282CLD1,TSRYS5850288,D,S,D,2024-08-27,1000000.00,3.736001,102.3515625
13:35:39,91282CLD1,TSRYS5850288,D,S,D,2024-08-27,1000000.00,3.736001,102.3515625
13:35:39,91282CLD1,TSRYS5850288,D,S,D,2024-08-27,1000000.00,3.736001,102.3515625
13:35:40,91282CLD1,TSRYS5850288,D,S,D,2024-08-27,1000000.00,3.736001,102.3515625
13:35:40,91282CLD1,TSRYS5850288,D,S,D,2024-08-27,1000000.00,3.736001,102.3515625
13:35:40,91282CLD1,TSRYS5850288,D,S,D,2024-08-27,1000000.00,3.736001,102.3515625
13:35:41,91282CLD1,TSRYS5850288,D,B,C,2024-08-27,1000000.00,3.736001,102.3515625
13:35:41,91282CLD1,TSRYS5850288,D,S,D,2024-08-27,1000000.00,3.736001,102.3515625
13:35:49,91282CLD1,TSRYS5850288,D,S,T,2024-08-27,1000000.00,3.736001,102.3515625
13:35:49,91282CLD1,TSRYS5850288,D,S,T,2024-08-27,1000000.00,3.736001,102.3515625
13:35:49,91282CLD1,TSRYS5850288,D,S,T,2024-08-27,1000000.00,3.736001,102.3515625
13:35:51,91282CLD1,TSRYS5850288,D,S,D,2024-08-27,1000000.00,3.736001,102.3515625
13:35:59,91282CLD1,TSRYS5850288,D,S,T,2024-08-27,1000000.00,3.736001,102.3515625
13:36:06,91282CLD1,TSRYS5850288,D,B,C,2024-08-27,1000000.00,3.736319,102.349609375
13:36:06,91282CLD1,TSRYS5850288,D,S,D,2024-08-27,1000000.00,3.736319,102.349609375
13:36:10,91282CLD1,TSRYS5850288,D,S,C,2024-08-27,1000000.00,3.735972,102.3517375
13:36:10,91282CLD1,TSRYS5850288,D,S,D,2024-08-27,1000000.00,3.736001,102.3515625
13:36:10,91282CLD1,TSRYS5850288,D,B,C,2024-08-27,1000000.00,3.736001,102.3515625
13:36:10,91282CLD1,TSRYS5850288,D,B,C,2024-08-27,1000000.00,3.736001,102.3515625
13:36:10,91282CLD1,TSRYS5850288,D,S,D,2024-08-27,1000000.00,3.736001,102.3515625
13:36:10,91282CLD1,TSRYS5850288,D,S,D,2024-08-27,1000000.00,3.736001,102.3515625
13:36:10,91282CLD1,TSRYS5850288,D,S,D,2024-08-27,1000000.00,3.736001,102.3515625
13:36:10,91282CLD1,TSRYS5850288,D,S,D,2024-08-27,1000000.00,3.736001,102.3515625
13:36:10,91282CLD1,TSRYS5850288,D,S,D,2024-08-27,1000000.00,3.736001,102.3515625
13:36:10,91282CLD1,TSRYS5850288,D,S,D,2024-08-27,1000000.00,3.736001,102.3515625
13:36:10,91282CLD1,TSRYS5850288,D,S,D,2024-08-27,1000000.00,3.736001,102.3515625
13:36:10,91282CLD1,TSRYS5850288,D,B,C,2024-08-27,1000000.00,3.736001,102.3515625
13:36:13,91282CLD1,TSRYS5850288,D,S,D,2024-08-27,1000000.00,3.736319,102.349609375
13:36:44,91282CLD1,TSRYS5850288,D,S,C,2024-08-27,460000.00,3.733485,102.367
13:37:09,91282CLD1,TSRYS5850288,D,B,C,2024-08-27,1000000.00,3.735683,102.35351562
13:37:09,91282CLD1,TSRYS5850288,D,B,C,2024-08-27,1000000.00,3.735683,102.35351562
13:37:09,91282CLD1,TSRYS5850288,D,B,C,2024-08-27,1000000.00,3.736001,102.3515625
13:37:09,91282CLD1,TSRYS5850288,D,S,D,2024-08-27,1000000.00,3.736001,102.3515625
13:37:09,91282CLD1,TSRYS5850288,D,B,C,2024-08-27,1000000.00,3.736001,102.3515625
13:37:09,91282CLD1,TSRYS5850288,D,B,C,2024-08-27,1000000.00,3.736017,102.3514625
13:37:09,91282CLD1,TSRYS5850288,D,S,D,2024-08-27,1000000.00,3.736001,102.3515625
13:37:24,91282CLD1,TSRYS5850288,D,S,D,2024-08-27,1000000.00,3.736001,102.3515625
13:37:30,91282CLD1,TSRYS5850288,D,S,D,2024-08-27,300000.00,3.736638,102.34765625
13:37:32,91282CLD1,TSRYS5850288,D,S,D,2024-08-27,1000000.00,3.736001,102.3515625
13:37:32,91282CLD1,TSRYS5850288,D,S,D,2024-08-27,1000000.00,3.736001,102.3515625
13:37:33,91282CLD1,TSRYS5850288,D,S,D,2024-08-27,2000000.00,3.736001,102.3515625
13:37:34,91282CLD1,TSRYS5850288,D,S,T,2024-08-27,1000000.00,3.736021,102.3514375
13:37:34,91282CLD1,TSRYS5850288,D,S,T,2024-08-27,1000000.00,3.736021,102.3514375
13:37:34,91282CLD1,TSRYS5850288,D,S,T,2024-08-27,2000000.00,3.736021,102.3514375
13:37:35,91282CLD1,TSRYS5850288,D,S,T,2024-08-27,1000000.00,3.736001,102.3515625
13:37:35,91282CLD1,TSRYS5850288,D,S,T,2024-08-27,1000000.00,3.736001,102.3515625
13:37:35,91282CLD1,TSRYS5850288,D,S,T,2024-08-27,1000000.00,3.736001,102.3515625
13:37:35,91282CLD1,TSRYS5850288,D,S,T,2024-08-27,1000000.00,3.736038,102.3513355
13:37:36,91282CLD1,TSRYS5850288,D,S,T,2024-08-27,1000000.00,3.736038,102.3513355
13:37:36,91282CLD1,TSRYS5850288,D,S,T,2024-08-27,1000000.00,3.736038,102.3513355
13:37:37,91282CLD1,TSRYS5850288,D,S,D,2024-08-27,1000000.00,3.736001,102.3515625
13:37:37,91282CLD1,TSRYS5850288,D,S,D,2024-08-27,1000000.00,3.736001,102.3515625
13:37:37,91282CLD1,TSRYS5850288,D,S,D,2024-08-27,1000000.00,3.736001,102.3515625
13:37:39,91282CLD1,TSRYS5850288,D,S,T,2024-08-27,1000000.00,3.734728,102.359375
13:37:48,91282CLD1,TSRYS5850288,D,S,D,2024-08-27,1000000.00,3.735683,102.35351562
13:37:48,91282CLD1,TSRYS5850288,D,S,C,2024-08-27,1000000.00,3.735683,102.35351562
13:37:54,91282CLD1,TSRYS5850288,D,S,C,2024-08-27,1000000.00,3.736001,102.3515625
13:37:54,91282CLD1,TSRYS5850288,D,S,C,2024-08-27,1000000.00,3.735952,102.3518625
13:38:09,91282CLD1,TSRYS5850288,D,S,C,2024-08-27,1000000.00,3.736001,102.3515625
13:38:09,91282CLD1,TSRYS5850288,D,S,D,2024-08-27,1000000.00,3.734728,102.359375
13:38:09,91282CLD1,TSRYS5850288,D,B,C,2024-08-27,1000000.00,3.734768,102.359125
13:38:09,91282CLD1,TSRYS5850288,D,S,D,2024-08-27,1000000.00,3.734728,102.359375
13:38:09,91282CLD1,TSRYS5850288,D,B,C,2024-08-27,1000000.00,3.734728,102.359375
13:38:09,91282CLD1,TSRYS5850288,D,S,D,2024-08-27,1000000.00,3.734728,102.359375
13:38:09,91282CLD1,TSRYS5850288,D,B,C,2024-08-27,1000000.00,3.734768,102.359125
13:38:09,91282CLD1,TSRYS5850288,D,S,D,2024-08-27,1000000.00,3.734728,102.359375
13:38:22,91282CLD1,TSRYS5850288,D,S,D,2024-08-27,1000000.00,3.734091,102.36328125
13:38:22,91282CLD1,TSRYS5850288,D,S,C,2024-08-27,1000000.00,3.734091,102.36328125
13:38:29,91282CLD1,TSRYS5850288,D,S,T,2024-08-27,1000000.00,3.734728,102.359375
13:38:29,91282CLD1,TSRYS5850288,D,S,D,2024-08-27,1000000.00,3.734728,102.359375
13:38:29,91282CLD1,TSRYS5850288,D,S,D,2024-08-27,1000000.00,3.734719,102.359425
13:38:30,91282CLD1,TSRYS5850288,D,S,D,2024-08-27,1000000.00,3.734728,102.359375
13:38:35,91282CLD1,TSRYS5850288,D,S,T,2024-08-27,1000000.00,3.734728,102.359375
13:38:35,91282CLD1,TSRYS5850288,D,S,T,2024-08-27,1000000.00,3.734728,102.359375
13:38:52,91282CLD1,TSRYS5850288,D,B,C,2024-08-27,1000000.00,3.734728,102.359375
13:38:52,91282CLD1,TSRYS5850288,D,S,D,2024-08-27,1000000.00,3.734728,102.359375
13:38:54,91282CLD1,TSRYS5850288,D,S,D,2024-08-27,1000000.00,3.734728,102.359375
13:39:00,91282CLD1,TSRYS5850288,D,S,T,2024-08-27,1000000.00,3.734728,102.359375
13:39:05,91282CLD1,TSRYS5850288,D,S,D,2024-08-27,1000000.00,3.734728,102.359375
13:39:05,91282CLD1,TSRYS5850288,D,B,C,2024-08-27,1000000.00,3.734728,102.359375
13:39:09,91282CLD1,TSRYS5850288,D,S,D,2024-08-27,1000000.00,3.734706,102.359505
13:39:09,91282CLD1,TSRYS5850288,D,B,C,2024-08-27,1000000.00,3.734728,102.359375
13:39:09,91282CLD1,TSRYS5850288,D,B,C,2024-08-27,1000000.00,3.734728,102.359375
13:39:09,91282CLD1,TSRYS5850288,D,S,D,2024-08-27,1000000.00,3.734728,102.359375
13:39:09,91282CLD1,TSRYS5850288,D,S,D,2024-08-27,1000000.00,3.734728,102.359375
13:39:09,91282CLD1,TSRYS5850288,D,B,C,2024-08-27,1000000.00,3.734728,102.359375
13:39:09,91282CLD1,TSRYS5850288,D,S,D,2024-08-27,1000000.00,3.734728,102.359375
13:39:10,91282CLD1,TSRYS5850288,D,S,T,2024-08-27,1000000.00,3.734728,102.359375
13:39:14,91282CLD1,TSRYS5850288,D,S,D,2024-08-27,25000.00,3.735364,102.35546875
13:39:21,91282CLD1,TSRYS5850288,D,S,D,2024-08-27,1900000.00,3.734091,102.36328125
13:39:26,91282CLD1,TSRYS5850288,D,S,D,2024-08-27,1000000.00,3.734728,102.359375
13:39:31,91282CLD1,TSRYS5850288,D,S,C,2024-08-27,100000.00,3.734091,102.36328125
13:39:42,91282CLD1,TSRYS5850288,D,S,D,2024-08-27,1000000.00,3.734728,102.359375
13:39:42,91282CLD1,TSRYS5850288,D,B,C,2024-08-27,1000000.00,3.734728,102.359375
13:39:42,91282CLD1,TSRYS5850288,D,S,D,2024-08-27,1000000.00,3.734728,102.359375
13:39:42,91282CLD1,TSRYS5850288,D,B,C,2024-08-27,1000000.00,3.734764,102.35915
13:39:42,91282CLD1,TSRYS5850288,D,S,D,2024-08-27,1000000.00,3.734728,102.359375
13:39:42,91282CLD1,TSRYS5850288,D,S,D,2024-08-27,1000000.00,3.734728,102.359375
13:39:42,91282CLD1,TSRYS5850288,D,B,C,2024-08-27,1000000.00,3.734728,102.359375
13:39:46,91282CLD1,TSRYS5850288,D,S,T,2024-08-27,1000000.00,3.733454,102.3671875
13:39:46,91282CLD1,TSRYS5850288,D,S,T,2024-08-27,1000000.00,3.732499,102.373046875
13:39:46,91282CLD1,TSRYS5850288,D,S,T,2024-08-27,1000000.00,3.732818,102.37109375
13:39:46,91282CLD1,TSRYS5850288,D,S,T,2024-08-27,1000000.00,3.732181,102.375
13:39:47,91282CLD1,TSRYS5850288,D,S,D,2024-08-27,1000000.00,3.732818,102.37109375
13:39:49,91282CLD1,TSRYS5850288,D,S,D,2024-08-27,1000000.00,3.732181,102.375
13:39:51,91282CLD1,TSRYS5850288,D,S,D,2024-08-27,1000000.00,3.732499,102.373046875
13:39:51,91282CLD1,TSRYS5850288,D,B,C,2024-08-27,1000000.00,3.732499,102.373046875
13:39:51,91282CLD1,TSRYS5850288,D,S,D,2024-08-27,1000000.00,3.732499,102.373046875
13:39:51,91282CLD1,TSRYS5850288,D,S,T,2024-08-27,1000000.00,3.733454,102.3671875
13:39:54,91282CLD1,TSRYS5850288,D,S,D,2024-08-27,1000000.00,3.732818,102.37109375
13:39:54,91282CLD1,TSRYS5850288,D,S,D,2024-08-27,1000000.00,3.732499,102.373046875
13:39:54,91282CLD1,TSRYS5850288,D,S,D,2024-08-27,1000000.00,3.732499,102.373046875
13:39:56,91282CLD1,TSRYS5850288,D,S,A,2024-08-27,39000.00,3.73269,102.371875
13:39:57,91282CLD1,TSRYS5850288,D,S,C,2024-08-27,15000.00,3.735706,102.353375
13:40:02,91282CLD1,TSRYS5850288,D,S,C,2024-08-27,1000000.00,3.732818,102.37109375
13:40:04,91282CLD1,TSRYS5850288,D,S,T,2024-08-27,1000000.00,3.732818,102.37109375
13:40:23,91282CLD1,TSRYS5850288,D,S,A,2024-08-27,1900000.00,3.734091,102.36328125
13:40:39,91282CLD1,TSRYS5850288,D,S,C,2024-08-27,250000.00,3.720111,102.44909375
13:40:41,91282CLD1,TSRYS5850288,D,S,D,2024-08-27,250000.00,3.732818,102.37109375
13:40:42,91282CLD1,TSRYS5850288,D,B,C,2024-08-27,3000000.00,3.733479,102.3670375
13:40:42,91282CLD1,TSRYS5850288,D,S,D,2024-08-27,1000000.00,3.732181,102.375
13:40:42,91282CLD1,TSRYS5850288,D,B,C,2024-08-27,1000000.00,3.732181,102.375
13:40:49,91282CLD1,TSRYS5850288,D,B,C,2024-08-27,1000000.00,3.732818,102.37109375
13:40:57,91282CLD1,TSRYS5850288,D,S,D,2024-08-27,3000000.00,3.733454,102.3671875
13:40:58,91282CLD1,TSRYS5850288,D,B,C,2024-08-27,1000000.00,3.732181,102.375
13:40:58,91282CLD1,TSRYS5850288,D,S,C,2024-08-27,1000000.00,3.732148,102.3752
13:41:13,91282CLD1,TSRYS5850288,D,S,D,2024-08-27,1000000.00,3.733454,102.3671875
13:41:13,91282CLD1,TSRYS5850288,D,B,C,2024-08-27,1000000.00,3.733454,102.3671875
13:41:13,91282CLD1,TSRYS5850288,D,B,C,2024-08-27,1000000.00,3.733454,102.3671875
13:41:13,91282CLD1,TSRYS5850288,D,S,D,2024-08-27,1000000.00,3.733454,102.3671875
13:41:13,91282CLD1,TSRYS5850288,D,B,C,2024-08-27,1000000.00,3.733495,102.3669375
13:41:13,91282CLD1,TSRYS5850288,D,S,D,2024-08-27,1000000.00,3.733454,102.3671875
13:41:13,91282CLD1,TSRYS5850288,D,S,D,2024-08-27,1000000.00,3.733454,102.3671875
13:41:13,91282CLD1,TSRYS5850288,D,S,D,2024-08-27,1000000.00,3.733454,102.3671875
13:41:25,91282CLD1,TSRYS5850288,D,S,D,2024-08-27,1000000.00,3.733454,102.3671875
13:41:38,91282CLD1,TSRYS5850288,D,S,T,2024-08-27,1000000.00,3.733454,102.3671875
13:41:38,91282CLD1,TSRYS5850288,D,S,T,2024-08-27,1000000.00,3.733454,102.3671875
13:42:10,91282CLD1,TSRYS5850288,D,S,D,2024-08-27,1000000.00,3.733454,102.3671875
13:42:10,91282CLD1,TSRYS5850288,D,S,D,2024-08-27,1000000.00,3.733454,102.3671875
13:42:10,91282CLD1,TSRYS5850288,D,S,T,2024-08-27,1000000.00,3.73059,102.384765625
13:42:10,91282CLD1,TSRYS5850288,D,S,T,2024-08-27,1000000.00,3.73059,102.384765625
13:42:11,91282CLD1,TSRYS5850288,D,S,C,2024-08-27,1000000.00,3.730908,102.3828125
13:42:11,91282CLD1,TSRYS5850288,D,S,D,2024-08-27,1000000.00,3.730908,102.3828125
13:42:12,91282CLD1,TSRYS5850288,D,S,D,2024-08-27,1000000.00,3.730908,102.3828125
13:42:15,91282CLD1,TSRYS5850288,D,S,D,2024-08-27,1000000.00,3.73059,102.384765625
13:42:15,91282CLD1,TSRYS5850288,D,S,D,2024-08-27,1000000.00,3.73059,102.384765625
13:42:19,91282CLD1,TSRYS5850288,D,S,D,2024-08-27,1000000.00,3.730908,102.3828125
13:42:19,91282CLD1,TSRYS5850288,D,S,D,2024-08-27,1000000.00,3.73059,102.384765625
13:42:19,91282CLD1,TSRYS5850288,D,S,D,2024-08-27,1000000.00,3.73059,102.384765625
13:42:23,91282CLD1,TSRYS5850288,D,S,D,2024-08-27,1000000.00,3.729953,102.388671875
13:42:24,91282CLD1,TSRYS5850288,D,S,T,2024-08-27,1000000.00,3.729953,102.388671875
13:42:39,91282CLD1,TSRYS5850288,D,S,D,2024-08-27,1000000.00,3.732181,102.375
13:42:39,91282CLD1,TSRYS5850288,D,B,C,2024-08-27,1000000.00,3.732181,102.375
13:42:43,91282CLD1,TSRYS5850288,D,S,T,2024-08-27,1000000.00,3.729635,102.390625
13:42:47,91282CLD1,TSRYS5850288,D,S,C,2024-08-27,1000000.00,3.729635,102.390625
13:42:57,91282CLD1,TSRYS5850288,D,B,C,2024-08-27,1000000.00,3.730908,102.3828125
13:42:57,91282CLD1,TSRYS5850288,D,S,D,2024-08-27,1000000.00,3.730908,102.3828125
13:43:12,91282CLD1,TSRYS5850288,D,S,T,2024-08-27,1000000.00,3.730908,102.3828125
13:43:43,91282CLD1,TSRYS5850288,D,S,D,2024-08-27,1000000.00,3.730908,102.3828125
13:43:47,91282CLD1,TSRYS5850288,D,S,D,2024-08-27,1000000.00,3.730908,102.3828125
13:43:47,91282CLD1,TSRYS5850288,D,S,C,2024-08-27,1000000.00,3.731226,102.380859375
13:43:48,91282CLD1,TSRYS5850288,D,S,D,2024-08-27,1000000.00,3.731226,102.380859375
13:43:48,91282CLD1,TSRYS5850288,D,S,C,2024-08-27,1000000.00,3.731226,102.380859375
13:43:49,91282CLD1,TSRYS5850288,D,S,T,2024-08-27,1000000.00,3.730908,102.3828125
13:43:49,91282CLD1,TSRYS5850288,D,S,T,2024-08-27,1000000.00,3.731226,102.380859375
13:43:50,91282CLD1,TSRYS5850288,D,S,D,2024-08-27,1000000.00,3.731226,102.380859375
13:43:54,91282CLD1,TSRYS5850288,D,S,T,2024-08-27,1000000.00,3.731226,102.380859375
13:43:54,91282CLD1,TSRYS5850288,D,S,D,2024-08-27,1000000.00,3.731226,102.380859375
13:43:54,91282CLD1,TSRYS5850288,D,S,C,2024-08-27,1000000.00,3.731226,102.380859375
13:43:54,91282CLD1,TSRYS5850288,D,S,C,2024-08-27,1000000.00,3.731226,102.380859375
13:43:54,91282CLD1,TSRYS5850288,D,S,T,2024-08-27,1000000.00,3.731226,102.380859375
13:43:54,91282CLD1,TSRYS5850288,D,S,T,2024-08-27,1000000.00,3.731226,102.380859375
13:43:54,91282CLD1,TSRYS5850288,D,S,T,2024-08-27,1000000.00,3.731226,102.380859375
13:43:54,91282CLD1,TSRYS5850288,D,S,D,2024-08-27,1000000.00,3.731226,102.380859375
13:43:54,91282CLD1,TSRYS5850288,D,S,D,2024-08-27,1000000.00,3.731226,102.380859375
13:43:58,91282CLD1,TSRYS5850288,D,S,C,2024-08-27,1000000.00,3.731226,102.380859375
13:43:59,91282CLD1,TSRYS5850288,D,S,T,2024-08-27,1000000.00,3.731226,102.380859375
13:43:59,91282CLD1,TSRYS5850288,D,S,T,2024-08-27,1000000.00,3.731226,102.380859375
13:43:59,91282CLD1,TSRYS5850288,D,S,T,2024-08-27,1000000.00,3.731226,102.380859375
13:43:59,91282CLD1,TSRYS5850288,D,S,T,2024-08-27,1000000.00,3.730908,102.3828125
13:44:04,91282CLD1,TSRYS5850288,D,S,C,2024-08-27,1000000.00,3.730908,102.3828125
13:44:04,91282CLD1,TSRYS5850288,D,S,T,2024-08-27,1000000.00,3.731226,102.380859375
13:44:04,91282CLD1,TSRYS5850288,D,S,T,2024-08-27,1000000.00,3.731226,102.380859375
13:44:06,91282CLD1,TSRYS5850288,D,S,C,2024-08-27,1000000.00,3.73059,102.384765625
13:44:06,91282CLD1,TSRYS5850288,D,S,C,2024-08-27,1000000.00,3.730908,102.3828125
13:44:06,91282CLD1,TSRYS5850288,D,S,C,2024-08-27,1000000.00,3.730908,102.3828125
13:44:06,91282CLD1,TSRYS5850288,D,S,D,2024-08-27,1000000.00,3.730908,102.3828125
13:44:09,91282CLD1,TSRYS5850288,D,S,C,2024-08-27,1000000.00,3.730908,102.3828125
13:44:09,91282CLD1,TSRYS5850288,D,S,T,2024-08-27,1000000.00,3.730908,102.3828125
13:44:09,91282CLD1,TSRYS5850288,D,S,T,2024-08-27,1000000.00,3.730908,102.3828125
13:44:09,91282CLD1,TSRYS5850288,D,S,T,2024-08-27,1000000.00,3.730908,102.3828125
13:44:09,91282CLD1,TSRYS5850288,D,S,T,2024-08-27,1000000.00,3.730908,102.3828125
13:44:09,91282CLD1,TSRYS5850288,D,S,T,2024-08-27,1000000.00,3.730908,102.3828125
13:44:09,91282CLD1,TSRYS5850288,D,S,T,2024-08-27,1000000.00,3.730908,102.3828125
13:44:09,91282CLD1,TSRYS5850288,D,S,T,2024-08-27,1000000.00,3.73059,102.384765625
13:44:09,91282CLD1,TSRYS5850288,D,S,T,2024-08-27,1000000.00,3.730908,102.3828125
13:44:09,91282CLD1,TSRYS5850288,D,S,T,2024-08-27,1000000.00,3.730908,102.3828125
13:44:09,91282CLD1,TSRYS5850288,D,S,T,2024-08-27,1000000.00,3.730908,102.3828125
13:44:09,91282CLD1,TSRYS5850288,D,S,T,2024-08-27,1000000.00,3.730908,102.3828125
13:44:09,91282CLD1,TSRYS5850288,D,S,T,2024-08-27,1000000.00,3.730908,102.3828125
13:44:13,91282CLD1,TSRYS5850288,D,S,C,2024-08-27,1000000.00,3.730908,102.3828125
13:44:13,91282CLD1,TSRYS5850288,D,S,C,2024-08-27,1000000.00,3.730883,102.3829625
13:44:13,91282CLD1,TSRYS5850288,D,S,C,2024-08-27,1000000.00,3.730883,102.3829625
13:44:13,91282CLD1,TSRYS5850288,D,B,C,2024-08-27,1000000.00,3.730908,102.3828125
13:44:13,91282CLD1,TSRYS5850288,D,S,D,2024-08-27,1000000.00,3.730908,102.3828125
13:44:13,91282CLD1,TSRYS5850288,D,B,C,2024-08-27,1000000.00,3.73094,102.3826125
13:44:14,91282CLD1,TSRYS5850288,D,S,T,2024-08-27,1000000.00,3.730908,102.3828125
13:44:17,91282CLD1,TSRYS5850288,D,S,C,2024-08-27,1000000.00,3.730908,102.3828125
13:44:34,91282CLD1,TSRYS5850288,D,S,C,2024-08-27,65200000.00,3.730908,102.3828125
13:44:42,91282CLD1,TSRYS5850288,D,S,T,2024-08-27,1000000.00,3.731226,102.380859375
13:44:43,91282CLD1,TSRYS5850288,D,S,D,2024-08-27,1000000.00,3.730908,102.3828125
13:44:43,91282CLD1,TSRYS5850288,D,S,C,2024-08-27,1000000.00,3.730867,102.3830625
13:44:44,91282CLD1,TSRYS5850288,D,S,D,2024-08-27,1000000.00,3.731226,102.380859375
13:44:47,91282CLD1,TSRYS5850288,D,S,D,2024-08-27,1000000.00,3.731544,102.37890625
13:44:47,91282CLD1,TSRYS5850288,D,S,D,2024-08-27,1000000.00,3.731544,102.37890625
13:44:47,91282CLD1,TSRYS5850288,D,B,C,2024-08-27,1000000.00,3.730908,102.3828125
13:44:47,91282CLD1,TSRYS5850288,D,S,D,2024-08-27,1000000.00,3.730908,102.3828125
13:44:48,91282CLD1,TSRYS5850288,D,S,T,2024-08-27,1000000.00,3.731565,102.37878125
13:44:48,91282CLD1,TSRYS5850288,D,S,T,2024-08-27,1000000.00,3.731565,102.37878125
13:44:48,91282CLD1,TSRYS5850288,D,S,T,2024-08-27,2000000.00,3.731544,102.37890625
13:44:49,91282CLD1,TSRYS5850288,D,S,D,2024-08-27,1000000.00,3.731226,102.380859375
13:44:49,91282CLD1,TSRYS5850288,D,S,D,2024-08-27,1000000.00,3.730908,102.3828125
13:44:49,91282CLD1,TSRYS5850288,D,S,D,2024-08-27,1000000.00,3.730908,102.3828125
13:44:51,91282CLD1,TSRYS5850288,D,S,C,2024-08-27,2000000.00,3.731544,102.37890625
13:44:53,91282CLD1,TSRYS5850288,D,S,T,2024-08-27,1000000.00,3.730908,102.3828125
13:44:54,91282CLD1,TSRYS5850288,D,S,D,2024-08-27,1000000.00,3.730908,102.3828125
13:44:58,91282CLD1,TSRYS5850288,D,S,D,2024-08-27,1000000.00,3.730908,102.3828125
13:44:58,91282CLD1,TSRYS5850288,D,S,D,2024-08-27,1000000.00,3.730908,102.3828125
13:44:58,91282CLD1,TSRYS5850288,D,S,C,2024-08-27,1000000.00,3.730908,102.3828125
13:44:58,91282CLD1,TSRYS5850288,D,S,D,2024-08-27,1000000.00,3.730908,102.3828125
13:44:59,91282CLD1,TSRYS5850288,D,S,T,2024-08-27,1000000.00,3.731544,102.37890625
13:45:00,91282CLD1,TSRYS5850288,D,S,D,2024-08-27,1000000.00,3.731544,102.37920625
13:45:02,91282CLD1,TSRYS5850288,D,S,T,2024-08-27,1000000.00,3.730908,102.3828125
13:45:11,91282CLD1,TSRYS5850288,D,S,C,2024-08-27,1000000.00,3.730908,102.3828125
13:45:11,91282CLD1,TSRYS5850288,D,S,D,2024-08-27,1000000.00,3.730908,102.3828125
13:45:13,91282CLD1,TSRYS5850288,D,S,D,2024-08-27,1000000.00,3.731544,102.37890625
13:45:13,91282CLD1,TSRYS5850288,D,S,D,2024-08-27,1000000.00,3.731544,102.37890625
13:45:13,91282CLD1,TSRYS5850288,D,S,D,2024-08-27,1000000.00,3.731544,102.37890625
13:45:14,91282CLD1,TSRYS5850288,D,S,D,2024-08-27,1000000.00,3.731544,102.37890625
13:45:14,91282CLD1,TSRYS5850288,D,S,D,2024-08-27,1000000.00,3.731544,102.37890625
13:45:14,91282CLD1,TSRYS5850288,D,S,D,2024-08-27,1000000.00,3.731544,102.37890625
13:45:14,91282CLD1,TSRYS5850288,D,S,D,2024-08-27,1000000.00,3.731544,102.37890625
13:45:15,91282CLD1,TSRYS5850288,D,S,T,2024-08-27,1000000.00,3.731544,102.37890625
13:45:15,91282CLD1,TSRYS5850288,D,S,T,2024-08-27,1000000.00,3.731544,102.37890625
13:45:15,91282CLD1,TSRYS5850288,D,S,T,2024-08-27,1000000.00,3.731226,102.380859375
13:45:15,91282CLD1,TSRYS5850288,D,S,T,2024-08-27,1000000.00,3.731226,102.380859375
13:45:15,91282CLD1,TSRYS5850288,D,S,T,2024-08-27,1000000.00,3.731544,102.37890625
13:45:15,91282CLD1,TSRYS5850288,D,S,T,2024-08-27,1000000.00,3.731544,102.37890625
13:45:15,91282CLD1,TSRYS5850288,D,S,T,2024-08-27,1000000.00,3.731544,102.37890625
13:45:15,91282CLD1,TSRYS5850288,D,S,D,2024-08-27,2000000.00,3.731544,102.37890625
13:45:18,91282CLD1,TSRYS5850288,D,S,D,2024-08-27,100000.00,3.732181,102.375
13:45:19,91282CLD1,TSRYS5850288,D,S,T,2024-08-27,1000000.00,3.731544,102.37890625
13:45:19,91282CLD1,TSRYS5850288,D,S,T,2024-08-27,1000000.00,3.731544,102.37890625
13:45:19,91282CLD1,TSRYS5850288,D,S,T,2024-08-27,2000000.00,3.731544,102.37890625
13:45:20,91282CLD1,TSRYS5850288,D,S,C,2024-08-27,1000000.00,3.731226,102.380859375
13:45:20,91282CLD1,TSRYS5850288,D,S,C,2024-08-27,1000000.00,3.731226,102.380859375
13:45:22,91282CLD1,TSRYS5850288,D,S,D,2024-08-27,1000000.00,3.731226,102.380859375
13:45:22,91282CLD1,TSRYS5850288,D,S,D,2024-08-27,1000000.00,3.731544,102.37890625
13:45:24,91282CLD1,TSRYS5850288,D,S,T,2024-08-27,1000000.00,3.731544,102.37890625
13:45:24,91282CLD1,TSRYS5850288,D,S,T,2024-08-27,1000000.00,3.731226,102.380859375
13:45:59,91282CLD1,TSRYS5850288,D,S,D,2024-08-27,1000000.00,3.730908,102.3828125
13:45:59,91282CLD1,TSRYS5850288,D,B,C,2024-08-27,1000000.00,3.730908,102.3828125
13:45:59,91282CLD1,TSRYS5850288,D,S,D,2024-08-27,1000000.00,3.730908,102.3828125
13:45:59,91282CLD1,TSRYS5850288,D,B,C,2024-08-27,1000000.00,3.730908,102.3828125
13:45:59,91282CLD1,TSRYS5850288,D,S,D,2024-08-27,1000000.00,3.730908,102.3828125
13:45:59,91282CLD1,TSRYS5850288,D,B,C,2024-08-27,1000000.00,3.730908,102.3828125
13:46:04,91282CLD1,TSRYS5850288,D,B,C,2024-08-27,2000000.00,3.731544,102.37890625
13:46:11,91282CLD1,TSRYS5850288,D,S,D,2024-08-27,1000000.00,3.731544,102.37890625
13:46:14,91282CLD1,TSRYS5850288,D,S,T,2024-08-27,1000000.00,3.731544,102.37890625
13:46:17,91282CLD1,TSRYS5850288,D,S,D,2024-08-27,1000000.00,3.731226,102.380859375
13:46:17,91282CLD1,TSRYS5850288,D,S,C,2024-08-27,1000000.00,3.731226,102.380859375
13:46:24,91282CLD1,TSRYS5850288,D,S,D,2024-08-27,1000000.00,3.732181,102.375
13:46:24,91282CLD1,TSRYS5850288,D,S,D,2024-08-27,1000000.00,3.732181,102.375
13:46:29,91282CLD1,TSRYS5850288,D,S,T,2024-08-27,1000000.00,3.732181,102.375
13:46:30,91282CLD1,TSRYS5850288,D,S,T,2024-08-27,1000000.00,3.732181,102.375
13:46:32,91282CLD1,TSRYS5850288,D,S,T,2024-08-27,1000000.00,3.732181,102.375
13:46:38,91282CLD1,TSRYS5850288,D,S,T,2024-08-27,1000000.00,3.730908,102.3828125
13:46:39,91282CLD1,TSRYS5850288,D,S,T,2024-08-27,1000000.00,3.730908,102.3828125
13:46:43,91282CLD1,TSRYS5850288,D,S,D,2024-08-27,1000000.00,3.730908,102.3828125
13:46:59,91282CLD1,TSRYS5850288,D,S,C,2024-08-27,1000000.00,3.73214,102.37525
13:46:59,91282CLD1,TSRYS5850288,D,S,D,2024-08-27,1000000.00,3.732181,102.375
13:46:59,91282CLD1,TSRYS5850288,D,B,C,2024-08-27,1000000.00,3.731544,102.37890625
13:47:05,91282CLD1,TSRYS5850288,D,S,C,2024-08-27,730000.00,3.730843,102.3832125
13:47:10,91282CLD1,TSRYS5850288,D,S,D,2024-08-27,1000000.00,3.731226,102.380859375
13:47:12,91282CLD1,TSRYS5850288,D,S,D,2024-08-27,1000000.00,3.731226,102.380859375
13:47:14,91282CLD1,TSRYS5850288,D,S,D,2024-08-27,1000000.00,3.732181,102.375
13:47:14,91282CLD1,TSRYS5850288,D,B,C,2024-08-27,1000000.00,3.732181,102.375
13:47:29,91282CLD1,TSRYS5850288,D,S,D,2024-08-27,1000000.00,3.730908,102.3828125
13:47:29,91282CLD1,TSRYS5850288,D,B,C,2024-08-27,1000000.00,3.730949,102.3825625
13:47:29,91282CLD1,TSRYS5850288,D,S,D,2024-08-27,1000000.00,3.730908,102.3828125
13:47:31,91282CLD1,TSRYS5850288,D,S,D,2024-08-27,1000000.00,3.731226,102.38085937
13:47:32,91282CLD1,TSRYS5850288,D,S,D,2024-08-27,1000000.00,3.731226,102.38085937
13:47:32,91282CLD1,TSRYS5850288,D,S,D,2024-08-27,99400000.00,3.8344,101.75
13:47:35,91282CLD1,TSRYS5850288,D,S,D,2024-08-27,1000000.00,3.731226,102.38085937
13:47:35,91282CLD1,TSRYS5850288,D,S,D,2024-08-27,1000000.00,3.731226,102.38085937
13:47:36,91282CLD1,TSRYS5850288,D,S,T,2024-08-27,1000000.00,3.731226,102.38085937
13:47:36,91282CLD1,TSRYS5850288,D,S,D,2024-08-27,1000000.00,3.731226,102.38085937
13:47:36,91282CLD1,TSRYS5850288,D,S,D,2024-08-27,1000.00,3.731753,102.37762336543
13:47:43,91282CLD1,TSRYS5850288,D,S,T,2024-08-27,1000000.00,3.731226,102.38085937
13:47:44,91282CLD1,TSRYS5850288,D,B,C,2024-08-27,1000000.00,3.730908,102.3828125
13:47:44,91282CLD1,TSRYS5850288,D,S,D,2024-08-27,1000000.00,3.730908,102.3828125
13:47:57,91282CLD1,TSRYS5850288,D,S,D,2024-08-27,1000000.00,3.730908,102.3828125
13:47:57,91282CLD1,TSRYS5850288,D,B,C,2024-08-27,1000000.00,3.730908,102.3828125
13:48:39,91282CLD1,TSRYS5850288,D,S,D,2024-08-27,1000000.00,3.731863,102.376953125
13:48:39,91282CLD1,TSRYS5850288,D,B,C,2024-08-27,1000000.00,3.731863,102.376953125
13:48:46,91282CLD1,TSRYS5850288,D,S,C,2024-08-27,20000.00,3.732181,102.375
13:49:07,91282CLD1,TSRYS5850288,D,S,D,2024-08-27,1000000.00,3.731863,102.376953125
13:49:07,91282CLD1,TSRYS5850288,D,B,C,2024-08-27,1000000.00,3.731863,102.376953125
13:49:11,91282CLD1,TSRYS5850288,D,S,T,2024-08-27,2000000.00,3.732181,102.375
13:49:11,91282CLD1,TSRYS5850288,D,S,T,2024-08-27,1000000.00,3.732181,102.375
13:49:22,91282CLD1,TSRYS5850288,D,S,C,2024-08-27,1000000.00,3.731226,102.38085937
13:49:23,91282CLD1,TSRYS5850288,D,S,C,2024-08-27,1000000.00,3.731226,102.38085937
13:49:24,91282CLD1,TSRYS5850288,D,S,C,2024-08-27,1000000.00,3.731226,102.38085937
13:49:42,91282CLD1,TSRYS5850288,D,S,D,2024-08-27,1000000.00,3.732181,102.375
13:49:42,91282CLD1,TSRYS5850288,D,S,D,2024-08-27,1000000.00,3.732181,102.375
13:49:42,91282CLD1,TSRYS5850288,D,S,D,2024-08-27,1000000.00,3.732181,102.375
13:49:43,91282CLD1,TSRYS5850288,D,B,C,2024-08-27,1000000.00,3.732181,102.375
13:49:58,91282CLD1,TSRYS5850288,D,S,T,2024-08-27,1000000.00,3.732181,102.375
13:50:04,91282CLD1,TSRYS5850288,D,S,D,2024-08-27,1000000.00,3.731863,102.376953125
13:50:05,91282CLD1,TSRYS5850288,D,S,C,2024-08-27,1000000.00,3.731863,102.376953125
13:50:11,91282CLD1,TSRYS5850288,D,S,T,2024-08-27,1000000.00,3.733454,102.3671875
13:50:11,91282CLD1,TSRYS5850288,D,S,T,2024-08-27,1000000.00,3.730908,102.3828125
13:50:22,91282CLD1,TSRYS5850288,D,S,T,2024-08-27,1000000.00,3.732181,102.375
13:50:22,91282CLD1,TSRYS5850288,D,S,D,2024-08-27,1000000.00,3.732181,102.375
13:50:22,91282CLD1,TSRYS5850288,D,B,C,2024-08-27,1000000.00,3.732214,102.3748
13:50:29,91282CLD1,TSRYS5850288,D,S,D,2024-08-27,300000.00,3.732181,102.375
13:50:29,91282CLD1,TSRYS5850288,D,S,T,2024-08-27,1000000.00,3.732181,102.375
13:50:29,91282CLD1,TSRYS5850288,D,S,T,2024-08-27,1000000.00,3.732181,102.375
13:50:44,91282CLD1,TSRYS5850288,D,S,D,2024-08-27,1000000.00,3.731765,102.3775540865
13:50:44,91282CLD1,TSRYS5850288,D,S,D,2024-08-27,1000000.00,3.731765,102.3775540865
13:50:44,91282CLD1,TSRYS5850288,D,S,D,2024-08-27,1000000.00,3.731765,102.3775540865
13:51:00,91282CLD1,TSRYS5850288,D,B,C,2024-08-27,1000000.00,3.732181,102.375
13:51:00,91282CLD1,TSRYS5850288,D,B,C,2024-08-27,1000000.00,3.732181,102.375
13:51:00,91282CLD1,TSRYS5850288,D,S,D,2024-08-27,1000000.00,3.732181,102.375
13:51:00,91282CLD1,TSRYS5850288,D,S,D,2024-08-27,1000000.00,3.732181,102.375
13:51:00,91282CLD1,TSRYS5850288,D,S,D,2024-08-27,1000000.00,3.732181,102.375
13:51:00,91282CLD1,TSRYS5850288,D,S,D,2024-08-27,1000000.00,3.732181,102.375
13:51:00,91282CLD1,TSRYS5850288,D,S,D,2024-08-27,1000000.00,3.732181,102.375
13:51:00,91282CLD1,TSRYS5850288,D,S,D,2024-08-27,1000000.00,3.732181,102.375
13:51:00,91282CLD1,TSRYS5850288,D,B,C,2024-08-27,1000000.00,3.732181,102.375
13:51:00,91282CLD1,TSRYS5850288,D,B,C,2024-08-27,1000000.00,3.732181,102.375
13:51:00,91282CLD1,TSRYS5850288,D,S,D,2024-08-27,1000000.00,3.732181,102.375
13:51:12,91282CLD1,TSRYS5850288,D,B,C,2024-08-27,1000000.00,3.730908,102.3828125
13:51:13,91282CLD1,TSRYS5850288,D,S,D,2024-08-27,1000000.00,3.730908,102.3828125
13:51:14,91282CLD1,TSRYS5850288,D,S,T,2024-08-27,1000000.00,3.730908,102.3828125
13:51:23,91282CLD1,TSRYS5850288,D,S,D,2024-08-27,3000000.00,3.730908,102.3828125
13:51:25,91282CLD1,TSRYS5850288,D,S,D,2024-08-27,1000000.00,3.730908,102.3828125
13:51:34,91282CLD1,TSRYS5850288,D,S,T,2024-08-27,1000000.00,3.730908,102.3828125
13:51:51,91282CLD1,TSRYS5850288,D,S,D,2024-08-27,25000.00,3.730271,102.38671875
13:51:53,91282CLD1,TSRYS5850288,D,S,C,2024-08-27,25000.00,3.564398,103.410586
13:51:59,91282CLD1,TSRYS5850288,D,S,T,2024-08-27,1000000.00,3.730908,102.3828125
13:52:20,91282CLD1,TSRYS5850288,D,S,D,2024-08-27,8338000.00,3.730762,102.3828125
13:52:32,91282CLD1,TSRYS5850288,D,S,T,2024-08-27,1000000.00,3.730908,102.3828125
13:52:32,91282CLD1,TSRYS5850288,D,S,D,2024-08-27,1000000.00,3.730908,102.3828125
13:52:32,91282CLD1,TSRYS5850288,D,S,T,2024-08-27,1000000.00,3.730908,102.3828125
13:52:33,91282CLD1,TSRYS5850288,D,S,T,2024-08-27,1000000.00,3.730908,102.3828125
13:52:33,91282CLD1,TSRYS5850288,D,S,D,2024-08-27,1000000.00,3.730908,102.3828125
13:52:33,91282CLD1,TSRYS5850288,D,S,T,2024-08-27,1000000.00,3.730908,102.3828125
13:52:33,91282CLD1,TSRYS5850288,D,S,D,2024-08-27,1000000.00,3.730908,102.3828125
13:52:33,91282CLD1,TSRYS5850288,D,S,T,2024-08-27,1000000.00,3.730908,102.3828125
13:52:33,91282CLD1,TSRYS5850288,D,S,T,2024-08-27,1000000.00,3.730908,102.3828125
13:52:34,91282CLD1,TSRYS5850288,D,S,T,2024-08-27,1000000.00,3.730908,102.3828125
13:52:34,91282CLD1,TSRYS5850288,D,S,T,2024-08-27,1000000.00,3.731226,102.380859375
13:52:34,91282CLD1,TSRYS5850288,D,S,T,2024-08-27,1000000.00,3.730908,102.3828125
13:52:34,91282CLD1,TSRYS5850288,D,S,T,2024-08-27,1000000.00,3.731226,102.380859375
13:52:34,91282CLD1,TSRYS5850288,D,S,T,2024-08-27,1000000.00,3.730908,102.3828125
13:52:35,91282CLD1,TSRYS5850288,D,S,D,2024-08-27,1000000.00,3.730908,102.3828125
13:52:37,91282CLD1,TSRYS5850288,D,S,C,2024-08-27,1000000.00,3.730908,102.3828125
13:52:37,91282CLD1,TSRYS5850288,D,S,D,2024-08-27,1000000.00,3.730908,102.3828125
13:52:37,91282CLD1,TSRYS5850288,D,S,D,2024-08-27,1000000.00,3.730908,102.3828125
13:52:37,91282CLD1,TSRYS5850288,D,S,D,2024-08-27,1000000.00,3.730908,102.3828125
13:52:37,91282CLD1,TSRYS5850288,D,S,D,2024-08-27,1000000.00,3.730908,102.3828125
13:52:37,91282CLD1,TSRYS5850288,D,S,D,2024-08-27,1000000.00,3.730908,102.3828125
13:52:37,91282CLD1,TSRYS5850288,D,S,D,2024-08-27,1000000.00,3.730908,102.3828125
13:52:37,91282CLD1,TSRYS5850288,D,S,D,2024-08-27,1000000.00,3.730908,102.3828125
13:52:37,91282CLD1,TSRYS5850288,D,S,D,2024-08-27,1000000.00,3.730908,102.3828125
13:52:37,91282CLD1,TSRYS5850288,D,S,T,2024-08-27,1000000.00,3.730908,102.3828125
13:52:37,91282CLD1,TSRYS5850288,D,S,D,2024-08-27,1000000.00,3.730908,102.3828125
13:52:37,91282CLD1,TSRYS5850288,D,S,D,2024-08-27,1000000.00,3.730908,102.3828125
13:52:37,91282CLD1,TSRYS5850288,D,S,C,2024-08-27,1000000.00,3.730908,102.3828125
13:52:37,91282CLD1,TSRYS5850288,D,S,C,2024-08-27,1000000.00,3.730908,102.3828125
13:52:37,91282CLD1,TSRYS5850288,D,S,C,2024-08-27,1000000.00,3.730908,102.3828125
13:52:38,91282CLD1,TSRYS5850288,D,S,D,2024-08-27,1000000.00,3.731226,102.380859375
13:52:38,91282CLD1,TSRYS5850288,D,S,D,2024-08-27,1000000.00,3.731226,102.380859375
13:52:45,91282CLD1,TSRYS5850288,D,S,D,2024-08-27,1000000.00,3.730908,102.3828125
13:52:54,91282CLD1,TSRYS5850288,D,S,D,2024-08-27,1000000.00,3.730816,102.383376668
13:52:55,91282CLD1,TSRYS5850288,D,S,D,2024-08-27,1000000.00,3.730908,102.3828125
13:53:04,91282CLD1,TSRYS5850288,D,S,D,2024-08-27,1000000.00,3.730816,102.383376668
13:53:04,91282CLD1,TSRYS5850288,D,S,D,2024-08-27,1000000.00,3.730816,102.383376668
13:53:09,91282CLD1,TSRYS5850288,D,S,D,2024-08-27,1000000.00,3.730908,102.3828125
13:53:09,91282CLD1,TSRYS5850288,D,S,D,2024-08-27,1000000.00,3.730908,102.3828125
13:53:10,91282CLD1,TSRYS5850288,D,S,C,2024-08-27,1000000.00,3.730908,102.3828125
13:53:10,91282CLD1,TSRYS5850288,D,S,D,2024-08-27,2000000.00,3.730908,102.3828125
13:53:14,91282CLD1,TSRYS5850288,D,S,D,2024-08-27,1000000.00,3.730816,102.383376668
13:53:14,91282CLD1,TSRYS5850288,D,S,D,2024-08-27,1000000.00,3.730908,102.3828125
13:53:14,91282CLD1,TSRYS5850288,D,S,D,2024-08-27,2000000.00,3.730908,102.3828125
13:53:14,91282CLD1,TSRYS5850288,D,S,D,2024-08-27,1000000.00,3.730908,102.3828125
13:53:15,91282CLD1,TSRYS5850288,D,B,C,2024-08-27,1000000.00,3.730908,102.3828125
13:53:15,91282CLD1,TSRYS5850288,D,S,C,2024-08-27,1000000.00,3.730908,102.3828125
13:53:15,91282CLD1,TSRYS5850288,D,S,D,2024-08-27,1000000.00,3.730908,102.3828125
13:53:15,91282CLD1,TSRYS5850288,D,S,C,2024-08-27,1000000.00,3.730908,102.3828125
13:53:15,91282CLD1,TSRYS5850288,D,S,D,2024-08-27,1000000.00,3.730908,102.3828125
13:53:15,91282CLD1,TSRYS5850288,D,S,D,2024-08-27,1000000.00,3.730908,102.3828125
13:53:15,91282CLD1,TSRYS5850288,D,S,C,2024-08-27,1000000.00,3.730867,102.3830625
13:53:15,91282CLD1,TSRYS5850288,D,S,D,2024-08-27,1000000.00,3.730908,102.3828125
13:53:15,91282CLD1,TSRYS5850288,D,S,D,2024-08-27,1000000.00,3.730908,102.3828125
13:53:15,91282CLD1,TSRYS5850288,D,S,C,2024-08-27,1000000.00,3.730908,102.3828125
13:53:15,91282CLD1,TSRYS5850288,D,S,D,2024-08-27,1000000.00,3.730908,102.3828125
13:53:15,91282CLD1,TSRYS5850288,D,S,D,2024-08-27,1000000.00,3.730908,102.3828125
13:53:15,91282CLD1,TSRYS5850288,D,S,D,2024-08-27,3000000.00,3.730908,102.3828125
13:53:15,91282CLD1,TSRYS5850288,D,S,D,2024-08-27,1000000.00,3.730908,102.3828125
13:53:15,91282CLD1,TSRYS5850288,D,S,D,2024-08-27,1000000.00,3.730908,102.3828125
13:53:15,91282CLD1,TSRYS5850288,D,S,D,2024-08-27,1000000.00,3.730908,102.3828125
13:53:15,91282CLD1,TSRYS5850288,D,S,D,2024-08-27,1000000.00,3.730908,102.3828125
13:53:15,91282CLD1,TSRYS5850288,D,S,D,2024-08-27,1000000.00,3.730908,102.3828125
13:53:21,91282CLD1,TSRYS5850288,D,S,D,2024-08-27,1000000.00,3.730908,102.3828125
13:53:21,91282CLD1,TSRYS5850288,D,S,D,2024-08-27,1000000.00,3.730908,102.3828125
13:53:21,91282CLD1,TSRYS5850288,D,S,D,2024-08-27,2000000.00,3.730908,102.3828125
13:53:21,91282CLD1,TSRYS5850288,D,S,D,2024-08-27,2000000.00,3.730908,102.3828125
13:53:21,91282CLD1,TSRYS5850288,D,S,C,2024-08-27,1000000.00,3.73059,102.38476562
13:53:21,91282CLD1,TSRYS5850288,D,S,C,2024-08-27,1000000.00,3.73059,102.38476562
13:53:21,91282CLD1,TSRYS5850288,D,S,T,2024-08-27,1000000.00,3.730908,102.3828125
13:53:24,91282CLD1,TSRYS5850288,D,S,D,2024-08-27,1000000.00,3.730816,102.383376668
13:53:24,91282CLD1,TSRYS5850288,D,S,D,2024-08-27,1000000.00,3.730908,102.3828125
13:53:24,91282CLD1,TSRYS5850288,D,S,D,2024-08-27,1000000.00,3.730816,102.383376668
13:53:31,91282CLD1,TSRYS5850288,D,S,D,2024-08-27,1000000.00,3.730908,102.3828125
13:53:33,91282CLD1,TSRYS5850288,D,S,C,2024-08-27,1000000.00,3.730908,102.3828125
13:53:33,91282CLD1,TSRYS5850288,D,S,T,2024-08-27,1000000.00,3.730908,102.3828125
13:53:39,91282CLD1,TSRYS5850288,D,S,T,2024-08-27,1000000.00,3.730908,102.3828125
13:53:39,91282CLD1,TSRYS5850288,D,S,T,2024-08-27,1000000.00,3.730908,102.3828125
13:53:41,91282CLD1,TSRYS5850288,D,B,C,2024-08-27,1000000.00,3.730908,102.3828125
13:53:41,91282CLD1,TSRYS5850288,D,S,D,2024-08-27,1000000.00,3.730908,102.3828125
13:53:42,91282CLD1,TSRYS5850288,D,S,D,2024-08-27,1000000.00,3.730908,102.3828125
13:53:42,91282CLD1,TSRYS5850288,D,S,D,2024-08-27,1000000.00,3.730908,102.3828125
13:53:42,91282CLD1,TSRYS5850288,D,B,C,2024-08-27,43000000.00,3.731169,102.38121
13:53:44,91282CLD1,TSRYS5850288,D,S,D,2024-08-27,1000000.00,3.730816,102.383376668
13:53:44,91282CLD1,TSRYS5850288,D,S,C,2024-08-27,5000.00,3.732181,102.375
13:53:45,91282CLD1,TSRYS5850288,D,S,T,2024-08-27,1000000.00,3.730908,102.3828125
13:53:46,91282CLD1,TSRYS5850288,D,S,T,2024-08-27,1000000.00,3.730908,102.3828125
13:53:48,91282CLD1,TSRYS5850288,D,S,D,2024-08-27,1000000.00,3.730908,102.3828125
13:53:48,91282CLD1,TSRYS5850288,D,S,T,2024-08-27,1000000.00,3.730908,102.3828125
13:53:50,91282CLD1,TSRYS5850288,D,S,T,2024-08-27,1000000.00,3.730908,102.3828125
13:53:50,91282CLD1,TSRYS5850288,D,S,T,2024-08-27,1000000.00,3.730908,102.3828125
13:53:50,91282CLD1,TSRYS5850288,D,S,T,2024-08-27,1000000.00,3.730908,102.3828125
13:53:52,91282CLD1,TSRYS5850288,D,S,T,2024-08-27,1000000.00,3.730908,102.3828125
13:53:52,91282CLD1,TSRYS5850288,D,S,T,2024-08-27,1000000.00,3.730908,102.3828125
13:53:52,91282CLD1,TSRYS5850288,D,S,T,2024-08-27,1000000.00,3.730908,102.3828125
13:53:53,91282CLD1,TSRYS5850288,D,S,T,2024-08-27,1000000.00,3.730908,102.3828125
13:53:53,91282CLD1,TSRYS5850288,D,S,T,2024-08-27,1000000.00,3.730908,102.3828125
13:53:55,91282CLD1,TSRYS5850288,D,S,T,2024-08-27,1000000.00,3.730908,102.3828125
13:53:55,91282CLD1,TSRYS5850288,D,S,C,2024-08-27,1000000.00,3.730908,102.3828125
13:53:56,91282CLD1,TSRYS5850288,D,S,C,2024-08-27,1000000.00,3.731226,102.38085937
13:53:56,91282CLD1,TSRYS5850288,D,S,T,2024-08-27,1000000.00,3.73094,102.3826125
13:53:57,91282CLD1,TSRYS5850288,D,S,C,2024-08-27,1000000.00,3.731226,102.38085937
13:53:57,91282CLD1,TSRYS5850288,D,S,C,2024-08-27,1000000.00,3.731226,102.38085937
13:53:58,91282CLD1,TSRYS5850288,D,S,T,2024-08-27,1000000.00,3.73094,102.3826125
13:53:58,91282CLD1,TSRYS5850288,D,S,C,2024-08-27,1000000.00,3.731226,102.38085937
13:53:59,91282CLD1,TSRYS5850288,D,S,T,2024-08-27,1000000.00,3.73094,102.3826125
13:54:02,91282CLD1,TSRYS5850288,D,S,D,2024-08-27,100000.00,3.730908,102.3828125
13:54:03,91282CLD1,TSRYS5850288,D,B,A,2024-08-27,1000000.00,3.730908,102.3828125
13:54:13,91282CLD1,TSRYS5850288,D,S,D,2024-08-27,1000000.00,3.730908,102.3828125
13:54:13,91282CLD1,TSRYS5850288,D,S,D,2024-08-27,1000000.00,3.730908,102.3828125
13:54:15,91282CLD1,TSRYS5850288,D,S,D,2024-08-27,1000000.00,3.730908,102.3828125
13:54:19,91282CLD1,TSRYS5850288,D,S,D,2024-08-27,1000000.00,3.730908,102.3828125
13:54:19,91282CLD1,TSRYS5850288,D,S,T,2024-08-27,1000000.00,3.73094,102.3826125
13:54:20,91282CLD1,TSRYS5850288,D,S,T,2024-08-27,1000000.00,3.73094,102.3826125
13:54:22,91282CLD1,TSRYS5850288,D,S,T,2024-08-27,1000000.00,3.73094,102.3826125
13:54:24,91282CLD1,TSRYS5850288,D,S,T,2024-08-27,1000000.00,3.73094,102.3826125
13:54:24,91282CLD1,TSRYS5850288,D,S,T,2024-08-27,3000000.00,3.73094,102.3826125
13:54:24,91282CLD1,TSRYS5850288,D,S,T,2024-08-27,1000000.00,3.73094,102.3826125
13:54:25,91282CLD1,TSRYS5850288,D,S,D,2024-08-27,1000000.00,3.730908,102.3828125
13:54:25,91282CLD1,TSRYS5850288,D,S,D,2024-08-27,1000000.00,3.730908,102.3828125
13:54:26,91282CLD1,TSRYS5850288,D,S,C,2024-08-27,1000000.00,3.730875,102.3830125
13:54:27,91282CLD1,TSRYS5850288,D,S,T,2024-08-27,1000000.00,3.730928,102.3826875
13:54:27,91282CLD1,TSRYS5850288,D,S,T,2024-08-27,1000000.00,3.730908,102.3828125
13:54:27,91282CLD1,TSRYS5850288,D,S,T,2024-08-27,1000000.00,3.730928,102.3826875
13:54:28,91282CLD1,TSRYS5850288,D,S,T,2024-08-27,1000000.00,3.730928,102.3826875
13:54:30,91282CLD1,TSRYS5850288,D,S,T,2024-08-27,1000000.00,3.730945,102.3825855
13:54:30,91282CLD1,TSRYS5850288,D,S,C,2024-08-27,1000000.00,3.730908,102.3828125
13:54:31,91282CLD1,TSRYS5850288,D,B,C,2024-08-27,1000000.00,3.730908,102.3828125
13:54:31,91282CLD1,TSRYS5850288,D,S,D,2024-08-27,1000000.00,3.730908,102.3828125
13:54:35,91282CLD1,TSRYS5850288,D,S,D,2024-08-27,1000000.00,3.730816,102.383376668
13:54:35,91282CLD1,TSRYS5850288,D,S,D,2024-08-27,1000000.00,3.730816,102.383376668
13:54:40,91282CLD1,TSRYS5850288,D,S,D,2024-08-27,1000000.00,3.730908,102.3828125
13:54:40,91282CLD1,TSRYS5850288,D,B,C,2024-08-27,1000000.00,3.730908,102.3828125
13:54:45,91282CLD1,TSRYS5850288,D,S,T,2024-08-27,1000000.00,3.729635,102.390625
13:54:45,91282CLD1,TSRYS5850288,D,S,D,2024-08-27,1000000.00,3.729953,102.388671875
13:54:45,91282CLD1,TSRYS5850288,D,S,D,2024-08-27,1000000.00,3.730908,102.3828125
13:54:45,91282CLD1,TSRYS5850288,D,S,D,2024-08-27,1000000.00,3.730908,102.3828125
13:54:45,91282CLD1,TSRYS5850288,D,B,C,2024-08-27,1000000.00,3.730908,102.3828125
13:54:45,91282CLD1,TSRYS5850288,D,B,C,2024-08-27,1000000.00,3.730908,102.3828125
13:54:45,91282CLD1,TSRYS5850288,D,S,T,2024-08-27,1000000.00,3.729635,102.390625
13:54:45,91282CLD1,TSRYS5850288,D,S,T,2024-08-27,1000000.00,3.729953,102.388671875
13:54:46,91282CLD1,TSRYS5850288,D,S,C,2024-08-27,1000000.00,3.729953,102.388671875
13:54:47,91282CLD1,TSRYS5850288,D,S,T,2024-08-27,1000000.00,3.729635,102.390625
13:54:47,91282CLD1,TSRYS5850288,D,S,T,2024-08-27,1000000.00,3.729635,102.390625
13:54:47,91282CLD1,TSRYS5850288,D,S,T,2024-08-27,1000000.00,3.729635,102.390625
13:54:48,91282CLD1,TSRYS5850288,D,S,T,2024-08-27,1000000.00,3.729635,102.390625
13:54:48,91282CLD1,TSRYS5850288,D,S,D,2024-08-27,1000000.00,3.729953,102.388671875
13:54:48,91282CLD1,TSRYS5850288,D,S,T,2024-08-27,1000000.00,3.729635,102.390625
13:54:48,91282CLD1,TSRYS5850288,D,S,T,2024-08-27,1000000.00,3.729635,102.390625
13:54:48,91282CLD1,TSRYS5850288,D,S,T,2024-08-27,1000000.00,3.729635,102.390625
13:54:48,91282CLD1,TSRYS5850288,D,S,T,2024-08-27,1000000.00,3.729635,102.390625
13:54:49,91282CLD1,TSRYS5850288,D,S,T,2024-08-27,1000000.00,3.729635,102.390625
13:54:49,91282CLD1,TSRYS5850288,D,S,T,2024-08-27,1000000.00,3.729635,102.390625
13:54:50,91282CLD1,TSRYS5850288,D,B,C,2024-08-27,1000000.00,3.729635,102.390625
13:54:50,91282CLD1,TSRYS5850288,D,S,C,2024-08-27,1000000.00,3.729635,102.390625
13:54:50,91282CLD1,TSRYS5850288,D,S,C,2024-08-27,1000000.00,3.729635,102.390625
13:54:50,91282CLD1,TSRYS5850288,D,S,C,2024-08-27,1000000.00,3.729635,102.390625
13:54:50,91282CLD1,TSRYS5850288,D,S,C,2024-08-27,1000000.00,3.729635,102.390625
13:54:57,91282CLD1,TSRYS5850288,D,S,T,2024-08-27,1000000.00,3.730908,102.3828125
13:54:57,91282CLD1,TSRYS5850288,D,S,D,2024-08-27,1000000.00,3.730908,102.3828125
13:54:57,91282CLD1,TSRYS5850288,D,B,C,2024-08-27,1000000.00,3.73094,102.3826125
13:55:00,91282CLD1,TSRYS5850288,D,S,D,2024-08-27,1000000.00,3.730908,102.3828125
13:55:00,91282CLD1,TSRYS5850288,D,B,C,2024-08-27,1000000.00,3.730908,102.3828125
13:55:05,91282CLD1,TSRYS5850288,D,S,T,2024-08-27,3000000.00,3.730908,102.3828125
13:55:05,91282CLD1,TSRYS5850288,D,S,T,2024-08-27,1000000.00,3.730908,102.3828125
13:55:15,91282CLD1,TSRYS5850288,D,S,D,2024-08-27,1000000.00,3.730841,102.3832202953
13:55:15,91282CLD1,TSRYS5850288,D,S,D,2024-08-27,1000000.00,3.730908,102.3828125
13:55:19,91282CLD1,TSRYS5850288,D,S,T,2024-08-27,1000000.00,3.730908,102.3828125
13:55:22,91282CLD1,TSRYS5850288,D,S,D,2024-08-27,1000000.00,3.730908,102.3828125
13:55:35,91282CLD1,TSRYS5850288,D,S,D,2024-08-27,1000000.00,3.730841,102.3832202953
13:55:45,91282CLD1,TSRYS5850288,D,S,D,2024-08-27,1000000.00,3.730841,102.3832202953
13:55:45,91282CLD1,TSRYS5850288,D,S,C,2024-08-27,1000000.00,3.729635,102.390625
13:55:45,91282CLD1,TSRYS5850288,D,S,D,2024-08-27,1000000.00,3.729635,102.390625
13:55:46,91282CLD1,TSRYS5850288,D,B,C,2024-08-27,1000000.00,3.730908,102.3828125
13:55:46,91282CLD1,TSRYS5850288,D,B,C,2024-08-27,1000000.00,3.730908,102.3828125
13:55:46,91282CLD1,TSRYS5850288,D,S,D,2024-08-27,1000000.00,3.730908,102.3828125
13:55:46,91282CLD1,TSRYS5850288,D,S,C,2024-08-27,1000000.00,3.730867,102.3830625
13:55:46,91282CLD1,TSRYS5850288,D,S,D,2024-08-27,3000000.00,3.730908,102.3828125
13:55:46,91282CLD1,TSRYS5850288,D,S,D,2024-08-27,1000000.00,3.730908,102.3828125
13:55:46,91282CLD1,TSRYS5850288,D,B,C,2024-08-27,1000000.00,3.730908,102.3828125
13:55:46,91282CLD1,TSRYS5850288,D,B,C,2024-08-27,1000000.00,3.730908,102.3828125
13:55:46,91282CLD1,TSRYS5850288,D,S,D,2024-08-27,1000000.00,3.730908,102.3828125
13:55:46,91282CLD1,TSRYS5850288,D,S,D,2024-08-27,1000000.00,3.730908,102.3828125
13:55:58,91282CLD1,TSRYS5850288,D,S,D,2024-08-27,16000000.00,3.732962,102.37021
13:56:01,91282CLD1,TSRYS5850288,D,S,D,2024-08-27,1000000.00,3.730908,102.3828125
13:56:01,91282CLD1,TSRYS5850288,D,S,D,2024-08-27,1000000.00,3.730908,102.3828125
13:56:01,91282CLD1,TSRYS5850288,D,S,D,2024-08-27,1000000.00,3.730908,102.3828125
13:56:01,91282CLD1,TSRYS5850288,D,B,C,2024-08-27,1000000.00,3.73094,102.3826125
13:56:01,91282CLD1,TSRYS5850288,D,S,D,2024-08-27,1000000.00,3.730908,102.3828125
13:56:01,91282CLD1,TSRYS5850288,D,B,C,2024-08-27,1000000.00,3.730908,102.3828125
13:56:05,91282CLD1,TSRYS5850288,D,S,D,2024-08-27,3000000.00,3.729635,102.390625
13:56:05,91282CLD1,TSRYS5850288,D,S,D,2024-08-27,3000000.00,3.729635,102.390625
13:56:05,91282CLD1,TSRYS5850288,D,S,D,2024-08-27,2000000.00,3.729635,102.390625
13:56:15,91282CLD1,TSRYS5850288,D,S,D,2024-08-27,3000000.00,3.729635,102.390625
13:56:16,91282CLD1,TSRYS5850288,D,S,C,2024-08-27,1000000.00,3.729602,102.390825
13:56:16,91282CLD1,TSRYS5850288,D,S,C,2024-08-27,1000000.00,3.729635,102.390625
13:56:17,91282CLD1,TSRYS5850288,D,S,D,2024-08-27,450000.00,3.729635,102.390625
13:56:19,91282CLD1,TSRYS5850288,D,S,D,2024-08-27,450000.00,3.729635,102.390625
13:56:31,91282CLD1,TSRYS5850288,D,S,C,2024-08-27,1000000.00,3.729635,102.390625
13:56:31,91282CLD1,TSRYS5850288,D,S,D,2024-08-27,1000000.00,3.729635,102.390625
13:56:31,91282CLD1,TSRYS5850288,D,S,D,2024-08-27,1000000.00,3.729635,102.390625
13:56:31,91282CLD1,TSRYS5850288,D,S,D,2024-08-27,1000000.00,3.729635,102.390625
13:56:31,91282CLD1,TSRYS5850288,D,S,D,2024-08-27,1000000.00,3.729635,102.390625
13:56:31,91282CLD1,TSRYS5850288,D,S,D,2024-08-27,1000000.00,3.729635,102.390625
13:56:31,91282CLD1,TSRYS5850288,D,B,C,2024-08-27,1000000.00,3.729635,102.390625
13:56:34,91282CLD1,TSRYS5850288,D,B,C,2024-08-27,1000000.00,3.730908,102.3828125
13:56:36,91282CLD1,TSRYS5850288,D,S,D,2024-08-27,1000000.00,3.730908,102.3828125
13:56:36,91282CLD1,TSRYS5850288,D,S,D,2024-08-27,1000000.00,3.730908,102.3828125
13:56:36,91282CLD1,TSRYS5850288,D,S,D,2024-08-27,1000000.00,3.730908,102.3828125
13:56:37,91282CLD1,TSRYS5850288,D,S,D,2024-08-27,2000000.00,3.730908,102.3828125
13:56:46,91282CLD1,TSRYS5850288,D,S,D,2024-08-27,2000000.00,3.730908,102.3828125
13:56:55,91282CLD1,TSRYS5850288,D,S,D,2024-08-27,1000000.00,3.730908,102.3828125
13:56:55,91282CLD1,TSRYS5850288,D,S,D,2024-08-27,2000000.00,3.730908,102.3828125
13:56:58,91282CLD1,TSRYS5850288,D,S,T,2024-08-27,1000000.00,3.729635,102.390625
13:56:58,91282CLD1,TSRYS5850288,D,S,T,2024-08-27,1000000.00,3.729953,102.388671875
13:56:58,91282CLD1,TSRYS5850288,D,S,T,2024-08-27,1000000.00,3.729635,102.390625
13:56:59,91282CLD1,TSRYS5850288,D,S,D,2024-08-27,1000000.00,3.729953,102.388671875
13:56:59,91282CLD1,TSRYS5850288,D,S,T,2024-08-27,1000000.00,3.729635,102.390625
13:57:00,91282CLD1,TSRYS5850288,D,S,T,2024-08-27,1000000.00,3.729635,102.390625
13:57:00,91282CLD1,TSRYS5850288,D,S,D,2024-08-27,2000000.00,3.729635,102.390625
13:57:00,91282CLD1,TSRYS5850288,D,S,D,2024-08-27,1000000.00,3.729635,102.390625
13:57:00,91282CLD1,TSRYS5850288,D,S,D,2024-08-27,1000000.00,3.729635,102.390625
13:57:00,91282CLD1,TSRYS5850288,D,B,C,2024-08-27,1000000.00,3.729635,102.390625
13:57:00,91282CLD1,TSRYS5850288,D,S,T,2024-08-27,1000000.00,3.729635,102.390625
13:57:00,91282CLD1,TSRYS5850288,D,S,D,2024-08-27,1000000.00,3.729635,102.390625
13:57:00,91282CLD1,TSRYS5850288,D,S,T,2024-08-27,1000000.00,3.729635,102.390625
13:57:00,91282CLD1,TSRYS5850288,D,S,T,2024-08-27,1000000.00,3.729635,102.390625
13:57:00,91282CLD1,TSRYS5850288,D,S,T,2024-08-27,1000000.00,3.729635,102.390625
13:57:00,91282CLD1,TSRYS5850288,D,S,T,2024-08-27,1000000.00,3.729635,102.390625
13:57:01,91282CLD1,TSRYS5850288,D,S,T,2024-08-27,1000000.00,3.729635,102.390625
13:57:01,91282CLD1,TSRYS5850288,D,S,T,2024-08-27,1000000.00,3.729635,102.390625
13:57:01,91282CLD1,TSRYS5850288,D,S,D,2024-08-27,1000000.00,3.729635,102.390625
13:57:01,91282CLD1,TSRYS5850288,D,S,T,2024-08-27,1000000.00,3.729635,102.390625
13:57:01,91282CLD1,TSRYS5850288,D,S,D,2024-08-27,1000000.00,3.729635,102.390625
13:57:01,91282CLD1,TSRYS5850288,D,S,T,2024-08-27,1000000.00,3.729635,102.390625
13:57:01,91282CLD1,TSRYS5850288,D,S,D,2024-08-27,1000000.00,3.729635,102.390625
13:57:01,91282CLD1,TSRYS5850288,D,S,T,2024-08-27,1000000.00,3.729635,102.390625
13:57:01,91282CLD1,TSRYS5850288,D,S,T,2024-08-27,1000000.00,3.729635,102.390625
13:57:02,91282CLD1,TSRYS5850288,D,S,D,2024-08-27,1000000.00,3.729635,102.390625
13:57:02,91282CLD1,TSRYS5850288,D,S,D,2024-08-27,1000000.00,3.729635,102.390625
13:57:02,91282CLD1,TSRYS5850288,D,S,D,2024-08-27,2000000.00,3.729635,102.390625
13:57:02,91282CLD1,TSRYS5850288,D,S,T,2024-08-27,1000000.00,3.729635,102.390625
13:57:02,91282CLD1,TSRYS5850288,D,S,C,2024-08-27,1000000.00,3.729602,102.390825
13:57:02,91282CLD1,TSRYS5850288,D,S,D,2024-08-27,2000000.00,3.729635,102.390625
13:57:02,91282CLD1,TSRYS5850288,D,S,T,2024-08-27,1000000.00,3.729635,102.390625
13:57:02,91282CLD1,TSRYS5850288,D,S,D,2024-08-27,1000000.00,3.729635,102.390625
13:57:03,91282CLD1,TSRYS5850288,D,S,T,2024-08-27,1000000.00,3.729635,102.390625
13:57:03,91282CLD1,TSRYS5850288,D,S,T,2024-08-27,3000000.00,3.729635,102.390625
13:57:03,91282CLD1,TSRYS5850288,D,S,D,2024-08-27,1000000.00,3.729635,102.390625
13:57:03,91282CLD1,TSRYS5850288,D,B,C,2024-08-27,1000000.00,3.729635,102.390625
13:57:03,91282CLD1,TSRYS5850288,D,S,D,2024-08-27,1000000.00,3.729635,102.390625
13:57:03,91282CLD1,TSRYS5850288,D,S,D,2024-08-27,1000000.00,3.729635,102.390625
13:57:03,91282CLD1,TSRYS5850288,D,S,T,2024-08-27,1000000.00,3.729635,102.390625
13:57:03,91282CLD1,TSRYS5850288,D,S,T,2024-08-27,1000000.00,3.729635,102.390625
13:57:04,91282CLD1,TSRYS5850288,D,S,T,2024-08-27,1000000.00,3.729635,102.390625
13:57:04,91282CLD1,TSRYS5850288,D,S,T,2024-08-27,1000000.00,3.729635,102.390625
13:57:04,91282CLD1,TSRYS5850288,D,S,T,2024-08-27,1000000.00,3.729635,102.390625
13:57:04,91282CLD1,TSRYS5850288,D,S,T,2024-08-27,1000000.00,3.729635,102.390625
13:57:05,91282CLD1,TSRYS5850288,D,S,T,2024-08-27,1000000.00,3.729635,102.390625
13:57:05,91282CLD1,TSRYS5850288,D,S,T,2024-08-27,1000000.00,3.729635,102.390625
13:57:05,91282CLD1,TSRYS5850288,D,S,T,2024-08-27,1000000.00,3.729635,102.390625
13:57:05,91282CLD1,TSRYS5850288,D,S,T,2024-08-27,1000000.00,3.729635,102.390625
13:57:05,91282CLD1,TSRYS5850288,D,S,T,2024-08-27,1000000.00,3.729635,102.390625
13:57:05,91282CLD1,TSRYS5850288,D,S,T,2024-08-27,1000000.00,3.729635,102.390625
13:57:05,91282CLD1,TSRYS5850288,D,S,D,2024-08-27,1000000.00,3.729635,102.390625
13:57:05,91282CLD1,TSRYS5850288,D,S,D,2024-08-27,1000000.00,3.729635,102.390625
13:57:05,91282CLD1,TSRYS5850288,D,S,D,2024-08-27,1000000.00,3.729635,102.390625
13:57:05,91282CLD1,TSRYS5850288,D,S,T,2024-08-27,1000000.00,3.729635,102.390625
13:57:06,91282CLD1,TSRYS5850288,D,S,D,2024-08-27,1000000.00,3.729635,102.390625
13:57:06,91282CLD1,TSRYS5850288,D,S,T,2024-08-27,1000000.00,3.729635,102.390625
13:57:06,91282CLD1,TSRYS5850288,D,S,T,2024-08-27,1000000.00,3.729635,102.390625
13:57:06,91282CLD1,TSRYS5850288,D,S,T,2024-08-27,2000000.00,3.729635,102.390625
13:57:06,91282CLD1,TSRYS5850288,D,S,D,2024-08-27,1000000.00,3.729635,102.390625
13:57:06,91282CLD1,TSRYS5850288,D,S,T,2024-08-27,2000000.00,3.729635,102.390625
13:57:06,91282CLD1,TSRYS5850288,D,S,D,2024-08-27,1000000.00,3.729635,102.390625
13:57:06,91282CLD1,TSRYS5850288,D,S,D,2024-08-27,1000000.00,3.729635,102.390625
13:57:06,91282CLD1,TSRYS5850288,D,S,D,2024-08-27,1000000.00,3.729635,102.390625
13:57:06,91282CLD1,TSRYS5850288,D,S,D,2024-08-27,2000000.00,3.730908,102.3828125
13:57:07,91282CLD1,TSRYS5850288,D,S,D,2024-08-27,1000000.00,3.730908,102.3828125
13:57:07,91282CLD1,TSRYS5850288,D,S,D,2024-08-27,1000000.00,3.729635,102.390625
13:57:07,91282CLD1,TSRYS5850288,D,S,T,2024-08-27,1000000.00,3.729635,102.390625
13:57:07,91282CLD1,TSRYS5850288,D,S,D,2024-08-27,1000000.00,3.729635,102.390625
13:57:07,91282CLD1,TSRYS5850288,D,S,T,2024-08-27,1000000.00,3.729635,102.390625
13:57:07,91282CLD1,TSRYS5850288,D,S,T,2024-08-27,1000000.00,3.729635,102.390625
13:57:07,91282CLD1,TSRYS5850288,D,S,D,2024-08-27,1000000.00,3.729635,102.390625
13:57:07,91282CLD1,TSRYS5850288,D,S,T,2024-08-27,1000000.00,3.729635,102.390625
13:57:07,91282CLD1,TSRYS5850288,D,S,D,2024-08-27,1000000.00,3.729635,102.390625
13:57:08,91282CLD1,TSRYS5850288,D,S,D,2024-08-27,1000000.00,3.729635,102.390625
13:57:08,91282CLD1,TSRYS5850288,D,S,D,2024-08-27,1000000.00,3.729635,102.390625
13:57:09,91282CLD1,TSRYS5850288,D,S,D,2024-08-27,1000000.00,3.729635,102.390625
13:57:09,91282CLD1,TSRYS5850288,D,S,T,2024-08-27,1000000.00,3.729635,102.390625
13:57:09,91282CLD1,TSRYS5850288,D,S,T,2024-08-27,1000000.00,3.729635,102.390625
13:57:09,91282CLD1,TSRYS5850288,D,S,T,2024-08-27,1000000.00,3.729635,102.390625
13:57:10,91282CLD1,TSRYS5850288,D,S,T,2024-08-27,1000000.00,3.729635,102.390625
13:57:16,91282CLD1,TSRYS5850288,D,S,D,2024-08-27,2000000.00,3.730908,102.3828125
13:57:20,91282CLD1,TSRYS5850288,D,S,T,2024-08-27,1000000.00,3.728998,102.39453125
13:57:20,91282CLD1,TSRYS5850288,D,S,D,2024-08-27,1000000.00,3.728978,102.39465625
13:57:26,91282CLD1,TSRYS5850288,D,S,D,2024-08-27,1000000.00,3.730908,102.3828125
13:57:26,91282CLD1,TSRYS5850288,D,S,D,2024-08-27,1000000.00,3.730841,102.3832202953
13:57:29,91282CLD1,TSRYS5850288,D,S,D,2024-08-27,1000000.00,3.729635,102.390625
13:57:29,91282CLD1,TSRYS5850288,D,S,D,2024-08-27,1000000.00,3.729635,102.390625
13:57:36,91282CLD1,TSRYS5850288,D,S,D,2024-08-27,1000000.00,3.730342,102.3862864256
13:57:44,91282CLD1,TSRYS5850288,D,S,D,2024-08-27,1000000.00,3.729635,102.390625
13:57:44,91282CLD1,TSRYS5850288,D,B,C,2024-08-27,1000000.00,3.729635,102.390625
13:57:44,91282CLD1,TSRYS5850288,D,S,D,2024-08-27,1000000.00,3.729635,102.390625
13:57:44,91282CLD1,TSRYS5850288,D,S,D,2024-08-27,1000000.00,3.729635,102.390625
13:57:44,91282CLD1,TSRYS5850288,D,S,C,2024-08-27,1000000.00,3.729635,102.390625
13:57:44,91282CLD1,TSRYS5850288,D,S,D,2024-08-27,1000000.00,3.729602,102.390825
13:57:44,91282CLD1,TSRYS5850288,D,S,C,2024-08-27,1000000.00,3.729618,102.390725
13:57:44,91282CLD1,TSRYS5850288,D,S,C,2024-08-27,1000000.00,3.729635,102.390625
13:57:44,91282CLD1,TSRYS5850288,D,S,C,2024-08-27,1000000.00,3.729635,102.390625
13:57:44,91282CLD1,TSRYS5850288,D,S,C,2024-08-27,2000000.00,3.72961,102.390775
13:57:44,91282CLD1,TSRYS5850288,D,S,C,2024-08-27,2000000.00,3.72961,102.390775
13:57:44,91282CLD1,TSRYS5850288,D,S,D,2024-08-27,1000000.00,3.729602,102.390825
13:57:44,91282CLD1,TSRYS5850288,D,S,D,2024-08-27,1000000.00,3.729602,102.390825
13:57:44,91282CLD1,TSRYS5850288,D,S,D,2024-08-27,1000000.00,3.729635,102.390625
13:58:02,91282CLD1,TSRYS5850288,D,S,D,2024-08-27,1000000.00,3.729635,102.390625
13:58:02,91282CLD1,TSRYS5850288,D,S,D,2024-08-27,1000000.00,3.729635,102.390625
13:58:02,91282CLD1,TSRYS5850288,D,S,C,2024-08-27,1000000.00,3.729635,102.390625
13:58:02,91282CLD1,TSRYS5850288,D,S,C,2024-08-27,1000000.00,3.729635,102.390625
13:58:02,91282CLD1,TSRYS5850288,D,B,C,2024-08-27,1000000.00,3.729635,102.390625
13:58:02,91282CLD1,TSRYS5850288,D,S,D,2024-08-27,1000000.00,3.729635,102.390625
13:58:08,91282CLD1,TSRYS5850288,D,B,C,2024-08-27,1000000.00,3.727725,102.40234375
13:58:08,91282CLD1,TSRYS5850288,D,S,C,2024-08-27,1000000.00,3.727725,102.40234375
13:58:13,91282CLD1,TSRYS5850288,D,S,C,2024-08-27,1000000.00,3.728362,102.3984375
13:58:15,91282CLD1,TSRYS5850288,D,S,D,2024-08-27,3000000.00,3.729635,102.390625
13:58:15,91282CLD1,TSRYS5850288,D,S,D,2024-08-27,1000000.00,3.729635,102.390625
13:58:17,91282CLD1,TSRYS5850288,D,S,C,2024-08-27,1000000.00,3.727725,102.40234375
13:58:17,91282CLD1,TSRYS5850288,D,S,D,2024-08-27,1000000.00,3.727725,102.40234375
13:58:17,91282CLD1,TSRYS5850288,D,B,C,2024-08-27,1000000.00,3.727725,102.40234375
13:58:20,91282CLD1,TSRYS5850288,D,S,D,2024-08-27,1000000.00,3.728362,102.3984375
13:58:20,91282CLD1,TSRYS5850288,D,S,T,2024-08-27,1000000.00,3.728362,102.3984375
13:58:20,91282CLD1,TSRYS5850288,D,S,T,2024-08-27,1000000.00,3.728362,102.3984375
13:58:20,91282CLD1,TSRYS5850288,D,S,T,2024-08-27,1000000.00,3.728362,102.3984375
13:58:21,91282CLD1,TSRYS5850288,D,S,D,2024-08-27,1000000.00,3.728341,102.3985625
13:58:21,91282CLD1,TSRYS5850288,D,S,D,2024-08-27,1000000.00,3.728362,102.3984375
13:58:21,91282CLD1,TSRYS5850288,D,S,D,2024-08-27,2000000.00,3.727725,102.40234375
13:58:23,91282CLD1,TSRYS5850288,D,S,D,2024-08-27,1000000.00,3.728362,102.3984375
13:58:32,91282CLD1,TSRYS5850288,D,S,C,2024-08-27,2000.00,3.728966,102.39473125
13:58:36,91282CLD1,TSRYS5850288,D,S,D,2024-08-27,1000000.00,3.730908,102.3828125
13:58:36,91282CLD1,TSRYS5850288,D,S,D,2024-08-27,1000000.00,3.730908,102.3828125
13:58:38,91282CLD1,TSRYS5850288,D,S,T,2024-08-27,1000000.00,3.728362,102.3984375
13:58:46,91282CLD1,TSRYS5850288,D,S,D,2024-08-27,1000000.00,3.730908,102.3828125
13:58:46,91282CLD1,TSRYS5850288,D,S,D,2024-08-27,1000000.00,3.730908,102.3828125
13:58:56,91282CLD1,TSRYS5850288,D,S,D,2024-08-27,1000000.00,3.730908,102.3828125
13:59:04,91282CLD1,TSRYS5850288,D,B,C,2024-08-27,1000000.00,3.728362,102.3984375
13:59:04,91282CLD1,TSRYS5850288,D,S,C,2024-08-27,1000000.00,3.728337,102.3985875
13:59:04,91282CLD1,TSRYS5850288,D,S,D,2024-08-27,1000000.00,3.728362,102.3984375
13:59:08,91282CLD1,TSRYS5850288,D,S,T,2024-08-27,1000000.00,3.729317,102.392578125
13:59:08,91282CLD1,TSRYS5850288,D,S,C,2024-08-27,1000000.00,3.729317,102.392578125
13:59:12,91282CLD1,TSRYS5850288,D,S,T,2024-08-27,1000000.00,3.729635,102.390625
13:59:13,91282CLD1,TSRYS5850288,D,S,D,2024-08-27,1000000.00,3.728998,102.39453125
13:59:13,91282CLD1,TSRYS5850288,D,B,C,2024-08-27,1000000.00,3.728998,102.39453125
13:59:14,91282CLD1,TSRYS5850288,D,S,T,2024-08-27,1000000.00,3.729635,102.390625
13:59:14,91282CLD1,TSRYS5850288,D,S,T,2024-08-27,1000000.00,3.729635,102.390625
13:59:14,91282CLD1,TSRYS5850288,D,S,T,2024-08-27,4000000.00,3.729635,102.390625
13:59:14,91282CLD1,TSRYS5850288,D,S,T,2024-08-27,1000000.00,3.729635,102.390625
13:59:14,91282CLD1,TSRYS5850288,D,S,T,2024-08-27,1000000.00,3.729635,102.390625
13:59:15,91282CLD1,TSRYS5850288,D,S,D,2024-08-27,1000000.00,3.729635,102.390625
13:59:15,91282CLD1,TSRYS5850288,D,B,C,2024-08-27,1000000.00,3.729635,102.390625
13:59:19,91282CLD1,TSRYS5850288,D,S,T,2024-08-27,1000000.00,3.729635,102.390625
13:59:19,91282CLD1,TSRYS5850288,D,S,C,2024-08-27,1000000.00,3.728337,102.3985875
13:59:19,91282CLD1,TSRYS5850288,D,B,C,2024-08-27,1000000.00,3.728362,102.3984375
13:59:19,91282CLD1,TSRYS5850288,D,S,D,2024-08-27,4000000.00,3.729635,102.390625
13:59:19,91282CLD1,TSRYS5850288,D,S,D,2024-08-27,1000000.00,3.729635,102.390625
13:59:19,91282CLD1,TSRYS5850288,D,S,D,2024-08-27,1000000.00,3.728362,102.3984375
13:59:19,91282CLD1,TSRYS5850288,D,B,C,2024-08-27,1000000.00,3.728362,102.3984375
13:59:19,91282CLD1,TSRYS5850288,D,S,D,2024-08-27,1000000.00,3.728362,102.3984375
13:59:19,91282CLD1,TSRYS5850288,D,S,D,2024-08-27,1000000.00,3.728362,102.3984375
13:59:24,91282CLD1,TSRYS5850288,D,B,C,2024-08-27,1000000.00,3.729635,102.390625
13:59:38,91282CLD1,TSRYS5850288,D,S,T,2024-08-27,1000000.00,3.728362,102.3984375
13:59:38,91282CLD1,TSRYS5850288,D,S,D,2024-08-27,1000000.00,3.728362,102.3984375
13:59:39,91282CLD1,TSRYS5850288,D,S,D,2024-08-27,1000000.00,3.728362,102.3984375
13:59:39,91282CLD1,TSRYS5850288,D,B,C,2024-08-27,1000000.00,3.728362,102.3984375
13:59:39,91282CLD1,TSRYS5850288,D,S,D,2024-08-27,1000000.00,3.728362,102.3984375
13:59:39,91282CLD1,TSRYS5850288,D,B,C,2024-08-27,1000000.00,3.728362,102.3984375
13:59:39,91282CLD1,TSRYS5850288,D,S,D,2024-08-27,1000000.00,3.728362,102.3984375
13:59:39,91282CLD1,TSRYS5850288,D,B,C,2024-08-27,1000000.00,3.728362,102.3984375
13:59:39,91282CLD1,TSRYS5850288,D,S,D,2024-08-27,1000000.00,3.728362,102.3984375
13:59:39,91282CLD1,TSRYS5850288,D,B,C,2024-08-27,1000000.00,3.728362,102.3984375
13:59:39,91282CLD1,TSRYS5850288,D,S,D,2024-08-27,1000000.00,3.728362,102.3984375
13:59:47,91282CLD1,TSRYS5850288,D,S,T,2024-08-27,1000000.00,3.728362,102.3984375
13:59:47,91282CLD1,TSRYS5850288,D,S,D,2024-08-27,1000000.00,3.729635,102.390625
13:59:47,91282CLD1,TSRYS5850288,D,S,D,2024-08-27,4000000.00,3.729635,102.390625
13:59:47,91282CLD1,TSRYS5850288,D,S,D,2024-08-27,1000000.00,3.729635,102.390625
13:59:47,91282CLD1,TSRYS5850288,D,S,D,2024-08-27,1000000.00,3.729635,102.390625
13:59:47,91282CLD1,TSRYS5850288,D,S,D,2024-08-27,1000000.00,3.729635,102.390625
13:59:47,91282CLD1,TSRYS5850288,D,B,C,2024-08-27,1000000.00,3.729635,102.390625
13:59:47,91282CLD1,TSRYS5850288,D,S,D,2024-08-27,1000000.00,3.729635,102.390625
13:59:47,91282CLD1,TSRYS5850288,D,S,D,2024-08-27,1000000.00,3.729635,102.390625
14:00:01,91282CLD1,TSRYS5850288,D,S,D,2024-08-27,665000.00,3.728362,102.3984375
14:00:01,91282CLD1,TSRYS5850288,D,S,D,2024-08-27,455000.00,3.728362,102.3984375
14:00:01,91282CLD1,TSRYS5850288,D,S,D,2024-08-27,75000.00,3.728362,102.3984375
14:00:02,91282CLD1,TSRYS5850288,D,S,D,2024-08-27,1000000.00,3.729635,102.390625
14:00:03,91282CLD1,TSRYS5850288,D,S,D,2024-08-27,1195000.00,3.728362,102.3984375
14:00:06,91282CLD1,TSRYS5850288,D,S,D,2024-08-27,2000000.00,3.729635,102.390625
14:00:07,91282CLD1,TSRYS5850288,D,S,T,2024-08-27,1000000.00,3.728362,102.3984375
14:00:07,91282CLD1,TSRYS5850288,D,S,T,2024-08-27,1000000.00,3.728362,102.3984375
14:00:27,91282CLD1,TSRYS5850288,D,S,D,2024-08-27,2000000.00,3.729635,102.390625
14:00:27,91282CLD1,TSRYS5850288,D,S,D,2024-08-27,2000000.00,3.729635,102.390625
14:00:48,91282CLD1,TSRYS5850288,D,S,D,2024-08-27,1000000.00,3.728362,102.3984375
14:00:48,91282CLD1,TSRYS5850288,D,S,D,2024-08-27,1000000.00,3.728362,102.3984375
14:01:03,91282CLD1,TSRYS5850288,D,S,D,2024-08-27,1000000.00,3.728362,102.3984375
14:01:31,91282CLD1,TSRYS5850288,D,B,C,2024-08-27,1000000.00,3.728362,102.3984375
14:01:46,91282CLD1,TSRYS5850288,D,S,T,2024-08-27,1000000.00,3.728362,102.3984375
14:01:46,91282CLD1,TSRYS5850288,D,S,T,2024-08-27,2000000.00,3.728362,102.3984375
14:01:46,91282CLD1,TSRYS5850288,D,S,D,2024-08-27,1000000.00,3.728341,102.3985625
14:01:46,91282CLD1,TSRYS5850288,D,S,T,2024-08-27,1000000.00,3.728362,102.3984375
14:01:46,91282CLD1,TSRYS5850288,D,S,T,2024-08-27,1000000.00,3.728362,102.3984375
14:01:46,91282CLD1,TSRYS5850288,D,S,T,2024-08-27,1000000.00,3.728362,102.3984375
14:01:46,91282CLD1,TSRYS5850288,D,S,T,2024-08-27,1000000.00,3.728362,102.3984375
14:01:46,91282CLD1,TSRYS5850288,D,S,D,2024-08-27,1000000.00,3.728341,102.3985625
14:01:46,91282CLD1,TSRYS5850288,D,S,D,2024-08-27,1000000.00,3.728341,102.3985625
14:01:51,91282CLD1,TSRYS5850288,D,S,D,2024-08-27,1000000.00,3.728362,102.3984375
14:01:51,91282CLD1,TSRYS5850288,D,S,D,2024-08-27,2000000.00,3.728362,102.3984375
14:02:23,91282CLD1,TSRYS5850288,D,S,C,2024-08-27,1000000.00,3.728044,102.400390625
14:02:24,91282CLD1,TSRYS5850288,D,B,C,2024-08-27,1000000.00,3.728044,102.400390625
14:02:24,91282CLD1,TSRYS5850288,D,S,D,2024-08-27,1000000.00,3.728044,102.400390625
14:02:31,91282CLD1,TSRYS5850288,D,S,D,2024-08-27,1000000.00,3.728362,102.3984375
14:03:07,91282CLD1,TSRYS5850288,D,S,D,2024-08-27,1000000.00,3.721995,102.4384375
14:03:16,91282CLD1,TSRYS5850288,D,S,D,2024-08-27,1000000.00,3.728362,102.3984375
14:03:16,91282CLD1,TSRYS5850288,D,B,C,2024-08-27,1000000.00,3.728394,102.3982375
14:03:41,91282CLD1,TSRYS5850288,D,S,D,2024-08-27,710000.00,3.728362,102.3984375
14:03:42,91282CLD1,TSRYS5850288,D,S,D,2024-08-27,710000.00,3.728362,102.3984375
14:04:01,91282CLD1,TSRYS5850288,D,S,D,2024-08-27,720000.00,3.728362,102.3984375
14:04:03,91282CLD1,TSRYS5850288,D,S,C,2024-08-27,1000000.00,3.728362,102.3984375
14:04:11,91282CLD1,TSRYS5850288,D,S,D,2024-08-27,720000.00,3.728362,102.3984375
14:04:18,91282CLD1,TSRYS5850288,D,S,D,2024-08-27,2000000.00,3.729635,102.390625
14:04:20,91282CLD1,TSRYS5850288,D,S,C,2024-08-27,1000000.00,3.72868,102.396484375
14:04:20,91282CLD1,TSRYS5850288,D,B,C,2024-08-27,1000000.00,3.72868,102.396484375
14:04:20,91282CLD1,TSRYS5850288,D,S,C,2024-08-27,1000000.00,3.72868,102.396484375
14:04:20,91282CLD1,TSRYS5850288,D,B,C,2024-08-27,1000000.00,3.72868,102.396484375
14:04:20,91282CLD1,TSRYS5850288,D,S,D,2024-08-27,1000000.00,3.72868,102.396484375
14:04:20,91282CLD1,TSRYS5850288,D,B,C,2024-08-27,1000000.00,3.72868,102.396484375
14:04:20,91282CLD1,TSRYS5850288,D,S,D,2024-08-27,1000000.00,3.72868,102.396484375
14:04:20,91282CLD1,TSRYS5850288,D,B,C,2024-08-27,1000000.00,3.72868,102.396484375
14:04:20,91282CLD1,TSRYS5850288,D,S,C,2024-08-27,1000000.00,3.72868,102.396484375
14:04:20,91282CLD1,TSRYS5850288,D,B,C,2024-08-27,1000000.00,3.72868,102.396484375
14:04:20,91282CLD1,TSRYS5850288,D,S,D,2024-08-27,1000000.00,3.72868,102.396484375
14:04:20,91282CLD1,TSRYS5850288,D,B,C,2024-08-27,1000000.00,3.72868,102.396484375
14:04:28,91282CLD1,TSRYS5850288,D,S,D,2024-08-27,1000000.00,3.729635,102.390625
14:04:28,91282CLD1,TSRYS5850288,D,S,D,2024-08-27,1000000.00,3.728998,102.39453125
14:04:29,91282CLD1,TSRYS5850288,D,S,D,2024-08-27,690000.00,3.727725,102.40234375
14:04:30,91282CLD1,TSRYS5850288,D,S,T,2024-08-27,1000000.00,3.728362,102.3984375
14:04:32,91282CLD1,TSRYS5850288,D,S,D,2024-08-27,1000000.00,3.728362,102.3984375
14:04:32,91282CLD1,TSRYS5850288,D,B,C,2024-08-27,1000000.00,3.728362,102.3984375
14:04:32,91282CLD1,TSRYS5850288,D,S,D,2024-08-27,1000000.00,3.728362,102.3984375
14:04:38,91282CLD1,TSRYS5850288,D,S,D,2024-08-27,1000000.00,3.728998,102.39453125
14:04:46,91282CLD1,TSRYS5850288,D,B,C,2024-08-27,1000000.00,3.728362,102.3984375
14:04:46,91282CLD1,TSRYS5850288,D,S,T,2024-08-27,1000000.00,3.728362,102.3984375
14:04:46,91282CLD1,TSRYS5850288,D,S,D,2024-08-27,1000000.00,3.728362,102.3984375
14:04:46,91282CLD1,TSRYS5850288,D,S,D,2024-08-27,1000000.00,3.728362,102.3984375
14:04:57,91282CLD1,TSRYS5850288,D,S,T,2024-08-27,1000000.00,3.72868,102.396484375
14:04:58,91282CLD1,TSRYS5850288,D,S,T,2024-08-27,2000000.00,3.728998,102.39453125
14:04:58,91282CLD1,TSRYS5850288,D,S,D,2024-08-27,1000000.00,3.729303,102.3926609105
14:05:00,91282CLD1,TSRYS5850288,D,S,T,2024-08-27,2000000.00,3.728998,102.39453125
14:05:01,91282CLD1,TSRYS5850288,D,S,D,2024-08-27,1000000.00,3.72868,102.396484375
14:05:02,91282CLD1,TSRYS5850288,D,S,T,2024-08-27,1000000.00,3.728998,102.39453125
14:05:03,91282CLD1,TSRYS5850288,D,S,D,2024-08-27,2000000.00,3.728998,102.39453125
14:05:05,91282CLD1,TSRYS5850288,D,S,D,2024-08-27,2000000.00,3.728998,102.39453125
14:05:06,91282CLD1,TSRYS5850288,D,S,D,2024-08-27,1000000.00,3.728998,102.39453125
14:05:08,91282CLD1,TSRYS5850288,D,S,D,2024-08-27,690000.00,3.728044,102.400390625
14:05:37,91282CLD1,TSRYS5850288,D,S,D,2024-08-27,1000000.00,3.728362,102.3984375
14:05:37,91282CLD1,TSRYS5850288,D,S,D,2024-08-27,1000000.00,3.728362,102.3984375
14:05:38,91282CLD1,TSRYS5850288,D,S,C,2024-08-27,1000000.00,3.728346,102.3985375
14:05:40,91282CLD1,TSRYS5850288,D,S,T,2024-08-27,1000000.00,3.728362,102.3984375
14:05:40,91282CLD1,TSRYS5850288,D,S,T,2024-08-27,1000000.00,3.728362,102.3984375
14:05:40,91282CLD1,TSRYS5850288,D,S,T,2024-08-27,1000000.00,3.728362,102.3984375
14:05:55,91282CLD1,TSRYS5850288,D,S,T,2024-08-27,1000000.00,3.728362,102.3984375
14:05:57,91282CLD1,TSRYS5850288,D,S,T,2024-08-27,1000000.00,3.728362,102.3984375
14:05:57,91282CLD1,TSRYS5850288,D,S,T,2024-08-27,5000000.00,3.728362,102.3984375
14:05:57,91282CLD1,TSRYS5850288,D,S,T,2024-08-27,1000000.00,3.728362,102.3984375
14:06:00,91282CLD1,TSRYS5850288,D,S,T,2024-08-27,1000000.00,3.728362,102.3984375
14:06:04,91282CLD1,TSRYS5850288,D,S,D,2024-08-27,1000000.00,3.728362,102.3984375
14:06:04,91282CLD1,TSRYS5850288,D,B,C,2024-08-27,1000000.00,3.728362,102.3984375
14:06:04,91282CLD1,TSRYS5850288,D,B,C,2024-08-27,1000000.00,3.728411,102.3981375
14:06:04,91282CLD1,TSRYS5850288,D,S,D,2024-08-27,1000000.00,3.728362,102.3984375
14:06:10,91282CLD1,TSRYS5850288,D,S,T,2024-08-27,4000000.00,3.728362,102.3984375
14:06:13,91282CLD1,TSRYS5850288,D,S,D,2024-08-27,1000000.00,3.728362,102.3984375
14:06:13,91282CLD1,TSRYS5850288,D,S,C,2024-08-27,1000000.00,3.728362,102.3984375
14:06:14,91282CLD1,TSRYS5850288,D,S,D,2024-08-27,1000000.00,3.728362,102.3984375
14:06:20,91282CLD1,TSRYS5850288,D,B,C,2024-08-27,7000000.00,3.728394,102.3982375
14:06:20,91282CLD1,TSRYS5850288,D,S,D,2024-08-27,7000000.00,3.728362,102.3984375
14:06:20,91282CLD1,TSRYS5850288,D,B,C,2024-08-27,1000000.00,3.728362,102.3984375
14:06:20,91282CLD1,TSRYS5850288,D,S,D,2024-08-27,1000000.00,3.728362,102.3984375
14:06:25,91282CLD1,TSRYS5850288,D,B,C,2024-08-27,150MM+,3.728362,102.3984375
14:06:34,91282CLD1,TSRYS5850288,D,S,D,2024-08-27,1000000.00,3.728362,102.3984375
14:06:34,91282CLD1,TSRYS5850288,D,S,D,2024-08-27,1000000.00,3.728362,102.3984375
14:06:34,91282CLD1,TSRYS5850288,D,B,C,2024-08-27,1000000.00,3.728362,102.3984375
14:06:34,91282CLD1,TSRYS5850288,D,B,C,2024-08-27,1000000.00,3.728362,102.3984375
14:06:34,91282CLD1,TSRYS5850288,D,S,D,2024-08-27,5000000.00,3.728362,102.3984375
14:06:34,91282CLD1,TSRYS5850288,D,S,D,2024-08-27,1000000.00,3.728362,102.3984375
14:06:34,91282CLD1,TSRYS5850288,D,S,D,2024-08-27,1000000.00,3.728362,102.3984375
14:06:35,91282CLD1,TSRYS5850288,D,S,D,2024-08-27,1000000.00,3.728362,102.3984375
14:06:35,91282CLD1,TSRYS5850288,D,S,D,2024-08-27,1000000.00,3.728362,102.3984375
14:06:35,91282CLD1,TSRYS5850288,D,S,T,2024-08-27,1000000.00,3.728362,102.3984375
14:06:49,91282CLD1,TSRYS5850288,D,S,D,2024-08-27,4000000.00,3.728362,102.3984375
14:07:04,91282CLD1,TSRYS5850288,D,S,D,2024-08-27,1000000.00,3.728362,102.3984375
14:08:05,91282CLD1,TSRYS5850288,D,S,D,2024-08-27,1000000.00,3.72868,102.396484375
14:08:09,91282CLD1,TSRYS5850288,D,S,D,2024-08-27,1000000.00,3.72868,102.396484375
14:08:12,91282CLD1,TSRYS5850288,D,S,C,2024-08-27,1050000.00,3.728933,102.39493125
14:09:36,91282CLD1,TSRYS5850288,D,S,D,2024-08-27,120000.00,3.728998,102.39453125
14:09:39,91282CLD1,TSRYS5850288,D,S,D,2024-08-27,910000.00,3.728998,102.39453125
14:09:40,91282CLD1,TSRYS5850288,D,S,T,2024-08-27,1000000.00,3.72868,102.396484375
14:09:45,91282CLD1,TSRYS5850288,D,S,D,2024-08-27,1000000.00,3.72868,102.396484375
14:09:47,91282CLD1,TSRYS5850288,D,S,D,2024-08-27,910000.00,3.728998,102.39453125
14:09:52,91282CLD1,TSRYS5850288,D,S,T,2024-08-27,1000000.00,3.728362,102.3984375
14:09:52,91282CLD1,TSRYS5850288,D,S,D,2024-08-27,1000000.00,3.728044,102.400390625
14:09:52,91282CLD1,TSRYS5850288,D,S,D,2024-08-27,1000000.00,3.728362,102.3984375
14:09:52,91282CLD1,TSRYS5850288,D,S,T,2024-08-27,1000000.00,3.728362,102.3984375
14:09:52,91282CLD1,TSRYS5850288,D,S,T,2024-08-27,1000000.00,3.728362,102.3984375
14:09:52,91282CLD1,TSRYS5850288,D,S,T,2024-08-27,1000000.00,3.728362,102.3984375
14:09:52,91282CLD1,TSRYS5850288,D,S,T,2024-08-27,1000000.00,3.728362,102.3984375
14:09:52,91282CLD1,TSRYS5850288,D,S,T,2024-08-27,1000000.00,3.728362,102.3984375
14:09:52,91282CLD1,TSRYS5850288,D,S,T,2024-08-27,1000000.00,3.728362,102.3984375
14:09:52,91282CLD1,TSRYS5850288,D,S,D,2024-08-27,1000000.00,3.728362,102.3984375
14:09:52,91282CLD1,TSRYS5850288,D,S,D,2024-08-27,1000000.00,3.728362,102.3984375
14:09:52,91282CLD1,TSRYS5850288,D,S,D,2024-08-27,1000000.00,3.72868,102.396484375
14:09:52,91282CLD1,TSRYS5850288,D,S,D,2024-08-27,1000000.00,3.72868,102.396484375
14:09:52,91282CLD1,TSRYS5850288,D,S,D,2024-08-27,1000000.00,3.728362,102.3984375
14:09:53,91282CLD1,TSRYS5850288,D,S,D,2024-08-27,1000000.00,3.728362,102.3984375
14:09:53,91282CLD1,TSRYS5850288,D,S,D,2024-08-27,1000000.00,3.728362,102.3984375
14:09:53,91282CLD1,TSRYS5850288,D,S,T,2024-08-27,1000000.00,3.728362,102.3984375
14:09:53,91282CLD1,TSRYS5850288,D,S,T,2024-08-27,1000000.00,3.728362,102.3984375
14:09:53,91282CLD1,TSRYS5850288,D,S,D,2024-08-27,1000000.00,3.728044,102.400390625
14:09:53,91282CLD1,TSRYS5850288,D,S,T,2024-08-27,1000000.00,3.728362,102.3984375
14:09:53,91282CLD1,TSRYS5850288,D,S,T,2024-08-27,1000000.00,3.728362,102.3984375
14:09:54,91282CLD1,TSRYS5850288,D,S,T,2024-08-27,1000000.00,3.728362,102.3984375
14:09:54,91282CLD1,TSRYS5850288,D,S,T,2024-08-27,1000000.00,3.728362,102.3984375
14:09:54,91282CLD1,TSRYS5850288,D,S,T,2024-08-27,1000000.00,3.728362,102.3984375
14:09:54,91282CLD1,TSRYS5850288,D,S,T,2024-08-27,1000000.00,3.728362,102.3984375
14:09:54,91282CLD1,TSRYS5850288,D,S,T,2024-08-27,1000000.00,3.728362,102.3984375
14:09:55,91282CLD1,TSRYS5850288,D,S,T,2024-08-27,1000000.00,3.728362,102.3984375
14:09:55,91282CLD1,TSRYS5850288,D,S,T,2024-08-27,1000000.00,3.728362,102.3984375
14:09:57,91282CLD1,TSRYS5850288,D,S,D,2024-08-27,1000000.00,3.728362,102.3984375
14:09:57,91282CLD1,TSRYS5850288,D,S,T,2024-08-27,1000000.00,3.728362,102.3984375
14:09:58,91282CLD1,TSRYS5850288,D,S,D,2024-08-27,1000000.00,3.728362,102.3984375
14:09:59,91282CLD1,TSRYS5850288,D,S,C,2024-08-27,1000000.00,3.72868,102.396484375
14:09:59,91282CLD1,TSRYS5850288,D,S,D,2024-08-27,1000000.00,3.72868,102.396484375
14:09:59,91282CLD1,TSRYS5850288,D,S,T,2024-08-27,1000000.00,3.728044,102.400390625
14:10:00,91282CLD1,TSRYS5850288,D,S,D,2024-08-27,1000000.00,3.72868,102.396484375
14:10:03,91282CLD1,TSRYS5850288,D,S,C,2024-08-27,1000000.00,3.728998,102.39453125
14:10:03,91282CLD1,TSRYS5850288,D,S,D,2024-08-27,1000000.00,3.728998,102.39453125
14:10:04,91282CLD1,TSRYS5850288,D,S,A,2024-08-27,27000.00,3.728871,102.3953125
14:10:10,91282CLD1,TSRYS5850288,D,S,D,2024-08-27,2000000.00,3.729635,102.390625
14:10:11,91282CLD1,TSRYS5850288,D,S,T,2024-08-27,1000000.00,3.728362,102.3984375
14:10:19,91282CLD1,TSRYS5850288,D,S,D,2024-08-27,125000.00,3.728362,102.3984375
14:10:20,91282CLD1,TSRYS5850288,D,S,C,2024-08-27,1000000.00,3.728337,102.3985875
14:10:20,91282CLD1,TSRYS5850288,D,S,C,2024-08-27,1000000.00,3.728321,102.3986875
14:10:20,91282CLD1,TSRYS5850288,D,S,C,2024-08-27,1000000.00,3.728362,102.3984375
14:10:35,91282CLD1,TSRYS5850288,D,S,C,2024-08-27,1000000.00,3.728362,102.3984375
14:10:35,91282CLD1,TSRYS5850288,D,S,C,2024-08-27,1000000.00,3.728362,102.3984375
14:10:35,91282CLD1,TSRYS5850288,D,B,C,2024-08-27,1000000.00,3.728362,102.3984375
14:10:35,91282CLD1,TSRYS5850288,D,S,D,2024-08-27,1000000.00,3.728362,102.3984375
14:10:35,91282CLD1,TSRYS5850288,D,S,C,2024-08-27,1000000.00,3.728362,102.3984375
14:10:35,91282CLD1,TSRYS5850288,D,S,C,2024-08-27,1000000.00,3.728362,102.3984375
14:10:42,91282CLD1,TSRYS5850288,D,S,D,2024-08-27,1000000.00,3.729627,102.390675
14:10:42,91282CLD1,TSRYS5850288,D,S,T,2024-08-27,1000000.00,3.729635,102.390625
14:10:50,91282CLD1,TSRYS5850288,D,S,D,2024-08-27,1000000.00,3.728362,102.3984375
14:10:50,91282CLD1,TSRYS5850288,D,S,D,2024-08-27,1000000.00,3.728362,102.3984375
14:10:50,91282CLD1,TSRYS5850288,D,S,D,2024-08-27,1000000.00,3.728362,102.3984375
14:10:50,91282CLD1,TSRYS5850288,D,S,D,2024-08-27,1000000.00,3.728362,102.3984375
14:10:50,91282CLD1,TSRYS5850288,D,S,D,2024-08-27,1000000.00,3.728325,102.3986645
14:10:50,91282CLD1,TSRYS5850288,D,S,D,2024-08-27,1000000.00,3.728337,102.3985875
14:10:50,91282CLD1,TSRYS5850288,D,S,C,2024-08-27,1000000.00,3.728346,102.3985375
14:11:05,91282CLD1,TSRYS5850288,D,S,C,2024-08-27,1000000.00,3.728362,102.3984375
14:11:30,91282CLD1,TSRYS5850288,D,S,D,2024-08-27,1000000.00,3.729421,102.3919342376
14:12:09,91282CLD1,TSRYS5850288,D,S,T,2024-08-27,9500000.00,3.8344,101.75
14:12:09,91282CLD1,TSRYS5850288,D,S,T,2024-08-27,85600000.00,3.8344,101.75
14:12:09,91282CLD1,TSRYS5850288,D,S,T,2024-08-27,9500000.00,3.8344,101.75
14:12:09,91282CLD1,TSRYS5850288,D,S,T,2024-08-27,4750000.00,3.8344,101.75
14:12:09,91282CLD1,TSRYS5850288,D,S,T,2024-08-27,14250000.00,3.8344,101.75
14:12:09,91282CLD1,TSRYS5850288,D,S,T,2024-08-27,9500000.00,3.8344,101.75
14:12:09,91282CLD1,TSRYS5850288,D,S,T,2024-08-27,4750000.00,3.8344,101.75
14:12:12,91282CLD1,TSRYS5850288,D,S,T,2024-08-27,9500000.00,3.8344,101.75
14:12:12,91282CLD1,TSRYS5850288,D,S,T,2024-08-27,4750000.00,3.8344,101.75
14:12:16,91282CLD1,TSRYS5850288,D,S,D,2024-08-27,1000000.00,3.729317,102.392578125
14:12:16,91282CLD1,TSRYS5850288,D,S,T,2024-08-27,1000000.00,3.729635,102.390625
14:12:16,91282CLD1,TSRYS5850288,D,S,D,2024-08-27,1000000.00,3.729635,102.390625
14:12:16,91282CLD1,TSRYS5850288,D,S,T,2024-08-27,1000000.00,3.729635,102.390625
14:12:16,91282CLD1,TSRYS5850288,D,S,T,2024-08-27,2000000.00,3.729635,102.390625
14:12:16,91282CLD1,TSRYS5850288,D,S,T,2024-08-27,2000000.00,3.729635,102.390625
14:12:16,91282CLD1,TSRYS5850288,D,S,T,2024-08-27,1000000.00,3.729635,102.390625
14:12:16,91282CLD1,TSRYS5850288,D,S,T,2024-08-27,1000000.00,3.729635,102.390625
14:12:16,91282CLD1,TSRYS5850288,D,S,T,2024-08-27,1000000.00,3.729635,102.390625
14:12:16,91282CLD1,TSRYS5850288,D,S,T,2024-08-27,3000000.00,3.729635,102.390625
14:12:16,91282CLD1,TSRYS5850288,D,S,T,2024-08-27,1000000.00,3.729635,102.390625
14:12:16,91282CLD1,TSRYS5850288,D,S,T,2024-08-27,1000000.00,3.729635,102.390625
14:12:16,91282CLD1,TSRYS5850288,D,S,T,2024-08-27,1000000.00,3.729635,102.390625
14:12:16,91282CLD1,TSRYS5850288,D,S,T,2024-08-27,1000000.00,3.729635,102.390625
14:12:16,91282CLD1,TSRYS5850288,D,S,T,2024-08-27,1000000.00,3.729635,102.390625
14:12:16,91282CLD1,TSRYS5850288,D,S,T,2024-08-27,2000000.00,3.729635,102.390625
14:12:16,91282CLD1,TSRYS5850288,D,S,T,2024-08-27,1000000.00,3.729635,102.390625
14:12:16,91282CLD1,TSRYS5850288,D,S,T,2024-08-27,4000000.00,3.729635,102.390625
14:12:16,91282CLD1,TSRYS5850288,D,S,T,2024-08-27,1000000.00,3.729635,102.390625
14:12:16,91282CLD1,TSRYS5850288,D,S,D,2024-08-27,1000000.00,3.729635,102.390625
14:12:16,91282CLD1,TSRYS5850288,D,S,T,2024-08-27,1000000.00,3.729953,102.388671875
14:12:16,91282CLD1,TSRYS5850288,D,S,D,2024-08-27,1000000.00,3.729627,102.390675
14:12:18,91282CLD1,TSRYS5850288,D,S,D,2024-08-27,1000000.00,3.729635,102.390625
14:12:18,91282CLD1,TSRYS5850288,D,S,C,2024-08-27,85600000.00,3.8344,101.75
14:12:19,91282CLD1,TSRYS5850288,D,B,C,2024-08-27,1000000.00,3.729953,102.388671875
14:12:20,91282CLD1,TSRYS5850288,D,S,C,2024-08-27,1000000.00,3.729953,102.388671875
14:12:20,91282CLD1,TSRYS5850288,D,S,C,2024-08-27,1000000.00,3.729953,102.388671875
14:12:20,91282CLD1,TSRYS5850288,D,B,C,2024-08-27,2000000.00,3.729953,102.388671875
14:12:20,91282CLD1,TSRYS5850288,D,S,C,2024-08-27,2000000.00,3.729953,102.388671875
14:12:21,91282CLD1,TSRYS5850288,D,S,D,2024-08-27,1000000.00,3.729635,102.390625
14:12:21,91282CLD1,TSRYS5850288,D,B,C,2024-08-27,1000000.00,3.729635,102.390625
14:12:21,91282CLD1,TSRYS5850288,D,S,D,2024-08-27,1000000.00,3.729635,102.390625
14:12:22,91282CLD1,TSRYS5850288,D,S,D,2024-08-27,2000000.00,3.730271,102.38671875
14:12:24,91282CLD1,TSRYS5850288,D,S,D,2024-08-27,1000000.00,3.729635,102.390625
14:12:24,91282CLD1,TSRYS5850288,D,S,D,2024-08-27,1000000.00,3.729635,102.390625
14:12:24,91282CLD1,TSRYS5850288,D,S,D,2024-08-27,2000000.00,3.729635,102.390625
14:12:24,91282CLD1,TSRYS5850288,D,S,D,2024-08-27,4000000.00,3.729635,102.390625
14:12:28,91282CLD1,TSRYS5850288,D,S,C,2024-08-27,9500000.00,3.8344,101.75
14:12:56,91282CLD1,TSRYS5850288,D,S,D,2024-08-27,1000000.00,3.730908,102.3828125
14:13:03,91282CLD1,TSRYS5850288,D,S,D,2024-08-27,1000000.00,3.729635,102.390625
14:13:03,91282CLD1,TSRYS5850288,D,S,C,2024-08-27,1000000.00,3.72961,102.390775
14:13:04,91282CLD1,TSRYS5850288,D,S,D,2024-08-27,4000000.00,3.730908,102.3828125
14:13:19,91282CLD1,TSRYS5850288,D,S,D,2024-08-27,1000000.00,3.729635,102.390625
14:13:19,91282CLD1,TSRYS5850288,D,S,D,2024-08-27,1000000.00,3.72961,102.390775
14:13:19,91282CLD1,TSRYS5850288,D,S,D,2024-08-27,1000000.00,3.729635,102.390625
14:13:19,91282CLD1,TSRYS5850288,D,S,D,2024-08-27,2000000.00,3.729635,102.390625
14:13:20,91282CLD1,TSRYS5850288,D,S,T,2024-08-27,1000000.00,3.730908,102.3828125
14:13:20,91282CLD1,TSRYS5850288,D,S,T,2024-08-27,1000000.00,3.730908,102.3828125
14:13:20,91282CLD1,TSRYS5850288,D,S,D,2024-08-27,1000000.00,3.730908,102.3828125
14:13:20,91282CLD1,TSRYS5850288,D,S,D,2024-08-27,1000000.00,3.7309,102.3828625
14:13:20,91282CLD1,TSRYS5850288,D,S,T,2024-08-27,1000000.00,3.730908,102.3828125
14:13:20,91282CLD1,TSRYS5850288,D,S,T,2024-08-27,1000000.00,3.730908,102.3828125
14:13:20,91282CLD1,TSRYS5850288,D,S,T,2024-08-27,1000000.00,3.730908,102.3828125
14:13:20,91282CLD1,TSRYS5850288,D,S,D,2024-08-27,1000000.00,3.730908,102.3828125
14:13:20,91282CLD1,TSRYS5850288,D,S,T,2024-08-27,1000000.00,3.730908,102.3828125
14:13:21,91282CLD1,TSRYS5850288,D,S,D,2024-08-27,1000000.00,3.730908,102.3828125
14:13:22,91282CLD1,TSRYS5850288,D,S,D,2024-08-27,1000000.00,3.730908,102.3828125
14:13:25,91282CLD1,TSRYS5850288,D,S,D,2024-08-27,1000000.00,3.730908,102.3828125
14:13:25,91282CLD1,TSRYS5850288,D,B,C,2024-08-27,1000000.00,3.730908,102.3828125
14:13:26,91282CLD1,TSRYS5850288,D,S,T,2024-08-27,1000000.00,3.730908,102.3828125
14:13:26,91282CLD1,TSRYS5850288,D,S,T,2024-08-27,1000000.00,3.730908,102.3828125
14:13:26,91282CLD1,TSRYS5850288,D,S,T,2024-08-27,1000000.00,3.732181,102.375
14:13:28,91282CLD1,TSRYS5850288,D,S,D,2024-08-27,1000000.00,3.732499,102.373046875
14:13:28,91282CLD1,TSRYS5850288,D,S,D,2024-08-27,1000000.00,3.732499,102.373046875
14:13:28,91282CLD1,TSRYS5850288,D,S,D,2024-08-27,1000000.00,3.732499,102.373046875
14:13:28,91282CLD1,TSRYS5850288,D,S,D,2024-08-27,1000000.00,3.732499,102.373046875
14:13:28,91282CLD1,TSRYS5850288,D,S,D,2024-08-27,1000000.00,3.732499,102.373046875
14:13:28,91282CLD1,TSRYS5850288,D,S,D,2024-08-27,1000000.00,3.732499,102.373046875
14:13:28,91282CLD1,TSRYS5850288,D,S,D,2024-08-27,1000000.00,3.732499,102.373046875
14:13:29,91282CLD1,TSRYS5850288,D,S,D,2024-08-27,6000000.00,3.730908,102.3828125
14:13:29,91282CLD1,TSRYS5850288,D,S,D,2024-08-27,1000000.00,3.730908,102.3828125
14:13:29,91282CLD1,TSRYS5850288,D,S,D,2024-08-27,1000000.00,3.730908,102.3828125
14:13:29,91282CLD1,TSRYS5850288,D,S,D,2024-08-27,1000000.00,3.732499,102.373046875
14:13:34,91282CLD1,TSRYS5850288,D,S,D,2024-08-27,4000000.00,3.731863,102.376953125
14:13:34,91282CLD1,TSRYS5850288,D,S,D,2024-08-27,1000000.00,3.731863,102.376953125
14:13:35,91282CLD1,TSRYS5850288,D,S,D,2024-08-27,1000000.00,3.731863,102.376953125
14:13:35,91282CLD1,TSRYS5850288,D,S,C,2024-08-27,1000000.00,3.731863,102.376953125
14:13:35,91282CLD1,TSRYS5850288,D,S,D,2024-08-27,1000000.00,3.731863,102.376953125
14:13:35,91282CLD1,TSRYS5850288,D,S,D,2024-08-27,2000000.00,3.731863,102.376953125
14:13:35,91282CLD1,TSRYS5850288,D,S,D,2024-08-27,2000000.00,3.731863,102.376953125
14:13:36,91282CLD1,TSRYS5850288,D,S,D,2024-08-27,2000000.00,3.731863,102.376953125
14:13:36,91282CLD1,TSRYS5850288,D,S,D,2024-08-27,2000000.00,3.731863,102.376953125
14:13:36,91282CLD1,TSRYS5850288,D,S,D,2024-08-27,1000000.00,3.731863,102.376953125
14:13:36,91282CLD1,TSRYS5850288,D,S,T,2024-08-27,1000000.00,3.732181,102.375
14:13:36,91282CLD1,TSRYS5850288,D,S,D,2024-08-27,1000000.00,3.731863,102.376953125
14:13:36,91282CLD1,TSRYS5850288,D,S,D,2024-08-27,1000000.00,3.731863,102.376953125
14:13:37,91282CLD1,TSRYS5850288,D,S,D,2024-08-27,1000000.00,3.731863,102.376953125
14:13:37,91282CLD1,TSRYS5850288,D,S,T,2024-08-27,1000000.00,3.731863,102.376953125
14:13:37,91282CLD1,TSRYS5850288,D,S,T,2024-08-27,1000000.00,3.731863,102.376953125
14:13:37,91282CLD1,TSRYS5850288,D,S,D,2024-08-27,1000000.00,3.731863,102.376953125
14:13:37,91282CLD1,TSRYS5850288,D,S,D,2024-08-27,4000000.00,3.729635,102.390625
14:13:37,91282CLD1,TSRYS5850288,D,S,T,2024-08-27,1000000.00,3.732181,102.375
14:13:37,91282CLD1,TSRYS5850288,D,S,T,2024-08-27,1000000.00,3.731863,102.376953125
14:13:37,91282CLD1,TSRYS5850288,D,S,D,2024-08-27,1000000.00,3.732181,102.375
14:13:37,91282CLD1,TSRYS5850288,D,S,C,2024-08-27,1000000.00,3.72961,102.390775
14:13:37,91282CLD1,TSRYS5850288,D,S,C,2024-08-27,2000000.00,3.729602,102.390825
14:13:37,91282CLD1,TSRYS5850288,D,S,C,2024-08-27,2000000.00,3.72961,102.390775
14:13:37,91282CLD1,TSRYS5850288,D,S,T,2024-08-27,1000000.00,3.731863,102.376953125
14:13:37,91282CLD1,TSRYS5850288,D,S,C,2024-08-27,1000000.00,3.729594,102.390875
14:13:37,91282CLD1,TSRYS5850288,D,S,D,2024-08-27,1000000.00,3.730908,102.3828125
14:13:37,91282CLD1,TSRYS5850288,D,B,C,2024-08-27,1000000.00,3.730957,102.3825125
14:13:37,91282CLD1,TSRYS5850288,D,S,T,2024-08-27,1000000.00,3.732181,102.375
14:13:37,91282CLD1,TSRYS5850288,D,S,D,2024-08-27,1000000.00,3.732181,102.375
14:13:37,91282CLD1,TSRYS5850288,D,S,T,2024-08-27,1000000.00,3.732181,102.375
14:13:37,91282CLD1,TSRYS5850288,D,S,T,2024-08-27,1000000.00,3.732181,102.375
14:13:37,91282CLD1,TSRYS5850288,D,S,C,2024-08-27,1000000.00,3.732181,102.375
14:13:38,91282CLD1,TSRYS5850288,D,S,T,2024-08-27,1000000.00,3.732181,102.375
14:13:39,91282CLD1,TSRYS5850288,D,S,D,2024-08-27,1000000.00,3.731863,102.376953125
14:13:39,91282CLD1,TSRYS5850288,D,S,D,2024-08-27,1000000.00,3.731863,102.376953125
14:13:39,91282CLD1,TSRYS5850288,D,S,D,2024-08-27,1000000.00,3.731863,102.376953125
14:13:39,91282CLD1,TSRYS5850288,D,S,D,2024-08-27,1000000.00,3.731863,102.376953125
14:13:40,91282CLD1,TSRYS5850288,D,S,D,2024-08-27,1000000.00,3.731863,102.376953125
14:13:40,91282CLD1,TSRYS5850288,D,S,D,2024-08-27,1000000.00,3.731863,102.376953125
14:13:40,91282CLD1,TSRYS5850288,D,S,D,2024-08-27,1000000.00,3.731863,102.376953125
14:13:41,91282CLD1,TSRYS5850288,D,S,T,2024-08-27,1000000.00,3.731863,102.376953125
14:13:41,91282CLD1,TSRYS5850288,D,S,T,2024-08-27,1000000.00,3.731863,102.376953125
14:13:42,91282CLD1,TSRYS5850288,D,S,T,2024-08-27,2000000.00,3.731863,102.376953125
14:13:42,91282CLD1,TSRYS5850288,D,S,T,2024-08-27,1000000.00,3.731863,102.376953125
14:13:42,91282CLD1,TSRYS5850288,D,S,T,2024-08-27,2000000.00,3.731863,102.376953125
14:13:42,91282CLD1,TSRYS5850288,D,S,T,2024-08-27,2000000.00,3.731863,102.376953125
14:13:42,91282CLD1,TSRYS5850288,D,S,T,2024-08-27,2000000.00,3.731863,102.376953125
14:13:42,91282CLD1,TSRYS5850288,D,S,T,2024-08-27,1000000.00,3.731863,102.376953125
14:13:42,91282CLD1,TSRYS5850288,D,S,T,2024-08-27,2000000.00,3.731863,102.376953125
14:13:42,91282CLD1,TSRYS5850288,D,S,T,2024-08-27,1000000.00,3.731863,102.376953125
14:13:42,91282CLD1,TSRYS5850288,D,S,T,2024-08-27,2000000.00,3.731863,102.376953125
14:13:42,91282CLD1,TSRYS5850288,D,S,D,2024-08-27,1000000.00,3.732499,102.373046875
14:13:42,91282CLD1,TSRYS5850288,D,S,D,2024-08-27,1000000.00,3.732499,102.373046875
14:13:42,91282CLD1,TSRYS5850288,D,S,D,2024-08-27,1000000.00,3.732499,102.373046875
14:13:42,91282CLD1,TSRYS5850288,D,S,D,2024-08-27,1000000.00,3.732499,102.373046875
14:13:42,91282CLD1,TSRYS5850288,D,S,D,2024-08-27,1000000.00,3.732499,102.373046875
14:13:42,91282CLD1,TSRYS5850288,D,S,D,2024-08-27,1000000.00,3.732499,102.373046875
14:13:42,91282CLD1,TSRYS5850288,D,S,D,2024-08-27,1000000.00,3.732499,102.373046875
14:13:43,91282CLD1,TSRYS5850288,D,S,T,2024-08-27,1000000.00,3.732499,102.373046875
14:13:44,91282CLD1,TSRYS5850288,D,S,D,2024-08-27,1000000.00,3.732499,102.373046875
14:13:44,91282CLD1,TSRYS5850288,D,S,D,2024-08-27,1000000.00,3.732499,102.373046875
14:13:44,91282CLD1,TSRYS5850288,D,S,D,2024-08-27,1000000.00,3.732499,102.373046875
14:13:44,91282CLD1,TSRYS5850288,D,S,D,2024-08-27,1000000.00,3.732499,102.373046875
14:13:44,91282CLD1,TSRYS5850288,D,S,D,2024-08-27,1000000.00,3.732499,102.373046875
14:13:44,91282CLD1,TSRYS5850288,D,S,D,2024-08-27,1000000.00,3.732499,102.373046875
14:13:44,91282CLD1,TSRYS5850288,D,S,D,2024-08-27,1000000.00,3.732499,102.373046875
14:13:44,91282CLD1,TSRYS5850288,D,B,C,2024-08-27,1000000.00,3.732499,102.373046875
14:13:45,91282CLD1,TSRYS5850288,D,S,D,2024-08-27,1000000.00,3.732499,102.373046875
14:13:48,91282CLD1,TSRYS5850288,D,S,D,2024-08-27,1000000.00,3.732499,102.373046875
14:13:49,91282CLD1,TSRYS5850288,D,S,D,2024-08-27,1000000.00,3.733136,102.369140625
14:13:50,91282CLD1,TSRYS5850288,D,S,D,2024-08-27,1000000.00,3.729635,102.390625
14:13:50,91282CLD1,TSRYS5850288,D,S,D,2024-08-27,1000000.00,3.729635,102.390625
14:13:50,91282CLD1,TSRYS5850288,D,S,C,2024-08-27,1000000.00,3.72961,102.390775
14:13:50,91282CLD1,TSRYS5850288,D,S,C,2024-08-27,3000000.00,3.729635,102.390625
14:13:50,91282CLD1,TSRYS5850288,D,B,C,2024-08-27,1000000.00,3.730908,102.3828125
14:13:50,91282CLD1,TSRYS5850288,D,B,C,2024-08-27,1000000.00,3.730908,102.3828125
14:13:50,91282CLD1,TSRYS5850288,D,S,D,2024-08-27,1000000.00,3.730908,102.3828125
14:13:50,91282CLD1,TSRYS5850288,D,S,C,2024-08-27,1000000.00,3.730908,102.3828125
14:13:50,91282CLD1,TSRYS5850288,D,B,C,2024-08-27,4000000.00,3.73094,102.3826125
14:13:50,91282CLD1,TSRYS5850288,D,B,C,2024-08-27,1000000.00,3.73094,102.3826125
14:13:50,91282CLD1,TSRYS5850288,D,S,C,2024-08-27,1000000.00,3.730908,102.3828125
14:13:50,91282CLD1,TSRYS5850288,D,S,C,2024-08-27,1000000.00,3.730908,102.3828125
14:13:50,91282CLD1,TSRYS5850288,D,S,D,2024-08-27,4000000.00,3.730908,102.3828125
14:13:50,91282CLD1,TSRYS5850288,D,B,C,2024-08-27,1000000.00,3.730957,102.3825125
14:13:54,91282CLD1,TSRYS5850288,D,S,D,2024-08-27,2000000.00,3.732818,102.37109375
14:13:54,91282CLD1,TSRYS5850288,D,S,D,2024-08-27,3000000.00,3.732818,102.37109375
14:13:54,91282CLD1,TSRYS5850288,D,S,D,2024-08-27,1000000.00,3.733136,102.369140625
14:13:54,91282CLD1,TSRYS5850288,D,S,D,2024-08-27,1000000.00,3.733136,102.369140625
14:13:55,91282CLD1,TSRYS5850288,D,S,D,2024-08-27,1000000.00,3.733136,102.369140625
14:13:56,91282CLD1,TSRYS5850288,D,S,D,2024-08-27,1000000.00,3.733136,102.369140625
14:13:58,91282CLD1,TSRYS5850288,D,S,D,2024-08-27,1000000.00,3.733136,102.369140625
14:13:59,91282CLD1,TSRYS5850288,D,S,D,2024-08-27,1000000.00,3.733136,102.369140625
14:13:59,91282CLD1,TSRYS5850288,D,S,D,2024-08-27,3000000.00,3.732818,102.37109375
14:14:00,91282CLD1,TSRYS5850288,D,S,D,2024-08-27,1000000.00,3.733136,102.369140625
14:14:00,91282CLD1,TSRYS5850288,D,S,D,2024-08-27,1000000.00,3.733136,102.369140625
14:14:00,91282CLD1,TSRYS5850288,D,S,D,2024-08-27,1000000.00,3.733136,102.369140625
14:14:00,91282CLD1,TSRYS5850288,D,S,D,2024-08-27,1000000.00,3.733136,102.369140625
14:14:00,91282CLD1,TSRYS5850288,D,S,D,2024-08-27,1000000.00,3.733136,102.369140625
14:14:00,91282CLD1,TSRYS5850288,D,S,D,2024-08-27,1000000.00,3.733136,102.369140625
14:14:00,91282CLD1,TSRYS5850288,D,S,D,2024-08-27,1000000.00,3.733136,102.369140625
14:14:00,91282CLD1,TSRYS5850288,D,S,D,2024-08-27,1000000.00,3.733136,102.369140625
14:14:00,91282CLD1,TSRYS5850288,D,S,D,2024-08-27,1000000.00,3.733136,102.369140625
14:14:01,91282CLD1,TSRYS5850288,D,S,D,2024-08-27,1000000.00,3.733136,102.369140625
14:14:01,91282CLD1,TSRYS5850288,D,S,D,2024-08-27,1000000.00,3.729421,102.3919342376
14:14:01,91282CLD1,TSRYS5850288,D,S,D,2024-08-27,1000000.00,3.729421,102.3919342376
14:14:04,91282CLD1,TSRYS5850288,D,S,C,2024-08-27,1000000.00,3.733136,102.369140625
14:14:04,91282CLD1,TSRYS5850288,D,S,D,2024-08-27,1000000.00,3.733136,102.369140625
14:14:05,91282CLD1,TSRYS5850288,D,B,C,2024-08-27,1000000.00,3.730908,102.3828125
14:14:05,91282CLD1,TSRYS5850288,D,S,C,2024-08-27,1000000.00,3.730867,102.3830625
14:14:05,91282CLD1,TSRYS5850288,D,B,C,2024-08-27,1000000.00,3.730908,102.3828125
14:14:05,91282CLD1,TSRYS5850288,D,S,D,2024-08-27,1000000.00,3.730908,102.3828125
14:14:05,91282CLD1,TSRYS5850288,D,S,D,2024-08-27,1000000.00,3.730908,102.3828125
14:14:05,91282CLD1,TSRYS5850288,D,B,C,2024-08-27,6000000.00,3.730924,102.3827125
14:14:05,91282CLD1,TSRYS5850288,D,S,D,2024-08-27,6000000.00,3.730908,102.3828125
14:14:05,91282CLD1,TSRYS5850288,D,S,D,2024-08-27,1000000.00,3.730908,102.3828125
14:14:05,91282CLD1,TSRYS5850288,D,S,D,2024-08-27,1000000.00,3.730908,102.3828125
14:14:07,91282CLD1,TSRYS5850288,D,S,T,2024-08-27,1000000.00,3.733454,102.3671875
14:14:07,91282CLD1,TSRYS5850288,D,S,T,2024-08-27,1000000.00,3.733454,102.3671875
14:14:07,91282CLD1,TSRYS5850288,D,S,T,2024-08-27,1000000.00,3.733454,102.3671875
14:14:07,91282CLD1,TSRYS5850288,D,S,T,2024-08-27,1000000.00,3.733454,102.3671875
14:14:07,91282CLD1,TSRYS5850288,D,S,T,2024-08-27,1000000.00,3.733454,102.3671875
14:14:07,91282CLD1,TSRYS5850288,D,S,T,2024-08-27,1000000.00,3.733454,102.3671875
14:14:11,91282CLD1,TSRYS5850288,D,S,D,2024-08-27,61000.00,3.732818,102.37109375
14:14:11,91282CLD1,TSRYS5850288,D,S,D,2024-08-27,1000000.00,3.729421,102.3919342376
14:14:12,91282CLD1,TSRYS5850288,D,S,D,2024-08-27,1000000.00,3.733454,102.3671875
14:14:14,91282CLD1,TSRYS5850288,D,B,C,2024-08-27,1000000.00,3.732499,102.37304687
14:14:15,91282CLD1,TSRYS5850288,D,S,C,2024-08-27,1000000.00,3.733136,102.369140625
14:14:15,91282CLD1,TSRYS5850288,D,S,D,2024-08-27,1000000.00,3.733136,102.369140625
14:14:16,91282CLD1,TSRYS5850288,D,S,T,2024-08-27,1000000.00,3.731863,102.37695312
14:14:20,91282CLD1,TSRYS5850288,D,S,T,2024-08-27,1000000.00,3.732181,102.375
14:14:20,91282CLD1,TSRYS5850288,D,S,T,2024-08-27,1000000.00,3.732181,102.375
14:14:20,91282CLD1,TSRYS5850288,D,S,D,2024-08-27,1000000.00,3.732181,102.375
14:14:20,91282CLD1,TSRYS5850288,D,S,T,2024-08-27,1000000.00,3.733454,102.3671875
14:14:20,91282CLD1,TSRYS5850288,D,S,T,2024-08-27,1000000.00,3.733454,102.3671875
14:14:20,91282CLD1,TSRYS5850288,D,S,T,2024-08-27,2000000.00,3.733136,102.369140625
14:14:21,91282CLD1,TSRYS5850288,D,S,D,2024-08-27,1000000.00,3.732181,102.375
14:14:21,91282CLD1,TSRYS5850288,D,S,D,2024-08-27,1000000.00,3.732181,102.375
14:14:21,91282CLD1,TSRYS5850288,D,S,T,2024-08-27,1000000.00,3.732181,102.375
14:14:21,91282CLD1,TSRYS5850288,D,S,D,2024-08-27,1000000.00,3.72954,102.3912060317
14:14:22,91282CLD1,TSRYS5850288,D,S,T,2024-08-27,1000000.00,3.732181,102.375
14:14:22,91282CLD1,TSRYS5850288,D,S,T,2024-08-27,1000000.00,3.732181,102.375
14:14:22,91282CLD1,TSRYS5850288,D,S,T,2024-08-27,1000000.00,3.732181,102.375
14:14:22,91282CLD1,TSRYS5850288,D,S,T,2024-08-27,1000000.00,3.732181,102.375
14:14:22,91282CLD1,TSRYS5850288,D,S,T,2024-08-27,1000000.00,3.732181,102.375
14:14:23,91282CLD1,TSRYS5850288,D,S,T,2024-08-27,1000000.00,3.732181,102.375
14:14:23,91282CLD1,TSRYS5850288,D,S,T,2024-08-27,1000000.00,3.732181,102.375
14:14:23,91282CLD1,TSRYS5850288,D,S,T,2024-08-27,1000000.00,3.732181,102.375
14:14:23,91282CLD1,TSRYS5850288,D,S,T,2024-08-27,1000000.00,3.732181,102.375
14:14:23,91282CLD1,TSRYS5850288,D,S,D,2024-08-27,1000000.00,3.730908,102.3828125
14:14:23,91282CLD1,TSRYS5850288,D,B,C,2024-08-27,1000000.00,3.732499,102.37304687
14:14:23,91282CLD1,TSRYS5850288,D,B,C,2024-08-27,1000000.00,3.732499,102.37304687
14:14:23,91282CLD1,TSRYS5850288,D,B,C,2024-08-27,1000000.00,3.732499,102.37304687
14:14:23,91282CLD1,TSRYS5850288,D,S,D,2024-08-27,1000000.00,3.730908,102.3828125
14:14:23,91282CLD1,TSRYS5850288,D,S,D,2024-08-27,1000000.00,3.732181,102.375
14:14:23,91282CLD1,TSRYS5850288,D,B,C,2024-08-27,1000000.00,3.732181,102.375
14:14:23,91282CLD1,TSRYS5850288,D,S,D,2024-08-27,1000000.00,3.732181,102.375
14:14:23,91282CLD1,TSRYS5850288,D,S,D,2024-08-27,1000000.00,3.732181,102.375
14:14:23,91282CLD1,TSRYS5850288,D,S,D,2024-08-27,1000000.00,3.732181,102.375
14:14:23,91282CLD1,TSRYS5850288,D,S,D,2024-08-27,1000000.00,3.732181,102.375
14:14:24,91282CLD1,TSRYS5850288,D,S,D,2024-08-27,1000000.00,3.731863,102.37695312
14:14:24,91282CLD1,TSRYS5850288,D,S,C,2024-08-27,1000000.00,3.731863,102.37695312
14:14:25,91282CLD1,TSRYS5850288,D,B,C,2024-08-27,1000000.00,3.732181,102.375
14:14:25,91282CLD1,TSRYS5850288,D,S,D,2024-08-27,1000000.00,3.732181,102.375
14:14:25,91282CLD1,TSRYS5850288,D,S,D,2024-08-27,1000000.00,3.732181,102.375
14:14:27,91282CLD1,TSRYS5850288,D,S,D,2024-08-27,1000000.00,3.732499,102.373046875
14:14:27,91282CLD1,TSRYS5850288,D,S,D,2024-08-27,1000000.00,3.732499,102.373046875
14:14:27,91282CLD1,TSRYS5850288,D,S,T,2024-08-27,2000000.00,3.732499,102.373046875
14:14:28,91282CLD1,TSRYS5850288,D,S,D,2024-08-27,1000000.00,3.732499,102.373046875
14:14:30,91282CLD1,TSRYS5850288,D,S,D,2024-08-27,1000000.00,3.732181,102.375
14:14:30,91282CLD1,TSRYS5850288,D,S,D,2024-08-27,1000000.00,3.732181,102.375
14:14:30,91282CLD1,TSRYS5850288,D,S,D,2024-08-27,1000000.00,3.732181,102.375
14:14:31,91282CLD1,TSRYS5850288,D,S,T,2024-08-27,1000000.00,3.732181,102.375
14:14:31,91282CLD1,TSRYS5850288,D,S,D,2024-08-27,1000000.00,3.732181,102.375
14:14:31,91282CLD1,TSRYS5850288,D,S,D,2024-08-27,1000000.00,3.729635,102.390625
14:14:31,91282CLD1,TSRYS5850288,D,S,T,2024-08-27,1000000.00,3.732181,102.375
14:14:31,91282CLD1,TSRYS5850288,D,S,T,2024-08-27,1000000.00,3.732181,102.375
14:14:32,91282CLD1,TSRYS5850288,D,S,T,2024-08-27,1000000.00,3.732181,102.375
14:14:32,91282CLD1,TSRYS5850288,D,S,T,2024-08-27,1000000.00,3.732181,102.375
14:14:32,91282CLD1,TSRYS5850288,D,S,D,2024-08-27,2000000.00,3.732499,102.373046875
14:14:32,91282CLD1,TSRYS5850288,D,S,T,2024-08-27,1000000.00,3.732181,102.375
14:14:32,91282CLD1,TSRYS5850288,D,S,T,2024-08-27,1000000.00,3.732181,102.375
14:14:32,91282CLD1,TSRYS5850288,D,S,T,2024-08-27,1000000.00,3.732181,102.375
14:14:32,91282CLD1,TSRYS5850288,D,S,T,2024-08-27,1000000.00,3.732181,102.375
14:14:33,91282CLD1,TSRYS5850288,D,S,T,2024-08-27,1000000.00,3.732181,102.375
14:14:35,91282CLD1,TSRYS5850288,D,S,D,2024-08-27,1000000.00,3.732181,102.375
14:14:38,91282CLD1,TSRYS5850288,D,S,D,2024-08-27,2000000.00,3.731863,102.376953125
14:14:38,91282CLD1,TSRYS5850288,D,S,C,2024-08-27,1000000.00,3.730883,102.3829625
14:14:38,91282CLD1,TSRYS5850288,D,S,C,2024-08-27,1000000.00,3.730883,102.3829625
14:14:38,91282CLD1,TSRYS5850288,D,B,C,2024-08-27,1000000.00,3.730908,102.3828125
14:14:39,91282CLD1,TSRYS5850288,D,S,D,2024-08-27,1000000.00,3.730908,102.3828125
14:14:39,91282CLD1,TSRYS5850288,D,S,D,2024-08-27,1000000.00,3.732181,102.375
14:14:39,91282CLD1,TSRYS5850288,D,B,C,2024-08-27,1000000.00,3.732181,102.375
14:14:39,91282CLD1,TSRYS5850288,D,S,D,2024-08-27,1000000.00,3.731863,102.376953125
14:14:39,91282CLD1,TSRYS5850288,D,S,D,2024-08-27,1000000.00,3.731863,102.376953125
14:14:39,91282CLD1,TSRYS5850288,D,S,D,2024-08-27,1000000.00,3.731863,102.376953125
14:14:41,91282CLD1,TSRYS5850288,D,S,D,2024-08-27,1000000.00,3.731863,102.37695312
14:14:42,91282CLD1,TSRYS5850288,D,S,D,2024-08-27,1000000.00,3.731863,102.37695312
14:14:42,91282CLD1,TSRYS5850288,D,S,T,2024-08-27,1000000.00,3.731863,102.37695312
14:14:44,91282CLD1,TSRYS5850288,D,S,T,2024-08-27,1000000.00,3.731863,102.37695312
14:14:44,91282CLD1,TSRYS5850288,D,S,D,2024-08-27,1000000.00,3.731863,102.37695312
14:14:44,91282CLD1,TSRYS5850288,D,S,T,2024-08-27,1000000.00,3.731863,102.37695312
14:14:51,91282CLD1,TSRYS5850288,D,S,D,2024-08-27,1000000.00,3.731226,102.380859375
14:14:51,91282CLD1,TSRYS5850288,D,S,D,2024-08-27,1000000.00,3.731226,102.380859375
14:14:51,91282CLD1,TSRYS5850288,D,S,T,2024-08-27,1000000.00,3.731226,102.380859375
14:14:51,91282CLD1,TSRYS5850288,D,S,T,2024-08-27,1000000.00,3.731226,102.380859375
14:14:51,91282CLD1,TSRYS5850288,D,S,D,2024-08-27,1000000.00,3.731226,102.380859375
14:14:51,91282CLD1,TSRYS5850288,D,S,D,2024-08-27,1000000.00,3.731544,102.37890625
14:14:54,91282CLD1,TSRYS5850288,D,B,C,2024-08-27,1000000.00,3.732181,102.375
14:14:54,91282CLD1,TSRYS5850288,D,S,C,2024-08-27,1000000.00,3.732181,102.375
14:14:54,91282CLD1,TSRYS5850288,D,B,C,2024-08-27,1000000.00,3.732181,102.375
14:14:54,91282CLD1,TSRYS5850288,D,S,C,2024-08-27,1000000.00,3.733413,102.3674375
14:14:54,91282CLD1,TSRYS5850288,D,S,C,2024-08-27,1000000.00,3.733413,102.3674375
14:14:54,91282CLD1,TSRYS5850288,D,S,C,2024-08-27,1000000.00,3.733413,102.3674375
14:14:54,91282CLD1,TSRYS5850288,D,S,D,2024-08-27,1000000.00,3.733454,102.3671875
14:14:54,91282CLD1,TSRYS5850288,D,S,D,2024-08-27,1000000.00,3.733454,102.3671875
14:14:54,91282CLD1,TSRYS5850288,D,S,D,2024-08-27,1000000.00,3.733454,102.3671875
14:14:56,91282CLD1,TSRYS5850288,D,S,D,2024-08-27,1000000.00,3.731226,102.380859375
14:14:56,91282CLD1,TSRYS5850288,D,S,D,2024-08-27,1000000.00,3.731226,102.380859375
14:15:01,91282CLD1,TSRYS5850288,D,S,D,2024-08-27,1000000.00,3.731226,102.380859375
14:15:01,91282CLD1,TSRYS5850288,D,S,D,2024-08-27,1000000.00,3.731226,102.380859375
14:15:01,91282CLD1,TSRYS5850288,D,S,T,2024-08-27,1000000.00,3.731544,102.37890625
14:15:09,91282CLD1,TSRYS5850288,D,B,C,2024-08-27,1000000.00,3.730908,102.3828125
14:15:09,91282CLD1,TSRYS5850288,D,B,C,2024-08-27,1000000.00,3.730908,102.3828125
14:15:09,91282CLD1,TSRYS5850288,D,S,D,2024-08-27,1000000.00,3.730908,102.3828125
14:15:09,91282CLD1,TSRYS5850288,D,S,D,2024-08-27,1000000.00,3.730908,102.3828125
14:15:09,91282CLD1,TSRYS5850288,D,B,C,2024-08-27,3000000.00,3.732181,102.375
14:15:09,91282CLD1,TSRYS5850288,D,S,C,2024-08-27,1000000.00,3.732181,102.375
14:15:09,91282CLD1,TSRYS5850288,D,S,C,2024-08-27,3000000.00,3.732181,102.375
14:15:09,91282CLD1,TSRYS5850288,D,S,D,2024-08-27,1000000.00,3.733454,102.3671875
14:15:09,91282CLD1,TSRYS5850288,D,S,D,2024-08-27,1000000.00,3.732181,102.375
14:15:09,91282CLD1,TSRYS5850288,D,S,D,2024-08-27,1000000.00,3.732181,102.375
14:15:09,91282CLD1,TSRYS5850288,D,S,D,2024-08-27,1000000.00,3.732181,102.375
14:15:09,91282CLD1,TSRYS5850288,D,S,C,2024-08-27,1000000.00,3.732181,102.375
14:15:09,91282CLD1,TSRYS5850288,D,S,D,2024-08-27,1000000.00,3.732181,102.375
14:15:09,91282CLD1,TSRYS5850288,D,S,D,2024-08-27,1000000.00,3.732181,102.375
14:15:09,91282CLD1,TSRYS5850288,D,S,D,2024-08-27,1000000.00,3.732181,102.375
14:15:09,91282CLD1,TSRYS5850288,D,S,D,2024-08-27,1000000.00,3.732181,102.375
14:15:09,91282CLD1,TSRYS5850288,D,S,D,2024-08-27,1000000.00,3.732181,102.375
14:15:21,91282CLD1,TSRYS5850288,D,S,D,2024-08-27,1000000.00,3.732181,102.375
14:15:21,91282CLD1,TSRYS5850288,D,S,D,2024-08-27,1000000.00,3.732181,102.375
14:15:21,91282CLD1,TSRYS5850288,D,S,D,2024-08-27,1000000.00,3.732181,102.375
14:15:21,91282CLD1,TSRYS5850288,D,S,D,2024-08-27,1000000.00,3.732181,102.375
14:15:24,91282CLD1,TSRYS5850288,D,S,D,2024-08-27,1000000.00,3.731863,102.37695312
14:15:24,91282CLD1,TSRYS5850288,D,S,D,2024-08-27,1000000.00,3.731863,102.37695312
14:15:24,91282CLD1,TSRYS5850288,D,S,T,2024-08-27,1000000.00,3.731863,102.37695312
14:15:27,91282CLD1,TSRYS5850288,D,S,D,2024-08-27,1000000.00,3.731863,102.37695312
14:15:27,91282CLD1,TSRYS5850288,D,S,D,2024-08-27,1000000.00,3.731863,102.37695312
14:15:27,91282CLD1,TSRYS5850288,D,S,D,2024-08-27,1000000.00,3.731863,102.37695312
14:15:31,91282CLD1,TSRYS5850288,D,B,C,2024-08-27,1509000.00,3.730271,102.38671875
14:15:31,91282CLD1,TSRYS5850288,D,S,D,2024-08-27,1509000.00,3.730271,102.38671875
14:15:34,91282CLD1,TSRYS5850288,D,S,D,2024-08-27,1000000.00,3.730271,102.38671875
14:15:34,91282CLD1,TSRYS5850288,D,S,D,2024-08-27,1000000.00,3.730271,102.38671875
14:15:34,91282CLD1,TSRYS5850288,D,S,C,2024-08-27,1000000.00,3.730271,102.38671875
14:15:34,91282CLD1,TSRYS5850288,D,S,C,2024-08-27,1000000.00,3.730271,102.38671875
14:15:55,91282CLD1,TSRYS5850288,D,S,C,2024-08-27,9500000.00,3.8344,101.75
14:15:55,91282CLD1,TSRYS5850288,D,S,C,2024-08-27,4750000.00,3.8344,101.75
14:15:55,91282CLD1,TSRYS5850288,D,S,C,2024-08-27,9500000.00,3.8344,101.75
14:15:55,91282CLD1,TSRYS5850288,D,S,C,2024-08-27,4750000.00,3.8344,101.75
14:16:14,91282CLD1,TSRYS5850288,D,S,D,2024-08-27,1000000.00,3.730271,102.38671875
14:16:22,91282CLD1,TSRYS5850288,D,S,C,2024-08-27,1000000.00,3.73059,102.38476562
14:16:29,91282CLD1,TSRYS5850288,D,S,D,2024-08-27,852000.00,3.729635,102.390625
14:16:33,91282CLD1,TSRYS5850288,D,S,D,2024-08-27,1000000.00,3.730271,102.38671875
14:17:08,91282CLD1,TSRYS5850288,D,S,C,2024-08-27,30000.00,3.730612,102.384625
14:17:30,91282CLD1,TSRYS5850288,D,B,C,2024-08-27,1000000.00,3.730271,102.38671875
14:17:30,91282CLD1,TSRYS5850288,D,S,D,2024-08-27,1000000.00,3.730271,102.38671875
14:17:34,91282CLD1,TSRYS5850288,D,B,C,2024-08-27,12000000.00,3.742582,102.31119791666
14:17:48,91282CLD1,TSRYS5850288,D,S,A,2024-08-27,2719000.00,3.730112,102.3876953125
14:17:50,91282CLD1,TSRYS5850288,D,S,A,2024-08-27,2719000.00,3.730112,102.387695313
14:18:02,91282CLD1,TSRYS5850288,D,S,D,2024-08-27,1000000.00,3.729635,102.390625
14:18:02,91282CLD1,TSRYS5850288,D,S,D,2024-08-27,1000000.00,3.729635,102.390625
14:18:12,91282CLD1,TSRYS5850288,D,S,D,2024-08-27,1000000.00,3.730367,102.386130053
14:18:13,91282CLD1,TSRYS5850288,D,S,D,2024-08-27,45000.00,3.730908,102.3828125
14:18:19,91282CLD1,TSRYS5850288,D,S,C,2024-08-27,1000000.00,3.729953,102.388671875
14:18:19,91282CLD1,TSRYS5850288,D,B,C,2024-08-27,1000000.00,3.729953,102.388671875
14:18:19,91282CLD1,TSRYS5850288,D,S,D,2024-08-27,1000000.00,3.729953,102.388671875
14:18:34,91282CLD1,TSRYS5850288,D,S,D,2024-08-27,1000000.00,3.729635,102.390625
14:18:34,91282CLD1,TSRYS5850288,D,S,D,2024-08-27,1000000.00,3.729635,102.390625
14:18:34,91282CLD1,TSRYS5850288,D,S,D,2024-08-27,1000000.00,3.729635,102.390625
14:18:34,91282CLD1,TSRYS5850288,D,S,D,2024-08-27,1000000.00,3.729635,102.390625
14:18:34,91282CLD1,TSRYS5850288,D,S,D,2024-08-27,1000000.00,3.729635,102.390625
14:18:35,91282CLD1,TSRYS5850288,D,S,D,2024-08-27,1000000.00,3.729635,102.390625
14:18:42,91282CLD1,TSRYS5850288,D,S,D,2024-08-27,1000000.00,3.730367,102.386130053
14:18:44,91282CLD1,TSRYS5850288,D,B,C,2024-08-27,12000000.00,3.742698,102.31049
14:18:44,91282CLD1,TSRYS5850288,D,S,D,2024-08-27,1000000.00,3.729635,102.390625
14:18:45,91282CLD1,TSRYS5850288,D,S,D,2024-08-27,2000000.00,3.729635,102.390625
14:18:45,91282CLD1,TSRYS5850288,D,S,D,2024-08-27,1000000.00,3.729635,102.390625
14:18:45,91282CLD1,TSRYS5850288,D,S,D,2024-08-27,1000000.00,3.729635,102.390625
14:18:45,91282CLD1,TSRYS5850288,D,S,D,2024-08-27,1000000.00,3.729635,102.390625
14:18:45,91282CLD1,TSRYS5850288,D,S,D,2024-08-27,1000000.00,3.729635,102.390625
14:18:45,91282CLD1,TSRYS5850288,D,S,D,2024-08-27,1000000.00,3.729635,102.390625
14:18:45,91282CLD1,TSRYS5850288,D,S,D,2024-08-27,1000000.00,3.729635,102.390625
14:18:45,91282CLD1,TSRYS5850288,D,S,D,2024-08-27,1000000.00,3.729635,102.390625
14:18:45,91282CLD1,TSRYS5850288,D,S,D,2024-08-27,1000000.00,3.729635,102.390625
14:18:45,91282CLD1,TSRYS5850288,D,S,D,2024-08-27,1000000.00,3.729635,102.390625
14:18:45,91282CLD1,TSRYS5850288,D,S,D,2024-08-27,1000000.00,3.729635,102.390625
14:18:45,91282CLD1,TSRYS5850288,D,S,D,2024-08-27,1000000.00,3.729635,102.390625
14:18:45,91282CLD1,TSRYS5850288,D,B,C,2024-08-27,1000000.00,3.729317,102.392578125
14:18:46,91282CLD1,TSRYS5850288,D,S,C,2024-08-27,1000000.00,3.729317,102.392578125
14:18:49,91282CLD1,TSRYS5850288,D,S,D,2024-08-27,1000000.00,3.729635,102.390625
14:18:49,91282CLD1,TSRYS5850288,D,S,D,2024-08-27,1000000.00,3.729635,102.390625
14:19:22,91282CLD1,TSRYS5850288,D,S,D,2024-08-27,150MM+,3.732181,102.375
14:19:44,91282CLD1,TSRYS5850288,D,S,D,2024-08-27,1000000.00,3.73321,102.3686861242
14:20:36,91282CLD1,TSRYS5850288,D,S,D,2024-08-27,1000000.00,3.728044,102.400390625
14:20:36,91282CLD1,TSRYS5850288,D,S,D,2024-08-27,1000000.00,3.728044,102.400390625
14:20:41,91282CLD1,TSRYS5850288,D,S,T,2024-08-27,1000000.00,3.728362,102.3984375
14:20:44,91282CLD1,TSRYS5850288,D,S,T,2024-08-27,2000000.00,3.728362,102.3984375
14:20:54,91282CLD1,TSRYS5850288,D,S,D,2024-08-27,1000000.00,3.728044,102.400390625
14:20:54,91282CLD1,TSRYS5850288,D,S,D,2024-08-27,1000000.00,3.728044,102.400390625
14:21:09,91282CLD1,TSRYS5850288,D,S,C,2024-08-27,1000000.00,3.728362,102.3984375
14:21:09,91282CLD1,TSRYS5850288,D,B,C,2024-08-27,1000000.00,3.728362,102.3984375
14:21:09,91282CLD1,TSRYS5850288,D,S,C,2024-08-27,1000000.00,3.728337,102.3985875
14:21:09,91282CLD1,TSRYS5850288,D,B,C,2024-08-27,1000000.00,3.728362,102.3984375
14:21:09,91282CLD1,TSRYS5850288,D,B,C,2024-08-27,1000000.00,3.728362,102.3984375
14:21:09,91282CLD1,TSRYS5850288,D,S,C,2024-08-27,1000000.00,3.728337,102.3985875
14:21:09,91282CLD1,TSRYS5850288,D,S,D,2024-08-27,1000000.00,3.728362,102.3984375
14:21:09,91282CLD1,TSRYS5850288,D,B,C,2024-08-27,1000000.00,3.728411,102.3981375
14:21:09,91282CLD1,TSRYS5850288,D,S,D,2024-08-27,1000000.00,3.728362,102.3984375
14:21:24,91282CLD1,TSRYS5850288,D,S,C,2024-08-27,2000000.00,3.728362,102.3984375
14:21:51,91282CLD1,TSRYS5850288,D,S,D,2024-08-27,1000000.00,3.727089,102.40625
14:21:53,91282CLD1,TSRYS5850288,D,S,D,2024-08-27,1000000.00,3.727089,102.40625
14:21:53,91282CLD1,TSRYS5850288,D,S,D,2024-08-27,1000000.00,3.727089,102.40625
14:22:07,91282CLD1,TSRYS5850288,D,S,T,2024-08-27,1000000.00,3.727089,102.40625
14:22:09,91282CLD1,TSRYS5850288,D,S,D,2024-08-27,1000000.00,3.727089,102.40625
14:22:09,91282CLD1,TSRYS5850288,D,S,D,2024-08-27,1000000.00,3.727089,102.40625
14:22:09,91282CLD1,TSRYS5850288,D,S,D,2024-08-27,1000000.00,3.727089,102.40625
14:22:09,91282CLD1,TSRYS5850288,D,S,T,2024-08-27,1000000.00,3.727089,102.40625
14:22:14,91282CLD1,TSRYS5850288,D,B,C,2024-08-27,142600000.00,3.8344,101.75
14:22:16,91282CLD1,TSRYS5850288,D,S,C,2024-08-27,1000000.00,3.727089,102.40625
14:22:16,91282CLD1,TSRYS5850288,D,S,D,2024-08-27,1000000.00,3.727089,102.40625
14:22:16,91282CLD1,TSRYS5850288,D,S,T,2024-08-27,1000000.00,3.727122,102.40605
14:22:16,91282CLD1,TSRYS5850288,D,S,T,2024-08-27,1000000.00,3.727122,102.40605
14:22:17,91282CLD1,TSRYS5850288,D,S,T,2024-08-27,1000000.00,3.727725,102.40234375
14:22:17,91282CLD1,TSRYS5850288,D,S,D,2024-08-27,1000000.00,3.727725,102.40234375
14:22:17,91282CLD1,TSRYS5850288,D,B,C,2024-08-27,2000000.00,3.727725,102.40234375
14:22:17,91282CLD1,TSRYS5850288,D,S,D,2024-08-27,2000000.00,3.727725,102.40234375
14:22:23,91282CLD1,TSRYS5850288,D,S,D,2024-08-27,1000000.00,3.731316,102.3803066038
14:22:26,91282CLD1,TSRYS5850288,D,S,C,2024-08-27,1000000.00,3.727693,102.40254375
14:22:26,91282CLD1,TSRYS5850288,D,S,T,2024-08-27,1000000.00,3.727725,102.40234375
14:22:28,91282CLD1,TSRYS5850288,D,B,C,2024-08-27,2000000.00,3.727725,102.40234375
14:22:28,91282CLD1,TSRYS5850288,D,S,D,2024-08-27,2000000.00,3.727725,102.40234375
14:22:34,91282CLD1,TSRYS5850288,D,B,C,2024-08-27,6000000.00,3.727725,102.40234375
14:22:35,91282CLD1,TSRYS5850288,D,S,D,2024-08-27,6000000.00,3.727725,102.40234375
14:22:35,91282CLD1,TSRYS5850288,D,B,C,2024-08-27,5000000.00,3.727407,102.404296875
14:22:35,91282CLD1,TSRYS5850288,D,S,D,2024-08-27,5000000.00,3.727407,102.404296875
14:22:36,91282CLD1,TSRYS5850288,D,S,T,2024-08-27,1000000.00,3.727089,102.40625
14:22:36,91282CLD1,TSRYS5850288,D,S,T,2024-08-27,1000000.00,3.727089,102.40625
14:22:36,91282CLD1,TSRYS5850288,D,S,T,2024-08-27,1000000.00,3.727089,102.40625
14:22:36,91282CLD1,TSRYS5850288,D,S,T,2024-08-27,1000000.00,3.727089,102.40625
14:22:36,91282CLD1,TSRYS5850288,D,S,T,2024-08-27,1000000.00,3.727089,102.40625
14:22:36,91282CLD1,TSRYS5850288,D,S,T,2024-08-27,1000000.00,3.727089,102.40625
14:22:36,91282CLD1,TSRYS5850288,D,S,D,2024-08-27,1000000.00,3.727089,102.40625
14:22:36,91282CLD1,TSRYS5850288,D,B,C,2024-08-27,1000000.00,3.727089,102.40625
14:22:36,91282CLD1,TSRYS5850288,D,S,D,2024-08-27,1000000.00,3.727089,102.40625
14:22:36,91282CLD1,TSRYS5850288,D,S,T,2024-08-27,1000000.00,3.727105,102.40615
14:22:36,91282CLD1,TSRYS5850288,D,S,D,2024-08-27,1000000.00,3.726135,102.412109375
14:22:36,91282CLD1,TSRYS5850288,D,S,D,2024-08-27,1000000.00,3.727089,102.40625
14:22:36,91282CLD1,TSRYS5850288,D,S,D,2024-08-27,1000000.00,3.727089,102.40625
14:22:36,91282CLD1,TSRYS5850288,D,S,D,2024-08-27,1000000.00,3.726135,102.412109375
14:22:37,91282CLD1,TSRYS5850288,D,S,D,2024-08-27,1000000.00,3.726135,102.412109375
14:22:37,91282CLD1,TSRYS5850288,D,S,D,2024-08-27,1000000.00,3.726135,102.412109375
14:22:37,91282CLD1,TSRYS5850288,D,S,T,2024-08-27,1000000.00,3.725816,102.4140625
14:22:37,91282CLD1,TSRYS5850288,D,S,D,2024-08-27,1000000.00,3.727089,102.40625
14:22:37,91282CLD1,TSRYS5850288,D,S,T,2024-08-27,1000000.00,3.725816,102.4140625
14:22:37,91282CLD1,TSRYS5850288,D,S,D,2024-08-27,1000000.00,3.726135,102.412109375
14:22:37,91282CLD1,TSRYS5850288,D,S,D,2024-08-27,1000000.00,3.727089,102.40625
14:22:37,91282CLD1,TSRYS5850288,D,S,D,2024-08-27,1000000.00,3.726135,102.412109375
14:22:37,91282CLD1,TSRYS5850288,D,S,D,2024-08-27,1000000.00,3.726771,102.408203125
14:22:37,91282CLD1,TSRYS5850288,D,B,C,2024-08-27,1000000.00,3.726135,102.412109375
14:22:38,91282CLD1,TSRYS5850288,D,S,D,2024-08-27,1000000.00,3.726771,102.408203125
14:22:38,91282CLD1,TSRYS5850288,D,S,D,2024-08-27,1000000.00,3.726771,102.408203125
14:22:39,91282CLD1,TSRYS5850288,D,B,C,2024-08-27,1000000.00,3.726135,102.412109375
14:22:39,91282CLD1,TSRYS5850288,D,S,D,2024-08-27,1000000.00,3.725816,102.4140625
14:22:39,91282CLD1,TSRYS5850288,D,S,D,2024-08-27,1000000.00,3.725816,102.4140625
14:22:39,91282CLD1,TSRYS5850288,D,S,T,2024-08-27,1000000.00,3.72711,102.40612
14:22:39,91282CLD1,TSRYS5850288,D,S,D,2024-08-27,1000000.00,3.725816,102.4140625
14:22:41,91282CLD1,TSRYS5850288,D,S,D,2024-08-27,1000000.00,3.727089,102.40655
14:22:41,91282CLD1,TSRYS5850288,D,S,D,2024-08-27,1000000.00,3.727089,102.40655
14:22:41,91282CLD1,TSRYS5850288,D,S,D,2024-08-27,1000000.00,3.727089,102.40625
14:22:41,91282CLD1,TSRYS5850288,D,B,C,2024-08-27,1000000.00,3.726135,102.412109375
14:22:41,91282CLD1,TSRYS5850288,D,S,D,2024-08-27,1000000.00,3.726135,102.412109375
14:22:42,91282CLD1,TSRYS5850288,D,S,T,2024-08-27,1000000.00,3.726771,102.408203125
14:22:42,91282CLD1,TSRYS5850288,D,S,T,2024-08-27,1000000.00,3.726771,102.408203125
14:22:43,91282CLD1,TSRYS5850288,D,S,T,2024-08-27,1000000.00,3.726771,102.408203125
14:22:43,91282CLD1,TSRYS5850288,D,S,D,2024-08-27,3000000.00,3.731544,102.37890625
14:22:44,91282CLD1,TSRYS5850288,D,S,D,2024-08-27,1000000.00,3.731197,102.3810359547
14:22:44,91282CLD1,TSRYS5850288,D,S,D,2024-08-27,1000000.00,3.731197,102.3810359547
14:22:44,91282CLD1,TSRYS5850288,D,S,D,2024-08-27,1000000.00,3.731197,102.3810359547
14:22:45,91282CLD1,TSRYS5850288,D,S,D,2024-08-27,1000000.00,3.731197,102.3810359547
14:22:45,91282CLD1,TSRYS5850288,D,S,D,2024-08-27,1000000.00,3.731197,102.3810359547
14:22:45,91282CLD1,TSRYS5850288,D,S,D,2024-08-27,1000000.00,3.731197,102.3810359547
14:22:45,91282CLD1,TSRYS5850288,D,S,D,2024-08-27,1000000.00,3.731197,102.3810359547
14:22:45,91282CLD1,TSRYS5850288,D,S,D,2024-08-27,1000000.00,3.731197,102.3810359547
14:22:45,91282CLD1,TSRYS5850288,D,S,D,2024-08-27,1000000.00,3.731197,102.3810359547
14:22:46,91282CLD1,TSRYS5850288,D,S,D,2024-08-27,1000000.00,3.731197,102.3810359547
14:22:54,91282CLD1,TSRYS5850288,D,S,D,2024-08-27,1000000.00,3.731197,102.3810359547
14:22:54,91282CLD1,TSRYS5850288,D,S,T,2024-08-27,1000000.00,3.727089,102.40625
14:22:54,91282CLD1,TSRYS5850288,D,B,C,2024-08-27,1000000.00,3.726135,102.41210937
14:22:54,91282CLD1,TSRYS5850288,D,B,C,2024-08-27,1000000.00,3.726135,102.41210937
14:22:54,91282CLD1,TSRYS5850288,D,B,C,2024-08-27,1000000.00,3.726135,102.41210937
14:22:54,91282CLD1,TSRYS5850288,D,B,C,2024-08-27,1000000.00,3.726135,102.41210937
14:22:54,91282CLD1,TSRYS5850288,D,B,C,2024-08-27,1000000.00,3.726135,102.41210937
14:22:55,91282CLD1,TSRYS5850288,D,S,T,2024-08-27,1000000.00,3.727089,102.40625
14:22:55,91282CLD1,TSRYS5850288,D,S,T,2024-08-27,1000000.00,3.727089,102.40625
14:22:55,91282CLD1,TSRYS5850288,D,S,D,2024-08-27,1000000.00,3.726453,102.41015625
14:22:55,91282CLD1,TSRYS5850288,D,S,D,2024-08-27,1000000.00,3.726453,102.41015625
14:22:56,91282CLD1,TSRYS5850288,D,S,D,2024-08-27,2000000.00,3.726453,102.41015625
14:22:56,91282CLD1,TSRYS5850288,D,S,D,2024-08-27,3000000.00,3.726453,102.41015625
14:22:56,91282CLD1,TSRYS5850288,D,B,C,2024-08-27,1000000.00,3.726135,102.41210937
14:22:56,91282CLD1,TSRYS5850288,D,B,C,2024-08-27,1000000.00,3.726135,102.41210937
14:22:56,91282CLD1,TSRYS5850288,D,B,C,2024-08-27,1000000.00,3.726135,102.41210937
14:22:56,91282CLD1,TSRYS5850288,D,B,C,2024-08-27,1000000.00,3.726135,102.41210937
14:22:57,91282CLD1,TSRYS5850288,D,S,T,2024-08-27,1000000.00,3.725816,102.4140625
14:23:09,91282CLD1,TSRYS5850288,D,B,C,2024-08-27,12000000.00,3.74113,102.32010672
14:23:14,91282CLD1,TSRYS5850288,D,S,T,2024-08-27,1000000.00,3.724544,102.421875
14:23:15,91282CLD1,TSRYS5850288,D,S,T,2024-08-27,1000000.00,3.724544,102.421875
14:23:15,91282CLD1,TSRYS5850288,D,S,T,2024-08-27,1000000.00,3.724544,102.421875
14:23:15,91282CLD1,TSRYS5850288,D,S,T,2024-08-27,1000000.00,3.724544,102.421875
14:23:15,91282CLD1,TSRYS5850288,D,B,C,2024-08-27,1000000.00,3.724544,102.421875
14:23:15,91282CLD1,TSRYS5850288,D,S,C,2024-08-27,1000000.00,3.724544,102.421875
14:23:24,91282CLD1,TSRYS5850288,D,S,D,2024-08-27,1000000.00,3.723908,102.42578125
14:23:24,91282CLD1,TSRYS5850288,D,S,T,2024-08-27,1000000.00,3.723908,102.42578125
14:23:25,91282CLD1,TSRYS5850288,D,S,C,2024-08-27,1000000.00,3.723908,102.42578125
14:23:25,91282CLD1,TSRYS5850288,D,S,T,2024-08-27,1000000.00,3.727089,102.40625
14:23:25,91282CLD1,TSRYS5850288,D,S,T,2024-08-27,1000000.00,3.727089,102.40625
14:23:25,91282CLD1,TSRYS5850288,D,S,T,2024-08-27,1000000.00,3.725816,102.4140625
14:23:26,91282CLD1,TSRYS5850288,D,S,T,2024-08-27,1000000.00,3.725816,102.4140625
14:23:29,91282CLD1,TSRYS5850288,D,B,C,2024-08-27,1000000.00,3.723908,102.42578125
14:23:29,91282CLD1,TSRYS5850288,D,S,C,2024-08-27,1000000.00,3.723908,102.42578125
14:23:29,91282CLD1,TSRYS5850288,D,S,C,2024-08-27,1000000.00,3.723908,102.42578125
14:23:38,91282CLD1,TSRYS5850288,D,S,D,2024-08-27,1000000.00,3.725816,102.4140625
14:23:38,91282CLD1,TSRYS5850288,D,B,C,2024-08-27,1000000.00,3.725816,102.4140625
14:23:38,91282CLD1,TSRYS5850288,D,S,D,2024-08-27,1000000.00,3.725816,102.4140625
14:23:39,91282CLD1,TSRYS5850288,D,S,C,2024-08-27,1000000.00,3.724544,102.421875
14:23:39,91282CLD1,TSRYS5850288,D,S,D,2024-08-27,1000000.00,3.724544,102.421875
14:23:39,91282CLD1,TSRYS5850288,D,S,D,2024-08-27,1000000.00,3.724544,102.421875
14:23:39,91282CLD1,TSRYS5850288,D,S,C,2024-08-27,1000000.00,3.724544,102.421875
14:23:39,91282CLD1,TSRYS5850288,D,S,C,2024-08-27,1000000.00,3.724544,102.421875
14:23:40,91282CLD1,TSRYS5850288,D,S,T,2024-08-27,1000000.00,3.724544,102.421875
14:23:40,91282CLD1,TSRYS5850288,D,S,T,2024-08-27,1000000.00,3.724544,102.421875
14:23:40,91282CLD1,TSRYS5850288,D,S,T,2024-08-27,1000000.00,3.724544,102.421875
14:23:40,91282CLD1,TSRYS5850288,D,S,T,2024-08-27,1000000.00,3.724544,102.421875
14:23:40,91282CLD1,TSRYS5850288,D,S,T,2024-08-27,1000000.00,3.724544,102.421875
14:23:41,91282CLD1,TSRYS5850288,D,S,T,2024-08-27,1000000.00,3.724544,102.421875
14:23:41,91282CLD1,TSRYS5850288,D,S,T,2024-08-27,1000000.00,3.724544,102.421875
14:23:41,91282CLD1,TSRYS5850288,D,S,T,2024-08-27,1000000.00,3.724544,102.421875
14:23:41,91282CLD1,TSRYS5850288,D,S,T,2024-08-27,1000000.00,3.724544,102.421875
14:23:41,91282CLD1,TSRYS5850288,D,S,T,2024-08-27,1000000.00,3.724544,102.421875
14:23:44,91282CLD1,TSRYS5850288,D,S,D,2024-08-27,1000000.00,3.724544,102.421875
14:23:44,91282CLD1,TSRYS5850288,D,S,D,2024-08-27,1000000.00,3.724544,102.421875
14:23:44,91282CLD1,TSRYS5850288,D,S,T,2024-08-27,1000000.00,3.723908,102.42578125
14:23:44,91282CLD1,TSRYS5850288,D,S,T,2024-08-27,1000000.00,3.723908,102.42578125
14:23:44,91282CLD1,TSRYS5850288,D,S,T,2024-08-27,1000000.00,3.723908,102.42578125
14:23:45,91282CLD1,TSRYS5850288,D,S,C,2024-08-27,1000000.00,3.723908,102.42578125
14:23:45,91282CLD1,TSRYS5850288,D,S,C,2024-08-27,2000000.00,3.723908,102.42578125
14:23:45,91282CLD1,TSRYS5850288,D,B,C,2024-08-27,2000000.00,3.723908,102.42578125
14:23:45,91282CLD1,TSRYS5850288,D,S,C,2024-08-27,1000000.00,3.723908,102.42578125
14:23:49,91282CLD1,TSRYS5850288,D,S,C,2024-08-27,1000000.00,3.723908,102.42578125
14:23:53,91282CLD1,TSRYS5850288,D,S,D,2024-08-27,1000000.00,3.727064,102.406402
14:23:53,91282CLD1,TSRYS5850288,D,S,D,2024-08-27,1000000.00,3.727064,102.406402
14:23:53,91282CLD1,TSRYS5850288,D,S,D,2024-08-27,1000000.00,3.727064,102.406402
14:23:53,91282CLD1,TSRYS5850288,D,S,D,2024-08-27,1000000.00,3.727064,102.406402
14:23:53,91282CLD1,TSRYS5850288,D,S,D,2024-08-27,2000000.00,3.727064,102.406402
14:23:53,91282CLD1,TSRYS5850288,D,B,C,2024-08-27,2000000.00,3.72713,102.406
14:23:53,91282CLD1,TSRYS5850288,D,S,D,2024-08-27,1000000.00,3.727064,102.406402
14:23:53,91282CLD1,TSRYS5850288,D,S,D,2024-08-27,1000000.00,3.724544,102.421875
14:24:01,91282CLD1,TSRYS5850288,D,S,D,2024-08-27,1000000.00,3.724226,102.423828125
14:24:01,91282CLD1,TSRYS5850288,D,S,C,2024-08-27,1000000.00,3.724226,102.423828125
14:24:02,91282CLD1,TSRYS5850288,D,S,C,2024-08-27,1000000.00,3.724226,102.423828125
14:24:02,91282CLD1,TSRYS5850288,D,S,D,2024-08-27,1000000.00,3.724226,102.423828125
14:24:02,91282CLD1,TSRYS5850288,D,S,C,2024-08-27,1000000.00,3.724544,102.421875
14:24:02,91282CLD1,TSRYS5850288,D,S,C,2024-08-27,1000000.00,3.724544,102.421875
14:24:03,91282CLD1,TSRYS5850288,D,S,D,2024-08-27,1000000.00,3.724544,102.421875
14:24:03,91282CLD1,TSRYS5850288,D,S,C,2024-08-27,1000000.00,3.724544,102.421875
14:24:03,91282CLD1,TSRYS5850288,D,S,T,2024-08-27,1000000.00,3.724544,102.421875
14:24:03,91282CLD1,TSRYS5850288,D,S,T,2024-08-27,1000000.00,3.724544,102.421875
14:24:03,91282CLD1,TSRYS5850288,D,S,T,2024-08-27,1000000.00,3.724544,102.421875
14:24:05,91282CLD1,TSRYS5850288,D,S,T,2024-08-27,1000000.00,3.724544,102.421875
14:24:05,91282CLD1,TSRYS5850288,D,S,T,2024-08-27,1000000.00,3.724226,102.423828125
14:24:05,91282CLD1,TSRYS5850288,D,S,T,2024-08-27,1000000.00,3.724226,102.423828125
14:24:05,91282CLD1,TSRYS5850288,D,S,T,2024-08-27,1000000.00,3.724226,102.423828125
14:24:05,91282CLD1,TSRYS5850288,D,S,T,2024-08-27,1000000.00,3.724226,102.423828125
14:24:05,91282CLD1,TSRYS5850288,D,S,T,2024-08-27,1000000.00,3.724226,102.423828125
14:24:05,91282CLD1,TSRYS5850288,D,S,T,2024-08-27,1000000.00,3.724226,102.423828125
14:24:06,91282CLD1,TSRYS5850288,D,S,D,2024-08-27,1000000.00,3.724226,102.423828125
14:24:06,91282CLD1,TSRYS5850288,D,S,D,2024-08-27,1000000.00,3.724226,102.423828125
14:24:08,91282CLD1,TSRYS5850288,D,S,T,2024-08-27,1000000.00,3.724226,102.423828125
14:24:08,91282CLD1,TSRYS5850288,D,S,T,2024-08-27,1000000.00,3.724226,102.423828125
14:24:08,91282CLD1,TSRYS5850288,D,S,T,2024-08-27,1000000.00,3.724226,102.423828125
14:24:08,91282CLD1,TSRYS5850288,D,S,C,2024-08-27,1000000.00,3.724544,102.421875
14:24:08,91282CLD1,TSRYS5850288,D,S,D,2024-08-27,1000000.00,3.724544,102.421875
14:24:08,91282CLD1,TSRYS5850288,D,S,D,2024-08-27,1000000.00,3.724544,102.421875
14:24:08,91282CLD1,TSRYS5850288,D,S,D,2024-08-27,1000000.00,3.724544,102.421875
14:24:08,91282CLD1,TSRYS5850288,D,S,D,2024-08-27,1000000.00,3.724544,102.421875
14:24:08,91282CLD1,TSRYS5850288,D,S,D,2024-08-27,1000000.00,3.724544,102.421875
14:24:09,91282CLD1,TSRYS5850288,D,S,C,2024-08-27,1000000.00,3.724544,102.421875
14:24:09,91282CLD1,TSRYS5850288,D,S,D,2024-08-27,1000000.00,3.724544,102.421875
14:24:09,91282CLD1,TSRYS5850288,D,S,T,2024-08-27,1000000.00,3.724544,102.421875
14:24:09,91282CLD1,TSRYS5850288,D,S,T,2024-08-27,1000000.00,3.724544,102.421875
14:24:09,91282CLD1,TSRYS5850288,D,S,C,2024-08-27,1000000.00,3.724226,102.423828125
14:24:09,91282CLD1,TSRYS5850288,D,S,T,2024-08-27,1000000.00,3.724544,102.421875
14:24:09,91282CLD1,TSRYS5850288,D,S,T,2024-08-27,1000000.00,3.724544,102.421875
14:24:09,91282CLD1,TSRYS5850288,D,S,T,2024-08-27,1000000.00,3.723908,102.42578125
14:24:10,91282CLD1,TSRYS5850288,D,S,T,2024-08-27,1000000.00,3.724544,102.421875
14:24:10,91282CLD1,TSRYS5850288,D,S,T,2024-08-27,1000000.00,3.724544,102.421875
14:24:10,91282CLD1,TSRYS5850288,D,S,T,2024-08-27,1000000.00,3.724544,102.421875
14:24:10,91282CLD1,TSRYS5850288,D,S,T,2024-08-27,1000000.00,3.724544,102.421875
14:24:10,91282CLD1,TSRYS5850288,D,S,T,2024-08-27,1000000.00,3.724544,102.421875
14:24:10,91282CLD1,TSRYS5850288,D,S,C,2024-08-27,1000000.00,3.723908,102.42578125
14:24:10,91282CLD1,TSRYS5850288,D,S,T,2024-08-27,1000000.00,3.724544,102.421875
14:24:11,91282CLD1,TSRYS5850288,D,S,D,2024-08-27,1000000.00,3.725816,102.4140625
14:24:11,91282CLD1,TSRYS5850288,D,B,C,2024-08-27,1000000.00,3.725841,102.4139125
14:24:11,91282CLD1,TSRYS5850288,D,S,D,2024-08-27,1000000.00,3.725816,102.4140625
14:24:11,91282CLD1,TSRYS5850288,D,S,D,2024-08-27,1000000.00,3.724544,102.421875
14:24:11,91282CLD1,TSRYS5850288,D,B,C,2024-08-27,1000000.00,3.724544,102.421875
14:24:11,91282CLD1,TSRYS5850288,D,S,D,2024-08-27,2000000.00,3.724544,102.421875
14:24:11,91282CLD1,TSRYS5850288,D,B,C,2024-08-27,2000000.00,3.724568,102.421725
14:24:11,91282CLD1,TSRYS5850288,D,S,D,2024-08-27,1000000.00,3.724544,102.421875
14:24:11,91282CLD1,TSRYS5850288,D,B,C,2024-08-27,1000000.00,3.724544,102.421875
14:24:11,91282CLD1,TSRYS5850288,D,B,C,2024-08-27,1000000.00,3.724568,102.421725
14:24:11,91282CLD1,TSRYS5850288,D,B,C,2024-08-27,1000000.00,3.724544,102.421875
14:24:11,91282CLD1,TSRYS5850288,D,S,D,2024-08-27,1000000.00,3.724544,102.421875
14:24:11,91282CLD1,TSRYS5850288,D,S,D,2024-08-27,1000000.00,3.724544,102.421875
14:24:11,91282CLD1,TSRYS5850288,D,B,C,2024-08-27,1000000.00,3.724544,102.421875
14:24:11,91282CLD1,TSRYS5850288,D,S,D,2024-08-27,1000000.00,3.724544,102.421875
14:24:11,91282CLD1,TSRYS5850288,D,B,C,2024-08-27,2000000.00,3.724576,102.421675
14:24:12,91282CLD1,TSRYS5850288,D,B,C,2024-08-27,1000000.00,3.724576,102.421675
14:24:12,91282CLD1,TSRYS5850288,D,B,C,2024-08-27,1000000.00,3.724576,102.421675
14:24:12,91282CLD1,TSRYS5850288,D,S,D,2024-08-27,1000000.00,3.724544,102.421875
14:24:12,91282CLD1,TSRYS5850288,D,S,C,2024-08-27,2000000.00,3.724544,102.421875
14:24:12,91282CLD1,TSRYS5850288,D,S,C,2024-08-27,1000000.00,3.724544,102.421875
14:24:12,91282CLD1,TSRYS5850288,D,S,D,2024-08-27,1000000.00,3.724544,102.421875
14:24:12,91282CLD1,TSRYS5850288,D,S,D,2024-08-27,1000000.00,3.724544,102.421875
14:24:12,91282CLD1,TSRYS5850288,D,B,C,2024-08-27,1000000.00,3.724544,102.421875
14:24:12,91282CLD1,TSRYS5850288,D,B,C,2024-08-27,1000000.00,3.724544,102.421875
14:24:12,91282CLD1,TSRYS5850288,D,B,C,2024-08-27,1000000.00,3.724568,102.421725
14:24:12,91282CLD1,TSRYS5850288,D,S,D,2024-08-27,1000000.00,3.724544,102.421875
14:24:12,91282CLD1,TSRYS5850288,D,S,D,2024-08-27,1000000.00,3.724544,102.421875
14:24:13,91282CLD1,TSRYS5850288,D,S,D,2024-08-27,1000000.00,3.724544,102.421875
14:24:13,91282CLD1,TSRYS5850288,D,S,C,2024-08-27,1000000.00,3.724226,102.423828125
14:24:13,91282CLD1,TSRYS5850288,D,S,C,2024-08-27,1000000.00,3.724226,102.423828125
14:24:13,91282CLD1,TSRYS5850288,D,S,D,2024-08-27,1000000.00,3.723589,102.427734375
14:24:13,91282CLD1,TSRYS5850288,D,S,C,2024-08-27,1000000.00,3.723589,102.427734375
14:24:13,91282CLD1,TSRYS5850288,D,S,D,2024-08-27,1000000.00,3.723589,102.427734375
14:24:14,91282CLD1,TSRYS5850288,D,S,C,2024-08-27,1000000.00,3.723589,102.427734375
14:24:27,91282CLD1,TSRYS5850288,D,S,D,2024-08-27,1000000.00,3.724544,102.421875
14:24:27,91282CLD1,TSRYS5850288,D,S,C,2024-08-27,1000000.00,3.724519,102.422025
14:24:27,91282CLD1,TSRYS5850288,D,S,C,2024-08-27,1000000.00,3.724519,102.422025
14:24:27,91282CLD1,TSRYS5850288,D,S,C,2024-08-27,1000000.00,3.724519,102.422025
14:24:27,91282CLD1,TSRYS5850288,D,S,C,2024-08-27,1000000.00,3.724519,102.422025
14:24:27,91282CLD1,TSRYS5850288,D,B,C,2024-08-27,1000000.00,3.724544,102.421875
14:24:27,91282CLD1,TSRYS5850288,D,B,C,2024-08-27,1000000.00,3.724544,102.421875
14:24:27,91282CLD1,TSRYS5850288,D,S,D,2024-08-27,1000000.00,3.724544,102.421875
14:24:27,91282CLD1,TSRYS5850288,D,S,D,2024-08-27,1000000.00,3.724544,102.421875
14:24:29,91282CLD1,TSRYS5850288,D,B,C,2024-08-27,8338000.00,3.737131,102.34375
14:24:30,91282CLD1,TSRYS5850288,D,S,D,2024-08-27,1000000.00,3.724544,102.421875
14:24:42,91282CLD1,TSRYS5850288,D,S,C,2024-08-27,6000000.00,3.732235,102.37467
14:24:42,91282CLD1,TSRYS5850288,D,S,C,2024-08-27,18000000.00,3.732235,102.37467
14:24:44,91282CLD1,TSRYS5850288,D,S,D,2024-08-27,1000000.00,3.723589,102.427734375
14:24:44,91282CLD1,TSRYS5850288,D,S,C,2024-08-27,1000000.00,3.723589,102.427734375
14:24:51,91282CLD1,TSRYS5850288,D,S,T,2024-08-27,1000000.00,3.724565,102.421745
14:24:51,91282CLD1,TSRYS5850288,D,S,T,2024-08-27,1000000.00,3.724226,102.423828125
14:24:51,91282CLD1,TSRYS5850288,D,S,C,2024-08-27,1000000.00,3.724226,102.423828125
14:24:54,91282CLD1,TSRYS5850288,D,S,C,2024-08-27,1000000.00,3.724527,102.421975
14:24:54,91282CLD1,TSRYS5850288,D,S,D,2024-08-27,1000000.00,3.724544,102.421875
14:24:54,91282CLD1,TSRYS5850288,D,S,D,2024-08-27,1000000.00,3.724544,102.421875
14:24:54,91282CLD1,TSRYS5850288,D,S,T,2024-08-27,1000000.00,3.724226,102.423828125
14:24:55,91282CLD1,TSRYS5850288,D,S,T,2024-08-27,1000000.00,3.724226,102.423828125
14:24:55,91282CLD1,TSRYS5850288,D,S,T,2024-08-27,1000000.00,3.724226,102.423828125
14:24:55,91282CLD1,TSRYS5850288,D,S,C,2024-08-27,1000000.00,3.724226,102.423828125
14:24:55,91282CLD1,TSRYS5850288,D,S,C,2024-08-27,1000000.00,3.724544,102.421875
14:24:55,91282CLD1,TSRYS5850288,D,S,D,2024-08-27,1000000.00,3.724544,102.421875
14:24:56,91282CLD1,TSRYS5850288,D,S,D,2024-08-27,1000000.00,3.724544,102.421875
14:24:56,91282CLD1,TSRYS5850288,D,S,D,2024-08-27,1000000.00,3.724544,102.421875
14:24:59,91282CLD1,TSRYS5850288,D,S,C,2024-08-27,1000000.00,3.724226,102.423828125
14:25:00,91282CLD1,TSRYS5850288,D,S,C,2024-08-27,1000000.00,3.724226,102.423828125
14:25:22,91282CLD1,TSRYS5850288,D,S,D,2024-08-27,1000000.00,3.722317,102.435546875
14:25:24,91282CLD1,TSRYS5850288,D,S,T,2024-08-27,1000000.00,3.723271,102.4296875
14:25:24,91282CLD1,TSRYS5850288,D,S,T,2024-08-27,1000000.00,3.722317,102.435546875
14:25:27,91282CLD1,TSRYS5850288,D,S,D,2024-08-27,1000000.00,3.721999,102.4375
14:25:27,91282CLD1,TSRYS5850288,D,B,C,2024-08-27,1000000.00,3.721999,102.4375
14:25:27,91282CLD1,TSRYS5850288,D,S,D,2024-08-27,1000000.00,3.721999,102.4375
14:25:27,91282CLD1,TSRYS5850288,D,B,C,2024-08-27,1000000.00,3.721999,102.4375
14:25:39,91282CLD1,TSRYS5850288,D,S,D,2024-08-27,1000000.00,3.724544,102.421875
14:25:39,91282CLD1,TSRYS5850288,D,B,C,2024-08-27,1000000.00,3.724593,102.421575
14:25:39,91282CLD1,TSRYS5850288,D,S,D,2024-08-27,1000000.00,3.724544,102.421875
14:25:41,91282CLD1,TSRYS5850288,D,S,T,2024-08-27,1000000.00,3.720727,102.4453125
14:26:03,91282CLD1,TSRYS5850288,D,S,D,2024-08-27,1000000.00,3.720409,102.447265625
14:26:03,91282CLD1,TSRYS5850288,D,S,C,2024-08-27,1000000.00,3.720409,102.447265625
14:26:10,91282CLD1,TSRYS5850288,D,S,C,2024-08-27,1000000.00,3.720409,102.447265625
14:26:11,91282CLD1,TSRYS5850288,D,B,C,2024-08-27,1000000.00,3.720409,102.447265625
14:26:11,91282CLD1,TSRYS5850288,D,S,D,2024-08-27,1000000.00,3.720409,102.447265625
14:26:19,91282CLD1,TSRYS5850288,D,S,D,2024-08-27,2000000.00,3.720727,102.4453125
14:26:22,91282CLD1,TSRYS5850288,D,B,C,2024-08-27,10000000.00,3.720727,102.4453125
14:26:25,91282CLD1,TSRYS5850288,D,S,D,2024-08-27,1000000.00,3.720727,102.4453125
14:26:32,91282CLD1,TSRYS5850288,D,S,C,2024-08-27,4750000.00,3.8344,101.75
14:26:40,91282CLD1,TSRYS5850288,D,S,D,2024-08-27,1000000.00,3.720727,102.4453125
14:26:40,91282CLD1,TSRYS5850288,D,B,C,2024-08-27,1000000.00,3.720743,102.4452125
14:26:41,91282CLD1,TSRYS5850288,D,S,C,2024-08-27,9500000.00,3.8344,101.75
14:26:52,91282CLD1,TSRYS5850288,D,S,C,2024-08-27,120000.00,3.720091,102.44921875
14:26:52,91282CLD1,TSRYS5850288,D,S,D,2024-08-27,120000.00,3.720091,102.44921875
14:26:56,91282CLD1,TSRYS5850288,D,S,D,2024-08-27,1000000.00,3.721999,102.4375
14:27:00,91282CLD1,TSRYS5850288,D,S,D,2024-08-27,1000000.00,3.721045,102.443359375
14:27:01,91282CLD1,TSRYS5850288,D,B,C,2024-08-27,1000000.00,3.721045,102.443359375
14:27:08,91282CLD1,TSRYS5850288,D,S,D,2024-08-27,244000.00,3.721363,102.44140625
14:27:09,91282CLD1,TSRYS5850288,D,S,C,2024-08-27,1000000.00,3.720702,102.4454625
14:27:09,91282CLD1,TSRYS5850288,D,B,C,2024-08-27,1000000.00,3.720776,102.4450125
14:27:09,91282CLD1,TSRYS5850288,D,B,C,2024-08-27,1000000.00,3.720743,102.4452125
14:27:09,91282CLD1,TSRYS5850288,D,S,C,2024-08-27,1000000.00,3.720702,102.4454625
14:27:12,91282CLD1,TSRYS5850288,D,S,C,2024-08-27,14250000.00,3.8344,101.75
14:27:20,91282CLD1,TSRYS5850288,D,S,T,2024-08-27,1000000.00,3.721045,102.443359375
14:27:20,91282CLD1,TSRYS5850288,D,S,D,2024-08-27,1000000.00,3.721045,102.443359375
14:27:20,91282CLD1,TSRYS5850288,D,S,C,2024-08-27,1000000.00,3.721045,102.443359375
14:27:20,91282CLD1,TSRYS5850288,D,S,C,2024-08-27,1000000.00,3.721045,102.443359375
14:27:25,91282CLD1,TSRYS5850288,D,S,T,2024-08-27,1000000.00,3.721045,102.443359375
14:27:25,91282CLD1,TSRYS5850288,D,S,C,2024-08-27,1000000.00,3.721045,102.443359375
14:27:30,91282CLD1,TSRYS5850288,D,S,T,2024-08-27,1000000.00,3.721045,102.443359375
14:27:31,91282CLD1,TSRYS5850288,D,S,C,2024-08-27,1000000.00,3.721045,102.443359375
14:27:33,91282CLD1,TSRYS5850288,D,S,D,2024-08-27,1000000.00,3.723271,102.4296875
14:27:34,91282CLD1,TSRYS5850288,D,S,T,2024-08-27,1000000.00,3.721045,102.443359375
14:27:34,91282CLD1,TSRYS5850288,D,S,T,2024-08-27,1000000.00,3.721045,102.443359375
14:27:34,91282CLD1,TSRYS5850288,D,S,C,2024-08-27,1000000.00,3.721045,102.443359375
14:27:35,91282CLD1,TSRYS5850288,D,S,T,2024-08-27,1000000.00,3.720727,102.4453125
14:27:35,91282CLD1,TSRYS5850288,D,S,T,2024-08-27,1000000.00,3.720727,102.4453125
14:27:38,91282CLD1,TSRYS5850288,D,S,C,2024-08-27,1000000.00,3.721045,102.443359375
14:27:46,91282CLD1,TSRYS5850288,D,B,C,2024-08-27,4730000.00,3.720727,102.4453125
14:27:57,91282CLD1,TSRYS5850288,D,S,D,2024-08-27,1000000.00,3.720727,102.4453125
14:27:57,91282CLD1,TSRYS5850288,D,B,C,2024-08-27,1000000.00,3.720776,102.4450125
14:28:06,91282CLD1,TSRYS5850288,D,S,T,2024-08-27,1000000.00,3.721999,102.4375
14:28:12,91282CLD1,TSRYS5850288,D,S,C,2024-08-27,1000000.00,3.720702,102.4454625
14:28:19,91282CLD1,TSRYS5850288,D,S,T,2024-08-27,1000000.00,3.724544,102.421875
14:28:26,91282CLD1,TSRYS5850288,D,S,D,2024-08-27,1000000.00,3.722953,102.431640625
14:28:26,91282CLD1,TSRYS5850288,D,S,D,2024-08-27,1000000.00,3.722953,102.431640625
14:28:26,91282CLD1,TSRYS5850288,D,S,D,2024-08-27,1000000.00,3.723271,102.4296875
14:28:27,91282CLD1,TSRYS5850288,D,S,D,2024-08-27,1000000.00,3.723271,102.4296875
14:28:27,91282CLD1,TSRYS5850288,D,S,C,2024-08-27,1000000.00,3.720702,102.4454625
14:28:27,91282CLD1,TSRYS5850288,D,B,C,2024-08-27,1000000.00,3.720727,102.4453125
14:28:27,91282CLD1,TSRYS5850288,D,S,C,2024-08-27,1000000.00,3.720702,102.4454625
14:28:27,91282CLD1,TSRYS5850288,D,S,C,2024-08-27,1000000.00,3.723271,102.4296875
14:28:27,91282CLD1,TSRYS5850288,D,S,C,2024-08-27,1000000.00,3.723271,102.4296875
14:28:27,91282CLD1,TSRYS5850288,D,S,D,2024-08-27,1000000.00,3.722953,102.431640625
14:28:27,91282CLD1,TSRYS5850288,D,S,D,2024-08-27,1000000.00,3.722953,102.431640625
14:28:31,91282CLD1,TSRYS5850288,D,S,T,2024-08-27,1000000.00,3.723271,102.4296875
14:28:31,91282CLD1,TSRYS5850288,D,S,T,2024-08-27,1000000.00,3.723271,102.4296875
14:28:31,91282CLD1,TSRYS5850288,D,S,T,2024-08-27,1000000.00,3.722953,102.431640625
14:28:31,91282CLD1,TSRYS5850288,D,S,T,2024-08-27,1000000.00,3.722953,102.431640625
14:28:37,91282CLD1,TSRYS5850288,D,S,T,2024-08-27,1000000.00,3.723271,102.4296875
14:28:37,91282CLD1,TSRYS5850288,D,S,T,2024-08-27,1000000.00,3.722953,102.431640625
14:28:37,91282CLD1,TSRYS5850288,D,S,T,2024-08-27,1000000.00,3.723271,102.4296875
14:28:37,91282CLD1,TSRYS5850288,D,S,T,2024-08-27,1000000.00,3.722953,102.431640625
14:28:38,91282CLD1,TSRYS5850288,D,S,T,2024-08-27,1000000.00,3.722953,102.431640625
14:28:38,91282CLD1,TSRYS5850288,D,S,C,2024-08-27,1000000.00,3.722953,102.431640625
14:28:40,91282CLD1,TSRYS5850288,D,S,D,2024-08-27,1000000.00,3.722953,102.431640625
14:28:41,91282CLD1,TSRYS5850288,D,S,D,2024-08-27,1000000.00,3.722953,102.431640625
14:28:41,91282CLD1,TSRYS5850288,D,S,C,2024-08-27,1000000.00,3.722953,102.431640625
14:28:41,91282CLD1,TSRYS5850288,D,S,T,2024-08-27,1000000.00,3.722953,102.431640625
14:28:41,91282CLD1,TSRYS5850288,D,S,C,2024-08-27,1000000.00,3.722953,102.431640625
14:28:41,91282CLD1,TSRYS5850288,D,S,T,2024-08-27,1000000.00,3.722953,102.431640625
14:28:42,91282CLD1,TSRYS5850288,D,S,D,2024-08-27,1000000.00,3.721999,102.4375
14:28:42,91282CLD1,TSRYS5850288,D,S,C,2024-08-27,1000000.00,3.722953,102.431640625
14:28:43,91282CLD1,TSRYS5850288,D,S,C,2024-08-27,1000000.00,3.722953,102.431640625
14:28:48,91282CLD1,TSRYS5850288,D,S,T,2024-08-27,1000000.00,3.722635,102.43359375
14:28:49,91282CLD1,TSRYS5850288,D,S,C,2024-08-27,1000000.00,3.722635,102.43359375
14:29:19,91282CLD1,TSRYS5850288,D,S,D,2024-08-27,1000000.00,3.722953,102.431640625
14:29:19,91282CLD1,TSRYS5850288,D,S,C,2024-08-27,1000000.00,3.722953,102.431640625
14:29:29,91282CLD1,TSRYS5850288,D,S,D,2024-08-27,25000000.00,3.729919,102.38888
14:29:43,91282CLD1,TSRYS5850288,D,S,T,2024-08-27,1000000.00,3.723293,102.4295575
14:29:51,91282CLD1,TSRYS5850288,D,S,D,2024-08-27,1000000.00,3.722635,102.43359375
14:29:51,91282CLD1,TSRYS5850288,D,S,C,2024-08-27,1000000.00,3.722635,102.43359375
14:29:51,91282CLD1,TSRYS5850288,D,S,D,2024-08-27,1000000.00,3.722635,102.43359375
14:29:52,91282CLD1,TSRYS5850288,D,S,D,2024-08-27,1000000.00,3.722635,102.43359375
14:29:53,91282CLD1,TSRYS5850288,D,S,T,2024-08-27,1000000.00,3.722635,102.43359375
14:29:53,91282CLD1,TSRYS5850288,D,S,T,2024-08-27,1000000.00,3.722635,102.43359375
14:29:59,91282CLD1,TSRYS5850288,D,S,T,2024-08-27,1000000.00,3.723293,102.4295575
14:30:12,91282CLD1,TSRYS5850288,D,S,D,2024-08-27,1000000.00,3.723271,102.4296875
14:30:13,91282CLD1,TSRYS5850288,D,S,T,2024-08-27,1000000.00,3.727089,102.40625
14:30:42,91282CLD1,TSRYS5850288,D,S,D,2024-08-27,1000000.00,3.723271,102.4296875
14:30:46,91282CLD1,TSRYS5850288,D,B,C,2024-08-27,147600000.00,3.8344,101.75
14:32:02,91282CLD1,TSRYS5850288,D,S,D,2024-08-27,1000000.00,3.724544,102.421875
14:32:02,91282CLD1,TSRYS5850288,D,B,C,2024-08-27,1000000.00,3.724544,102.421875
14:32:03,91282CLD1,TSRYS5850288,D,S,T,2024-08-27,1000000.00,3.724544,102.421875
14:32:03,91282CLD1,TSRYS5850288,D,S,T,2024-08-27,1000000.00,3.724544,102.421875
14:32:26,91282CLD1,TSRYS5850288,D,B,C,2024-08-27,10000000.00,3.723271,102.4296875
14:32:44,91282CLD1,TSRYS5850288,D,B,C,2024-08-27,1000000.00,3.724544,102.421875
14:32:44,91282CLD1,TSRYS5850288,D,S,D,2024-08-27,1000000.00,3.724544,102.421875
14:32:44,91282CLD1,TSRYS5850288,D,S,D,2024-08-27,1000000.00,3.724544,102.421875
14:32:44,91282CLD1,TSRYS5850288,D,B,C,2024-08-27,1000000.00,3.724544,102.421875
14:32:59,91282CLD1,TSRYS5850288,D,S,C,2024-08-27,1000000.00,3.724519,102.422025
14:32:59,91282CLD1,TSRYS5850288,D,S,D,2024-08-27,1000000.00,3.724544,102.421875
14:32:59,91282CLD1,TSRYS5850288,D,S,D,2024-08-27,1000000.00,3.724544,102.421875
14:32:59,91282CLD1,TSRYS5850288,D,B,C,2024-08-27,1000000.00,3.724544,102.421875
14:33:06,91282CLD1,TSRYS5850288,D,S,C,2024-08-27,183000.00,3.724511,102.422075
14:33:35,91282CLD1,TSRYS5850288,D,S,D,2024-08-27,1000000.00,3.724226,102.423828125
14:33:35,91282CLD1,TSRYS5850288,D,B,C,2024-08-27,1000000.00,3.724226,102.423828125
14:33:52,91282CLD1,TSRYS5850288,D,S,C,2024-08-27,1000000.00,3.723589,102.427734375
14:33:52,91282CLD1,TSRYS5850288,D,S,D,2024-08-27,1000000.00,3.723589,102.427734375
14:33:52,91282CLD1,TSRYS5850288,D,S,D,2024-08-27,1000000.00,3.723589,102.427734375
14:33:58,91282CLD1,TSRYS5850288,D,S,A,2024-08-27,4800000.00,3.721999,102.4375
14:33:58,91282CLD1,TSRYS5850288,D,S,A,2024-08-27,4800000.00,3.721999,102.4375
14:34:01,91282CLD1,TSRYS5850288,D,S,C,2024-08-27,1000000.00,3.723271,102.4296875
14:34:02,91282CLD1,TSRYS5850288,D,S,D,2024-08-27,1000000.00,3.723271,102.4296875
14:34:02,91282CLD1,TSRYS5850288,D,S,C,2024-08-27,1000000.00,3.723271,102.4296875
14:34:21,91282CLD1,TSRYS5850288,D,S,A,2024-08-27,310000.00,3.722635,102.43359375
14:36:38,91282CLD1,TSRYS5850288,D,S,T,2024-08-27,1000000.00,3.724226,102.423828125
14:36:38,91282CLD1,TSRYS5850288,D,S,T,2024-08-27,1000000.00,3.724544,102.421875
14:36:38,91282CLD1,TSRYS5850288,D,S,D,2024-08-27,1000000.00,3.725498,102.416015625
14:36:38,91282CLD1,TSRYS5850288,D,S,D,2024-08-27,1000000.00,3.725498,102.416015625
14:36:38,91282CLD1,TSRYS5850288,D,S,C,2024-08-27,1000000.00,3.724226,102.423828125
14:36:38,91282CLD1,TSRYS5850288,D,S,D,2024-08-27,1000000.00,3.724226,102.423828125
14:36:38,91282CLD1,TSRYS5850288,D,B,C,2024-08-27,1000000.00,3.724226,102.423828125
14:36:43,91282CLD1,TSRYS5850288,D,S,C,2024-08-27,1000000.00,3.724544,102.421875
14:36:43,91282CLD1,TSRYS5850288,D,B,C,2024-08-27,1000000.00,3.724544,102.421875
14:36:43,91282CLD1,TSRYS5850288,D,S,D,2024-08-27,2000000.00,3.724544,102.421875
14:36:43,91282CLD1,TSRYS5850288,D,B,C,2024-08-27,2000000.00,3.724544,102.421875
14:36:44,91282CLD1,TSRYS5850288,D,S,T,2024-08-27,1000000.00,3.724544,102.421875
14:36:44,91282CLD1,TSRYS5850288,D,S,D,2024-08-27,1000000.00,3.724544,102.421875
14:36:44,91282CLD1,TSRYS5850288,D,S,T,2024-08-27,7000000.00,3.724544,102.421875
14:36:44,91282CLD1,TSRYS5850288,D,S,T,2024-08-27,1000000.00,3.724544,102.421875
14:36:44,91282CLD1,TSRYS5850288,D,S,T,2024-08-27,1000000.00,3.724544,102.421875
14:36:49,91282CLD1,TSRYS5850288,D,S,D,2024-08-27,7000000.00,3.724544,102.421875
14:36:49,91282CLD1,TSRYS5850288,D,S,D,2024-08-27,2000000.00,3.724544,102.421875
14:37:01,91282CLD1,TSRYS5850288,D,B,C,2024-08-27,1000000.00,3.725514,102.415915625
14:37:01,91282CLD1,TSRYS5850288,D,S,D,2024-08-27,1000000.00,3.725498,102.416015625
14:37:02,91282CLD1,TSRYS5850288,D,S,T,2024-08-27,1000000.00,3.725816,102.4140625
14:37:03,91282CLD1,TSRYS5850288,D,B,C,2024-08-27,1000000.00,3.724544,102.421875
14:37:09,91282CLD1,TSRYS5850288,D,S,D,2024-08-27,1000000.00,3.725816,102.4140625
14:37:12,91282CLD1,TSRYS5850288,D,B,C,2024-08-27,1000000.00,3.724544,102.421875
14:37:12,91282CLD1,TSRYS5850288,D,S,C,2024-08-27,1000000.00,3.724544,102.421875
14:37:12,91282CLD1,TSRYS5850288,D,S,D,2024-08-27,1000000.00,3.724544,102.421875
14:37:12,91282CLD1,TSRYS5850288,D,S,D,2024-08-27,1000000.00,3.724544,102.421875
14:37:12,91282CLD1,TSRYS5850288,D,B,C,2024-08-27,1000000.00,3.724544,102.421875
14:37:12,91282CLD1,TSRYS5850288,D,S,C,2024-08-27,1000000.00,3.724519,102.422025
14:37:12,91282CLD1,TSRYS5850288,D,S,D,2024-08-27,7000000.00,3.724544,102.421875
14:37:12,91282CLD1,TSRYS5850288,D,S,D,2024-08-27,1000000.00,3.724544,102.421875
14:37:12,91282CLD1,TSRYS5850288,D,S,D,2024-08-27,1000000.00,3.724519,102.422025
14:37:25,91282CLD1,TSRYS5850288,D,S,T,2024-08-27,1000000.00,3.723271,102.4296875
14:37:25,91282CLD1,TSRYS5850288,D,S,T,2024-08-27,1000000.00,3.723271,102.4296875
14:37:25,91282CLD1,TSRYS5850288,D,S,T,2024-08-27,1000000.00,3.723271,102.4296875
14:37:27,91282CLD1,TSRYS5850288,D,B,C,2024-08-27,1000000.00,3.725498,102.416015625
14:37:27,91282CLD1,TSRYS5850288,D,S,D,2024-08-27,1000000.00,3.725498,102.416015625
14:37:27,91282CLD1,TSRYS5850288,D,S,D,2024-08-27,1000000.00,3.725498,102.416015625
14:37:27,91282CLD1,TSRYS5850288,D,B,C,2024-08-27,1000000.00,3.725816,102.4140625
14:37:27,91282CLD1,TSRYS5850288,D,S,C,2024-08-27,1000000.00,3.725816,102.4140625
14:37:27,91282CLD1,TSRYS5850288,D,S,C,2024-08-27,1000000.00,3.725792,102.4142125
14:37:27,91282CLD1,TSRYS5850288,D,B,C,2024-08-27,1000000.00,3.725816,102.4140625
14:37:30,91282CLD1,TSRYS5850288,D,S,T,2024-08-27,1000000.00,3.725816,102.4140625
14:37:30,91282CLD1,TSRYS5850288,D,S,T,2024-08-27,1000000.00,3.725816,102.4140625
14:37:34,91282CLD1,TSRYS5850288,D,S,D,2024-08-27,6000000.00,3.725816,102.4140625
14:37:34,91282CLD1,TSRYS5850288,D,B,C,2024-08-27,9000000.00,3.725816,102.4140625
14:37:34,91282CLD1,TSRYS5850288,D,S,D,2024-08-27,1000000.00,3.725816,102.4140625
14:37:37,91282CLD1,TSRYS5850288,D,B,C,2024-08-27,1000000.00,3.725498,102.41601562
14:37:37,91282CLD1,TSRYS5850288,D,B,C,2024-08-27,1000000.00,3.725498,102.41601562
14:37:37,91282CLD1,TSRYS5850288,D,B,C,2024-08-27,1000000.00,3.725498,102.41601562
14:37:37,91282CLD1,TSRYS5850288,D,B,C,2024-08-27,1000000.00,3.725498,102.41601562
14:37:37,91282CLD1,TSRYS5850288,D,B,C,2024-08-27,1000000.00,3.725498,102.41601562
14:37:37,91282CLD1,TSRYS5850288,D,B,C,2024-08-27,1000000.00,3.725498,102.41601562
14:37:37,91282CLD1,TSRYS5850288,D,B,C,2024-08-27,1000000.00,3.725498,102.41601562
14:37:39,91282CLD1,TSRYS5850288,D,B,C,2024-08-27,1000000.00,3.725498,102.41601562
14:37:39,91282CLD1,TSRYS5850288,D,B,C,2024-08-27,1000000.00,3.725498,102.41601562
14:37:39,91282CLD1,TSRYS5850288,D,S,D,2024-08-27,1000000.00,3.725816,102.4140625
14:37:39,91282CLD1,TSRYS5850288,D,S,D,2024-08-27,1000000.00,3.725816,102.4140625
14:37:39,91282CLD1,TSRYS5850288,D,S,D,2024-08-27,1000000.00,3.725816,102.4140625
14:37:40,91282CLD1,TSRYS5850288,D,B,C,2024-08-27,1000000.00,3.725498,102.41601562
14:37:40,91282CLD1,TSRYS5850288,D,B,C,2024-08-27,1000000.00,3.725498,102.41601562
14:37:41,91282CLD1,TSRYS5850288,D,S,T,2024-08-27,1000000.00,3.725816,102.4140625
14:37:41,91282CLD1,TSRYS5850288,D,B,C,2024-08-27,1000000.00,3.725498,102.41601562
14:37:41,91282CLD1,TSRYS5850288,D,B,C,2024-08-27,1000000.00,3.725498,102.41601562
14:37:43,91282CLD1,TSRYS5850288,D,B,C,2024-08-27,1000000.00,3.725498,102.41601562
14:37:44,91282CLD1,TSRYS5850288,D,S,T,2024-08-27,1000000.00,3.725816,102.4140625
14:37:44,91282CLD1,TSRYS5850288,D,S,T,2024-08-27,4000000.00,3.725816,102.4140625
14:37:44,91282CLD1,TSRYS5850288,D,S,T,2024-08-27,4000000.00,3.725816,102.4140625
14:37:45,91282CLD1,TSRYS5850288,D,S,D,2024-08-27,1000000.00,3.725816,102.4140625
14:37:49,91282CLD1,TSRYS5850288,D,S,D,2024-08-27,1000000.00,3.725816,102.4140625
14:37:49,91282CLD1,TSRYS5850288,D,S,D,2024-08-27,4000000.00,3.725816,102.4140625
14:37:49,91282CLD1,TSRYS5850288,D,S,D,2024-08-27,1000000.00,3.725816,102.4140625
14:37:54,91282CLD1,TSRYS5850288,D,S,D,2024-08-27,4000000.00,3.725816,102.4140625
14:37:58,91282CLD1,TSRYS5850288,D,S,D,2024-08-27,1000000.00,3.725498,102.416015625
14:37:58,91282CLD1,TSRYS5850288,D,S,C,2024-08-27,1000000.00,3.725498,102.416015625
14:38:16,91282CLD1,TSRYS5850288,D,B,C,2024-08-27,6000000.00,3.725849,102.4138625
14:38:16,91282CLD1,TSRYS5850288,D,B,C,2024-08-27,1000000.00,3.725849,102.4138625
14:38:16,91282CLD1,TSRYS5850288,D,S,D,2024-08-27,6000000.00,3.725816,102.4140625
14:38:16,91282CLD1,TSRYS5850288,D,S,D,2024-08-27,1000000.00,3.725816,102.4140625
14:38:16,91282CLD1,TSRYS5850288,D,S,D,2024-08-27,1000000.00,3.725816,102.4140625
14:38:16,91282CLD1,TSRYS5850288,D,S,D,2024-08-27,1000000.00,3.725816,102.4140625
14:38:16,91282CLD1,TSRYS5850288,D,B,C,2024-08-27,1000000.00,3.725865,102.4137625
14:38:16,91282CLD1,TSRYS5850288,D,S,C,2024-08-27,1000000.00,3.725816,102.4140625
14:38:31,91282CLD1,TSRYS5850288,D,S,D,2024-08-27,4000000.00,3.725816,102.4140625
14:38:31,91282CLD1,TSRYS5850288,D,S,D,2024-08-27,4000000.00,3.725816,102.4140625
14:38:51,91282CLD1,TSRYS5850288,D,B,C,2024-08-27,12100000.00,3.725849,102.4138625
14:38:51,91282CLD1,TSRYS5850288,D,S,A,2024-08-27,12100000.00,3.725849,102.4138625
14:39:27,91282CLD1,TSRYS5850288,D,S,T,2024-08-27,2000000.00,3.726453,102.41015625
14:39:32,91282CLD1,TSRYS5850288,D,S,D,2024-08-27,2000000.00,3.726453,102.41015625
14:39:38,91282CLD1,TSRYS5850288,D,S,D,2024-08-27,1000000.00,3.727089,102.40625
14:39:38,91282CLD1,TSRYS5850288,D,S,D,2024-08-27,3000000.00,3.726771,102.408203125
14:39:43,91282CLD1,TSRYS5850288,D,S,D,2024-08-27,1000000.00,3.727089,102.40625
14:39:43,91282CLD1,TSRYS5850288,D,B,C,2024-08-27,1000000.00,3.727089,102.40625
14:39:43,91282CLD1,TSRYS5850288,D,S,D,2024-08-27,1000000.00,3.727089,102.40625
14:39:44,91282CLD1,TSRYS5850288,D,S,T,2024-08-27,1000000.00,3.727089,102.40625
14:39:44,91282CLD1,TSRYS5850288,D,S,T,2024-08-27,1000000.00,3.727089,102.40625
14:39:45,91282CLD1,TSRYS5850288,D,S,T,2024-08-27,2000000.00,3.726771,102.408203125
14:39:47,91282CLD1,TSRYS5850288,D,S,T,2024-08-27,1000000.00,3.726771,102.408203125
14:40:04,91282CLD1,TSRYS5850288,D,S,T,2024-08-27,1000000.00,3.725816,102.4140625
14:40:09,91282CLD1,TSRYS5850288,D,B,C,2024-08-27,1000000.00,3.726135,102.412109375
14:40:09,91282CLD1,TSRYS5850288,D,S,D,2024-08-27,1000000.00,3.726135,102.412109375
14:40:09,91282CLD1,TSRYS5850288,D,B,C,2024-08-27,1000000.00,3.726135,102.412109375
14:40:09,91282CLD1,TSRYS5850288,D,S,D,2024-08-27,1000000.00,3.726135,102.412109375
14:40:10,91282CLD1,TSRYS5850288,D,S,T,2024-08-27,1000000.00,3.725816,102.4140625
14:40:12,91282CLD1,TSRYS5850288,D,S,T,2024-08-27,1000000.00,3.721999,102.4375
14:40:15,91282CLD1,TSRYS5850288,D,S,D,2024-08-27,1000000.00,3.726771,102.40820312
14:40:15,91282CLD1,TSRYS5850288,D,S,C,2024-08-27,1000000.00,3.726771,102.40820312
14:40:15,91282CLD1,TSRYS5850288,D,S,C,2024-08-27,2000000.00,3.726771,102.40820312
14:40:15,91282CLD1,TSRYS5850288,D,S,C,2024-08-27,2000000.00,3.726771,102.40820312
14:40:15,91282CLD1,TSRYS5850288,D,S,T,2024-08-27,1000000.00,3.724544,102.421875
14:40:15,91282CLD1,TSRYS5850288,D,S,T,2024-08-27,1000000.00,3.724544,102.421875
14:40:15,91282CLD1,TSRYS5850288,D,B,C,2024-08-27,10000000.00,3.724544,102.421875
14:40:16,91282CLD1,TSRYS5850288,D,S,D,2024-08-27,2000000.00,3.724862,102.419921875
14:40:16,91282CLD1,TSRYS5850288,D,S,D,2024-08-27,1000000.00,3.724544,102.421875
14:40:16,91282CLD1,TSRYS5850288,D,B,C,2024-08-27,1000000.00,3.727113,102.4061
14:40:16,91282CLD1,TSRYS5850288,D,S,D,2024-08-27,1000000.00,3.727089,102.40625
14:40:16,91282CLD1,TSRYS5850288,D,S,C,2024-08-27,1000000.00,3.727056,102.40645
14:40:16,91282CLD1,TSRYS5850288,D,B,C,2024-08-27,1000000.00,3.727113,102.4061
14:40:16,91282CLD1,TSRYS5850288,D,B,C,2024-08-27,1000000.00,3.724544,102.421875
14:40:16,91282CLD1,TSRYS5850288,D,S,D,2024-08-27,1000000.00,3.724544,102.421875
14:40:16,91282CLD1,TSRYS5850288,D,S,D,2024-08-27,1000000.00,3.724862,102.419921875
14:40:16,91282CLD1,TSRYS5850288,D,S,T,2024-08-27,1000000.00,3.724544,102.421875
14:40:17,91282CLD1,TSRYS5850288,D,S,D,2024-08-27,1000000.00,3.724544,102.421875
14:40:17,91282CLD1,TSRYS5850288,D,S,T,2024-08-27,1000000.00,3.724544,102.421875
14:40:17,91282CLD1,TSRYS5850288,D,S,D,2024-08-27,1000000.00,3.724544,102.421875
14:40:18,91282CLD1,TSRYS5850288,D,S,D,2024-08-27,1000000.00,3.725498,102.416015625
14:40:18,91282CLD1,TSRYS5850288,D,B,C,2024-08-27,1000000.00,3.725498,102.416015625
14:40:18,91282CLD1,TSRYS5850288,D,S,D,2024-08-27,1000000.00,3.725498,102.416015625
14:40:18,91282CLD1,TSRYS5850288,D,B,C,2024-08-27,1000000.00,3.725498,102.416015625
14:40:20,91282CLD1,TSRYS5850288,D,S,T,2024-08-27,1000000.00,3.724862,102.419921875
14:40:20,91282CLD1,TSRYS5850288,D,S,T,2024-08-27,2000000.00,3.724862,102.419921875
14:40:20,91282CLD1,TSRYS5850288,D,S,T,2024-08-27,1000000.00,3.724544,102.421875
14:40:20,91282CLD1,TSRYS5850288,D,S,T,2024-08-27,1000000.00,3.724544,102.421875
14:40:20,91282CLD1,TSRYS5850288,D,S,T,2024-08-27,1000000.00,3.724544,102.421875
14:40:20,91282CLD1,TSRYS5850288,D,S,T,2024-08-27,1000000.00,3.724544,102.421875
14:40:20,91282CLD1,TSRYS5850288,D,S,D,2024-08-27,1000000.00,3.724544,102.421875
14:40:20,91282CLD1,TSRYS5850288,D,B,C,2024-08-27,2000000.00,3.724544,102.421875
14:40:20,91282CLD1,TSRYS5850288,D,S,D,2024-08-27,2000000.00,3.724544,102.421875
14:40:22,91282CLD1,TSRYS5850288,D,S,T,2024-08-27,1000000.00,3.724544,102.421875
14:40:28,91282CLD1,TSRYS5850288,D,B,C,2024-08-27,1000000.00,3.727089,102.40625
14:40:28,91282CLD1,TSRYS5850288,D,S,D,2024-08-27,1000000.00,3.727089,102.40625
14:40:28,91282CLD1,TSRYS5850288,D,S,D,2024-08-27,1000000.00,3.727089,102.40625
14:40:28,91282CLD1,TSRYS5850288,D,B,C,2024-08-27,1000000.00,3.72713,102.406
14:40:28,91282CLD1,TSRYS5850288,D,S,D,2024-08-27,1000000.00,3.727089,102.40625
14:40:28,91282CLD1,TSRYS5850288,D,B,C,2024-08-27,1000000.00,3.727089,102.40625
14:40:29,91282CLD1,TSRYS5850288,D,S,D,2024-08-27,1000000.00,3.725816,102.4140625
14:40:46,91282CLD1,TSRYS5850288,D,S,D,2024-08-27,1000000.00,3.725816,102.4140625
14:40:47,91282CLD1,TSRYS5850288,D,S,D,2024-08-27,1000000.00,3.724544,102.421875
14:40:47,91282CLD1,TSRYS5850288,D,S,D,2024-08-27,1000000.00,3.724544,102.421875
14:40:47,91282CLD1,TSRYS5850288,D,B,C,2024-08-27,1000000.00,3.724544,102.421875
14:40:47,91282CLD1,TSRYS5850288,D,S,C,2024-08-27,1000000.00,3.724519,102.422025
14:40:59,91282CLD1,TSRYS5850288,D,S,D,2024-08-27,830000.00,3.723908,102.42578125
14:40:59,91282CLD1,TSRYS5850288,D,S,D,2024-08-27,830000.00,3.723908,102.42578125
14:41:02,91282CLD1,TSRYS5850288,D,S,D,2024-08-27,1000000.00,3.724544,102.421875
14:41:02,91282CLD1,TSRYS5850288,D,S,D,2024-08-27,1000000.00,3.724544,102.421875
14:41:02,91282CLD1,TSRYS5850288,D,S,D,2024-08-27,1000000.00,3.724544,102.421875
14:41:02,91282CLD1,TSRYS5850288,D,B,C,2024-08-27,1000000.00,3.724585,102.421625
14:41:02,91282CLD1,TSRYS5850288,D,B,C,2024-08-27,1000000.00,3.724593,102.421575
14:41:02,91282CLD1,TSRYS5850288,D,B,C,2024-08-27,1000000.00,3.724593,102.421575
14:41:02,91282CLD1,TSRYS5850288,D,S,D,2024-08-27,1000000.00,3.724544,102.421875
14:41:02,91282CLD1,TSRYS5850288,D,S,C,2024-08-27,1000000.00,3.724511,102.422075
14:41:02,91282CLD1,TSRYS5850288,D,S,C,2024-08-27,1000000.00,3.724511,102.422075
14:41:02,91282CLD1,TSRYS5850288,D,B,C,2024-08-27,1000000.00,3.724585,102.421625
14:41:02,91282CLD1,TSRYS5850288,D,S,D,2024-08-27,1000000.00,3.724544,102.421875
14:41:02,91282CLD1,TSRYS5850288,D,B,C,2024-08-27,1000000.00,3.724568,102.421725
14:41:02,91282CLD1,TSRYS5850288,D,S,D,2024-08-27,1000000.00,3.724544,102.421875
14:41:03,91282CLD1,TSRYS5850288,D,S,D,2024-08-27,15000000.00,3.725462,102.41624
14:41:18,91282CLD1,TSRYS5850288,D,S,T,2024-08-27,1000000.00,3.724544,102.421875
14:41:18,91282CLD1,TSRYS5850288,D,S,T,2024-08-27,1000000.00,3.724544,102.421875
14:41:32,91282CLD1,TSRYS5850288,D,B,C,2024-08-27,1000000.00,3.725816,102.4140625
14:41:32,91282CLD1,TSRYS5850288,D,S,D,2024-08-27,1000000.00,3.725816,102.4140625
14:41:32,91282CLD1,TSRYS5850288,D,B,C,2024-08-27,1000000.00,3.725857,102.4138125
14:41:32,91282CLD1,TSRYS5850288,D,S,D,2024-08-27,1000000.00,3.725816,102.4140625
14:41:33,91282CLD1,TSRYS5850288,D,S,D,2024-08-27,50000.00,3.724544,102.421875
14:41:41,91282CLD1,TSRYS5850288,D,S,D,2024-08-27,1000000.00,3.723908,102.42578125
14:41:45,91282CLD1,TSRYS5850288,D,S,T,2024-08-27,1000000.00,3.723908,102.42578125
14:41:45,91282CLD1,TSRYS5850288,D,S,T,2024-08-27,1000000.00,3.723908,102.42578125
14:41:45,91282CLD1,TSRYS5850288,D,B,C,2024-08-27,4900000.00,3.723908,102.42578125
14:41:47,91282CLD1,TSRYS5850288,D,S,C,2024-08-27,1000000.00,3.724527,102.421975
14:41:47,91282CLD1,TSRYS5850288,D,S,C,2024-08-27,1000000.00,3.724503,102.422125
14:41:50,91282CLD1,TSRYS5850288,D,S,C,2024-08-27,1000000.00,3.723908,102.42578125
14:41:50,91282CLD1,TSRYS5850288,D,S,C,2024-08-27,1000000.00,3.723908,102.42578125
14:41:52,91282CLD1,TSRYS5850288,D,S,T,2024-08-27,1000000.00,3.723908,102.42578125
14:41:58,91282CLD1,TSRYS5850288,D,S,D,2024-08-27,1000000.00,3.723908,102.42578125
14:41:58,91282CLD1,TSRYS5850288,D,S,C,2024-08-27,1000000.00,3.723908,102.42578125
14:42:11,91282CLD1,TSRYS5850288,D,S,C,2024-08-27,2000.00,3.724511,102.422075
14:43:19,91282CLD1,TSRYS5850288,D,S,T,2024-08-27,1000000.00,3.724862,102.419921875
14:43:19,91282CLD1,TSRYS5850288,D,S,T,2024-08-27,1000000.00,3.724862,102.419921875
14:43:19,91282CLD1,TSRYS5850288,D,S,T,2024-08-27,1000000.00,3.724544,102.421875
14:43:19,91282CLD1,TSRYS5850288,D,S,T,2024-08-27,3000000.00,3.724862,102.419921875
14:43:23,91282CLD1,TSRYS5850288,D,S,D,2024-08-27,3000000.00,3.724862,102.419921875
14:43:23,91282CLD1,TSRYS5850288,D,S,D,2024-08-27,1000000.00,3.724862,102.419921875
14:43:23,91282CLD1,TSRYS5850288,D,S,D,2024-08-27,1000000.00,3.724862,102.419921875
14:43:29,91282CLD1,TSRYS5850288,D,S,D,2024-08-27,3000000.00,3.724862,102.419921875
14:43:29,91282CLD1,TSRYS5850288,D,S,D,2024-08-27,1000000.00,3.724862,102.419921875
14:43:29,91282CLD1,TSRYS5850288,D,S,D,2024-08-27,1000000.00,3.724862,102.419921875
14:43:56,91282CLD1,TSRYS5850288,D,S,T,2024-08-27,1000000.00,3.724544,102.421875
14:43:56,91282CLD1,TSRYS5850288,D,S,T,2024-08-27,1000000.00,3.724862,102.419921875
14:43:56,91282CLD1,TSRYS5850288,D,S,T,2024-08-27,1000000.00,3.724862,102.419921875
14:43:56,91282CLD1,TSRYS5850288,D,S,T,2024-08-27,1000000.00,3.724544,102.421875
14:43:56,91282CLD1,TSRYS5850288,D,S,T,2024-08-27,1000000.00,3.724544,102.421875
14:43:57,91282CLD1,TSRYS5850288,D,S,C,2024-08-27,2000000.00,3.724846,102.420021875
14:43:57,91282CLD1,TSRYS5850288,D,B,C,2024-08-27,1000000.00,3.724544,102.421875
14:43:57,91282CLD1,TSRYS5850288,D,S,T,2024-08-27,2000000.00,3.724862,102.419921875
14:43:57,91282CLD1,TSRYS5850288,D,S,T,2024-08-27,1000000.00,3.724544,102.421875
14:43:57,91282CLD1,TSRYS5850288,D,S,D,2024-08-27,1000000.00,3.724544,102.421875
14:43:57,91282CLD1,TSRYS5850288,D,S,D,2024-08-27,1000000.00,3.724544,102.421875
14:43:57,91282CLD1,TSRYS5850288,D,S,D,2024-08-27,1000000.00,3.724544,102.421875
14:43:57,91282CLD1,TSRYS5850288,D,S,T,2024-08-27,1000000.00,3.724862,102.419921875
14:43:58,91282CLD1,TSRYS5850288,D,S,T,2024-08-27,1000000.00,3.724862,102.419921875
14:43:58,91282CLD1,TSRYS5850288,D,S,T,2024-08-27,1000000.00,3.724862,102.419921875
14:43:58,91282CLD1,TSRYS5850288,D,S,D,2024-08-27,1000000.00,3.724862,102.419921875
14:43:58,91282CLD1,TSRYS5850288,D,B,C,2024-08-27,1000000.00,3.725498,102.416015625
14:43:58,91282CLD1,TSRYS5850288,D,S,D,2024-08-27,1000000.00,3.725498,102.416015625
14:43:59,91282CLD1,TSRYS5850288,D,S,C,2024-08-27,1000000.00,3.725498,102.416015625
14:44:01,91282CLD1,TSRYS5850288,D,S,T,2024-08-27,1000000.00,3.724544,102.421875
14:44:01,91282CLD1,TSRYS5850288,D,S,D,2024-08-27,2000000.00,3.724862,102.419921875
14:44:01,91282CLD1,TSRYS5850288,D,S,D,2024-08-27,1000000.00,3.724862,102.419921875
14:44:01,91282CLD1,TSRYS5850288,D,S,D,2024-08-27,1000000.00,3.724862,102.419921875
14:44:02,91282CLD1,TSRYS5850288,D,S,C,2024-08-27,2000000.00,3.724862,102.419921875
14:44:02,91282CLD1,TSRYS5850288,D,S,D,2024-08-27,1000000.00,3.724862,102.419921875
14:44:02,91282CLD1,TSRYS5850288,D,S,D,2024-08-27,1000000.00,3.724862,102.419921875
14:44:03,91282CLD1,TSRYS5850288,D,S,C,2024-08-27,1000000.00,3.724527,102.421975
14:44:04,91282CLD1,TSRYS5850288,D,S,D,2024-08-27,2000000.00,3.724862,102.419921875
14:44:04,91282CLD1,TSRYS5850288,D,S,D,2024-08-27,1000000.00,3.724544,102.421875
14:44:04,91282CLD1,TSRYS5850288,D,S,D,2024-08-27,1000000.00,3.724862,102.419921875
14:44:04,91282CLD1,TSRYS5850288,D,S,D,2024-08-27,1000000.00,3.724862,102.419921875
14:44:04,91282CLD1,TSRYS5850288,D,S,D,2024-08-27,1000000.00,3.724544,102.421875
14:44:04,91282CLD1,TSRYS5850288,D,S,D,2024-08-27,1000000.00,3.724862,102.419921875
14:44:04,91282CLD1,TSRYS5850288,D,S,T,2024-08-27,1000000.00,3.724544,102.421875
14:44:04,91282CLD1,TSRYS5850288,D,S,T,2024-08-27,2000000.00,3.724862,102.419921875
14:44:07,91282CLD1,TSRYS5850288,D,S,T,2024-08-27,2000000.00,3.724862,102.419921875
14:44:09,91282CLD1,TSRYS5850288,D,S,D,2024-08-27,1000000.00,3.724544,102.421875
14:44:09,91282CLD1,TSRYS5850288,D,S,D,2024-08-27,1000000.00,3.724862,102.419921875
14:44:09,91282CLD1,TSRYS5850288,D,S,D,2024-08-27,1000000.00,3.724862,102.419921875
14:44:33,91282CLD1,TSRYS5850288,D,S,D,2024-08-27,1000000.00,3.724544,102.421875
14:44:33,91282CLD1,TSRYS5850288,D,S,C,2024-08-27,1000000.00,3.724511,102.422075
14:44:37,91282CLD1,TSRYS5850288,D,S,C,2024-08-27,1000000.00,3.724862,102.41992187
14:44:37,91282CLD1,TSRYS5850288,D,S,C,2024-08-27,1000000.00,3.724862,102.41992187
14:44:37,91282CLD1,TSRYS5850288,D,S,C,2024-08-27,1000000.00,3.724862,102.41992187
14:44:37,91282CLD1,TSRYS5850288,D,S,C,2024-08-27,1000000.00,3.724862,102.41992187
14:44:44,91282CLD1,TSRYS5850288,D,S,D,2024-08-27,2000000.00,3.724862,102.419921875
14:44:48,91282CLD1,TSRYS5850288,D,S,D,2024-08-27,1000000.00,3.724544,102.421875
14:44:48,91282CLD1,TSRYS5850288,D,S,C,2024-08-27,1000000.00,3.724544,102.421875
14:44:49,91282CLD1,TSRYS5850288,D,S,T,2024-08-27,2000000.00,3.724862,102.419921875
14:44:54,91282CLD1,TSRYS5850288,D,S,C,2024-08-27,2000000.00,3.72518,102.41796875
14:44:55,91282CLD1,TSRYS5850288,D,S,C,2024-08-27,1000000.00,3.72518,102.41796875
14:44:55,91282CLD1,TSRYS5850288,D,S,C,2024-08-27,1000000.00,3.72518,102.41796875
14:44:56,91282CLD1,TSRYS5850288,D,S,T,2024-08-27,1000000.00,3.72518,102.41796875
14:44:56,91282CLD1,TSRYS5850288,D,S,T,2024-08-27,2000000.00,3.72518,102.41796875
14:44:56,91282CLD1,TSRYS5850288,D,S,T,2024-08-27,1000000.00,3.72518,102.41796875
14:45:14,91282CLD1,TSRYS5850288,D,S,D,2024-08-27,50000.00,3.723271,102.4296875
14:45:19,91282CLD1,TSRYS5850288,D,S,T,2024-08-27,1000000.00,3.725816,102.4140625
14:45:19,91282CLD1,TSRYS5850288,D,S,C,2024-08-27,1000000.00,3.725816,102.4140625
14:45:40,91282CLD1,TSRYS5850288,D,S,D,2024-08-27,1000000.00,3.726135,102.412109375
14:45:40,91282CLD1,TSRYS5850288,D,S,C,2024-08-27,1000000.00,3.726135,102.412109375
14:45:42,91282CLD1,TSRYS5850288,D,S,T,2024-08-27,2000000.00,3.726453,102.41015625
14:45:47,91282CLD1,TSRYS5850288,D,S,D,2024-08-27,2000000.00,3.726453,102.41015625
14:45:49,91282CLD1,TSRYS5850288,D,S,C,2024-08-27,50000.00,3.723271,102.429688
14:45:51,91282CLD1,TSRYS5850288,D,S,D,2024-08-27,1000000.00,3.725816,102.4140625
14:45:51,91282CLD1,TSRYS5850288,D,S,C,2024-08-27,1000000.00,3.725816,102.4140625
14:45:55,91282CLD1,TSRYS5850288,D,B,C,2024-08-27,2000000.00,3.725816,102.4140625
14:45:55,91282CLD1,TSRYS5850288,D,S,D,2024-08-27,2000000.00,3.725816,102.4140625
14:45:55,91282CLD1,TSRYS5850288,D,S,D,2024-08-27,1000000.00,3.725816,102.4140625
14:45:55,91282CLD1,TSRYS5850288,D,B,C,2024-08-27,1000000.00,3.725816,102.4140625
14:45:56,91282CLD1,TSRYS5850288,D,S,D,2024-08-27,1000000.00,3.725816,102.4140625
14:45:56,91282CLD1,TSRYS5850288,D,B,C,2024-08-27,1000000.00,3.725816,102.4140625
14:45:57,91282CLD1,TSRYS5850288,D,S,D,2024-08-27,2000000.00,3.725816,102.4140625
14:45:58,91282CLD1,TSRYS5850288,D,S,D,2024-08-27,1000000.00,3.725816,102.4140625
14:46:01,91282CLD1,TSRYS5850288,D,B,C,2024-08-27,1000000.00,3.725816,102.4140625
14:46:01,91282CLD1,TSRYS5850288,D,S,D,2024-08-27,1000000.00,3.725816,102.4140625
14:46:03,91282CLD1,TSRYS5850288,D,S,D,2024-08-27,1000000.00,3.725816,102.4140625
14:46:04,91282CLD1,TSRYS5850288,D,B,C,2024-08-27,30800000.00,3.725213,102.41776875
14:46:04,91282CLD1,TSRYS5850288,D,S,A,2024-08-27,30800000.00,3.725213,102.41776875
14:46:19,91282CLD1,TSRYS5850288,D,S,D,2024-08-27,1000000.00,3.726135,102.412109375
14:46:19,91282CLD1,TSRYS5850288,D,S,D,2024-08-27,1000000.00,3.726135,102.412109375
14:46:19,91282CLD1,TSRYS5850288,D,S,T,2024-08-27,1000000.00,3.726135,102.412109375
14:46:19,91282CLD1,TSRYS5850288,D,S,D,2024-08-27,1000000.00,3.726135,102.412109375
14:46:24,91282CLD1,TSRYS5850288,D,S,D,2024-08-27,1000000.00,3.726135,102.412109375
14:46:45,91282CLD1,TSRYS5850288,D,S,T,2024-08-27,1000000.00,3.724544,102.421875
14:46:45,91282CLD1,TSRYS5850288,D,S,T,2024-08-27,2000000.00,3.724862,102.419921875
14:46:45,91282CLD1,TSRYS5850288,D,S,T,2024-08-27,1000000.00,3.724862,102.419921875
14:46:45,91282CLD1,TSRYS5850288,D,S,T,2024-08-27,4000000.00,3.724862,102.419921875
14:46:45,91282CLD1,TSRYS5850288,D,S,T,2024-08-27,1000000.00,3.724544,102.421875
14:46:45,91282CLD1,TSRYS5850288,D,S,T,2024-08-27,1000000.00,3.724862,102.419921875
14:46:46,91282CLD1,TSRYS5850288,D,S,T,2024-08-27,1000000.00,3.724544,102.421875
14:46:46,91282CLD1,TSRYS5850288,D,S,T,2024-08-27,1000000.00,3.724862,102.419921875
14:46:46,91282CLD1,TSRYS5850288,D,S,T,2024-08-27,1000000.00,3.724862,102.419921875
14:46:46,91282CLD1,TSRYS5850288,D,S,T,2024-08-27,2000000.00,3.724862,102.419921875
14:46:47,91282CLD1,TSRYS5850288,D,S,T,2024-08-27,1000000.00,3.724862,102.419921875
14:46:47,91282CLD1,TSRYS5850288,D,S,T,2024-08-27,1000000.00,3.72518,102.41796875
14:46:47,91282CLD1,TSRYS5850288,D,S,D,2024-08-27,1000000.00,3.725816,102.4140625
14:46:47,91282CLD1,TSRYS5850288,D,B,C,2024-08-27,1000000.00,3.725865,102.4137625
14:46:47,91282CLD1,TSRYS5850288,D,S,T,2024-08-27,1000000.00,3.724862,102.419921875
14:46:47,91282CLD1,TSRYS5850288,D,S,T,2024-08-27,2000000.00,3.72518,102.41796875
14:46:47,91282CLD1,TSRYS5850288,D,S,T,2024-08-27,1000000.00,3.72518,102.41796875
14:46:48,91282CLD1,TSRYS5850288,D,S,T,2024-08-27,1000000.00,3.724544,102.421875
14:46:48,91282CLD1,TSRYS5850288,D,S,T,2024-08-27,1000000.00,3.724862,102.419921875
14:46:48,91282CLD1,TSRYS5850288,D,S,T,2024-08-27,1000000.00,3.724544,102.421875
14:46:49,91282CLD1,TSRYS5850288,D,S,T,2024-08-27,1000000.00,3.724544,102.421875
14:46:49,91282CLD1,TSRYS5850288,D,S,D,2024-08-27,1000000.00,3.72518,102.41796875
14:46:49,91282CLD1,TSRYS5850288,D,B,C,2024-08-27,2000000.00,3.72518,102.41796875
14:46:49,91282CLD1,TSRYS5850288,D,S,D,2024-08-27,2000000.00,3.72518,102.41796875
14:46:49,91282CLD1,TSRYS5850288,D,S,T,2024-08-27,3000000.00,3.724862,102.419921875
14:46:50,91282CLD1,TSRYS5850288,D,S,T,2024-08-27,2000000.00,3.724862,102.419921875
14:46:50,91282CLD1,TSRYS5850288,D,S,T,2024-08-27,2000000.00,3.724862,102.419921875
14:46:50,91282CLD1,TSRYS5850288,D,S,D,2024-08-27,2000000.00,3.724862,102.419921875
14:46:50,91282CLD1,TSRYS5850288,D,B,C,2024-08-27,1000000.00,3.724862,102.419921875
14:46:50,91282CLD1,TSRYS5850288,D,S,D,2024-08-27,1000000.00,3.724862,102.419921875
14:46:50,91282CLD1,TSRYS5850288,D,B,C,2024-08-27,1000000.00,3.72518,102.41796875
14:46:50,91282CLD1,TSRYS5850288,D,S,D,2024-08-27,1000000.00,3.72518,102.41796875
14:46:50,91282CLD1,TSRYS5850288,D,B,C,2024-08-27,1000000.00,3.72518,102.41796875
14:46:50,91282CLD1,TSRYS5850288,D,S,D,2024-08-27,1000000.00,3.72518,102.41796875
14:46:50,91282CLD1,TSRYS5850288,D,S,D,2024-08-27,4000000.00,3.724862,102.419921875
14:46:50,91282CLD1,TSRYS5850288,D,S,D,2024-08-27,1000000.00,3.724862,102.419921875
14:46:50,91282CLD1,TSRYS5850288,D,S,D,2024-08-27,2000000.00,3.724862,102.419921875
14:46:50,91282CLD1,TSRYS5850288,D,S,D,2024-08-27,1000000.00,3.724862,102.419921875
14:46:51,91282CLD1,TSRYS5850288,D,S,D,2024-08-27,1000000.00,3.724862,102.419921875
14:46:51,91282CLD1,TSRYS5850288,D,S,D,2024-08-27,2000000.00,3.724862,102.419921875
14:46:51,91282CLD1,TSRYS5850288,D,S,D,2024-08-27,1000000.00,3.724862,102.419921875
14:46:51,91282CLD1,TSRYS5850288,D,S,D,2024-08-27,2000000.00,3.724862,102.419921875
14:46:51,91282CLD1,TSRYS5850288,D,S,D,2024-08-27,1000000.00,3.724862,102.419921875
14:46:52,91282CLD1,TSRYS5850288,D,S,D,2024-08-27,2000000.00,3.724862,102.419921875
14:46:52,91282CLD1,TSRYS5850288,D,S,T,2024-08-27,2000000.00,3.724862,102.419921875
14:46:52,91282CLD1,TSRYS5850288,D,S,T,2024-08-27,2000000.00,3.724862,102.419921875
14:46:52,91282CLD1,TSRYS5850288,D,S,T,2024-08-27,2000000.00,3.724862,102.419921875
14:46:52,91282CLD1,TSRYS5850288,D,S,D,2024-08-27,2000000.00,3.724862,102.419921875
14:46:53,91282CLD1,TSRYS5850288,D,S,D,2024-08-27,1000000.00,3.724862,102.419921875
14:46:53,91282CLD1,TSRYS5850288,D,S,D,2024-08-27,3000000.00,3.724862,102.419921875
14:46:53,91282CLD1,TSRYS5850288,D,S,D,2024-08-27,1000000.00,3.724544,102.421875
14:46:53,91282CLD1,TSRYS5850288,D,S,T,2024-08-27,1000000.00,3.724862,102.419921875
14:46:54,91282CLD1,TSRYS5850288,D,S,T,2024-08-27,1000000.00,3.724862,102.419921875
14:46:54,91282CLD1,TSRYS5850288,D,S,D,2024-08-27,2000000.00,3.724862,102.419921875
14:46:54,91282CLD1,TSRYS5850288,D,S,T,2024-08-27,1000000.00,3.724862,102.419921875
14:46:54,91282CLD1,TSRYS5850288,D,S,D,2024-08-27,1000000.00,3.72518,102.41796875
14:46:54,91282CLD1,TSRYS5850288,D,S,D,2024-08-27,2000000.00,3.724862,102.419921875
14:46:54,91282CLD1,TSRYS5850288,D,S,D,2024-08-27,2000000.00,3.724862,102.419921875
14:46:54,91282CLD1,TSRYS5850288,D,S,T,2024-08-27,2000000.00,3.724862,102.419921875
14:46:54,91282CLD1,TSRYS5850288,D,S,D,2024-08-27,2000000.00,3.724862,102.419921875
14:46:54,91282CLD1,TSRYS5850288,D,S,D,2024-08-27,2000000.00,3.72518,102.41796875
14:46:54,91282CLD1,TSRYS5850288,D,S,T,2024-08-27,1000000.00,3.724862,102.419921875
14:46:54,91282CLD1,TSRYS5850288,D,S,D,2024-08-27,2000000.00,3.724862,102.419921875
14:46:54,91282CLD1,TSRYS5850288,D,S,D,2024-08-27,1000000.00,3.72518,102.41796875
14:46:54,91282CLD1,TSRYS5850288,D,S,C,2024-08-27,1000000.00,3.724862,102.419921875
14:46:54,91282CLD1,TSRYS5850288,D,S,D,2024-08-27,1000000.00,3.72518,102.41796875
14:46:54,91282CLD1,TSRYS5850288,D,S,T,2024-08-27,1000000.00,3.72518,102.41796875
14:46:54,91282CLD1,TSRYS5850288,D,S,D,2024-08-27,1000000.00,3.724862,102.419921875
14:46:54,91282CLD1,TSRYS5850288,D,S,D,2024-08-27,2000000.00,3.724862,102.419921875
14:46:54,91282CLD1,TSRYS5850288,D,S,D,2024-08-27,1000000.00,3.724862,102.419921875
14:46:54,91282CLD1,TSRYS5850288,D,S,D,2024-08-27,2000000.00,3.724862,102.419921875
14:46:54,91282CLD1,TSRYS5850288,D,S,D,2024-08-27,1000000.00,3.724862,102.419921875
14:46:54,91282CLD1,TSRYS5850288,D,S,D,2024-08-27,1000000.00,3.724862,102.419921875
14:46:54,91282CLD1,TSRYS5850288,D,S,T,2024-08-27,2000000.00,3.72518,102.41796875
14:46:54,91282CLD1,TSRYS5850288,D,S,D,2024-08-27,1000000.00,3.724862,102.419921875
14:46:54,91282CLD1,TSRYS5850288,D,S,D,2024-08-27,2000000.00,3.724862,102.419921875
14:46:54,91282CLD1,TSRYS5850288,D,S,T,2024-08-27,1000000.00,3.724862,102.419921875
14:46:54,91282CLD1,TSRYS5850288,D,S,D,2024-08-27,1000000.00,3.72518,102.41796875
14:46:55,91282CLD1,TSRYS5850288,D,S,C,2024-08-27,5000.00,3.482905,103.91796875
14:46:55,91282CLD1,TSRYS5850288,D,S,C,2024-08-27,2000000.00,3.72518,102.41796875
14:46:57,91282CLD1,TSRYS5850288,D,S,D,2024-08-27,2000000.00,3.724862,102.419921875
14:46:57,91282CLD1,TSRYS5850288,D,S,C,2024-08-27,1000000.00,3.724862,102.419921875
14:46:57,91282CLD1,TSRYS5850288,D,S,D,2024-08-27,1000000.00,3.724862,102.419921875
14:46:57,91282CLD1,TSRYS5850288,D,S,D,2024-08-27,1000000.00,3.724862,102.419921875
14:46:58,91282CLD1,TSRYS5850288,D,S,D,2024-08-27,5000.00,3.72518,102.41796875
14:46:58,91282CLD1,TSRYS5850288,D,B,C,2024-08-27,2000000.00,3.724862,102.419921875
14:46:58,91282CLD1,TSRYS5850288,D,S,T,2024-08-27,2000000.00,3.724862,102.419921875
14:46:58,91282CLD1,TSRYS5850288,D,S,D,2024-08-27,2000000.00,3.724862,102.419921875
14:46:59,91282CLD1,TSRYS5850288,D,S,D,2024-08-27,2000000.00,3.724862,102.419921875
14:46:59,91282CLD1,TSRYS5850288,D,S,D,2024-08-27,1000000.00,3.724544,102.421875
14:46:59,91282CLD1,TSRYS5850288,D,S,D,2024-08-27,1000000.00,3.724862,102.419921875
14:46:59,91282CLD1,TSRYS5850288,D,S,C,2024-08-27,2000000.00,3.724862,102.419921875
14:46:59,91282CLD1,TSRYS5850288,D,S,D,2024-08-27,3000000.00,3.724862,102.419921875
14:46:59,91282CLD1,TSRYS5850288,D,S,D,2024-08-27,1000000.00,3.724544,102.421875
14:46:59,91282CLD1,TSRYS5850288,D,S,C,2024-08-27,1000000.00,3.724862,102.419921875
14:46:59,91282CLD1,TSRYS5850288,D,S,D,2024-08-27,1000000.00,3.724862,102.419921875
14:47:00,91282CLD1,TSRYS5850288,D,S,D,2024-08-27,1000000.00,3.72518,102.41796875
14:47:00,91282CLD1,TSRYS5850288,D,S,C,2024-08-27,2000000.00,3.72518,102.41796875
14:47:05,91282CLD1,TSRYS5850288,D,S,T,2024-08-27,1000000.00,3.724544,102.421875
14:47:08,91282CLD1,TSRYS5850288,D,S,D,2024-08-27,1000000.00,3.724544,102.421875
14:47:21,91282CLD1,TSRYS5850288,D,S,D,2024-08-27,1000000.00,3.724544,102.421875
14:47:21,91282CLD1,TSRYS5850288,D,S,C,2024-08-27,2000000.00,3.724544,102.421875
14:47:21,91282CLD1,TSRYS5850288,D,S,C,2024-08-27,1000000.00,3.724544,102.421875
14:47:22,91282CLD1,TSRYS5850288,D,S,T,2024-08-27,1000000.00,3.724544,102.421875
14:47:22,91282CLD1,TSRYS5850288,D,S,D,2024-08-27,1000000.00,3.724544,102.421875
14:47:22,91282CLD1,TSRYS5850288,D,S,C,2024-08-27,1000000.00,3.724544,102.421875
14:47:23,91282CLD1,TSRYS5850288,D,S,T,2024-08-27,1000000.00,3.724544,102.421875
14:47:23,91282CLD1,TSRYS5850288,D,S,T,2024-08-27,1000000.00,3.724544,102.421875
14:47:23,91282CLD1,TSRYS5850288,D,S,T,2024-08-27,1000000.00,3.724544,102.421875
14:47:23,91282CLD1,TSRYS5850288,D,S,T,2024-08-27,1000000.00,3.724544,102.421875
14:47:23,91282CLD1,TSRYS5850288,D,S,T,2024-08-27,1000000.00,3.724544,102.421875
14:47:23,91282CLD1,TSRYS5850288,D,S,T,2024-08-27,1000000.00,3.724544,102.421875
14:47:24,91282CLD1,TSRYS5850288,D,S,T,2024-08-27,1000000.00,3.724544,102.421875
14:47:24,91282CLD1,TSRYS5850288,D,S,T,2024-08-27,2000000.00,3.724544,102.421875
14:47:24,91282CLD1,TSRYS5850288,D,S,T,2024-08-27,1000000.00,3.724544,102.421875
14:47:25,91282CLD1,TSRYS5850288,D,S,T,2024-08-27,1000000.00,3.724544,102.421875
14:47:26,91282CLD1,TSRYS5850288,D,S,D,2024-08-27,1000000.00,3.724544,102.421875
14:47:26,91282CLD1,TSRYS5850288,D,S,D,2024-08-27,1000000.00,3.724544,102.421875
14:47:26,91282CLD1,TSRYS5850288,D,S,T,2024-08-27,1000000.00,3.724544,102.421875
14:47:27,91282CLD1,TSRYS5850288,D,S,T,2024-08-27,1000000.00,3.724544,102.421875
14:47:27,91282CLD1,TSRYS5850288,D,S,T,2024-08-27,1000000.00,3.724544,102.421875
14:47:27,91282CLD1,TSRYS5850288,D,S,T,2024-08-27,1000000.00,3.724544,102.421875
14:47:28,91282CLD1,TSRYS5850288,D,S,T,2024-08-27,1000000.00,3.724544,102.421875
14:47:28,91282CLD1,TSRYS5850288,D,S,T,2024-08-27,1000000.00,3.724544,102.421875
14:47:30,91282CLD1,TSRYS5850288,D,S,C,2024-08-27,1000000.00,3.724544,102.421875
14:47:30,91282CLD1,TSRYS5850288,D,S,C,2024-08-27,1000000.00,3.724544,102.421875
14:47:30,91282CLD1,TSRYS5850288,D,S,D,2024-08-27,1000000.00,3.724544,102.421875
14:47:31,91282CLD1,TSRYS5850288,D,S,D,2024-08-27,1000000.00,3.724544,102.421875
14:47:31,91282CLD1,TSRYS5850288,D,S,D,2024-08-27,1000000.00,3.724544,102.421875
14:47:32,91282CLD1,TSRYS5850288,D,S,T,2024-08-27,1000000.00,3.724544,102.421875
14:47:32,91282CLD1,TSRYS5850288,D,S,T,2024-08-27,1000000.00,3.724544,102.421875
14:47:32,91282CLD1,TSRYS5850288,D,S,T,2024-08-27,1000000.00,3.724544,102.421875
14:47:32,91282CLD1,TSRYS5850288,D,S,T,2024-08-27,1000000.00,3.724544,102.421875
14:47:44,91282CLD1,TSRYS5850288,D,S,T,2024-08-27,1000000.00,3.723271,102.4296875
14:47:44,91282CLD1,TSRYS5850288,D,S,T,2024-08-27,1000000.00,3.723271,102.4296875
14:47:44,91282CLD1,TSRYS5850288,D,S,T,2024-08-27,1000000.00,3.723271,102.4296875
14:47:44,91282CLD1,TSRYS5850288,D,S,T,2024-08-27,1000000.00,3.723271,102.4296875
14:47:44,91282CLD1,TSRYS5850288,D,S,T,2024-08-27,1000000.00,3.722953,102.431640625
14:47:44,91282CLD1,TSRYS5850288,D,S,T,2024-08-27,1000000.00,3.723271,102.4296875
14:47:46,91282CLD1,TSRYS5850288,D,S,T,2024-08-27,1000000.00,3.723271,102.4296875
14:47:46,91282CLD1,TSRYS5850288,D,S,D,2024-08-27,1000000.00,3.723271,102.4296875
14:47:46,91282CLD1,TSRYS5850288,D,S,T,2024-08-27,1000000.00,3.723271,102.4296875
14:47:47,91282CLD1,TSRYS5850288,D,S,D,2024-08-27,1000000.00,3.723271,102.4296875
14:47:47,91282CLD1,TSRYS5850288,D,S,D,2024-08-27,1000000.00,3.724544,102.421875
14:47:47,91282CLD1,TSRYS5850288,D,S,D,2024-08-27,1000000.00,3.724544,102.421875
14:47:47,91282CLD1,TSRYS5850288,D,S,D,2024-08-27,1000000.00,3.724544,102.421875
14:47:47,91282CLD1,TSRYS5850288,D,S,T,2024-08-27,1000000.00,3.723589,102.427734375
14:47:47,91282CLD1,TSRYS5850288,D,S,C,2024-08-27,2000000.00,3.724511,102.422075
14:47:47,91282CLD1,TSRYS5850288,D,B,C,2024-08-27,2000000.00,3.72456,102.421775
14:47:47,91282CLD1,TSRYS5850288,D,S,T,2024-08-27,1000000.00,3.723589,102.427734375
14:47:49,91282CLD1,TSRYS5850288,D,S,D,2024-08-27,1000000.00,3.723271,102.4296875
14:47:49,91282CLD1,TSRYS5850288,D,S,D,2024-08-27,1000000.00,3.723271,102.4296875
14:47:49,91282CLD1,TSRYS5850288,D,S,D,2024-08-27,1000000.00,3.723271,102.4296875
14:47:49,91282CLD1,TSRYS5850288,D,S,C,2024-08-27,1000000.00,3.723271,102.4296875
14:47:49,91282CLD1,TSRYS5850288,D,S,D,2024-08-27,1000000.00,3.723271,102.4296875
14:47:49,91282CLD1,TSRYS5850288,D,S,D,2024-08-27,1000000.00,3.723271,102.4296875
14:47:49,91282CLD1,TSRYS5850288,D,S,D,2024-08-27,1000000.00,3.723589,102.427734375
14:47:50,91282CLD1,TSRYS5850288,D,S,D,2024-08-27,1000000.00,3.723271,102.4296875
14:47:50,91282CLD1,TSRYS5850288,D,S,D,2024-08-27,1000000.00,3.723589,102.427734375
14:47:50,91282CLD1,TSRYS5850288,D,S,D,2024-08-27,1000000.00,3.722953,102.431640625
14:47:54,91282CLD1,TSRYS5850288,D,S,D,2024-08-27,1000000.00,3.723589,102.427734375
14:47:54,91282CLD1,TSRYS5850288,D,S,D,2024-08-27,1000000.00,3.723271,102.4296875
14:47:54,91282CLD1,TSRYS5850288,D,S,D,2024-08-27,1000000.00,3.722953,102.431640625
14:47:58,91282CLD1,TSRYS5850288,D,S,T,2024-08-27,1000000.00,3.723589,102.427734375
14:48:01,91282CLD1,TSRYS5850288,D,S,C,2024-08-27,4000000.00,3.721983,102.4376
14:48:02,91282CLD1,TSRYS5850288,D,B,C,2024-08-27,1000000.00,3.721999,102.4375
14:48:02,91282CLD1,TSRYS5850288,D,S,D,2024-08-27,1000000.00,3.721999,102.4375
14:48:05,91282CLD1,TSRYS5850288,D,B,C,2024-08-27,1000000.00,3.721999,102.4375
14:48:05,91282CLD1,TSRYS5850288,D,S,C,2024-08-27,1000000.00,3.721999,102.4377
14:48:05,91282CLD1,TSRYS5850288,D,S,C,2024-08-27,1000000.00,3.721999,102.4377
14:48:09,91282CLD1,TSRYS5850288,D,S,T,2024-08-27,1000000.00,3.721999,102.4375
14:48:09,91282CLD1,TSRYS5850288,D,S,T,2024-08-27,1000000.00,3.723271,102.4296875
14:48:11,91282CLD1,TSRYS5850288,D,S,T,2024-08-27,2000000.00,3.721999,102.4375
14:48:11,91282CLD1,TSRYS5850288,D,S,T,2024-08-27,1000000.00,3.721999,102.4375
14:48:11,91282CLD1,TSRYS5850288,D,S,T,2024-08-27,1000000.00,3.721999,102.4375
14:48:11,91282CLD1,TSRYS5850288,D,S,T,2024-08-27,2000000.00,3.723271,102.4296875
14:48:11,91282CLD1,TSRYS5850288,D,S,T,2024-08-27,5000000.00,3.723271,102.4296875
14:48:11,91282CLD1,TSRYS5850288,D,S,T,2024-08-27,1000000.00,3.723271,102.4296875
14:48:11,91282CLD1,TSRYS5850288,D,S,T,2024-08-27,1000000.00,3.723271,102.4296875
14:48:12,91282CLD1,TSRYS5850288,D,S,T,2024-08-27,1000000.00,3.723271,102.4296875
14:48:12,91282CLD1,TSRYS5850288,D,S,T,2024-08-27,1000000.00,3.723271,102.4296875
14:48:12,91282CLD1,TSRYS5850288,D,S,T,2024-08-27,1000000.00,3.723271,102.4296875
14:48:13,91282CLD1,TSRYS5850288,D,S,T,2024-08-27,1000000.00,3.722635,102.43359375
14:48:13,91282CLD1,TSRYS5850288,D,S,T,2024-08-27,1000000.00,3.722635,102.43359375
14:48:14,91282CLD1,TSRYS5850288,D,S,D,2024-08-27,1000000.00,3.723271,102.4296875
14:48:14,91282CLD1,TSRYS5850288,D,S,D,2024-08-27,5000000.00,3.723271,102.4296875
14:48:14,91282CLD1,TSRYS5850288,D,S,D,2024-08-27,1000000.00,3.723271,102.4296875
14:48:14,91282CLD1,TSRYS5850288,D,S,C,2024-08-27,1000000.00,3.723271,102.4296875
14:48:14,91282CLD1,TSRYS5850288,D,B,C,2024-08-27,1000000.00,3.723271,102.4296875
14:48:15,91282CLD1,TSRYS5850288,D,S,C,2024-08-27,1000000.00,3.723271,102.4296875
14:48:15,91282CLD1,TSRYS5850288,D,S,D,2024-08-27,2000000.00,3.723271,102.4296875
14:48:15,91282CLD1,TSRYS5850288,D,S,D,2024-08-27,1000000.00,3.723271,102.4296875
14:48:15,91282CLD1,TSRYS5850288,D,S,D,2024-08-27,1000000.00,3.723271,102.4296875
14:48:16,91282CLD1,TSRYS5850288,D,S,C,2024-08-27,1000000.00,3.722635,102.43359375
14:48:16,91282CLD1,TSRYS5850288,D,S,D,2024-08-27,1000000.00,3.722635,102.43359375
14:48:20,91282CLD1,TSRYS5850288,D,S,D,2024-08-27,1000000.00,3.724544,102.421875
14:48:20,91282CLD1,TSRYS5850288,D,S,D,2024-08-27,1000000.00,3.724544,102.421875
14:48:20,91282CLD1,TSRYS5850288,D,S,C,2024-08-27,1000000.00,3.724511,102.422075
14:48:20,91282CLD1,TSRYS5850288,D,S,C,2024-08-27,1000000.00,3.724544,102.421875
14:48:20,91282CLD1,TSRYS5850288,D,S,C,2024-08-27,1000000.00,3.724544,102.421875
14:48:20,91282CLD1,TSRYS5850288,D,S,C,2024-08-27,1000000.00,3.724544,102.421875
14:48:20,91282CLD1,TSRYS5850288,D,S,C,2024-08-27,1000000.00,3.724503,102.422125
14:48:20,91282CLD1,TSRYS5850288,D,S,C,2024-08-27,1000000.00,3.724544,102.421875
14:48:20,91282CLD1,TSRYS5850288,D,S,C,2024-08-27,1000000.00,3.724511,102.422075
14:48:31,91282CLD1,TSRYS5850288,D,S,C,2024-08-27,1000000.00,3.724544,102.421875
14:48:31,91282CLD1,TSRYS5850288,D,S,C,2024-08-27,1000000.00,3.724544,102.421875
14:48:31,91282CLD1,TSRYS5850288,D,B,C,2024-08-27,1000000.00,3.724585,102.421625
14:48:31,91282CLD1,TSRYS5850288,D,S,C,2024-08-27,1000000.00,3.724544,102.421875
14:48:31,91282CLD1,TSRYS5850288,D,S,D,2024-08-27,1000000.00,3.723271,102.4296875
14:48:32,91282CLD1,TSRYS5850288,D,B,C,2024-08-27,1000000.00,3.723271,102.4296875
14:48:47,91282CLD1,TSRYS5850288,D,S,D,2024-08-27,5000000.00,3.723271,102.4296875
14:48:47,91282CLD1,TSRYS5850288,D,S,D,2024-08-27,1000000.00,3.723271,102.4296875
14:48:47,91282CLD1,TSRYS5850288,D,S,D,2024-08-27,1000000.00,3.723271,102.4296875
14:48:47,91282CLD1,TSRYS5850288,D,S,D,2024-08-27,1000000.00,3.723271,102.4296875
14:48:47,91282CLD1,TSRYS5850288,D,S,D,2024-08-27,1000000.00,3.723271,102.4296875
14:49:22,91282CLD1,TSRYS5850288,D,S,D,2024-08-27,1000000.00,3.723296,102.4295372596
14:49:41,91282CLD1,TSRYS5850288,D,S,D,2024-08-27,1000000.00,3.724544,102.421875
14:49:41,91282CLD1,TSRYS5850288,D,S,D,2024-08-27,1000000.00,3.724544,102.421875
14:49:42,91282CLD1,TSRYS5850288,D,S,C,2024-08-27,1000000.00,3.724226,102.423828125
14:49:43,91282CLD1,TSRYS5850288,D,B,C,2024-08-27,1000000.00,3.724226,102.423828125
14:49:43,91282CLD1,TSRYS5850288,D,S,D,2024-08-27,1000000.00,3.724226,102.423828125
14:49:48,91282CLD1,TSRYS5850288,D,S,C,2024-08-27,9800000.00,3.8344,101.75
14:49:50,91282CLD1,TSRYS5850288,D,S,T,2024-08-27,1000000.00,3.724544,102.421875
14:49:50,91282CLD1,TSRYS5850288,D,S,T,2024-08-27,1000000.00,3.724544,102.421875
14:49:56,91282CLD1,TSRYS5850288,D,S,C,2024-08-27,1000000.00,3.724544,102.421875
14:49:59,91282CLD1,TSRYS5850288,D,S,D,2024-08-27,1000000.00,3.724544,102.421875
14:50:00,91282CLD1,TSRYS5850288,D,S,D,2024-08-27,1000000.00,3.724544,102.421875
14:50:03,91282CLD1,TSRYS5850288,D,S,T,2024-08-27,1000000.00,3.724544,102.421875
14:50:09,91282CLD1,TSRYS5850288,D,S,T,2024-08-27,1000000.00,3.724544,102.421875
14:50:13,91282CLD1,TSRYS5850288,D,S,T,2024-08-27,1000000.00,3.725816,102.4140625
14:50:14,91282CLD1,TSRYS5850288,D,S,T,2024-08-27,1000000.00,3.725816,102.4140625
14:50:14,91282CLD1,TSRYS5850288,D,S,D,2024-08-27,1000000.00,3.725816,102.4140625
14:50:14,91282CLD1,TSRYS5850288,D,S,T,2024-08-27,1000000.00,3.725816,102.4140625
14:50:14,91282CLD1,TSRYS5850288,D,S,T,2024-08-27,1000000.00,3.725816,102.4140625
14:50:16,91282CLD1,TSRYS5850288,D,S,D,2024-08-27,1000000.00,3.725816,102.4140625
14:50:17,91282CLD1,TSRYS5850288,D,S,D,2024-08-27,1000000.00,3.725816,102.4140625
14:50:17,91282CLD1,TSRYS5850288,D,S,D,2024-08-27,1000000.00,3.725816,102.4140625
14:50:18,91282CLD1,TSRYS5850288,D,S,D,2024-08-27,1000000.00,3.725816,102.4140625
14:50:18,91282CLD1,TSRYS5850288,D,S,T,2024-08-27,1000000.00,3.725816,102.4140625
14:50:18,91282CLD1,TSRYS5850288,D,S,C,2024-08-27,1000000.00,3.725816,102.4140625
14:50:18,91282CLD1,TSRYS5850288,D,S,C,2024-08-27,1000000.00,3.725816,102.4140625
14:50:19,91282CLD1,TSRYS5850288,D,S,D,2024-08-27,3000000.00,3.724862,102.419921875
14:50:20,91282CLD1,TSRYS5850288,D,S,D,2024-08-27,1000000.00,3.724544,102.421875
14:50:21,91282CLD1,TSRYS5850288,D,S,T,2024-08-27,1000000.00,3.725816,102.4140625
14:50:21,91282CLD1,TSRYS5850288,D,S,T,2024-08-27,1000000.00,3.725816,102.4140625
14:50:37,91282CLD1,TSRYS5850288,D,S,C,2024-08-27,59000.00,3.724479,102.422275
14:50:40,91282CLD1,TSRYS5850288,D,S,T,2024-08-27,1000000.00,3.725816,102.4140625
14:50:40,91282CLD1,TSRYS5850288,D,S,D,2024-08-27,1000000.00,3.725816,102.4140625
14:50:40,91282CLD1,TSRYS5850288,D,S,D,2024-08-27,1000000.00,3.725816,102.4140625
14:50:40,91282CLD1,TSRYS5850288,D,S,T,2024-08-27,1000000.00,3.725816,102.4140625
14:50:43,91282CLD1,TSRYS5850288,D,S,T,2024-08-27,1000000.00,3.725816,102.4140625
14:50:54,91282CLD1,TSRYS5850288,D,B,C,2024-08-27,2000000.00,3.725498,102.41601562
14:50:54,91282CLD1,TSRYS5850288,D,B,C,2024-08-27,1000000.00,3.725498,102.41601562
14:51:04,91282CLD1,TSRYS5850288,D,S,D,2024-08-27,1000000.00,3.725816,102.4140625
14:51:04,91282CLD1,TSRYS5850288,D,S,D,2024-08-27,1000000.00,3.725816,102.4140625
14:51:17,91282CLD1,TSRYS5850288,D,S,C,2024-08-27,1000000.00,3.725498,102.416015625
14:51:19,91282CLD1,TSRYS5850288,D,S,D,2024-08-27,1000000.00,3.725816,102.4140625
14:51:21,91282CLD1,TSRYS5850288,D,S,D,2024-08-27,1000000.00,3.725498,102.416015625
14:51:21,91282CLD1,TSRYS5850288,D,B,C,2024-08-27,1000000.00,3.725498,102.416015625
14:51:23,91282CLD1,TSRYS5850288,D,S,D,2024-08-27,1000000.00,3.725663,102.4150022111
14:51:30,91282CLD1,TSRYS5850288,D,S,T,2024-08-27,1000000.00,3.726453,102.41015625
14:51:30,91282CLD1,TSRYS5850288,D,S,T,2024-08-27,1000000.00,3.726453,102.41015625
14:51:33,91282CLD1,TSRYS5850288,D,S,T,2024-08-27,1000000.00,3.726469,102.41005625
14:51:33,91282CLD1,TSRYS5850288,D,S,T,2024-08-27,2000000.00,3.726787,102.408103125
14:51:33,91282CLD1,TSRYS5850288,D,S,T,2024-08-27,1000000.00,3.726787,102.408103125
14:51:33,91282CLD1,TSRYS5850288,D,S,C,2024-08-27,1000000.00,3.72642,102.41035625
14:51:33,91282CLD1,TSRYS5850288,D,S,C,2024-08-27,2000000.00,3.726771,102.408203125
14:51:33,91282CLD1,TSRYS5850288,D,S,D,2024-08-27,1000000.00,3.726771,102.408203125
14:51:34,91282CLD1,TSRYS5850288,D,S,D,2024-08-27,1000000.00,3.727089,102.40625
14:51:34,91282CLD1,TSRYS5850288,D,S,D,2024-08-27,1000000.00,3.727089,102.40625
14:51:34,91282CLD1,TSRYS5850288,D,S,D,2024-08-27,1000000.00,3.725816,102.4140625
14:51:35,91282CLD1,TSRYS5850288,D,S,D,2024-08-27,1000000.00,3.726453,102.41015625
14:51:35,91282CLD1,TSRYS5850288,D,S,D,2024-08-27,1000000.00,3.726453,102.41015625
14:51:37,91282CLD1,TSRYS5850288,D,S,D,2024-08-27,2000000.00,3.726453,102.41015625
14:51:37,91282CLD1,TSRYS5850288,D,S,D,2024-08-27,4000000.00,3.726771,102.408203125
14:51:37,91282CLD1,TSRYS5850288,D,S,C,2024-08-27,1000000.00,3.727089,102.40625
14:51:37,91282CLD1,TSRYS5850288,D,S,C,2024-08-27,1000000.00,3.727089,102.40625
14:51:37,91282CLD1,TSRYS5850288,D,S,D,2024-08-27,4000000.00,3.727089,102.40625
14:51:37,91282CLD1,TSRYS5850288,D,S,D,2024-08-27,6000000.00,3.727089,102.40655
14:51:39,91282CLD1,TSRYS5850288,D,S,D,2024-08-27,4000000.00,3.727089,102.40625
14:51:39,91282CLD1,TSRYS5850288,D,S,D,2024-08-27,1000000.00,3.726771,102.408203125
14:51:39,91282CLD1,TSRYS5850288,D,S,D,2024-08-27,1000000.00,3.726771,102.408203125
14:51:44,91282CLD1,TSRYS5850288,D,S,D,2024-08-27,3000000.00,3.727089,102.40625
14:51:44,91282CLD1,TSRYS5850288,D,S,D,2024-08-27,3000000.00,3.727089,102.40625
14:51:46,91282CLD1,TSRYS5850288,D,S,D,2024-08-27,19000000.00,3.727089,102.40625
14:51:46,91282CLD1,TSRYS5850288,D,S,T,2024-08-27,2000000.00,3.726453,102.41015625
14:51:46,91282CLD1,TSRYS5850288,D,S,T,2024-08-27,4000000.00,3.727089,102.40625
14:51:47,91282CLD1,TSRYS5850288,D,S,T,2024-08-27,6000000.00,3.727089,102.40625
14:51:47,91282CLD1,TSRYS5850288,D,S,T,2024-08-27,1000000.00,3.727089,102.40625
14:51:48,91282CLD1,TSRYS5850288,D,S,T,2024-08-27,1000000.00,3.727089,102.40625
14:51:48,91282CLD1,TSRYS5850288,D,S,T,2024-08-27,4000000.00,3.726771,102.40820313
14:51:48,91282CLD1,TSRYS5850288,D,S,T,2024-08-27,2000000.00,3.727089,102.40625
14:51:48,91282CLD1,TSRYS5850288,D,S,T,2024-08-27,1000000.00,3.727089,102.40625
14:51:49,91282CLD1,TSRYS5850288,D,S,T,2024-08-27,1000000.00,3.727089,102.40625
14:51:49,91282CLD1,TSRYS5850288,D,S,T,2024-08-27,1000000.00,3.727089,102.40625
14:51:49,91282CLD1,TSRYS5850288,D,S,T,2024-08-27,1000000.00,3.727089,102.40625
14:51:49,91282CLD1,TSRYS5850288,D,S,T,2024-08-27,1000000.00,3.727089,102.40625
14:51:49,91282CLD1,TSRYS5850288,D,S,T,2024-08-27,1000000.00,3.727089,102.40625
14:51:49,91282CLD1,TSRYS5850288,D,S,T,2024-08-27,3000000.00,3.727089,102.40625
14:51:50,91282CLD1,TSRYS5850288,D,S,T,2024-08-27,1000000.00,3.727089,102.40625
14:51:50,91282CLD1,TSRYS5850288,D,S,T,2024-08-27,1000000.00,3.727089,102.40625
14:51:52,91282CLD1,TSRYS5850288,D,S,C,2024-08-27,1000000.00,3.725816,102.4140625
14:52:00,91282CLD1,TSRYS5850288,D,S,T,2024-08-27,1000000.00,3.725816,102.4140625
14:52:00,91282CLD1,TSRYS5850288,D,S,T,2024-08-27,1000000.00,3.724544,102.421875
14:52:00,91282CLD1,TSRYS5850288,D,B,C,2024-08-27,10000000.00,3.725816,102.4140625
14:52:01,91282CLD1,TSRYS5850288,D,S,T,2024-08-27,1000000.00,3.725816,102.4140625
14:52:01,91282CLD1,TSRYS5850288,D,S,T,2024-08-27,1000000.00,3.724544,102.421875
14:52:02,91282CLD1,TSRYS5850288,D,S,T,2024-08-27,1000000.00,3.724544,102.421875
14:52:03,91282CLD1,TSRYS5850288,D,S,D,2024-08-27,1000000.00,3.724862,102.419921875
14:52:07,91282CLD1,TSRYS5850288,D,S,D,2024-08-27,4000000.00,3.727089,102.40625
14:52:08,91282CLD1,TSRYS5850288,D,S,T,2024-08-27,1000000.00,3.724862,102.419921875
14:52:10,91282CLD1,TSRYS5850288,D,S,D,2024-08-27,1000000.00,3.724544,102.421875
14:52:10,91282CLD1,TSRYS5850288,D,S,T,2024-08-27,1000000.00,3.724544,102.421875
14:52:11,91282CLD1,TSRYS5850288,D,S,T,2024-08-27,1000000.00,3.724544,102.421875
14:52:12,91282CLD1,TSRYS5850288,D,S,T,2024-08-27,2000000.00,3.724544,102.421875
14:52:12,91282CLD1,TSRYS5850288,D,S,T,2024-08-27,1000000.00,3.724544,102.421875
14:52:14,91282CLD1,TSRYS5850288,D,S,D,2024-08-27,1000000.00,3.724544,102.421875
14:52:15,91282CLD1,TSRYS5850288,D,S,D,2024-08-27,1000000.00,3.724544,102.421875
14:52:15,91282CLD1,TSRYS5850288,D,S,C,2024-08-27,2000000.00,3.724544,102.421875
14:52:15,91282CLD1,TSRYS5850288,D,S,D,2024-08-27,1000000.00,3.724544,102.421875
14:52:15,91282CLD1,TSRYS5850288,D,S,D,2024-08-27,1000000.00,3.724544,102.421875
14:52:16,91282CLD1,TSRYS5850288,D,S,T,2024-08-27,1000000.00,3.724544,102.421875
14:52:16,91282CLD1,TSRYS5850288,D,S,T,2024-08-27,1000000.00,3.724544,102.421875
14:52:16,91282CLD1,TSRYS5850288,D,S,T,2024-08-27,2000000.00,3.724226,102.423828125
14:52:16,91282CLD1,TSRYS5850288,D,S,T,2024-08-27,1000000.00,3.724544,102.421875
14:52:16,91282CLD1,TSRYS5850288,D,S,T,2024-08-27,1000000.00,3.724544,102.421875
14:52:16,91282CLD1,TSRYS5850288,D,S,T,2024-08-27,2000000.00,3.724544,102.421875
14:52:16,91282CLD1,TSRYS5850288,D,S,T,2024-08-27,1000000.00,3.724544,102.421875
14:52:17,91282CLD1,TSRYS5850288,D,S,T,2024-08-27,1000000.00,3.724544,102.421875
14:52:19,91282CLD1,TSRYS5850288,D,S,D,2024-08-27,2000000.00,3.724226,102.423828125
14:52:22,91282CLD1,TSRYS5850288,D,S,C,2024-08-27,2000000.00,3.727065,102.4064
14:52:22,91282CLD1,TSRYS5850288,D,S,C,2024-08-27,1000000.00,3.727048,102.4065
14:52:22,91282CLD1,TSRYS5850288,D,S,C,2024-08-27,1000000.00,3.727048,102.4065
14:52:22,91282CLD1,TSRYS5850288,D,S,C,2024-08-27,1000000.00,3.727089,102.40625
14:52:22,91282CLD1,TSRYS5850288,D,S,D,2024-08-27,1000000.00,3.727089,102.40625
14:52:22,91282CLD1,TSRYS5850288,D,S,C,2024-08-27,1000000.00,3.727089,102.40625
14:52:22,91282CLD1,TSRYS5850288,D,S,C,2024-08-27,1000000.00,3.727065,102.4064
14:52:22,91282CLD1,TSRYS5850288,D,S,C,2024-08-27,1000000.00,3.727089,102.40625
14:52:22,91282CLD1,TSRYS5850288,D,S,D,2024-08-27,3000000.00,3.727089,102.40625
14:52:22,91282CLD1,TSRYS5850288,D,S,C,2024-08-27,1000000.00,3.727089,102.40625
14:52:30,91282CLD1,TSRYS5850288,D,S,T,2024-08-27,1000000.00,3.724226,102.423828125
14:52:30,91282CLD1,TSRYS5850288,D,S,T,2024-08-27,1000000.00,3.724226,102.423828125
14:52:30,91282CLD1,TSRYS5850288,D,S,D,2024-08-27,1000000.00,3.724544,102.421875
14:52:30,91282CLD1,TSRYS5850288,D,S,D,2024-08-27,2000000.00,3.724226,102.423828125
14:52:30,91282CLD1,TSRYS5850288,D,B,C,2024-08-27,2000000.00,3.724226,102.423828125
14:52:30,91282CLD1,TSRYS5850288,D,S,D,2024-08-27,2000000.00,3.724226,102.423828125
14:52:30,91282CLD1,TSRYS5850288,D,S,C,2024-08-27,2000000.00,3.724544,102.421875
14:52:30,91282CLD1,TSRYS5850288,D,B,C,2024-08-27,2000000.00,3.724226,102.423828125
14:52:30,91282CLD1,TSRYS5850288,D,S,D,2024-08-27,2000000.00,3.724226,102.423828125
14:52:31,91282CLD1,TSRYS5850288,D,S,T,2024-08-27,2000000.00,3.724226,102.423828125
14:52:32,91282CLD1,TSRYS5850288,D,S,T,2024-08-27,1000000.00,3.724544,102.421875
14:52:32,91282CLD1,TSRYS5850288,D,S,T,2024-08-27,2000000.00,3.724544,102.421875
14:52:32,91282CLD1,TSRYS5850288,D,S,T,2024-08-27,1000000.00,3.724544,102.421875
14:52:32,91282CLD1,TSRYS5850288,D,S,T,2024-08-27,1000000.00,3.724544,102.421875
14:52:32,91282CLD1,TSRYS5850288,D,S,T,2024-08-27,1000000.00,3.724544,102.421875
14:52:32,91282CLD1,TSRYS5850288,D,S,T,2024-08-27,1000000.00,3.724544,102.421875
14:52:32,91282CLD1,TSRYS5850288,D,S,T,2024-08-27,1000000.00,3.724544,102.421875
14:52:34,91282CLD1,TSRYS5850288,D,S,D,2024-08-27,2000000.00,3.724226,102.423828125
14:52:34,91282CLD1,TSRYS5850288,D,S,D,2024-08-27,1000000.00,3.724544,102.421875
14:52:34,91282CLD1,TSRYS5850288,D,S,D,2024-08-27,1000000.00,3.724544,102.421875
14:52:34,91282CLD1,TSRYS5850288,D,S,D,2024-08-27,1000000.00,3.724226,102.423828125
14:52:34,91282CLD1,TSRYS5850288,D,S,D,2024-08-27,1000000.00,3.724226,102.423828125
14:52:38,91282CLD1,TSRYS5850288,D,S,C,2024-08-27,1000000.00,3.725784,102.4142625
14:52:38,91282CLD1,TSRYS5850288,D,S,C,2024-08-27,1000000.00,3.725784,102.4142625
14:52:38,91282CLD1,TSRYS5850288,D,B,C,2024-08-27,1000000.00,3.725816,102.4140625
14:52:38,91282CLD1,TSRYS5850288,D,S,C,2024-08-27,1000000.00,3.725784,102.4142625
14:52:38,91282CLD1,TSRYS5850288,D,B,C,2024-08-27,1000000.00,3.725865,102.4137625
14:52:38,91282CLD1,TSRYS5850288,D,S,C,2024-08-27,1000000.00,3.725784,102.4142625
14:52:38,91282CLD1,TSRYS5850288,D,S,C,2024-08-27,1000000.00,3.724511,102.422075
14:52:38,91282CLD1,TSRYS5850288,D,S,C,2024-08-27,1000000.00,3.724511,102.422075
14:52:38,91282CLD1,TSRYS5850288,D,S,D,2024-08-27,1000000.00,3.724544,102.421875
14:52:38,91282CLD1,TSRYS5850288,D,S,D,2024-08-27,1000000.00,3.724544,102.421875
14:52:48,91282CLD1,TSRYS5850288,D,S,C,2024-08-27,1000000.00,3.724862,102.41992187
14:52:49,91282CLD1,TSRYS5850288,D,S,C,2024-08-27,1000000.00,3.724862,102.41992187
14:52:50,91282CLD1,TSRYS5850288,D,S,C,2024-08-27,1000000.00,3.724511,102.422075
14:52:50,91282CLD1,TSRYS5850288,D,B,C,2024-08-27,1000000.00,3.724544,102.421875
14:52:50,91282CLD1,TSRYS5850288,D,S,D,2024-08-27,2000000.00,3.724544,102.421875
14:52:50,91282CLD1,TSRYS5850288,D,S,D,2024-08-27,1000000.00,3.724519,102.422025
14:52:50,91282CLD1,TSRYS5850288,D,S,D,2024-08-27,1000000.00,3.724544,102.421875
14:52:50,91282CLD1,TSRYS5850288,D,S,D,2024-08-27,1000000.00,3.724544,102.421875
14:53:05,91282CLD1,TSRYS5850288,D,S,C,2024-08-27,1000000.00,3.724503,102.422125
14:53:05,91282CLD1,TSRYS5850288,D,S,D,2024-08-27,1000000.00,3.724544,102.421875
14:53:05,91282CLD1,TSRYS5850288,D,S,D,2024-08-27,1000000.00,3.724544,102.421875
14:53:09,91282CLD1,TSRYS5850288,D,S,T,2024-08-27,1000000.00,3.724226,102.423828125
14:53:09,91282CLD1,TSRYS5850288,D,S,T,2024-08-27,1000000.00,3.724226,102.423828125
14:53:09,91282CLD1,TSRYS5850288,D,S,T,2024-08-27,1000000.00,3.724544,102.421875
14:53:09,91282CLD1,TSRYS5850288,D,S,T,2024-08-27,1000000.00,3.724544,102.421875
14:53:10,91282CLD1,TSRYS5850288,D,B,C,2024-08-27,2000000.00,3.724226,102.423828125
14:53:10,91282CLD1,TSRYS5850288,D,S,D,2024-08-27,2000000.00,3.724226,102.423828125
14:53:12,91282CLD1,TSRYS5850288,D,S,C,2024-08-27,1000000.00,3.724544,102.421875
14:53:12,91282CLD1,TSRYS5850288,D,S,D,2024-08-27,1000000.00,3.724544,102.421875
14:53:12,91282CLD1,TSRYS5850288,D,S,D,2024-08-27,1000000.00,3.724544,102.421875
14:53:13,91282CLD1,TSRYS5850288,D,S,T,2024-08-27,1000000.00,3.724544,102.421875
14:53:13,91282CLD1,TSRYS5850288,D,S,T,2024-08-27,1000000.00,3.724544,102.421875
14:53:13,91282CLD1,TSRYS5850288,D,S,T,2024-08-27,1000000.00,3.724544,102.421875
14:53:13,91282CLD1,TSRYS5850288,D,S,T,2024-08-27,1000000.00,3.724544,102.421875
14:53:13,91282CLD1,TSRYS5850288,D,S,T,2024-08-27,1000000.00,3.724544,102.421875
14:53:14,91282CLD1,TSRYS5850288,D,S,T,2024-08-27,1000000.00,3.724544,102.421875
14:53:14,91282CLD1,TSRYS5850288,D,S,T,2024-08-27,1000000.00,3.724544,102.421875
14:53:14,91282CLD1,TSRYS5850288,D,B,C,2024-08-27,10000000.00,3.724544,102.421875
14:53:14,91282CLD1,TSRYS5850288,D,S,T,2024-08-27,1000000.00,3.724544,102.421875
14:53:14,91282CLD1,TSRYS5850288,D,S,D,2024-08-27,1000000.00,3.724226,102.423828125
14:53:14,91282CLD1,TSRYS5850288,D,S,D,2024-08-27,1000000.00,3.724226,102.423828125
14:53:14,91282CLD1,TSRYS5850288,D,S,T,2024-08-27,1000000.00,3.724544,102.421875
14:53:14,91282CLD1,TSRYS5850288,D,S,T,2024-08-27,1000000.00,3.724544,102.421875
14:53:16,91282CLD1,TSRYS5850288,D,S,C,2024-08-27,1000000.00,3.724544,102.421875
14:53:16,91282CLD1,TSRYS5850288,D,S,C,2024-08-27,1000000.00,3.724544,102.421875
14:53:20,91282CLD1,TSRYS5850288,D,B,C,2024-08-27,2000000.00,3.724226,102.423828125
14:53:20,91282CLD1,TSRYS5850288,D,S,D,2024-08-27,2000000.00,3.724226,102.423828125
14:53:27,91282CLD1,TSRYS5850288,D,S,T,2024-08-27,2000000.00,3.724226,102.423828125
14:53:32,91282CLD1,TSRYS5850288,D,S,D,2024-08-27,2000000.00,3.724226,102.423828125
14:53:32,91282CLD1,TSRYS5850288,D,S,C,2024-08-27,1000000.00,3.724544,102.421875
14:53:33,91282CLD1,TSRYS5850288,D,B,C,2024-08-27,1000000.00,3.724544,102.421875
14:53:33,91282CLD1,TSRYS5850288,D,S,D,2024-08-27,1000000.00,3.724544,102.421875
14:53:35,91282CLD1,TSRYS5850288,D,S,D,2024-08-27,1000000.00,3.724544,102.421875
14:53:35,91282CLD1,TSRYS5850288,D,S,D,2024-08-27,1000000.00,3.724544,102.421875
14:53:37,91282CLD1,TSRYS5850288,D,B,C,2024-08-27,730000.00,3.723973,102.42538125
14:53:50,91282CLD1,TSRYS5850288,D,S,C,2024-08-27,1000000.00,3.724503,102.422125
14:53:50,91282CLD1,TSRYS5850288,D,S,D,2024-08-27,1000000.00,3.724544,102.421875
14:53:50,91282CLD1,TSRYS5850288,D,S,C,2024-08-27,1000000.00,3.724544,102.421875
14:53:50,91282CLD1,TSRYS5850288,D,S,D,2024-08-27,1000000.00,3.724544,102.421875
14:53:50,91282CLD1,TSRYS5850288,D,S,C,2024-08-27,1000000.00,3.724544,102.421875
14:54:02,91282CLD1,TSRYS5850288,D,B,C,2024-08-27,2000000.00,3.724226,102.423828125
14:54:02,91282CLD1,TSRYS5850288,D,S,D,2024-08-27,2000000.00,3.724226,102.423828125
14:54:09,91282CLD1,TSRYS5850288,D,S,A,2024-08-27,50000.00,3.723271,102.4296875
14:54:19,91282CLD1,TSRYS5850288,D,S,D,2024-08-27,1000000.00,3.724226,102.423828125
14:54:20,91282CLD1,TSRYS5850288,D,B,C,2024-08-27,1000000.00,3.724226,102.423828125
14:54:20,91282CLD1,TSRYS5850288,D,S,D,2024-08-27,1000000.00,3.724226,102.423828125
14:54:20,91282CLD1,TSRYS5850288,D,B,C,2024-08-27,1000000.00,3.724226,102.423828125
14:54:20,91282CLD1,TSRYS5850288,D,B,C,2024-08-27,1000000.00,3.724226,102.423828125
14:54:20,91282CLD1,TSRYS5850288,D,S,D,2024-08-27,2000000.00,3.724226,102.423828125
14:54:20,91282CLD1,TSRYS5850288,D,B,C,2024-08-27,1000000.00,3.724226,102.423828125
14:54:20,91282CLD1,TSRYS5850288,D,B,C,2024-08-27,1000000.00,3.724226,102.423828125
14:54:20,91282CLD1,TSRYS5850288,D,S,D,2024-08-27,1000000.00,3.724226,102.423828125
14:54:20,91282CLD1,TSRYS5850288,D,B,C,2024-08-27,1000000.00,3.724226,102.423828125
14:54:20,91282CLD1,TSRYS5850288,D,S,D,2024-08-27,1000000.00,3.724226,102.423828125
14:54:21,91282CLD1,TSRYS5850288,D,S,D,2024-08-27,1000000.00,3.724544,102.421875
14:54:21,91282CLD1,TSRYS5850288,D,S,D,2024-08-27,1000000.00,3.724544,102.421875
14:54:22,91282CLD1,TSRYS5850288,D,S,C,2024-08-27,2000000.00,3.724544,102.421875
14:54:22,91282CLD1,TSRYS5850288,D,S,D,2024-08-27,1000000.00,3.724544,102.421875
14:54:22,91282CLD1,TSRYS5850288,D,S,T,2024-08-27,1000000.00,3.724544,102.421875
14:54:23,91282CLD1,TSRYS5850288,D,S,T,2024-08-27,1000000.00,3.724544,102.421875
14:54:23,91282CLD1,TSRYS5850288,D,S,T,2024-08-27,1000000.00,3.724544,102.421875
14:54:23,91282CLD1,TSRYS5850288,D,S,T,2024-08-27,1000000.00,3.724544,102.421875
14:54:23,91282CLD1,TSRYS5850288,D,S,T,2024-08-27,1000000.00,3.724544,102.421875
14:54:23,91282CLD1,TSRYS5850288,D,S,T,2024-08-27,1000000.00,3.724544,102.421875
14:54:23,91282CLD1,TSRYS5850288,D,S,T,2024-08-27,1000000.00,3.724544,102.421875
14:54:23,91282CLD1,TSRYS5850288,D,S,T,2024-08-27,2000000.00,3.724544,102.421875
14:54:24,91282CLD1,TSRYS5850288,D,S,T,2024-08-27,1000000.00,3.724544,102.421875
14:54:26,91282CLD1,TSRYS5850288,D,S,C,2024-08-27,1000000.00,3.724544,102.421875
14:54:26,91282CLD1,TSRYS5850288,D,S,C,2024-08-27,1000000.00,3.724544,102.421875
14:54:35,91282CLD1,TSRYS5850288,D,S,T,2024-08-27,4000000.00,3.727114,102.406098
14:54:35,91282CLD1,TSRYS5850288,D,S,T,2024-08-27,1000000.00,3.727089,102.40625
14:54:35,91282CLD1,TSRYS5850288,D,S,T,2024-08-27,1000000.00,3.727089,102.40625
14:54:47,91282CLD1,TSRYS5850288,D,S,T,2024-08-27,1000000.00,3.724544,102.421875
14:54:51,91282CLD1,TSRYS5850288,D,S,D,2024-08-27,1000000.00,3.724544,102.421875
14:54:51,91282CLD1,TSRYS5850288,D,S,C,2024-08-27,1000000.00,3.724544,102.421875
14:54:51,91282CLD1,TSRYS5850288,D,S,D,2024-08-27,1000000.00,3.724544,102.421875
14:55:02,91282CLD1,TSRYS5850288,D,S,D,2024-08-27,580000.00,3.72518,102.41796875
14:55:02,91282CLD1,TSRYS5850288,D,S,D,2024-08-27,580000.00,3.725068,102.418658405
14:55:24,91282CLD1,TSRYS5850288,D,S,C,2024-08-27,1000000.00,3.724495,102.422175
14:55:33,91282CLD1,TSRYS5850288,D,S,T,2024-08-27,2000000.00,3.726453,102.41015625
14:55:38,91282CLD1,TSRYS5850288,D,S,D,2024-08-27,2000000.00,3.726453,102.41015625
14:55:38,91282CLD1,TSRYS5850288,D,S,T,2024-08-27,1000000.00,3.726787,102.408103125
14:55:38,91282CLD1,TSRYS5850288,D,S,T,2024-08-27,1000000.00,3.726787,102.408103125
14:55:38,91282CLD1,TSRYS5850288,D,S,T,2024-08-27,2000000.00,3.726787,102.408103125
14:55:38,91282CLD1,TSRYS5850288,D,S,D,2024-08-27,1000000.00,3.726771,102.408203125
14:55:38,91282CLD1,TSRYS5850288,D,S,C,2024-08-27,1000000.00,3.726738,102.408403125
14:55:38,91282CLD1,TSRYS5850288,D,S,D,2024-08-27,1000000.00,3.727089,102.40625
14:55:38,91282CLD1,TSRYS5850288,D,S,C,2024-08-27,2000000.00,3.726771,102.408203125
14:55:38,91282CLD1,TSRYS5850288,D,S,D,2024-08-27,1000000.00,3.727089,102.40625
14:55:39,91282CLD1,TSRYS5850288,D,S,D,2024-08-27,1000000.00,3.727089,102.40625
14:55:39,91282CLD1,TSRYS5850288,D,S,C,2024-08-27,2000000.00,3.727089,102.40625
14:55:39,91282CLD1,TSRYS5850288,D,S,D,2024-08-27,1000000.00,3.727089,102.40625
14:55:40,91282CLD1,TSRYS5850288,D,S,T,2024-08-27,1000000.00,3.727089,102.40625
14:55:40,91282CLD1,TSRYS5850288,D,S,D,2024-08-27,1000000.00,3.727089,102.40625
14:55:40,91282CLD1,TSRYS5850288,D,S,D,2024-08-27,1000000.00,3.727089,102.40625
14:55:41,91282CLD1,TSRYS5850288,D,S,D,2024-08-27,2000000.00,3.727089,102.40625
14:55:41,91282CLD1,TSRYS5850288,D,S,D,2024-08-27,1000000.00,3.727089,102.40625
14:55:41,91282CLD1,TSRYS5850288,D,S,D,2024-08-27,2000000.00,3.727089,102.40625
14:55:41,91282CLD1,TSRYS5850288,D,S,D,2024-08-27,1000000.00,3.727089,102.40625
14:55:41,91282CLD1,TSRYS5850288,D,S,T,2024-08-27,1000000.00,3.727089,102.40625
14:55:41,91282CLD1,TSRYS5850288,D,S,T,2024-08-27,1000000.00,3.727089,102.40625
14:55:41,91282CLD1,TSRYS5850288,D,S,D,2024-08-27,1000000.00,3.727089,102.40625
14:55:41,91282CLD1,TSRYS5850288,D,S,T,2024-08-27,2000000.00,3.727089,102.40625
14:55:41,91282CLD1,TSRYS5850288,D,S,T,2024-08-27,1000000.00,3.727089,102.40625
14:55:41,91282CLD1,TSRYS5850288,D,S,T,2024-08-27,1000000.00,3.727089,102.40625
14:55:41,91282CLD1,TSRYS5850288,D,S,T,2024-08-27,1000000.00,3.727089,102.40625
14:55:41,91282CLD1,TSRYS5850288,D,S,T,2024-08-27,1000000.00,3.727089,102.40625
14:55:41,91282CLD1,TSRYS5850288,D,S,T,2024-08-27,1000000.00,3.727089,102.40625
14:55:42,91282CLD1,TSRYS5850288,D,S,T,2024-08-27,1000000.00,3.727089,102.40625
14:55:42,91282CLD1,TSRYS5850288,D,S,T,2024-08-27,1000000.00,3.727089,102.40625
14:55:42,91282CLD1,TSRYS5850288,D,S,T,2024-08-27,1000000.00,3.727089,102.40625
14:55:42,91282CLD1,TSRYS5850288,D,S,T,2024-08-27,1000000.00,3.727089,102.40625
14:55:42,91282CLD1,TSRYS5850288,D,S,T,2024-08-27,1000000.00,3.727089,102.40625
14:55:42,91282CLD1,TSRYS5850288,D,S,T,2024-08-27,1000000.00,3.727089,102.40625
14:55:42,91282CLD1,TSRYS5850288,D,S,D,2024-08-27,1000000.00,3.727089,102.40625
14:55:42,91282CLD1,TSRYS5850288,D,S,D,2024-08-27,2000000.00,3.727089,102.40625
14:55:42,91282CLD1,TSRYS5850288,D,S,D,2024-08-27,2000000.00,3.727089,102.40625
14:55:42,91282CLD1,TSRYS5850288,D,S,D,2024-08-27,1000000.00,3.727089,102.40625
14:55:42,91282CLD1,TSRYS5850288,D,S,T,2024-08-27,1000000.00,3.727089,102.40625
14:55:42,91282CLD1,TSRYS5850288,D,S,T,2024-08-27,1000000.00,3.727089,102.40625
14:55:43,91282CLD1,TSRYS5850288,D,S,D,2024-08-27,4000000.00,3.727089,102.40625
14:55:43,91282CLD1,TSRYS5850288,D,S,D,2024-08-27,6000000.00,3.727089,102.40655
14:55:43,91282CLD1,TSRYS5850288,D,S,C,2024-08-27,4000000.00,3.727089,102.40625
14:55:43,91282CLD1,TSRYS5850288,D,S,D,2024-08-27,1000000.00,3.726771,102.408203125
14:55:43,91282CLD1,TSRYS5850288,D,S,D,2024-08-27,1000000.00,3.727089,102.40625
14:55:44,91282CLD1,TSRYS5850288,D,S,T,2024-08-27,1000000.00,3.727089,102.40625
14:55:44,91282CLD1,TSRYS5850288,D,S,T,2024-08-27,1000000.00,3.727089,102.40625
14:55:44,91282CLD1,TSRYS5850288,D,S,T,2024-08-27,1000000.00,3.727089,102.40625
14:55:44,91282CLD1,TSRYS5850288,D,S,D,2024-08-27,2000000.00,3.727089,102.40625
14:55:44,91282CLD1,TSRYS5850288,D,S,C,2024-08-27,1000000.00,3.727089,102.40625
14:55:44,91282CLD1,TSRYS5850288,D,S,C,2024-08-27,1000000.00,3.727089,102.40625
14:55:45,91282CLD1,TSRYS5850288,D,S,D,2024-08-27,1000000.00,3.727089,102.40625
14:55:45,91282CLD1,TSRYS5850288,D,S,T,2024-08-27,1000000.00,3.727089,102.40625
14:55:45,91282CLD1,TSRYS5850288,D,S,D,2024-08-27,1000000.00,3.727089,102.40625
14:55:46,91282CLD1,TSRYS5850288,D,S,D,2024-08-27,4000000.00,3.727089,102.40625
14:55:46,91282CLD1,TSRYS5850288,D,S,D,2024-08-27,1000000.00,3.727089,102.40625
14:55:46,91282CLD1,TSRYS5850288,D,S,D,2024-08-27,1000000.00,3.727089,102.40625
14:55:46,91282CLD1,TSRYS5850288,D,S,D,2024-08-27,1000000.00,3.727089,102.40625
14:55:46,91282CLD1,TSRYS5850288,D,S,T,2024-08-27,4000000.00,3.727089,102.40625
14:55:46,91282CLD1,TSRYS5850288,D,S,T,2024-08-27,6000000.00,3.727089,102.40625
14:55:46,91282CLD1,TSRYS5850288,D,S,T,2024-08-27,4000000.00,3.727089,102.40625
14:55:46,91282CLD1,TSRYS5850288,D,S,T,2024-08-27,1000000.00,3.727089,102.40625
14:55:47,91282CLD1,TSRYS5850288,D,S,T,2024-08-27,1000000.00,3.727089,102.40625
14:55:50,91282CLD1,TSRYS5850288,D,S,T,2024-08-27,1000000.00,3.727089,102.40625
14:55:51,91282CLD1,TSRYS5850288,D,S,T,2024-08-27,1000000.00,3.726771,102.40820313
14:55:51,91282CLD1,TSRYS5850288,D,S,T,2024-08-27,1000000.00,3.727089,102.40625
14:55:52,91282CLD1,TSRYS5850288,D,S,T,2024-08-27,1000000.00,3.727089,102.40625
14:55:52,91282CLD1,TSRYS5850288,D,S,T,2024-08-27,1000000.00,3.727089,102.40625
14:55:52,91282CLD1,TSRYS5850288,D,S,T,2024-08-27,1000000.00,3.727089,102.40625
14:55:52,91282CLD1,TSRYS5850288,D,S,T,2024-08-27,1000000.00,3.727089,102.40625
14:55:52,91282CLD1,TSRYS5850288,D,S,T,2024-08-27,1000000.00,3.727089,102.40625
14:55:55,91282CLD1,TSRYS5850288,D,S,D,2024-08-27,1000000.00,3.726726,102.4084764397
14:55:55,91282CLD1,TSRYS5850288,D,S,D,2024-08-27,1000000.00,3.726726,102.4084764397
14:56:05,91282CLD1,TSRYS5850288,D,S,D,2024-08-27,1000000.00,3.727089,102.40625
14:56:05,91282CLD1,TSRYS5850288,D,S,D,2024-08-27,1000000.00,3.727089,102.40625
14:56:05,91282CLD1,TSRYS5850288,D,S,D,2024-08-27,1000000.00,3.727089,102.40625
14:56:09,91282CLD1,TSRYS5850288,D,S,D,2024-08-27,2000000.00,3.727089,102.40625
14:56:09,91282CLD1,TSRYS5850288,D,S,C,2024-08-27,1000000.00,3.727089,102.40625
14:56:15,91282CLD1,TSRYS5850288,D,S,D,2024-08-27,1000000.00,3.727089,102.40625
14:56:15,91282CLD1,TSRYS5850288,D,S,D,2024-08-27,2000000.00,3.727089,102.40625
14:56:15,91282CLD1,TSRYS5850288,D,S,D,2024-08-27,1000000.00,3.727089,102.40625
14:56:18,91282CLD1,TSRYS5850288,D,S,D,2024-08-27,4000000.00,3.727089,102.40625
14:56:18,91282CLD1,TSRYS5850288,D,S,T,2024-08-27,2000000.00,3.727089,102.40625
14:56:18,91282CLD1,TSRYS5850288,D,S,T,2024-08-27,1000000.00,3.727089,102.40625
14:56:18,91282CLD1,TSRYS5850288,D,S,T,2024-08-27,1000000.00,3.727089,102.40625
14:56:18,91282CLD1,TSRYS5850288,D,S,T,2024-08-27,1000000.00,3.727089,102.40625
14:56:19,91282CLD1,TSRYS5850288,D,S,T,2024-08-27,4000000.00,3.727089,102.40625
14:56:19,91282CLD1,TSRYS5850288,D,S,T,2024-08-27,2000000.00,3.727089,102.40625
14:56:19,91282CLD1,TSRYS5850288,D,S,T,2024-08-27,4000000.00,3.727089,102.40625
14:56:19,91282CLD1,TSRYS5850288,D,S,T,2024-08-27,1000000.00,3.727089,102.40625
14:56:20,91282CLD1,TSRYS5850288,D,S,T,2024-08-27,1000000.00,3.727089,102.40625
14:56:20,91282CLD1,TSRYS5850288,D,S,T,2024-08-27,1000000.00,3.727089,102.40625
14:56:20,91282CLD1,TSRYS5850288,D,S,T,2024-08-27,1000000.00,3.727089,102.40625
14:56:20,91282CLD1,TSRYS5850288,D,S,T,2024-08-27,2000000.00,3.727089,102.40625
14:56:23,91282CLD1,TSRYS5850288,D,S,C,2024-08-27,1000000.00,3.727048,102.4065
14:56:23,91282CLD1,TSRYS5850288,D,S,D,2024-08-27,1000000.00,3.727089,102.40625
14:56:23,91282CLD1,TSRYS5850288,D,S,C,2024-08-27,1000000.00,3.727056,102.40645
14:56:23,91282CLD1,TSRYS5850288,D,S,C,2024-08-27,1000000.00,3.727089,102.40625
14:56:23,91282CLD1,TSRYS5850288,D,S,C,2024-08-27,1000000.00,3.727089,102.40625
14:56:23,91282CLD1,TSRYS5850288,D,S,D,2024-08-27,1000000.00,3.727089,102.40625
14:56:23,91282CLD1,TSRYS5850288,D,S,D,2024-08-27,1000000.00,3.727089,102.40625
14:56:23,91282CLD1,TSRYS5850288,D,S,C,2024-08-27,1000000.00,3.727056,102.40645
14:56:23,91282CLD1,TSRYS5850288,D,S,D,2024-08-27,1000000.00,3.727089,102.40625
14:56:23,91282CLD1,TSRYS5850288,D,S,D,2024-08-27,1000000.00,3.727056,102.40645
14:56:23,91282CLD1,TSRYS5850288,D,S,D,2024-08-27,1000000.00,3.727089,102.40625
14:56:35,91282CLD1,TSRYS5850288,D,S,D,2024-08-27,1000000.00,3.727089,102.40625
14:56:35,91282CLD1,TSRYS5850288,D,S,D,2024-08-27,1000000.00,3.727089,102.40625
14:56:35,91282CLD1,TSRYS5850288,D,S,D,2024-08-27,2000000.00,3.726964,102.4070192733
14:56:38,91282CLD1,TSRYS5850288,D,S,C,2024-08-27,1000000.00,3.727089,102.40625
14:56:38,91282CLD1,TSRYS5850288,D,S,D,2024-08-27,1000000.00,3.727089,102.40625
14:56:38,91282CLD1,TSRYS5850288,D,S,D,2024-08-27,1000000.00,3.727089,102.40625
14:56:38,91282CLD1,TSRYS5850288,D,S,C,2024-08-27,1000000.00,3.727089,102.40625
14:56:38,91282CLD1,TSRYS5850288,D,S,D,2024-08-27,1000000.00,3.727089,102.40625
14:56:38,91282CLD1,TSRYS5850288,D,S,D,2024-08-27,1000000.00,3.727089,102.40625
14:56:38,91282CLD1,TSRYS5850288,D,S,D,2024-08-27,1000000.00,3.727089,102.40625
14:56:42,91282CLD1,TSRYS5850288,D,S,T,2024-08-27,1000000.00,3.725816,102.4140625
14:56:45,91282CLD1,TSRYS5850288,D,S,D,2024-08-27,1000000.00,3.726964,102.4070192733
14:56:45,91282CLD1,TSRYS5850288,D,S,D,2024-08-27,1000000.00,3.726964,102.4070192733
14:56:46,91282CLD1,TSRYS5850288,D,S,T,2024-08-27,1000000.00,3.728362,102.3984375
14:56:46,91282CLD1,TSRYS5850288,D,S,T,2024-08-27,2000000.00,3.728362,102.3984375
14:56:46,91282CLD1,TSRYS5850288,D,S,T,2024-08-27,1000000.00,3.728362,102.3984375
14:56:46,91282CLD1,TSRYS5850288,D,S,T,2024-08-27,2000000.00,3.726453,102.41015625
14:56:46,91282CLD1,TSRYS5850288,D,S,T,2024-08-27,1000000.00,3.728044,102.400390625
14:56:46,91282CLD1,TSRYS5850288,D,S,T,2024-08-27,2000000.00,3.728362,102.3984375
14:56:46,91282CLD1,TSRYS5850288,D,S,T,2024-08-27,1000000.00,3.728362,102.3984375
14:56:46,91282CLD1,TSRYS5850288,D,S,T,2024-08-27,1000000.00,3.728362,102.3984375
14:56:47,91282CLD1,TSRYS5850288,D,S,T,2024-08-27,1000000.00,3.728044,102.400390625
14:56:47,91282CLD1,TSRYS5850288,D,S,T,2024-08-27,1000000.00,3.728044,102.400390625
14:56:47,91282CLD1,TSRYS5850288,D,S,T,2024-08-27,1000000.00,3.728044,102.400390625
14:56:47,91282CLD1,TSRYS5850288,D,S,D,2024-08-27,1000000.00,3.728044,102.400390625
14:56:47,91282CLD1,TSRYS5850288,D,S,C,2024-08-27,1000000.00,3.727407,102.404296875
14:56:47,91282CLD1,TSRYS5850288,D,S,T,2024-08-27,1000000.00,3.728044,102.400390625
14:56:47,91282CLD1,TSRYS5850288,D,S,T,2024-08-27,1000000.00,3.728044,102.400390625
14:56:47,91282CLD1,TSRYS5850288,D,S,C,2024-08-27,1000000.00,3.727725,102.40234375
14:56:47,91282CLD1,TSRYS5850288,D,S,C,2024-08-27,1000000.00,3.728044,102.400390625
14:56:47,91282CLD1,TSRYS5850288,D,S,D,2024-08-27,1000000.00,3.727089,102.40625
14:56:47,91282CLD1,TSRYS5850288,D,S,C,2024-08-27,1000000.00,3.728044,102.400390625
14:56:47,91282CLD1,TSRYS5850288,D,S,C,2024-08-27,1000000.00,3.728044,102.400390625
14:56:47,91282CLD1,TSRYS5850288,D,B,C,2024-08-27,2000000.00,3.727264,102.405173438
14:56:47,91282CLD1,TSRYS5850288,D,S,C,2024-08-27,1000000.00,3.727391,102.404396875
14:56:47,91282CLD1,TSRYS5850288,D,S,T,2024-08-27,1000000.00,3.728362,102.3984375
14:56:47,91282CLD1,TSRYS5850288,D,S,D,2024-08-27,1000000.00,3.727407,102.404296875
14:56:49,91282CLD1,TSRYS5850288,D,B,C,2024-08-27,1000000.00,3.727407,102.404296875
14:56:50,91282CLD1,TSRYS5850288,D,S,D,2024-08-27,1000000.00,3.728044,102.400390625
14:56:51,91282CLD1,TSRYS5850288,D,S,D,2024-08-27,1000000.00,3.728044,102.400390625
14:56:51,91282CLD1,TSRYS5850288,D,B,C,2024-08-27,1000000.00,3.728044,102.400390625
14:56:51,91282CLD1,TSRYS5850288,D,S,C,2024-08-27,1000000.00,3.728044,102.400390625
14:56:51,91282CLD1,TSRYS5850288,D,S,D,2024-08-27,1000000.00,3.727725,102.40234375
14:56:51,91282CLD1,TSRYS5850288,D,S,C,2024-08-27,1000000.00,3.727089,102.40625
14:56:51,91282CLD1,TSRYS5850288,D,B,C,2024-08-27,1000000.00,3.727089,102.40625
14:56:52,91282CLD1,TSRYS5850288,D,B,C,2024-08-27,1000000.00,3.727725,102.40234375
14:56:52,91282CLD1,TSRYS5850288,D,S,D,2024-08-27,2000000.00,3.726453,102.41015625
14:56:52,91282CLD1,TSRYS5850288,D,S,D,2024-08-27,1000000.00,3.728044,102.400390625
14:56:52,91282CLD1,TSRYS5850288,D,S,C,2024-08-27,1000000.00,3.728362,102.3984375
14:56:52,91282CLD1,TSRYS5850288,D,S,D,2024-08-27,2000000.00,3.728362,102.3984375
14:56:52,91282CLD1,TSRYS5850288,D,B,C,2024-08-27,1000000.00,3.728044,102.400390625
14:56:53,91282CLD1,TSRYS5850288,D,S,D,2024-08-27,1000000.00,3.728044,102.400390625
14:56:53,91282CLD1,TSRYS5850288,D,S,C,2024-08-27,1000000.00,3.728362,102.3986125
14:56:53,91282CLD1,TSRYS5850288,D,S,C,2024-08-27,1000000.00,3.727089,102.40625
14:56:53,91282CLD1,TSRYS5850288,D,S,C,2024-08-27,1000000.00,3.727089,102.40625
14:56:53,91282CLD1,TSRYS5850288,D,S,D,2024-08-27,4000000.00,3.727089,102.40625
14:56:53,91282CLD1,TSRYS5850288,D,S,C,2024-08-27,2000000.00,3.727056,102.40645
14:56:53,91282CLD1,TSRYS5850288,D,S,D,2024-08-27,4000000.00,3.727089,102.40625
14:56:53,91282CLD1,TSRYS5850288,D,S,D,2024-08-27,1000000.00,3.727089,102.40625
14:56:53,91282CLD1,TSRYS5850288,D,S,C,2024-08-27,1000000.00,3.727048,102.4065
14:56:53,91282CLD1,TSRYS5850288,D,S,D,2024-08-27,1000000.00,3.727089,102.40625
14:56:53,91282CLD1,TSRYS5850288,D,S,D,2024-08-27,2000000.00,3.727089,102.40625
14:56:53,91282CLD1,TSRYS5850288,D,S,C,2024-08-27,1000000.00,3.728362,102.3984375
14:56:54,91282CLD1,TSRYS5850288,D,B,C,2024-08-27,2000000.00,3.727407,102.404296875
14:56:54,91282CLD1,TSRYS5850288,D,S,D,2024-08-27,2000000.00,3.727407,102.404296875
14:56:54,91282CLD1,TSRYS5850288,D,B,C,2024-08-27,1000000.00,3.728044,102.400390625
14:56:54,91282CLD1,TSRYS5850288,D,S,D,2024-08-27,1000000.00,3.728044,102.400390625
14:56:54,91282CLD1,TSRYS5850288,D,B,C,2024-08-27,1000000.00,3.728044,102.400390625
14:56:54,91282CLD1,TSRYS5850288,D,S,D,2024-08-27,1000000.00,3.728044,102.400390625
14:56:54,91282CLD1,TSRYS5850288,D,S,D,2024-08-27,1000000.00,3.728044,102.400390625
14:56:54,91282CLD1,TSRYS5850288,D,S,D,2024-08-27,1000000.00,3.728044,102.400390625
14:56:54,91282CLD1,TSRYS5850288,D,B,C,2024-08-27,1000000.00,3.728044,102.400390625
14:56:54,91282CLD1,TSRYS5850288,D,S,D,2024-08-27,1000000.00,3.728044,102.400390625
14:56:54,91282CLD1,TSRYS5850288,D,S,D,2024-08-27,1000000.00,3.728044,102.400390625
14:56:55,91282CLD1,TSRYS5850288,D,S,D,2024-08-27,1000000.00,3.728044,102.400390625
14:56:56,91282CLD1,TSRYS5850288,D,S,D,2024-08-27,1000000.00,3.728044,102.400390625
14:56:56,91282CLD1,TSRYS5850288,D,B,C,2024-08-27,1000000.00,3.728044,102.400390625
14:56:56,91282CLD1,TSRYS5850288,D,S,D,2024-08-27,1000000.00,3.728044,102.400390625
14:56:57,91282CLD1,TSRYS5850288,D,B,C,2024-08-27,1000000.00,3.728044,102.400390625
14:56:58,91282CLD1,TSRYS5850288,D,S,D,2024-08-27,1000000.00,3.728044,102.400390625
14:56:59,91282CLD1,TSRYS5850288,D,S,D,2024-08-27,1000000.00,3.728044,102.400390625
14:57:02,91282CLD1,TSRYS5850288,D,S,D,2024-08-27,1000000.00,3.727407,102.404296875
14:57:02,91282CLD1,TSRYS5850288,D,B,C,2024-08-27,1000000.00,3.727407,102.404296875
14:57:03,91282CLD1,TSRYS5850288,D,S,D,2024-08-27,1000000.00,3.727407,102.404296875
14:57:05,91282CLD1,TSRYS5850288,D,S,D,2024-08-27,1000000.00,3.727089,102.40625
14:57:06,91282CLD1,TSRYS5850288,D,S,T,2024-08-27,1000000.00,3.727089,102.40625
14:57:07,91282CLD1,TSRYS5850288,D,S,T,2024-08-27,1000000.00,3.727407,102.404296875
14:57:07,91282CLD1,TSRYS5850288,D,S,T,2024-08-27,1000000.00,3.727407,102.404296875
14:57:07,91282CLD1,TSRYS5850288,D,B,C,2024-08-27,10000000.00,3.727089,102.40625
14:57:09,91282CLD1,TSRYS5850288,D,S,D,2024-08-27,1000000.00,3.727089,102.40625
14:57:09,91282CLD1,TSRYS5850288,D,S,T,2024-08-27,1000000.00,3.727089,102.40625
14:57:09,91282CLD1,TSRYS5850288,D,S,T,2024-08-27,1000000.00,3.727089,102.40625
14:57:09,91282CLD1,TSRYS5850288,D,S,T,2024-08-27,1000000.00,3.727089,102.40625
14:57:09,91282CLD1,TSRYS5850288,D,S,T,2024-08-27,1000000.00,3.727089,102.40625
14:57:09,91282CLD1,TSRYS5850288,D,S,T,2024-08-27,1000000.00,3.727089,102.40625
14:57:09,91282CLD1,TSRYS5850288,D,S,T,2024-08-27,4000000.00,3.727089,102.40625
14:57:09,91282CLD1,TSRYS5850288,D,S,D,2024-08-27,1000000.00,3.727089,102.40625
14:57:10,91282CLD1,TSRYS5850288,D,S,D,2024-08-27,2000000.00,3.726771,102.408203125
14:57:12,91282CLD1,TSRYS5850288,D,S,D,2024-08-27,1000000.00,3.727407,102.404296875
14:57:12,91282CLD1,TSRYS5850288,D,S,D,2024-08-27,1000000.00,3.727407,102.404296875
14:57:12,91282CLD1,TSRYS5850288,D,B,C,2024-08-27,1000000.00,3.727089,102.40625
14:57:12,91282CLD1,TSRYS5850288,D,S,D,2024-08-27,1000000.00,3.727089,102.40625
14:57:12,91282CLD1,TSRYS5850288,D,B,C,2024-08-27,1000000.00,3.727089,102.40625
14:57:12,91282CLD1,TSRYS5850288,D,S,D,2024-08-27,1000000.00,3.727089,102.40625
14:57:12,91282CLD1,TSRYS5850288,D,S,D,2024-08-27,1000000.00,3.727089,102.40625
14:57:14,91282CLD1,TSRYS5850288,D,S,T,2024-08-27,1000000.00,3.728044,102.400390625
14:57:14,91282CLD1,TSRYS5850288,D,S,C,2024-08-27,1000000.00,3.728044,102.400390625
14:57:15,91282CLD1,TSRYS5850288,D,S,D,2024-08-27,1000000.00,3.727937,102.4010473901
14:57:16,91282CLD1,TSRYS5850288,D,S,T,2024-08-27,2000000.00,3.726771,102.408203125
14:57:21,91282CLD1,TSRYS5850288,D,S,C,2024-08-27,1000000.00,3.728044,102.400390625
14:57:21,91282CLD1,TSRYS5850288,D,S,D,2024-08-27,1000000.00,3.728044,102.400390625
14:57:23,91282CLD1,TSRYS5850288,D,S,D,2024-08-27,1000000.00,3.725816,102.4140625
14:57:23,91282CLD1,TSRYS5850288,D,S,C,2024-08-27,1000000.00,3.727061,102.406425
14:57:23,91282CLD1,TSRYS5850288,D,B,C,2024-08-27,1000000.00,3.727113,102.4061
14:57:25,91282CLD1,TSRYS5850288,D,S,D,2024-08-27,3000000.00,3.727089,102.40625
14:57:34,91282CLD1,TSRYS5850288,D,S,C,2024-08-27,150MM+,3.724544,102.421875
14:57:35,91282CLD1,TSRYS5850288,D,S,D,2024-08-27,20365000.00,3.728362,102.3984375
14:57:39,91282CLD1,TSRYS5850288,D,S,C,2024-08-27,1000000.00,3.728346,102.3985375
14:57:39,91282CLD1,TSRYS5850288,D,S,D,2024-08-27,1000000.00,3.727089,102.40625
14:57:39,91282CLD1,TSRYS5850288,D,B,C,2024-08-27,1000000.00,3.727089,102.40625
14:57:46,91282CLD1,TSRYS5850288,D,B,C,2024-08-27,2000000.00,3.727407,102.40429687
14:57:52,91282CLD1,TSRYS5850288,D,S,D,2024-08-27,1000000.00,3.728044,102.400390625
14:57:53,91282CLD1,TSRYS5850288,D,S,D,2024-08-27,1000000.00,3.728362,102.3984375
14:57:54,91282CLD1,TSRYS5850288,D,B,C,2024-08-27,1000000.00,3.727113,102.4061
14:57:54,91282CLD1,TSRYS5850288,D,S,D,2024-08-27,1000000.00,3.727089,102.40625
14:57:54,91282CLD1,TSRYS5850288,D,B,C,2024-08-27,1000000.00,3.727113,102.4061
14:57:54,91282CLD1,TSRYS5850288,D,B,C,2024-08-27,1000000.00,3.727113,102.4061
14:57:54,91282CLD1,TSRYS5850288,D,B,C,2024-08-27,1000000.00,3.727113,102.4061
14:57:54,91282CLD1,TSRYS5850288,D,S,D,2024-08-27,1000000.00,3.727089,102.40625
14:57:54,91282CLD1,TSRYS5850288,D,B,C,2024-08-27,1000000.00,3.727113,102.4061
14:57:54,91282CLD1,TSRYS5850288,D,S,C,2024-08-27,1000000.00,3.727048,102.4065
14:57:54,91282CLD1,TSRYS5850288,D,B,C,2024-08-27,1000000.00,3.727113,102.4061
14:57:54,91282CLD1,TSRYS5850288,D,B,C,2024-08-27,1000000.00,3.727113,102.4061
14:57:54,91282CLD1,TSRYS5850288,D,S,C,2024-08-27,1000000.00,3.727089,102.40625
14:57:54,91282CLD1,TSRYS5850288,D,B,C,2024-08-27,1000000.00,3.727113,102.4061
14:57:54,91282CLD1,TSRYS5850288,D,S,C,2024-08-27,1000000.00,3.727089,102.40625
14:57:54,91282CLD1,TSRYS5850288,D,S,D,2024-08-27,1000000.00,3.727089,102.40625
14:57:54,91282CLD1,TSRYS5850288,D,S,D,2024-08-27,4000000.00,3.727089,102.40625
14:57:54,91282CLD1,TSRYS5850288,D,S,D,2024-08-27,1000000.00,3.727089,102.40625
14:57:54,91282CLD1,TSRYS5850288,D,B,C,2024-08-27,1000000.00,3.727089,102.40625
14:57:54,91282CLD1,TSRYS5850288,D,B,C,2024-08-27,1000000.00,3.72713,102.406
14:57:54,91282CLD1,TSRYS5850288,D,S,C,2024-08-27,1000000.00,3.727089,102.40625
14:57:54,91282CLD1,TSRYS5850288,D,S,D,2024-08-27,1000000.00,3.727089,102.40625
14:57:54,91282CLD1,TSRYS5850288,D,S,D,2024-08-27,1000000.00,3.727089,102.40625
14:57:54,91282CLD1,TSRYS5850288,D,B,C,2024-08-27,1000000.00,3.72713,102.406
14:57:54,91282CLD1,TSRYS5850288,D,B,C,2024-08-27,1000000.00,3.727138,102.40595
14:57:54,91282CLD1,TSRYS5850288,D,S,D,2024-08-27,1000000.00,3.727089,102.40625
14:57:54,91282CLD1,TSRYS5850288,D,S,D,2024-08-27,1000000.00,3.727089,102.40625
14:57:54,91282CLD1,TSRYS5850288,D,B,C,2024-08-27,1000000.00,3.72713,102.406
14:57:54,91282CLD1,TSRYS5850288,D,S,D,2024-08-27,1000000.00,3.727089,102.40625
14:57:54,91282CLD1,TSRYS5850288,D,B,C,2024-08-27,1000000.00,3.72713,102.406
14:57:54,91282CLD1,TSRYS5850288,D,B,C,2024-08-27,1000000.00,3.727089,102.40625
14:57:54,91282CLD1,TSRYS5850288,D,S,D,2024-08-27,1000000.00,3.727089,102.40625
14:57:54,91282CLD1,TSRYS5850288,D,B,C,2024-08-27,2000000.00,3.727089,102.40625
14:57:54,91282CLD1,TSRYS5850288,D,S,D,2024-08-27,2000000.00,3.727089,102.40625
14:57:55,91282CLD1,TSRYS5850288,D,B,C,2024-08-27,3000000.00,3.727113,102.4061
14:57:55,91282CLD1,TSRYS5850288,D,S,D,2024-08-27,3000000.00,3.727089,102.40625
14:58:01,91282CLD1,TSRYS5850288,D,S,T,2024-08-27,1000000.00,3.728362,102.3984375
14:58:07,91282CLD1,TSRYS5850288,D,S,C,2024-08-27,1000000.00,3.727089,102.40625
14:58:07,91282CLD1,TSRYS5850288,D,S,C,2024-08-27,1000000.00,3.727089,102.40625
14:58:07,91282CLD1,TSRYS5850288,D,S,D,2024-08-27,1000000.00,3.727089,102.40625
14:58:07,91282CLD1,TSRYS5850288,D,B,C,2024-08-27,1000000.00,3.728362,102.3984375
14:58:07,91282CLD1,TSRYS5850288,D,S,C,2024-08-27,1000000.00,3.728321,102.3986875
14:58:18,91282CLD1,TSRYS5850288,D,S,T,2024-08-27,1000000.00,3.727089,102.40625
14:58:19,91282CLD1,TSRYS5850288,D,S,D,2024-08-27,1000000.00,3.727089,102.40625
14:58:19,91282CLD1,TSRYS5850288,D,S,T,2024-08-27,1000000.00,3.727089,102.40625
14:58:19,91282CLD1,TSRYS5850288,D,S,D,2024-08-27,3000000.00,3.727089,102.40625
14:58:19,91282CLD1,TSRYS5850288,D,S,T,2024-08-27,1000000.00,3.727089,102.40625
14:58:19,91282CLD1,TSRYS5850288,D,S,T,2024-08-27,1000000.00,3.727089,102.40625
14:58:19,91282CLD1,TSRYS5850288,D,S,T,2024-08-27,1000000.00,3.727089,102.40625
14:58:20,91282CLD1,TSRYS5850288,D,S,D,2024-08-27,1000000.00,3.727089,102.40625
14:58:20,91282CLD1,TSRYS5850288,D,S,T,2024-08-27,1000000.00,3.727089,102.40625
14:58:20,91282CLD1,TSRYS5850288,D,S,T,2024-08-27,1000000.00,3.727089,102.40625
14:58:20,91282CLD1,TSRYS5850288,D,S,T,2024-08-27,1000000.00,3.727089,102.40625
14:58:20,91282CLD1,TSRYS5850288,D,S,T,2024-08-27,1000000.00,3.727089,102.40625
14:58:21,91282CLD1,TSRYS5850288,D,S,T,2024-08-27,5000000.00,3.728362,102.3984375
14:58:22,91282CLD1,TSRYS5850288,D,S,T,2024-08-27,4000000.00,3.728362,102.3984375
14:58:23,91282CLD1,TSRYS5850288,D,B,C,2024-08-27,1000000.00,3.728362,102.3984375
14:58:23,91282CLD1,TSRYS5850288,D,S,C,2024-08-27,1000000.00,3.728337,102.3985875
14:58:23,91282CLD1,TSRYS5850288,D,B,C,2024-08-27,1000000.00,3.728362,102.3984375
14:58:23,91282CLD1,TSRYS5850288,D,S,C,2024-08-27,1000000.00,3.728337,102.3985875
14:58:23,91282CLD1,TSRYS5850288,D,S,C,2024-08-27,1000000.00,3.728321,102.3986875
14:58:23,91282CLD1,TSRYS5850288,D,S,C,2024-08-27,1000000.00,3.728321,102.3986875
14:58:25,91282CLD1,TSRYS5850288,D,S,T,2024-08-27,2000000.00,3.727089,102.40625
14:58:26,91282CLD1,TSRYS5850288,D,B,C,2024-08-27,2000000.00,3.728044,102.40039062
14:58:30,91282CLD1,TSRYS5850288,D,B,C,2024-08-27,2000000.00,3.728362,102.3984375
14:58:32,91282CLD1,TSRYS5850288,D,B,C,2024-08-27,1000000.00,3.728362,102.3984375
14:58:32,91282CLD1,TSRYS5850288,D,B,C,2024-08-27,2000000.00,3.728362,102.3984375
14:58:38,91282CLD1,TSRYS5850288,D,S,C,2024-08-27,1000000.00,3.728362,102.3984375
14:58:38,91282CLD1,TSRYS5850288,D,B,C,2024-08-27,1000000.00,3.728362,102.3984375
14:58:38,91282CLD1,TSRYS5850288,D,S,D,2024-08-27,1000000.00,3.728362,102.3984375
14:58:38,91282CLD1,TSRYS5850288,D,B,C,2024-08-27,1000000.00,3.728362,102.3984375
14:58:38,91282CLD1,TSRYS5850288,D,S,C,2024-08-27,1000000.00,3.728362,102.3984375
14:58:38,91282CLD1,TSRYS5850288,D,B,C,2024-08-27,1000000.00,3.728362,102.3984375
14:58:38,91282CLD1,TSRYS5850288,D,S,C,2024-08-27,1000000.00,3.728321,102.3986875
14:58:38,91282CLD1,TSRYS5850288,D,S,D,2024-08-27,1000000.00,3.728362,102.3984375
14:58:38,91282CLD1,TSRYS5850288,D,B,C,2024-08-27,1000000.00,3.728394,102.3982375
14:58:38,91282CLD1,TSRYS5850288,D,S,C,2024-08-27,1000000.00,3.728337,102.3985875
14:58:38,91282CLD1,TSRYS5850288,D,B,C,2024-08-27,1000000.00,3.728403,102.3981875
14:58:38,91282CLD1,TSRYS5850288,D,S,C,2024-08-27,1000000.00,3.728362,102.3984375
14:58:45,91282CLD1,TSRYS5850288,D,S,D,2024-08-27,2000000.00,3.727089,102.40625
14:58:46,91282CLD1,TSRYS5850288,D,S,D,2024-08-27,1000000.00,3.727089,102.40625
14:58:46,91282CLD1,TSRYS5850288,D,S,D,2024-08-27,2000000.00,3.727089,102.40625
14:58:53,91282CLD1,TSRYS5850288,D,S,D,2024-08-27,3000000.00,3.728362,102.3984375
14:58:53,91282CLD1,TSRYS5850288,D,B,C,2024-08-27,3000000.00,3.728386,102.3982875
14:58:53,91282CLD1,TSRYS5850288,D,S,D,2024-08-27,5000000.00,3.728362,102.3984375
14:58:53,91282CLD1,TSRYS5850288,D,S,D,2024-08-27,4000000.00,3.728362,102.3984375
14:58:54,91282CLD1,TSRYS5850288,D,S,T,2024-08-27,1000000.00,3.729635,102.390625
14:58:54,91282CLD1,TSRYS5850288,D,S,T,2024-08-27,1000000.00,3.729635,102.390625
14:58:54,91282CLD1,TSRYS5850288,D,S,T,2024-08-27,1000000.00,3.729635,102.390625
14:58:54,91282CLD1,TSRYS5850288,D,S,T,2024-08-27,1000000.00,3.729635,102.390625
14:58:54,91282CLD1,TSRYS5850288,D,S,T,2024-08-27,1000000.00,3.729635,102.390625
14:58:54,91282CLD1,TSRYS5850288,D,S,T,2024-08-27,1000000.00,3.729635,102.390625
14:58:54,91282CLD1,TSRYS5850288,D,S,T,2024-08-27,1000000.00,3.729635,102.390625
14:58:54,91282CLD1,TSRYS5850288,D,S,T,2024-08-27,1000000.00,3.729953,102.388671875
14:58:54,91282CLD1,TSRYS5850288,D,S,T,2024-08-27,4000000.00,3.730271,102.38671875
14:58:54,91282CLD1,TSRYS5850288,D,S,T,2024-08-27,2000000.00,3.729635,102.390625
14:58:54,91282CLD1,TSRYS5850288,D,S,T,2024-08-27,1000000.00,3.729635,102.390625
14:58:54,91282CLD1,TSRYS5850288,D,S,T,2024-08-27,1000000.00,3.729635,102.390625
14:58:54,91282CLD1,TSRYS5850288,D,S,T,2024-08-27,1000000.00,3.729635,102.390625
14:58:54,91282CLD1,TSRYS5850288,D,S,T,2024-08-27,2000000.00,3.729635,102.390625
14:58:54,91282CLD1,TSRYS5850288,D,S,T,2024-08-27,1000000.00,3.729635,102.390625
14:58:54,91282CLD1,TSRYS5850288,D,S,T,2024-08-27,1000000.00,3.729635,102.390625
14:58:54,91282CLD1,TSRYS5850288,D,S,T,2024-08-27,1000000.00,3.729635,102.390625
14:58:54,91282CLD1,TSRYS5850288,D,S,T,2024-08-27,2000000.00,3.729635,102.390625
14:58:54,91282CLD1,TSRYS5850288,D,S,T,2024-08-27,2000000.00,3.729635,102.390625
14:58:54,91282CLD1,TSRYS5850288,D,S,T,2024-08-27,1000000.00,3.729635,102.390625
14:58:54,91282CLD1,TSRYS5850288,D,S,T,2024-08-27,1000000.00,3.729635,102.390625
14:58:54,91282CLD1,TSRYS5850288,D,S,T,2024-08-27,1000000.00,3.729635,102.390625
14:58:54,91282CLD1,TSRYS5850288,D,S,T,2024-08-27,1000000.00,3.73059,102.384765625
14:58:54,91282CLD1,TSRYS5850288,D,S,T,2024-08-27,1000000.00,3.730271,102.38671875
14:58:54,91282CLD1,TSRYS5850288,D,S,C,2024-08-27,1000000.00,3.729635,102.390625
14:58:54,91282CLD1,TSRYS5850288,D,S,D,2024-08-27,1000000.00,3.730271,102.38671875
14:58:54,91282CLD1,TSRYS5850288,D,S,D,2024-08-27,1000000.00,3.730271,102.38671875
14:58:54,91282CLD1,TSRYS5850288,D,S,D,2024-08-27,1000000.00,3.730271,102.38671875
14:58:54,91282CLD1,TSRYS5850288,D,S,D,2024-08-27,1000000.00,3.729635,102.390625
14:58:55,91282CLD1,TSRYS5850288,D,B,C,2024-08-27,1000000.00,3.729635,102.390625
14:58:55,91282CLD1,TSRYS5850288,D,S,T,2024-08-27,1000000.00,3.728362,102.3984375
14:58:55,91282CLD1,TSRYS5850288,D,S,T,2024-08-27,1000000.00,3.728362,102.3984375
14:58:56,91282CLD1,TSRYS5850288,D,S,D,2024-08-27,1000000.00,3.729618,102.390725
14:58:56,91282CLD1,TSRYS5850288,D,S,C,2024-08-27,1000000.00,3.729618,102.390725
14:58:56,91282CLD1,TSRYS5850288,D,S,D,2024-08-27,1000000.00,3.729618,102.390725
14:58:57,91282CLD1,TSRYS5850288,D,S,D,2024-08-27,1000000.00,3.730271,102.38671875
14:58:57,91282CLD1,TSRYS5850288,D,B,C,2024-08-27,1000000.00,3.730271,102.38671875
14:58:59,91282CLD1,TSRYS5850288,D,S,C,2024-08-27,1000000.00,3.729635,102.390625
14:58:59,91282CLD1,TSRYS5850288,D,S,C,2024-08-27,1000000.00,3.729635,102.3908
14:58:59,91282CLD1,TSRYS5850288,D,S,D,2024-08-27,1000000.00,3.73059,102.384765625
14:58:59,91282CLD1,TSRYS5850288,D,S,D,2024-08-27,4000000.00,3.730271,102.38671875
14:58:59,91282CLD1,TSRYS5850288,D,S,D,2024-08-27,1000000.00,3.729635,102.390625
14:58:59,91282CLD1,TSRYS5850288,D,B,C,2024-08-27,1000000.00,3.729635,102.390625
14:58:59,91282CLD1,TSRYS5850288,D,S,D,2024-08-27,1000000.00,3.729635,102.390625
14:59:00,91282CLD1,TSRYS5850288,D,S,D,2024-08-27,1000000.00,3.729953,102.388671875
14:59:00,91282CLD1,TSRYS5850288,D,S,D,2024-08-27,1000000.00,3.730255,102.38681875
14:59:02,91282CLD1,TSRYS5850288,D,S,T,2024-08-27,1000000.00,3.73059,102.384765625
14:59:03,91282CLD1,TSRYS5850288,D,S,D,2024-08-27,1000000.00,3.73059,102.384765625
14:59:03,91282CLD1,TSRYS5850288,D,B,C,2024-08-27,1000000.00,3.730622,102.384565625
14:59:09,91282CLD1,TSRYS5850288,D,S,C,2024-08-27,1000000.00,3.727089,102.40625
14:59:09,91282CLD1,TSRYS5850288,D,S,D,2024-08-27,1000000.00,3.727089,102.40625
14:59:09,91282CLD1,TSRYS5850288,D,S,D,2024-08-27,1000000.00,3.729635,102.390625
14:59:09,91282CLD1,TSRYS5850288,D,S,D,2024-08-27,1000000.00,3.729635,102.390625
14:59:11,91282CLD1,TSRYS5850288,D,S,C,2024-08-27,1000000.00,3.73059,102.384765625
14:59:11,91282CLD1,TSRYS5850288,D,S,D,2024-08-27,20000.00,3.730908,102.3828125
14:59:12,91282CLD1,TSRYS5850288,D,S,T,2024-08-27,2000000.00,3.730908,102.3828125
14:59:25,91282CLD1,TSRYS5850288,D,B,A,2024-08-27,40570000.00,3.730908,102.3828125
14:59:26,91282CLD1,TSRYS5850288,D,S,D,2024-08-27,1000000.00,3.730907,102.3828201653
14:59:27,91282CLD1,TSRYS5850288,D,S,C,2024-08-27,1000000.00,3.727089,102.40625
14:59:27,91282CLD1,TSRYS5850288,D,S,D,2024-08-27,1000000.00,3.727089,102.40625
14:59:27,91282CLD1,TSRYS5850288,D,B,C,2024-08-27,1000000.00,3.727089,102.40625
14:59:27,91282CLD1,TSRYS5850288,D,S,D,2024-08-27,1000000.00,3.727089,102.40625
14:59:27,91282CLD1,TSRYS5850288,D,S,D,2024-08-27,1000000.00,3.727089,102.40625
14:59:27,91282CLD1,TSRYS5850288,D,S,D,2024-08-27,1000000.00,3.727089,102.40625
14:59:27,91282CLD1,TSRYS5850288,D,B,C,2024-08-27,1000000.00,3.727089,102.40625
14:59:27,91282CLD1,TSRYS5850288,D,S,C,2024-08-27,1000000.00,3.727073,102.40635
14:59:27,91282CLD1,TSRYS5850288,D,B,C,2024-08-27,1000000.00,3.728362,102.3984375
14:59:27,91282CLD1,TSRYS5850288,D,S,D,2024-08-27,1000000.00,3.728362,102.3984375
14:59:31,91282CLD1,TSRYS5850288,D,S,T,2024-08-27,1000000.00,3.730908,102.3828125
14:59:31,91282CLD1,TSRYS5850288,D,S,T,2024-08-27,1000000.00,3.730908,102.3828125
14:59:31,91282CLD1,TSRYS5850288,D,S,T,2024-08-27,2000000.00,3.730908,102.3828125
14:59:34,91282CLD1,TSRYS5850288,D,S,D,2024-08-27,1000000.00,3.730908,102.3828125
14:59:34,91282CLD1,TSRYS5850288,D,S,C,2024-08-27,2000000.00,3.730908,102.3828125
14:59:34,91282CLD1,TSRYS5850288,D,S,D,2024-08-27,1000000.00,3.730908,102.3828125
14:59:34,91282CLD1,TSRYS5850288,D,S,D,2024-08-27,1000000.00,3.730908,102.3828125
14:59:35,91282CLD1,TSRYS5850288,D,S,D,2024-08-27,20000.00,3.734167,102.3628125
14:59:36,91282CLD1,TSRYS5850288,D,B,C,2024-08-27,10800000.00,3.730271,102.38671875
14:59:37,91282CLD1,TSRYS5850288,D,S,T,2024-08-27,1000000.00,3.730908,102.3828125
14:59:37,91282CLD1,TSRYS5850288,D,S,T,2024-08-27,1000000.00,3.730908,102.3828125
14:59:37,91282CLD1,TSRYS5850288,D,S,T,2024-08-27,2000000.00,3.730908,102.3828125
14:59:37,91282CLD1,TSRYS5850288,D,S,T,2024-08-27,1000000.00,3.730908,102.3828125
14:59:37,91282CLD1,TSRYS5850288,D,S,T,2024-08-27,4000000.00,3.730908,102.3828125
14:59:37,91282CLD1,TSRYS5850288,D,S,T,2024-08-27,1000000.00,3.730908,102.3828125
14:59:37,91282CLD1,TSRYS5850288,D,S,T,2024-08-27,1000000.00,3.730908,102.3828125
14:59:38,91282CLD1,TSRYS5850288,D,S,T,2024-08-27,1000000.00,3.727114,102.406098
14:59:38,91282CLD1,TSRYS5850288,D,S,T,2024-08-27,2000000.00,3.727089,102.40625
14:59:38,91282CLD1,TSRYS5850288,D,S,T,2024-08-27,1000000.00,3.727089,102.40625
14:59:38,91282CLD1,TSRYS5850288,D,S,T,2024-08-27,1000000.00,3.727089,102.40625
14:59:40,91282CLD1,TSRYS5850288,D,S,D,2024-08-27,1000000.00,3.728362,102.3984375
14:59:40,91282CLD1,TSRYS5850288,D,B,C,2024-08-27,1000000.00,3.728394,102.3982375
14:59:40,91282CLD1,TSRYS5850288,D,S,D,2024-08-27,1000000.00,3.729635,102.390625
14:59:40,91282CLD1,TSRYS5850288,D,S,D,2024-08-27,2000000.00,3.729635,102.390625
14:59:40,91282CLD1,TSRYS5850288,D,S,D,2024-08-27,1000000.00,3.729602,102.390825
14:59:40,91282CLD1,TSRYS5850288,D,S,D,2024-08-27,2000000.00,3.730908,102.3828125
14:59:53,91282CLD1,TSRYS5850288,D,S,T,2024-08-27,1000000.00,3.729953,102.388671875
14:59:53,91282CLD1,TSRYS5850288,D,S,T,2024-08-27,1000000.00,3.729953,102.388671875
14:59:55,91282CLD1,TSRYS5850288,D,S,D,2024-08-27,1000000.00,3.729635,102.390625
14:59:55,91282CLD1,TSRYS5850288,D,S,D,2024-08-27,1000000.00,3.729602,102.390825
14:59:56,91282CLD1,TSRYS5850288,D,S,D,2024-08-27,1000000.00,3.729635,102.390625
14:59:56,91282CLD1,TSRYS5850288,D,B,C,2024-08-27,1000000.00,3.729635,102.390625
14:59:56,91282CLD1,TSRYS5850288,D,S,D,2024-08-27,1000000.00,3.729602,102.390825
14:59:58,91282CLD1,TSRYS5850288,D,S,D,2024-08-27,1000000.00,3.729953,102.388671875
14:59:58,91282CLD1,TSRYS5850288,D,S,T,2024-08-27,1000000.00,3.729635,102.390625
14:59:58,91282CLD1,TSRYS5850288,D,S,D,2024-08-27,1000000.00,3.729953,102.388671875
14:59:58,91282CLD1,TSRYS5850288,D,S,D,2024-08-27,70000000.00,3.731448,102.3795
15:00:01,91282CLD1,TSRYS5850288,D,S,D,2024-08-27,185000.00,3.730908,102.3828125
15:00:02,91282CLD1,TSRYS5850288,D,S,T,2024-08-27,1000000.00,3.730908,102.3828125
15:00:03,91282CLD1,TSRYS5850288,D,S,T,2024-08-27,2000000.00,3.731226,102.380859375
15:00:03,91282CLD1,TSRYS5850288,D,S,D,2024-08-27,1000000.00,3.730908,102.3828125
15:00:03,91282CLD1,TSRYS5850288,D,S,T,2024-08-27,2000000.00,3.731226,102.380859375
15:00:03,91282CLD1,TSRYS5850288,D,S,T,2024-08-27,2000000.00,3.731226,102.380859375
15:00:03,91282CLD1,TSRYS5850288,D,S,D,2024-08-27,1000000.00,3.730908,102.3828125
15:00:03,91282CLD1,TSRYS5850288,D,S,T,2024-08-27,1000000.00,3.731226,102.380859375
15:00:03,91282CLD1,TSRYS5850288,D,S,T,2024-08-27,1000000.00,3.731226,102.380859375
15:00:03,91282CLD1,TSRYS5850288,D,S,T,2024-08-27,1000000.00,3.731226,102.380859375
15:00:03,91282CLD1,TSRYS5850288,D,S,T,2024-08-27,2000000.00,3.731226,102.380859375
15:00:03,91282CLD1,TSRYS5850288,D,S,T,2024-08-27,2000000.00,3.731226,102.380859375
15:00:03,91282CLD1,TSRYS5850288,D,S,T,2024-08-27,2000000.00,3.731226,102.380859375
15:00:03,91282CLD1,TSRYS5850288,D,S,D,2024-08-27,1000000.00,3.731226,102.380859375
15:00:03,91282CLD1,TSRYS5850288,D,S,T,2024-08-27,2000000.00,3.731226,102.380859375
15:00:03,91282CLD1,TSRYS5850288,D,S,D,2024-08-27,1000000.00,3.731226,102.380859375
15:00:03,91282CLD1,TSRYS5850288,D,S,D,2024-08-27,1000000.00,3.731226,102.380859375
15:00:03,91282CLD1,TSRYS5850288,D,S,D,2024-08-27,1000000.00,3.731226,102.380859375
15:00:04,91282CLD1,TSRYS5850288,D,S,T,2024-08-27,2000000.00,3.731226,102.380859375
15:00:04,91282CLD1,TSRYS5850288,D,S,T,2024-08-27,1000000.00,3.731226,102.380859375
15:00:04,91282CLD1,TSRYS5850288,D,S,T,2024-08-27,1000000.00,3.731226,102.380859375
15:00:06,91282CLD1,TSRYS5850288,D,S,T,2024-08-27,1000000.00,3.730908,102.3828125
15:00:06,91282CLD1,TSRYS5850288,D,S,T,2024-08-27,3000000.00,3.730908,102.3828125
15:00:06,91282CLD1,TSRYS5850288,D,S,T,2024-08-27,1000000.00,3.730908,102.3828125
15:00:06,91282CLD1,TSRYS5850288,D,S,T,2024-08-27,1000000.00,3.730908,102.3828125
15:00:07,91282CLD1,TSRYS5850288,D,S,T,2024-08-27,1000000.00,3.730908,102.3828125
15:00:07,91282CLD1,TSRYS5850288,D,S,T,2024-08-27,1000000.00,3.730908,102.3828125
15:00:08,91282CLD1,TSRYS5850288,D,S,D,2024-08-27,1000000.00,3.731226,102.380859375
15:00:08,91282CLD1,TSRYS5850288,D,B,C,2024-08-27,1000000.00,3.731226,102.380859375
15:00:08,91282CLD1,TSRYS5850288,D,S,D,2024-08-27,1000000.00,3.731226,102.380859375
15:00:08,91282CLD1,TSRYS5850288,D,B,C,2024-08-27,1000000.00,3.731226,102.380859375
15:00:08,91282CLD1,TSRYS5850288,D,B,C,2024-08-27,1000000.00,3.731226,102.380859375
15:00:08,91282CLD1,TSRYS5850288,D,S,D,2024-08-27,2000000.00,3.731226,102.380859375
15:00:08,91282CLD1,TSRYS5850288,D,B,C,2024-08-27,1000000.00,3.731226,102.380859375
15:00:08,91282CLD1,TSRYS5850288,D,S,D,2024-08-27,2000000.00,3.731226,102.380859375
15:00:08,91282CLD1,TSRYS5850288,D,S,D,2024-08-27,2000000.00,3.731226,102.380859375
15:00:08,91282CLD1,TSRYS5850288,D,S,D,2024-08-27,2000000.00,3.731226,102.380859375
15:00:08,91282CLD1,TSRYS5850288,D,S,D,2024-08-27,1000000.00,3.731226,102.380859375
15:00:09,91282CLD1,TSRYS5850288,D,S,D,2024-08-27,1000000.00,3.730908,102.3828125
15:00:09,91282CLD1,TSRYS5850288,D,S,T,2024-08-27,1000000.00,3.730908,102.3828125
15:00:09,91282CLD1,TSRYS5850288,D,S,T,2024-08-27,1000000.00,3.730908,102.3828125
15:00:09,91282CLD1,TSRYS5850288,D,S,D,2024-08-27,1000000.00,3.730908,102.3828125
15:00:09,91282CLD1,TSRYS5850288,D,S,T,2024-08-27,1000000.00,3.732181,102.375
15:00:09,91282CLD1,TSRYS5850288,D,S,T,2024-08-27,1000000.00,3.732181,102.375
15:00:09,91282CLD1,TSRYS5850288,D,S,T,2024-08-27,1000000.00,3.732181,102.375
15:00:09,91282CLD1,TSRYS5850288,D,S,T,2024-08-27,1000000.00,3.732181,102.375
15:00:09,91282CLD1,TSRYS5850288,D,S,T,2024-08-27,1000000.00,3.732181,102.375
15:00:09,91282CLD1,TSRYS5850288,D,S,D,2024-08-27,1000000.00,3.731226,102.380859375
15:00:09,91282CLD1,TSRYS5850288,D,S,T,2024-08-27,1000000.00,3.730908,102.3828125
15:00:09,91282CLD1,TSRYS5850288,D,S,D,2024-08-27,1000000.00,3.731226,102.380859375
15:00:09,91282CLD1,TSRYS5850288,D,S,D,2024-08-27,2000000.00,3.731226,102.380859375
15:00:09,91282CLD1,TSRYS5850288,D,S,D,2024-08-27,2000000.00,3.731226,102.380859375
15:00:09,91282CLD1,TSRYS5850288,D,S,D,2024-08-27,2000000.00,3.731226,102.380859375
15:00:10,91282CLD1,TSRYS5850288,D,S,D,2024-08-27,2000000.00,3.731226,102.380859375
15:00:10,91282CLD1,TSRYS5850288,D,S,D,2024-08-27,2000000.00,3.731226,102.380859375
15:00:10,91282CLD1,TSRYS5850288,D,S,D,2024-08-27,1000000.00,3.731226,102.380859375
15:00:10,91282CLD1,TSRYS5850288,D,S,D,2024-08-27,1000000.00,3.731226,102.380859375
15:00:11,91282CLD1,TSRYS5850288,D,S,C,2024-08-27,2000000.00,3.729606,102.3908
15:00:11,91282CLD1,TSRYS5850288,D,S,C,2024-08-27,1000000.00,3.729606,102.3908
15:00:11,91282CLD1,TSRYS5850288,D,B,C,2024-08-27,1000000.00,3.729635,102.390625
15:00:11,91282CLD1,TSRYS5850288,D,S,D,2024-08-27,1000000.00,3.729602,102.390825
15:00:11,91282CLD1,TSRYS5850288,D,S,D,2024-08-27,1000000.00,3.729635,102.390625
15:00:11,91282CLD1,TSRYS5850288,D,S,D,2024-08-27,3000000.00,3.729635,102.390625
15:00:11,91282CLD1,TSRYS5850288,D,B,C,2024-08-27,3000000.00,3.729659,102.390475
15:00:11,91282CLD1,TSRYS5850288,D,S,D,2024-08-27,1000000.00,3.730908,102.3828125
15:00:11,91282CLD1,TSRYS5850288,D,S,D,2024-08-27,1000000.00,3.730908,102.3828125
15:00:11,91282CLD1,TSRYS5850288,D,S,D,2024-08-27,2000000.00,3.730908,102.3828125
15:00:11,91282CLD1,TSRYS5850288,D,S,D,2024-08-27,4000000.00,3.730908,102.3828125
15:00:11,91282CLD1,TSRYS5850288,D,S,C,2024-08-27,1000000.00,3.730908,102.3828125
15:00:17,91282CLD1,TSRYS5850288,D,S,D,2024-08-27,185000.00,3.730908,102.3828125
15:00:19,91282CLD1,TSRYS5850288,D,S,T,2024-08-27,5000000.00,3.730908,102.3828125
15:00:20,91282CLD1,TSRYS5850288,D,S,T,2024-08-27,1000000.00,3.730908,102.3828125
15:00:20,91282CLD1,TSRYS5850288,D,S,T,2024-08-27,1000000.00,3.730908,102.3828125
15:00:20,91282CLD1,TSRYS5850288,D,S,T,2024-08-27,1000000.00,3.730908,102.3828125
15:00:20,91282CLD1,TSRYS5850288,D,S,T,2024-08-27,1000000.00,3.730908,102.3828125
15:00:20,91282CLD1,TSRYS5850288,D,S,T,2024-08-27,1000000.00,3.730908,102.3828125
15:00:21,91282CLD1,TSRYS5850288,D,S,D,2024-08-27,1000000.00,3.731226,102.380859375
15:00:22,91282CLD1,TSRYS5850288,D,B,C,2024-08-27,1000000.00,3.731226,102.380859375
15:00:23,91282CLD1,TSRYS5850288,D,S,D,2024-08-27,5000000.00,3.730908,102.3828125
15:00:23,91282CLD1,TSRYS5850288,D,S,D,2024-08-27,2000000.00,3.73059,102.384765625
15:00:23,91282CLD1,TSRYS5850288,D,S,D,2024-08-27,1000000.00,3.730908,102.3828125
15:00:23,91282CLD1,TSRYS5850288,D,S,C,2024-08-27,2000000.00,3.730908,102.3828125
15:00:23,91282CLD1,TSRYS5850288,D,S,C,2024-08-27,2000000.00,3.730908,102.3828125
15:00:26,91282CLD1,TSRYS5850288,D,S,D,2024-08-27,1000000.00,3.729602,102.390825
15:00:26,91282CLD1,TSRYS5850288,D,S,D,2024-08-27,1000000.00,3.730908,102.3828125
15:00:31,91282CLD1,TSRYS5850288,D,S,T,2024-08-27,2000000.00,3.730908,102.3828125
15:00:31,91282CLD1,TSRYS5850288,D,S,D,2024-08-27,2000000.00,3.73059,102.384765625
15:00:31,91282CLD1,TSRYS5850288,D,B,C,2024-08-27,2000000.00,3.73059,102.384765625
15:00:33,91282CLD1,TSRYS5850288,D,S,D,2024-08-27,1000000.00,3.73059,102.384765625
15:00:33,91282CLD1,TSRYS5850288,D,S,T,2024-08-27,1000000.00,3.73059,102.384765625
15:00:33,91282CLD1,TSRYS5850288,D,S,D,2024-08-27,1000000.00,3.73059,102.384765625
15:00:35,91282CLD1,TSRYS5850288,D,S,T,2024-08-27,1000000.00,3.730908,102.3828125
15:00:36,91282CLD1,TSRYS5850288,D,S,T,2024-08-27,1000000.00,3.730908,102.3828125
15:00:36,91282CLD1,TSRYS5850288,D,S,T,2024-08-27,1000000.00,3.730908,102.3828125
15:00:36,91282CLD1,TSRYS5850288,D,S,D,2024-08-27,1000000.00,3.730908,102.3828125
15:00:36,91282CLD1,TSRYS5850288,D,S,D,2024-08-27,1000000.00,3.730908,102.3828125
15:00:36,91282CLD1,TSRYS5850288,D,S,T,2024-08-27,1000000.00,3.730908,102.3828125
15:00:36,91282CLD1,TSRYS5850288,D,S,T,2024-08-27,2000000.00,3.730908,102.3828125
15:00:36,91282CLD1,TSRYS5850288,D,S,T,2024-08-27,2000000.00,3.730908,102.3828125
15:00:36,91282CLD1,TSRYS5850288,D,S,T,2024-08-27,1000000.00,3.730908,102.3828125
15:00:36,91282CLD1,TSRYS5850288,D,S,T,2024-08-27,1000000.00,3.730908,102.3828125
15:00:37,91282CLD1,TSRYS5850288,D,S,T,2024-08-27,2000000.00,3.730908,102.3828125
15:00:37,91282CLD1,TSRYS5850288,D,S,T,2024-08-27,2000000.00,3.730908,102.3828125
15:00:38,91282CLD1,TSRYS5850288,D,S,T,2024-08-27,2000000.00,3.730908,102.3828125
15:00:38,91282CLD1,TSRYS5850288,D,S,D,2024-08-27,1000000.00,3.73059,102.384765625
15:00:41,91282CLD1,TSRYS5850288,D,S,D,2024-08-27,1000000.00,3.730908,102.3828125
15:00:41,91282CLD1,TSRYS5850288,D,S,D,2024-08-27,2000000.00,3.730908,102.3828125
15:00:41,91282CLD1,TSRYS5850288,D,S,D,2024-08-27,2000000.00,3.730908,102.3828125
15:00:41,91282CLD1,TSRYS5850288,D,S,D,2024-08-27,1000000.00,3.730908,102.3828125
15:00:41,91282CLD1,TSRYS5850288,D,S,D,2024-08-27,2000000.00,3.730908,102.3828125
15:00:41,91282CLD1,TSRYS5850288,D,S,D,2024-08-27,2000000.00,3.730908,102.3828125
15:00:41,91282CLD1,TSRYS5850288,D,S,D,2024-08-27,1000000.00,3.730908,102.3828125
15:00:41,91282CLD1,TSRYS5850288,D,B,C,2024-08-27,1000000.00,3.729635,102.390625
15:00:41,91282CLD1,TSRYS5850288,D,S,C,2024-08-27,1000000.00,3.729606,102.3908
15:00:41,91282CLD1,TSRYS5850288,D,B,C,2024-08-27,1000000.00,3.729635,102.390625
15:00:41,91282CLD1,TSRYS5850288,D,S,D,2024-08-27,1000000.00,3.729635,102.390625
15:00:41,91282CLD1,TSRYS5850288,D,S,D,2024-08-27,1000000.00,3.728362,102.3984375
15:00:41,91282CLD1,TSRYS5850288,D,S,C,2024-08-27,1000000.00,3.728362,102.3984375
15:00:41,91282CLD1,TSRYS5850288,D,S,D,2024-08-27,1000000.00,3.729635,102.390625
15:00:41,91282CLD1,TSRYS5850288,D,B,C,2024-08-27,1000000.00,3.730908,102.3828125
15:00:41,91282CLD1,TSRYS5850288,D,S,C,2024-08-27,1000000.00,3.730891,102.3829125
15:00:42,91282CLD1,TSRYS5850288,D,S,C,2024-08-27,1000000.00,3.73214,102.37525
15:00:42,91282CLD1,TSRYS5850288,D,S,C,2024-08-27,1000000.00,3.732156,102.37515
15:00:42,91282CLD1,TSRYS5850288,D,S,C,2024-08-27,1000000.00,3.732181,102.375
15:00:42,91282CLD1,TSRYS5850288,D,S,D,2024-08-27,1000000.00,3.732181,102.375
15:00:42,91282CLD1,TSRYS5850288,D,S,D,2024-08-27,1000000.00,3.732181,102.375
15:00:42,91282CLD1,TSRYS5850288,D,S,T,2024-08-27,3000000.00,3.730908,102.3828125
15:00:42,91282CLD1,TSRYS5850288,D,S,T,2024-08-27,3000000.00,3.730908,102.3828125
15:00:44,91282CLD1,TSRYS5850288,D,S,D,2024-08-27,1000000.00,3.730908,102.3828125
15:00:47,91282CLD1,TSRYS5850288,D,S,D,2024-08-27,3000000.00,3.730891,102.3829125
15:00:47,91282CLD1,TSRYS5850288,D,S,D,2024-08-27,3000000.00,3.730891,102.3829125
15:00:47,91282CLD1,TSRYS5850288,D,S,D,2024-08-27,1000000.00,3.731226,102.380859375
15:00:49,91282CLD1,TSRYS5850288,D,S,T,2024-08-27,1000000.00,3.731226,102.380859375
15:00:49,91282CLD1,TSRYS5850288,D,S,T,2024-08-27,1000000.00,3.731226,102.380859375
15:00:50,91282CLD1,TSRYS5850288,D,S,T,2024-08-27,1000000.00,3.731226,102.380859375
15:00:52,91282CLD1,TSRYS5850288,D,B,C,2024-08-27,1000000.00,3.731226,102.38085937
15:00:53,91282CLD1,TSRYS5850288,D,B,C,2024-08-27,1000000.00,3.728362,102.3984375
15:00:53,91282CLD1,TSRYS5850288,D,S,D,2024-08-27,1000000.00,3.728362,102.3984375
15:00:54,91282CLD1,TSRYS5850288,D,S,D,2024-08-27,1000000.00,3.731226,102.380859375
15:00:54,91282CLD1,TSRYS5850288,D,S,D,2024-08-27,1000000.00,3.731226,102.380859375
15:00:56,91282CLD1,TSRYS5850288,D,S,T,2024-08-27,1000000.00,3.731226,102.380859375
15:00:57,91282CLD1,TSRYS5850288,D,S,C,2024-08-27,1000000.00,3.729594,102.390875
15:00:57,91282CLD1,TSRYS5850288,D,S,C,2024-08-27,1000000.00,3.729594,102.390875
15:00:57,91282CLD1,TSRYS5850288,D,S,C,2024-08-27,1000000.00,3.729594,102.390875
15:00:57,91282CLD1,TSRYS5850288,D,S,C,2024-08-27,1000000.00,3.729594,102.390875
15:00:57,91282CLD1,TSRYS5850288,D,S,C,2024-08-27,2000000.00,3.72961,102.390775
15:00:57,91282CLD1,TSRYS5850288,D,S,D,2024-08-27,1000000.00,3.730908,102.3828125
15:00:57,91282CLD1,TSRYS5850288,D,B,C,2024-08-27,1000000.00,3.730924,102.3827125
15:00:57,91282CLD1,TSRYS5850288,D,S,D,2024-08-27,1000000.00,3.730908,102.3828125
15:00:57,91282CLD1,TSRYS5850288,D,S,D,2024-08-27,1000000.00,3.730908,102.3828125
15:00:57,91282CLD1,TSRYS5850288,D,S,C,2024-08-27,1000000.00,3.730883,102.3829625
15:00:57,91282CLD1,TSRYS5850288,D,S,C,2024-08-27,1000000.00,3.730908,102.3828125
15:00:57,91282CLD1,TSRYS5850288,D,S,C,2024-08-27,1000000.00,3.730908,102.3828125
15:00:58,91282CLD1,TSRYS5850288,D,S,D,2024-08-27,1000000.00,3.730908,102.3828125
15:00:58,91282CLD1,TSRYS5850288,D,S,D,2024-08-27,1000000.00,3.730908,102.3828125
15:00:58,91282CLD1,TSRYS5850288,D,S,D,2024-08-27,1000000.00,3.730875,102.3830125
15:01:01,91282CLD1,TSRYS5850288,D,S,C,2024-08-27,1000000.00,3.730908,102.3828125
15:01:01,91282CLD1,TSRYS5850288,D,S,D,2024-08-27,1000000.00,3.731226,102.380859375
15:01:03,91282CLD1,TSRYS5850288,D,S,C,2024-08-27,54000000.00,3.753415,102.2448
15:01:10,91282CLD1,TSRYS5850288,D,S,T,2024-08-27,1000000.00,3.730908,102.3828125
15:01:10,91282CLD1,TSRYS5850288,D,S,D,2024-08-27,3000000.00,3.730908,102.3828125
15:01:10,91282CLD1,TSRYS5850288,D,S,D,2024-08-27,1000000.00,3.730908,102.3828125
15:01:11,91282CLD1,TSRYS5850288,D,S,C,2024-08-27,1000000.00,3.730908,102.3828125
15:01:11,91282CLD1,TSRYS5850288,D,S,C,2024-08-27,1000000.00,3.730883,102.3829625
15:01:11,91282CLD1,TSRYS5850288,D,S,C,2024-08-27,30000.00,3.730612,102.384625
15:01:19,91282CLD1,TSRYS5850288,D,S,D,2024-08-27,1000000.00,3.730908,102.3828125
15:01:19,91282CLD1,TSRYS5850288,D,S,D,2024-08-27,4070000.00,3.731544,102.37890625
15:01:20,91282CLD1,TSRYS5850288,D,S,T,2024-08-27,1000000.00,3.730908,102.3828125
15:01:20,91282CLD1,TSRYS5850288,D,S,D,2024-08-27,1000000.00,3.730908,102.3828125
15:01:20,91282CLD1,TSRYS5850288,D,S,D,2024-08-27,1000000.00,3.730908,102.3828125
15:01:21,91282CLD1,TSRYS5850288,D,S,D,2024-08-27,1000000.00,3.730908,102.3828125
15:01:21,91282CLD1,TSRYS5850288,D,S,D,2024-08-27,1000000.00,3.730908,102.3828125
15:01:25,91282CLD1,TSRYS5850288,D,S,T,2024-08-27,1000000.00,3.730908,102.3828125
15:01:25,91282CLD1,TSRYS5850288,D,S,D,2024-08-27,1000000.00,3.730908,102.3828125
15:01:26,91282CLD1,TSRYS5850288,D,S,T,2024-08-27,1000000.00,3.730908,102.3828125
15:01:26,91282CLD1,TSRYS5850288,D,S,T,2024-08-27,1000000.00,3.730908,102.3828125
15:01:26,91282CLD1,TSRYS5850288,D,S,T,2024-08-27,1000000.00,3.730908,102.3828125
15:01:27,91282CLD1,TSRYS5850288,D,S,T,2024-08-27,1000000.00,3.730908,102.3828125
15:01:27,91282CLD1,TSRYS5850288,D,S,T,2024-08-27,1000000.00,3.730908,102.3828125
15:01:27,91282CLD1,TSRYS5850288,D,S,D,2024-08-27,1000000.00,3.730908,102.3828125
15:01:28,91282CLD1,TSRYS5850288,D,S,D,2024-08-27,1000000.00,3.730908,102.3828125
15:01:29,91282CLD1,TSRYS5850288,D,S,T,2024-08-27,1000000.00,3.730908,102.3828125
15:01:29,91282CLD1,TSRYS5850288,D,S,T,2024-08-27,1000000.00,3.730908,102.3828125
15:01:29,91282CLD1,TSRYS5850288,D,S,T,2024-08-27,1000000.00,3.730908,102.3828125
15:01:30,91282CLD1,TSRYS5850288,D,S,D,2024-08-27,1000000.00,3.730908,102.3828125
15:01:30,91282CLD1,TSRYS5850288,D,S,D,2024-08-27,1000000.00,3.730908,102.3828125
15:01:30,91282CLD1,TSRYS5850288,D,S,D,2024-08-27,1000000.00,3.730908,102.3828125
15:01:34,91282CLD1,TSRYS5850288,D,S,D,2024-08-27,1000000.00,3.730908,102.3828125
15:01:35,91282CLD1,TSRYS5850288,D,S,D,2024-08-27,1000.00,3.730953,102.38253296029
15:01:37,91282CLD1,TSRYS5850288,D,S,T,2024-08-27,1000000.00,3.730908,102.3828125
15:01:37,91282CLD1,TSRYS5850288,D,S,C,2024-08-27,1000000.00,3.730908,102.3828125
15:01:37,91282CLD1,TSRYS5850288,D,S,D,2024-08-27,1000000.00,3.730908,102.3828125
15:01:38,91282CLD1,TSRYS5850288,D,S,D,2024-08-27,1000000.00,3.730908,102.3828125
15:01:40,91282CLD1,TSRYS5850288,D,S,D,2024-08-27,1000000.00,3.730908,102.3828125
15:01:40,91282CLD1,TSRYS5850288,D,B,C,2024-08-27,1000000.00,3.730908,102.3828125
15:01:40,91282CLD1,TSRYS5850288,D,S,D,2024-08-27,1000000.00,3.730875,102.3830125
15:01:40,91282CLD1,TSRYS5850288,D,S,D,2024-08-27,1000000.00,3.730875,102.3830125
15:01:40,91282CLD1,TSRYS5850288,D,B,C,2024-08-27,1000000.00,3.730908,102.3828125
15:01:40,91282CLD1,TSRYS5850288,D,B,C,2024-08-27,1000000.00,3.730908,102.3828125
15:01:40,91282CLD1,TSRYS5850288,D,S,D,2024-08-27,1000000.00,3.730875,102.3830125
15:01:40,91282CLD1,TSRYS5850288,D,S,D,2024-08-27,1000000.00,3.730908,102.3828125
15:01:40,91282CLD1,TSRYS5850288,D,B,C,2024-08-27,1000000.00,3.730908,102.3828125
15:01:55,91282CLD1,TSRYS5850288,D,S,D,2024-08-27,1000000.00,3.730875,102.3830125
15:01:55,91282CLD1,TSRYS5850288,D,B,C,2024-08-27,1000000.00,3.730908,102.3828125
15:01:56,91282CLD1,TSRYS5850288,D,S,D,2024-08-27,1000000.00,3.730908,102.3828125
15:01:56,91282CLD1,TSRYS5850288,D,S,C,2024-08-27,1000000.00,3.730908,102.3828125
15:01:56,91282CLD1,TSRYS5850288,D,S,D,2024-08-27,1000000.00,3.730875,102.3830125
15:01:56,91282CLD1,TSRYS5850288,D,B,C,2024-08-27,1000000.00,3.730957,102.3825125
15:01:56,91282CLD1,TSRYS5850288,D,S,C,2024-08-27,1000000.00,3.730875,102.3830125
15:01:56,91282CLD1,TSRYS5850288,D,B,C,2024-08-27,1000000.00,3.730944,102.3825875
15:01:56,91282CLD1,TSRYS5850288,D,B,C,2024-08-27,1000000.00,3.730957,102.3825125
15:01:56,91282CLD1,TSRYS5850288,D,S,C,2024-08-27,1000000.00,3.730875,102.3830125
15:02:10,91282CLD1,TSRYS5850288,D,S,D,2024-08-27,20000000.00,3.730812,102.3834
15:02:10,91282CLD1,TSRYS5850288,D,S,T,2024-08-27,2000000.00,3.731226,102.380859375
15:02:10,91282CLD1,TSRYS5850288,D,S,T,2024-08-27,1000000.00,3.731544,102.37890625
15:02:13,91282CLD1,TSRYS5850288,D,S,D,2024-08-27,1000000.00,3.732165,102.3751
15:02:13,91282CLD1,TSRYS5850288,D,B,C,2024-08-27,1000000.00,3.732214,102.3748
15:02:13,91282CLD1,TSRYS5850288,D,S,C,2024-08-27,124000000.00,3.751186,102.258462
15:02:14,91282CLD1,TSRYS5850288,D,S,T,2024-08-27,1000000.00,3.731226,102.380859375
15:02:14,91282CLD1,TSRYS5850288,D,S,T,2024-08-27,1000000.00,3.731246,102.380734375
15:02:15,91282CLD1,TSRYS5850288,D,S,T,2024-08-27,1000000.00,3.731226,102.380859375
15:02:15,91282CLD1,TSRYS5850288,D,S,D,2024-08-27,2000000.00,3.731226,102.380859375
15:02:15,91282CLD1,TSRYS5850288,D,S,T,2024-08-27,2000000.00,3.731863,102.376953125
15:02:15,91282CLD1,TSRYS5850288,D,B,C,2024-08-27,1000000.00,3.75193,102.2539
15:02:15,91282CLD1,TSRYS5850288,D,B,C,2024-08-27,2000000.00,3.731863,102.376953125
15:02:15,91282CLD1,TSRYS5850288,D,S,D,2024-08-27,2000000.00,3.731863,102.376953125
15:02:16,91282CLD1,TSRYS5850288,D,S,D,2024-08-27,1000000.00,3.731544,102.37890625
15:02:16,91282CLD1,TSRYS5850288,D,B,C,2024-08-27,1000000.00,3.731544,102.37890625
15:02:16,91282CLD1,TSRYS5850288,D,S,D,2024-08-27,1000000.00,3.731544,102.37890625
15:02:17,91282CLD1,TSRYS5850288,D,S,D,2024-08-27,2000000.00,3.731863,102.376953125
15:02:17,91282CLD1,TSRYS5850288,D,S,T,2024-08-27,2000000.00,3.732181,102.375
15:02:17,91282CLD1,TSRYS5850288,D,S,D,2024-08-27,1000000.00,3.731226,102.380859375
15:02:17,91282CLD1,TSRYS5850288,D,S,D,2024-08-27,1000000.00,3.731226,102.380859375
15:02:18,91282CLD1,TSRYS5850288,D,S,D,2024-08-27,1000000.00,3.731226,102.380859375
15:02:19,91282CLD1,TSRYS5850288,D,S,D,2024-08-27,7100000.00,3.732181,102.375
15:02:26,91282CLD1,TSRYS5850288,D,S,D,2024-08-27,1000000.00,3.730908,102.3828125
15:02:26,91282CLD1,TSRYS5850288,D,B,C,2024-08-27,1000000.00,3.730908,102.3828125
15:02:27,91282CLD1,TSRYS5850288,D,S,D,2024-08-27,7100000.00,3.732181,102.375
15:02:30,91282CLD1,TSRYS5850288,D,B,C,2024-08-27,10000000.00,3.730908,102.3828125
15:02:30,91282CLD1,TSRYS5850288,D,S,T,2024-08-27,1000000.00,3.730908,102.3828125
15:02:31,91282CLD1,TSRYS5850288,D,S,T,2024-08-27,1000000.00,3.730908,102.3828125
15:02:34,91282CLD1,TSRYS5850288,D,B,C,2024-08-27,1000000.00,3.730908,102.3828125
15:02:34,91282CLD1,TSRYS5850288,D,S,D,2024-08-27,1000000.00,3.730908,102.3828125
15:02:34,91282CLD1,TSRYS5850288,D,B,C,2024-08-27,1000000.00,3.730908,102.3828125
15:02:34,91282CLD1,TSRYS5850288,D,S,D,2024-08-27,1000000.00,3.730908,102.3828125
15:02:34,91282CLD1,TSRYS5850288,D,S,D,2024-08-27,1000000.00,3.730908,102.3828125
15:02:38,91282CLD1,TSRYS5850288,D,B,C,2024-08-27,2000000.00,3.732603,102.37241
15:02:59,91282CLD1,TSRYS5850288,D,S,D,2024-08-27,1000000.00,3.730908,102.3828125
15:02:59,91282CLD1,TSRYS5850288,D,B,C,2024-08-27,1000000.00,3.730908,102.3828125
15:03:06,91282CLD1,TSRYS5850288,D,S,D,2024-08-27,1000000.00,3.730908,102.3828125
15:03:06,91282CLD1,TSRYS5850288,D,S,T,2024-08-27,1000000.00,3.730908,102.3828125
15:03:15,91282CLD1,TSRYS5850288,D,S,D,2024-08-27,1000000.00,3.730908,102.3828125
15:03:15,91282CLD1,TSRYS5850288,D,B,C,2024-08-27,1000000.00,3.730957,102.3825125
15:03:15,91282CLD1,TSRYS5850288,D,S,D,2024-08-27,1000000.00,3.730908,102.3828125
15:03:15,91282CLD1,TSRYS5850288,D,B,C,2024-08-27,1000000.00,3.730949,102.3825625
15:03:15,91282CLD1,TSRYS5850288,D,S,D,2024-08-27,1000000.00,3.730908,102.3828125
15:03:24,91282CLD1,TSRYS5850288,D,S,D,2024-08-27,1000000.00,3.73059,102.384765625
15:03:24,91282CLD1,TSRYS5850288,D,S,D,2024-08-27,1000000.00,3.73059,102.384765625
15:03:25,91282CLD1,TSRYS5850288,D,S,D,2024-08-27,1000000.00,3.73059,102.384765625
15:03:25,91282CLD1,TSRYS5850288,D,S,D,2024-08-27,1000000.00,3.73059,102.384765625
15:03:25,91282CLD1,TSRYS5850288,D,S,D,2024-08-27,1000000.00,3.73059,102.384765625
15:03:28,91282CLD1,TSRYS5850288,D,S,D,2024-08-27,1000000.00,3.730908,102.3828125
15:03:28,91282CLD1,TSRYS5850288,D,B,C,2024-08-27,1000000.00,3.730949,102.3825625
15:03:28,91282CLD1,TSRYS5850288,D,S,D,2024-08-27,1000000.00,3.730908,102.3828125
15:03:28,91282CLD1,TSRYS5850288,D,B,C,2024-08-27,1000000.00,3.730908,102.3828125
15:03:28,91282CLD1,TSRYS5850288,D,B,C,2024-08-27,1000000.00,3.730908,102.3828125
15:03:28,91282CLD1,TSRYS5850288,D,S,D,2024-08-27,1000000.00,3.730908,102.3828125
15:03:28,91282CLD1,TSRYS5850288,D,S,D,2024-08-27,1000000.00,3.730908,102.3828125
15:03:33,91282CLD1,TSRYS5850288,D,S,D,2024-08-27,1000000.00,3.730908,102.3828125
15:03:33,91282CLD1,TSRYS5850288,D,S,D,2024-08-27,1000000.00,3.730908,102.3828125
15:03:33,91282CLD1,TSRYS5850288,D,S,D,2024-08-27,1000000.00,3.730908,102.3828125
15:03:37,91282CLD1,TSRYS5850288,D,B,C,2024-08-27,4000000.00,3.730908,102.3828125
15:03:39,91282CLD1,TSRYS5850288,D,S,D,2024-08-27,1000000.00,3.730908,102.3828125
15:03:39,91282CLD1,TSRYS5850288,D,S,D,2024-08-27,1000000.00,3.730908,102.3828125
15:03:43,91282CLD1,TSRYS5850288,D,S,D,2024-08-27,2000000.00,3.732181,102.375
15:03:43,91282CLD1,TSRYS5850288,D,S,D,2024-08-27,1000000.00,3.730908,102.3828125
15:03:43,91282CLD1,TSRYS5850288,D,B,C,2024-08-27,1000000.00,3.730957,102.3825125
15:03:43,91282CLD1,TSRYS5850288,D,S,D,2024-08-27,1000000.00,3.730908,102.3828125
15:03:43,91282CLD1,TSRYS5850288,D,B,C,2024-08-27,1000000.00,3.73094,102.3826125
15:03:43,91282CLD1,TSRYS5850288,D,S,D,2024-08-27,1000000.00,3.730908,102.3828125
15:03:55,91282CLD1,TSRYS5850288,D,S,D,2024-08-27,1000000.00,3.73059,102.38476562
15:03:58,91282CLD1,TSRYS5850288,D,B,C,2024-08-27,2000000.00,3.732181,102.375
15:03:58,91282CLD1,TSRYS5850288,D,S,D,2024-08-27,2000000.00,3.732181,102.375
15:03:59,91282CLD1,TSRYS5850288,D,S,D,2024-08-27,1000000.00,3.730908,102.3828125
15:03:59,91282CLD1,TSRYS5850288,D,B,C,2024-08-27,1000000.00,3.730908,102.3828125
15:03:59,91282CLD1,TSRYS5850288,D,B,C,2024-08-27,1000000.00,3.730908,102.3828125
15:04:02,91282CLD1,TSRYS5850288,D,S,T,2024-08-27,1000000.00,3.73059,102.38476562
15:04:09,91282CLD1,TSRYS5850288,D,S,T,2024-08-27,1000000.00,3.73059,102.38476562
15:04:09,91282CLD1,TSRYS5850288,D,S,T,2024-08-27,1000000.00,3.73059,102.38476562
15:04:13,91282CLD1,TSRYS5850288,D,S,T,2024-08-27,1000000.00,3.73059,102.38476562
15:04:14,91282CLD1,TSRYS5850288,D,S,D,2024-08-27,1000000.00,3.730908,102.3828125
15:04:14,91282CLD1,TSRYS5850288,D,S,D,2024-08-27,1000000.00,3.730908,102.3828125
15:04:14,91282CLD1,TSRYS5850288,D,B,C,2024-08-27,1000000.00,3.730932,102.3826625
15:04:14,91282CLD1,TSRYS5850288,D,B,C,2024-08-27,1000000.00,3.730932,102.3826625
15:04:14,91282CLD1,TSRYS5850288,D,B,C,2024-08-27,1000000.00,3.730932,102.3826625
15:04:14,91282CLD1,TSRYS5850288,D,S,D,2024-08-27,1000000.00,3.730908,102.3828125
15:04:14,91282CLD1,TSRYS5850288,D,S,D,2024-08-27,1000000.00,3.730908,102.3828125
15:04:14,91282CLD1,TSRYS5850288,D,S,D,2024-08-27,1000000.00,3.730908,102.3828125
15:04:14,91282CLD1,TSRYS5850288,D,B,C,2024-08-27,1000000.00,3.730932,102.3826625
15:04:14,91282CLD1,TSRYS5850288,D,S,D,2024-08-27,1000000.00,3.730908,102.3828125
15:04:14,91282CLD1,TSRYS5850288,D,B,C,2024-08-27,1000000.00,3.730932,102.3826625
15:04:14,91282CLD1,TSRYS5850288,D,B,C,2024-08-27,1000000.00,3.730932,102.3826625
15:04:14,91282CLD1,TSRYS5850288,D,B,C,2024-08-27,1000000.00,3.730932,102.3826625
15:04:14,91282CLD1,TSRYS5850288,D,S,C,2024-08-27,1000000.00,3.730867,102.3830625
15:04:14,91282CLD1,TSRYS5850288,D,S,D,2024-08-27,1000000.00,3.730908,102.3828125
15:04:18,91282CLD1,TSRYS5850288,D,S,T,2024-08-27,1000000.00,3.73059,102.38476562
15:04:24,91282CLD1,TSRYS5850288,D,B,C,2024-08-27,3000000.00,3.73059,102.38476562
15:04:24,91282CLD1,TSRYS5850288,D,B,C,2024-08-27,3000000.00,3.73059,102.38476562
15:04:24,91282CLD1,TSRYS5850288,D,B,C,2024-08-27,3000000.00,3.73059,102.38476562
15:04:27,91282CLD1,TSRYS5850288,D,B,C,2024-08-27,3000000.00,3.73059,102.38476562
15:04:27,91282CLD1,TSRYS5850288,D,B,C,2024-08-27,2000000.00,3.73059,102.38476562
15:04:40,91282CLD1,TSRYS5850288,D,S,D,2024-08-27,1000000.00,3.730908,102.3828125
15:04:42,91282CLD1,TSRYS5850288,D,S,D,2024-08-27,1000000.00,3.730908,102.3828125
15:04:42,91282CLD1,TSRYS5850288,D,S,C,2024-08-27,1000000.00,3.730908,102.3828125
15:04:42,91282CLD1,TSRYS5850288,D,B,C,2024-08-27,1000000.00,3.730932,102.3826625
15:04:42,91282CLD1,TSRYS5850288,D,B,C,2024-08-27,1000000.00,3.730932,102.3826625
15:04:42,91282CLD1,TSRYS5850288,D,B,C,2024-08-27,1000000.00,3.730932,102.3826625
15:04:54,91282CLD1,TSRYS5850288,D,S,D,2024-08-27,470000.00,3.730908,102.3828125
15:05:16,91282CLD1,TSRYS5850288,D,S,D,2024-08-27,1000000.00,3.730908,102.3828125
15:05:16,91282CLD1,TSRYS5850288,D,S,D,2024-08-27,1000000.00,3.730908,102.3828125
15:05:17,91282CLD1,TSRYS5850288,D,S,D,2024-08-27,470000.00,3.730908,102.3828125
15:05:17,91282CLD1,TSRYS5850288,D,S,D,2024-08-27,1000000.00,3.731226,102.380859375
15:05:17,91282CLD1,TSRYS5850288,D,S,C,2024-08-27,1000000.00,3.731226,102.380859375
15:05:17,91282CLD1,TSRYS5850288,D,S,D,2024-08-27,470000.00,3.730908,102.3828125
15:05:18,91282CLD1,TSRYS5850288,D,S,T,2024-08-27,1000000.00,3.730908,102.3828125
15:05:18,91282CLD1,TSRYS5850288,D,S,T,2024-08-27,1000000.00,3.730908,102.3828125
15:05:28,91282CLD1,TSRYS5850288,D,B,C,2024-08-27,1000000.00,3.730908,102.3828125
15:05:28,91282CLD1,TSRYS5850288,D,S,D,2024-08-27,1000000.00,3.730908,102.3828125
15:05:28,91282CLD1,TSRYS5850288,D,B,C,2024-08-27,1000000.00,3.730908,102.3828125
15:05:28,91282CLD1,TSRYS5850288,D,S,D,2024-08-27,1000000.00,3.730908,102.3828125
15:05:28,91282CLD1,TSRYS5850288,D,S,D,2024-08-27,1000000.00,3.730908,102.3828125
15:05:28,91282CLD1,TSRYS5850288,D,B,C,2024-08-27,1000000.00,3.730908,102.3828125
15:05:28,91282CLD1,TSRYS5850288,D,S,D,2024-08-27,1000000.00,3.730908,102.3828125
15:05:28,91282CLD1,TSRYS5850288,D,B,C,2024-08-27,1000000.00,3.730908,102.3828125
15:05:42,91282CLD1,TSRYS5850288,D,S,C,2024-08-27,1000000.00,3.730908,102.3828125
15:05:50,91282CLD1,TSRYS5850288,D,S,T,2024-08-27,1000000.00,3.732181,102.375
15:05:50,91282CLD1,TSRYS5850288,D,S,T,2024-08-27,4000000.00,3.732181,102.375
15:05:50,91282CLD1,TSRYS5850288,D,S,T,2024-08-27,2000000.00,3.732181,102.375
15:05:50,91282CLD1,TSRYS5850288,D,S,T,2024-08-27,2000000.00,3.732181,102.375
15:05:50,91282CLD1,TSRYS5850288,D,S,T,2024-08-27,1000000.00,3.732181,102.375
15:05:50,91282CLD1,TSRYS5850288,D,S,T,2024-08-27,2000000.00,3.732181,102.375
15:05:50,91282CLD1,TSRYS5850288,D,S,T,2024-08-27,1000000.00,3.732499,102.373046875
15:05:50,91282CLD1,TSRYS5850288,D,S,D,2024-08-27,1000000.00,3.732181,102.375
15:05:50,91282CLD1,TSRYS5850288,D,S,C,2024-08-27,1000000.00,3.732499,102.373046875
15:05:50,91282CLD1,TSRYS5850288,D,S,D,2024-08-27,1000000.00,3.732181,102.375
15:05:50,91282CLD1,TSRYS5850288,D,S,D,2024-08-27,1000000.00,3.732499,102.373046875
15:05:51,91282CLD1,TSRYS5850288,D,S,D,2024-08-27,1000000.00,3.732165,102.3751
15:05:51,91282CLD1,TSRYS5850288,D,S,D,2024-08-27,1000000.00,3.732181,102.375
15:05:51,91282CLD1,TSRYS5850288,D,S,D,2024-08-27,3000000.00,3.732165,102.3751
15:05:52,91282CLD1,TSRYS5850288,D,S,C,2024-08-27,1000000.00,3.732499,102.373046875
15:05:56,91282CLD1,TSRYS5850288,D,S,T,2024-08-27,1000000.00,3.732181,102.375
15:05:58,91282CLD1,TSRYS5850288,D,S,D,2024-08-27,1000000.00,3.730908,102.3828125
15:05:58,91282CLD1,TSRYS5850288,D,S,D,2024-08-27,1000000.00,3.730908,102.3828125
15:06:01,91282CLD1,TSRYS5850288,D,S,C,2024-08-27,6600000.00,3.732181,102.375
15:06:02,91282CLD1,TSRYS5850288,D,S,T,2024-08-27,1000000.00,3.730908,102.3828125
15:06:02,91282CLD1,TSRYS5850288,D,B,C,2024-08-27,1000000.00,3.731226,102.380859375
15:06:02,91282CLD1,TSRYS5850288,D,S,T,2024-08-27,1000000.00,3.730908,102.3828125
15:06:02,91282CLD1,TSRYS5850288,D,S,D,2024-08-27,1000000.00,3.731226,102.380859375
15:06:02,91282CLD1,TSRYS5850288,D,S,T,2024-08-27,1000000.00,3.732181,102.375
15:06:02,91282CLD1,TSRYS5850288,D,S,D,2024-08-27,1000000.00,3.731226,102.380859375
15:06:02,91282CLD1,TSRYS5850288,D,B,C,2024-08-27,1000000.00,3.731226,102.380859375
15:06:02,91282CLD1,TSRYS5850288,D,S,D,2024-08-27,1000000.00,3.731226,102.380859375
15:06:03,91282CLD1,TSRYS5850288,D,B,C,2024-08-27,1000000.00,3.731226,102.380859375
15:06:03,91282CLD1,TSRYS5850288,D,S,C,2024-08-27,1000000.00,3.731226,102.380859375
15:06:03,91282CLD1,TSRYS5850288,D,S,D,2024-08-27,1000000.00,3.731226,102.380859375
15:06:03,91282CLD1,TSRYS5850288,D,S,D,2024-08-27,1000000.00,3.731226,102.380859375
15:06:03,91282CLD1,TSRYS5850288,D,B,C,2024-08-27,1000000.00,3.731226,102.380859375
15:06:03,91282CLD1,TSRYS5850288,D,S,C,2024-08-27,3000000.00,3.731846,102.377053125
15:06:04,91282CLD1,TSRYS5850288,D,S,T,2024-08-27,2000000.00,3.731863,102.376953125
15:06:04,91282CLD1,TSRYS5850288,D,S,T,2024-08-27,1000000.00,3.731883,102.376828125
15:06:04,91282CLD1,TSRYS5850288,D,S,D,2024-08-27,1000000.00,3.731544,102.37890625
15:06:05,91282CLD1,TSRYS5850288,D,S,T,2024-08-27,1000000.00,3.731544,102.37890625
15:06:05,91282CLD1,TSRYS5850288,D,S,T,2024-08-27,2000000.00,3.731863,102.376953125
15:06:06,91282CLD1,TSRYS5850288,D,S,D,2024-08-27,1000000.00,3.731544,102.37890625
15:06:06,91282CLD1,TSRYS5850288,D,S,T,2024-08-27,1000000.00,3.731544,102.37890625
15:06:06,91282CLD1,TSRYS5850288,D,S,C,2024-08-27,1000000.00,3.731226,102.380859375
15:06:06,91282CLD1,TSRYS5850288,D,S,D,2024-08-27,1000000.00,3.731863,102.376953125
15:06:06,91282CLD1,TSRYS5850288,D,S,D,2024-08-27,1000000.00,3.731544,102.37890625
15:06:06,91282CLD1,TSRYS5850288,D,S,C,2024-08-27,1000000.00,3.731226,102.380859375
15:06:07,91282CLD1,TSRYS5850288,D,S,C,2024-08-27,1000000.00,3.731863,102.376953125
15:06:07,91282CLD1,TSRYS5850288,D,S,C,2024-08-27,1000000.00,3.731863,102.376953125
15:06:07,91282CLD1,TSRYS5850288,D,S,C,2024-08-27,200000.00,3.732181,102.375
15:06:07,91282CLD1,TSRYS5850288,D,S,D,2024-08-27,1000000.00,3.731544,102.37890625
15:06:08,91282CLD1,TSRYS5850288,D,S,C,2024-08-27,1000000.00,3.731512,102.37910625
15:06:08,91282CLD1,TSRYS5850288,D,S,C,2024-08-27,1000000.00,3.731226,102.380859375
15:06:08,91282CLD1,TSRYS5850288,D,S,C,2024-08-27,1000000.00,3.731863,102.376953125
15:06:08,91282CLD1,TSRYS5850288,D,S,D,2024-08-27,2000000.00,3.731863,102.376953125
15:06:08,91282CLD1,TSRYS5850288,D,S,D,2024-08-27,1000000.00,3.731863,102.376953125
15:06:09,91282CLD1,TSRYS5850288,D,S,C,2024-08-27,1000000.00,3.731226,102.380859375
15:06:09,91282CLD1,TSRYS5850288,D,B,C,2024-08-27,1000000.00,3.731226,102.380859375
15:06:09,91282CLD1,TSRYS5850288,D,S,C,2024-08-27,1000000.00,3.731512,102.37910625
15:06:09,91282CLD1,TSRYS5850288,D,S,C,2024-08-27,1000000.00,3.731544,102.37890625
15:06:09,91282CLD1,TSRYS5850288,D,S,C,2024-08-27,1000000.00,3.731544,102.37890625
15:06:09,91282CLD1,TSRYS5850288,D,S,C,2024-08-27,2000000.00,3.731863,102.376953125
15:06:09,91282CLD1,TSRYS5850288,D,S,D,2024-08-27,2000000.00,3.731863,102.376953125
15:06:09,91282CLD1,TSRYS5850288,D,S,T,2024-08-27,2000000.00,3.731863,102.376953125
15:06:09,91282CLD1,TSRYS5850288,D,S,T,2024-08-27,1000000.00,3.731544,102.37890625
15:06:09,91282CLD1,TSRYS5850288,D,S,T,2024-08-27,1000000.00,3.731863,102.376953125
15:06:09,91282CLD1,TSRYS5850288,D,S,T,2024-08-27,2000000.00,3.731863,102.376953125
15:06:09,91282CLD1,TSRYS5850288,D,S,T,2024-08-27,1000000.00,3.731544,102.37890625
15:06:09,91282CLD1,TSRYS5850288,D,S,T,2024-08-27,1000000.00,3.731544,102.37890625
15:06:10,91282CLD1,TSRYS5850288,D,S,C,2024-08-27,1000000.00,3.731544,102.37890625
15:06:10,91282CLD1,TSRYS5850288,D,S,C,2024-08-27,1000000.00,3.731226,102.380859375
15:06:10,91282CLD1,TSRYS5850288,D,S,C,2024-08-27,1000000.00,3.731544,102.37890625
15:06:10,91282CLD1,TSRYS5850288,D,S,D,2024-08-27,1000000.00,3.731863,102.376953125
15:06:10,91282CLD1,TSRYS5850288,D,S,C,2024-08-27,1000000.00,3.731544,102.37890625
15:06:11,91282CLD1,TSRYS5850288,D,S,D,2024-08-27,1000000.00,3.731863,102.376953125
15:06:11,91282CLD1,TSRYS5850288,D,S,D,2024-08-27,1000000.00,3.731544,102.37890625
15:06:13,91282CLD1,TSRYS5850288,D,S,T,2024-08-27,1000000.00,3.731863,102.376953125
15:06:14,91282CLD1,TSRYS5850288,D,S,T,2024-08-27,1000000.00,3.731544,102.37890625
15:06:14,91282CLD1,TSRYS5850288,D,S,T,2024-08-27,1000000.00,3.731863,102.376953125
15:06:14,91282CLD1,TSRYS5850288,D,S,T,2024-08-27,1000000.00,3.731544,102.37890625
15:06:14,91282CLD1,TSRYS5850288,D,S,T,2024-08-27,2000000.00,3.731863,102.376953125
15:06:14,91282CLD1,TSRYS5850288,D,S,T,2024-08-27,1000000.00,3.731544,102.37890625
15:06:14,91282CLD1,TSRYS5850288,D,S,T,2024-08-27,1000000.00,3.731544,102.37890625
15:06:14,91282CLD1,TSRYS5850288,D,S,T,2024-08-27,1000000.00,3.731544,102.37890625
15:06:14,91282CLD1,TSRYS5850288,D,S,T,2024-08-27,1000000.00,3.731863,102.376953125
15:06:14,91282CLD1,TSRYS5850288,D,S,T,2024-08-27,1000000.00,3.731544,102.37890625
15:06:16,91282CLD1,TSRYS5850288,D,B,C,2024-08-27,1000000.00,3.730908,102.3828125
15:06:16,91282CLD1,TSRYS5850288,D,S,D,2024-08-27,1000000.00,3.730908,102.3828125
15:06:16,91282CLD1,TSRYS5850288,D,B,C,2024-08-27,1000000.00,3.730908,102.3828125
15:06:16,91282CLD1,TSRYS5850288,D,S,D,2024-08-27,1000000.00,3.730908,102.3828125
15:06:16,91282CLD1,TSRYS5850288,D,S,C,2024-08-27,1000000.00,3.730908,102.3828125
15:06:16,91282CLD1,TSRYS5850288,D,B,C,2024-08-27,1000000.00,3.730908,102.3828125
15:06:17,91282CLD1,TSRYS5850288,D,S,D,2024-08-27,2000000.00,3.732181,102.375
15:06:26,91282CLD1,TSRYS5850288,D,S,T,2024-08-27,1000000.00,3.731544,102.37890625
15:06:27,91282CLD1,TSRYS5850288,D,S,D,2024-08-27,1000000.00,3.731544,102.37890625
15:06:27,91282CLD1,TSRYS5850288,D,S,T,2024-08-27,1000000.00,3.731544,102.37890625
15:06:27,91282CLD1,TSRYS5850288,D,S,D,2024-08-27,1000000.00,3.731544,102.37890625
15:06:29,91282CLD1,TSRYS5850288,D,S,C,2024-08-27,1000000.00,3.732181,102.375
15:06:30,91282CLD1,TSRYS5850288,D,S,D,2024-08-27,1000000.00,3.732181,102.375
15:06:31,91282CLD1,TSRYS5850288,D,S,D,2024-08-27,1000000.00,3.731544,102.37890625
15:06:31,91282CLD1,TSRYS5850288,D,S,D,2024-08-27,1000000.00,3.731544,102.37890625
15:06:42,91282CLD1,TSRYS5850288,D,S,T,2024-08-27,1000000.00,3.732181,102.375
15:06:42,91282CLD1,TSRYS5850288,D,S,T,2024-08-27,1000000.00,3.732181,102.375
15:06:44,91282CLD1,TSRYS5850288,D,S,T,2024-08-27,1000000.00,3.732181,102.375
15:06:47,91282CLD1,TSRYS5850288,D,S,D,2024-08-27,2000000.00,3.732181,102.375
15:06:47,91282CLD1,TSRYS5850288,D,S,D,2024-08-27,1000000.00,3.732148,102.3752
15:06:47,91282CLD1,TSRYS5850288,D,S,D,2024-08-27,1000000.00,3.732148,102.3752
15:06:47,91282CLD1,TSRYS5850288,D,B,C,2024-08-27,1000000.00,3.732181,102.375
15:06:47,91282CLD1,TSRYS5850288,D,S,D,2024-08-27,1000000.00,3.732148,102.3752
15:06:48,91282CLD1,TSRYS5850288,D,S,D,2024-08-27,1000000.00,3.730908,102.3828125
15:06:48,91282CLD1,TSRYS5850288,D,B,C,2024-08-27,1000000.00,3.730949,102.3825625
15:06:48,91282CLD1,TSRYS5850288,D,S,D,2024-08-27,1000000.00,3.732181,102.375
15:06:48,91282CLD1,TSRYS5850288,D,S,D,2024-08-27,1000000.00,3.730908,102.3828125
15:06:48,91282CLD1,TSRYS5850288,D,B,C,2024-08-27,3000000.00,3.730932,102.3826625
15:06:48,91282CLD1,TSRYS5850288,D,S,D,2024-08-27,3000000.00,3.730875,102.3830125
15:06:48,91282CLD1,TSRYS5850288,D,S,D,2024-08-27,1000000.00,3.730908,102.3828125
15:06:48,91282CLD1,TSRYS5850288,D,B,C,2024-08-27,1000000.00,3.730932,102.3826625
15:06:50,91282CLD1,TSRYS5850288,D,B,C,2024-08-27,6400000.00,3.731577,102.37870625
15:06:50,91282CLD1,TSRYS5850288,D,S,A,2024-08-27,6400000.00,3.731577,102.37870625
15:06:54,91282CLD1,TSRYS5850288,D,S,D,2024-08-27,2000000.00,3.732181,102.375
15:06:54,91282CLD1,TSRYS5850288,D,S,T,2024-08-27,4000000.00,3.732181,102.375
15:06:54,91282CLD1,TSRYS5850288,D,S,T,2024-08-27,1000000.00,3.732181,102.375
15:06:54,91282CLD1,TSRYS5850288,D,S,T,2024-08-27,1000000.00,3.732181,102.375
15:06:54,91282CLD1,TSRYS5850288,D,S,T,2024-08-27,2000000.00,3.732181,102.375
15:06:55,91282CLD1,TSRYS5850288,D,S,T,2024-08-27,1000000.00,3.730908,102.3828125
15:06:56,91282CLD1,TSRYS5850288,D,S,C,2024-08-27,1000000.00,3.731226,102.380859375
15:06:57,91282CLD1,TSRYS5850288,D,S,T,2024-08-27,1000000.00,3.731246,102.380734375
15:06:57,91282CLD1,TSRYS5850288,D,S,T,2024-08-27,1000000.00,3.731226,102.380859375
15:06:57,91282CLD1,TSRYS5850288,D,S,T,2024-08-27,1000000.00,3.731226,102.380859375
15:07:00,91282CLD1,TSRYS5850288,D,S,C,2024-08-27,1000000.00,3.731226,102.380859375
15:07:00,91282CLD1,TSRYS5850288,D,S,C,2024-08-27,1000000.00,3.731226,102.380859375
15:07:00,91282CLD1,TSRYS5850288,D,S,D,2024-08-27,2000000.00,3.732148,102.3752
15:07:01,91282CLD1,TSRYS5850288,D,B,C,2024-08-27,1000000.00,3.731863,102.37695312
15:07:09,91282CLD1,TSRYS5850288,D,S,T,2024-08-27,1000000.00,3.730908,102.3828125
15:07:13,91282CLD1,TSRYS5850288,D,S,T,2024-08-27,1000000.00,3.730908,102.3828125
15:07:13,91282CLD1,TSRYS5850288,D,S,D,2024-08-27,1000000.00,3.730908,102.3828125
15:07:14,91282CLD1,TSRYS5850288,D,S,D,2024-08-27,1000000.00,3.730908,102.3828125
15:07:16,91282CLD1,TSRYS5850288,D,S,C,2024-08-27,1000000.00,3.730908,102.3828125
15:07:16,91282CLD1,TSRYS5850288,D,B,C,2024-08-27,1000000.00,3.730932,102.3826625
15:07:16,91282CLD1,TSRYS5850288,D,S,C,2024-08-27,1000000.00,3.730908,102.3828125
15:07:16,91282CLD1,TSRYS5850288,D,S,C,2024-08-27,1000000.00,3.730908,102.3828125
15:07:16,91282CLD1,TSRYS5850288,D,B,C,2024-08-27,1000000.00,3.730932,102.3826625
15:07:16,91282CLD1,TSRYS5850288,D,B,C,2024-08-27,1000000.00,3.730932,102.3826625
15:07:16,91282CLD1,TSRYS5850288,D,S,C,2024-08-27,1000000.00,3.730908,102.3828125
15:07:17,91282CLD1,TSRYS5850288,D,S,C,2024-08-27,1000000.00,3.732181,102.375
15:07:17,91282CLD1,TSRYS5850288,D,S,D,2024-08-27,1000000.00,3.732181,102.375
15:07:17,91282CLD1,TSRYS5850288,D,B,C,2024-08-27,1000000.00,3.732205,102.37485
15:07:17,91282CLD1,TSRYS5850288,D,S,D,2024-08-27,1000000.00,3.732181,102.375
15:07:17,91282CLD1,TSRYS5850288,D,S,D,2024-08-27,4000000.00,3.732181,102.375
15:07:17,91282CLD1,TSRYS5850288,D,S,D,2024-08-27,2000000.00,3.732148,102.3752
15:07:17,91282CLD1,TSRYS5850288,D,S,D,2024-08-27,1000000.00,3.732181,102.375
15:07:17,91282CLD1,TSRYS5850288,D,S,D,2024-08-27,1000000.00,3.732181,102.375
15:07:20,91282CLD1,TSRYS5850288,D,S,T,2024-08-27,1000000.00,3.730908,102.3828125
15:07:29,91282CLD1,TSRYS5850288,D,S,D,2024-08-27,7000000.00,3.731584,102.37866
15:07:32,91282CLD1,TSRYS5850288,D,S,D,2024-08-27,1000000.00,3.730908,102.3828125
15:07:32,91282CLD1,TSRYS5850288,D,B,C,2024-08-27,1000000.00,3.730908,102.3828125
15:07:32,91282CLD1,TSRYS5850288,D,S,D,2024-08-27,1000000.00,3.730908,102.3828125
15:07:32,91282CLD1,TSRYS5850288,D,B,C,2024-08-27,1000000.00,3.730908,102.3828125
15:07:32,91282CLD1,TSRYS5850288,D,S,D,2024-08-27,1000000.00,3.730908,102.3828125
15:07:32,91282CLD1,TSRYS5850288,D,B,C,2024-08-27,1000000.00,3.730949,102.3825625
15:07:32,91282CLD1,TSRYS5850288,D,S,D,2024-08-27,1000000.00,3.732181,102.375
15:07:32,91282CLD1,TSRYS5850288,D,S,C,2024-08-27,1000000.00,3.730883,102.3829625
15:07:32,91282CLD1,TSRYS5850288,D,B,C,2024-08-27,1000000.00,3.730908,102.3828125
15:07:32,91282CLD1,TSRYS5850288,D,B,C,2024-08-27,1000000.00,3.730908,102.3828125
15:07:32,91282CLD1,TSRYS5850288,D,S,C,2024-08-27,1000000.00,3.730883,102.3829625
15:07:32,91282CLD1,TSRYS5850288,D,S,C,2024-08-27,1000000.00,3.730875,102.3830125
15:08:14,91282CLD1,TSRYS5850288,D,S,T,2024-08-27,1000000.00,3.732181,102.375
15:08:14,91282CLD1,TSRYS5850288,D,S,D,2024-08-27,1000000.00,3.732165,102.3751
15:08:29,91282CLD1,TSRYS5850288,D,S,D,2024-08-27,30000.00,3.730908,102.3828125
15:08:30,91282CLD1,TSRYS5850288,D,S,D,2024-08-27,3000000.00,3.730875,102.3830125
15:08:30,91282CLD1,TSRYS5850288,D,B,C,2024-08-27,3000000.00,3.730932,102.3826625
15:08:36,91282CLD1,TSRYS5850288,D,S,T,2024-08-27,1000000.00,3.730908,102.3828125
15:08:44,91282CLD1,TSRYS5850288,D,S,D,2024-08-27,1000000.00,3.730908,102.3828125
15:08:47,91282CLD1,TSRYS5850288,D,S,T,2024-08-27,1000000.00,3.732499,102.373046875
15:08:48,91282CLD1,TSRYS5850288,D,S,T,2024-08-27,1000000.00,3.732818,102.37109375
15:08:48,91282CLD1,TSRYS5850288,D,S,T,2024-08-27,1000000.00,3.732818,102.37109375
15:08:48,91282CLD1,TSRYS5850288,D,S,T,2024-08-27,1000000.00,3.732818,102.37109375
15:08:50,91282CLD1,TSRYS5850288,D,S,T,2024-08-27,1000000.00,3.732818,102.37109375
15:08:50,91282CLD1,TSRYS5850288,D,S,T,2024-08-27,1000000.00,3.732818,102.37109375
15:08:50,91282CLD1,TSRYS5850288,D,S,T,2024-08-27,1000000.00,3.732818,102.37109375
15:08:50,91282CLD1,TSRYS5850288,D,S,T,2024-08-27,1000000.00,3.732499,102.373046875
15:08:50,91282CLD1,TSRYS5850288,D,B,C,2024-08-27,2000000.00,3.732818,102.37109375
15:08:50,91282CLD1,TSRYS5850288,D,S,D,2024-08-27,2000000.00,3.732818,102.37109375
15:08:50,91282CLD1,TSRYS5850288,D,S,D,2024-08-27,1000000.00,3.732499,102.373046875
15:08:52,91282CLD1,TSRYS5850288,D,B,C,2024-08-27,1000000.00,3.732499,102.373046875
15:08:52,91282CLD1,TSRYS5850288,D,S,D,2024-08-27,1000000.00,3.732499,102.373046875
15:08:52,91282CLD1,TSRYS5850288,D,S,D,2024-08-27,1000000.00,3.732818,102.37109375
15:08:52,91282CLD1,TSRYS5850288,D,B,C,2024-08-27,1000000.00,3.732818,102.37109375
15:08:53,91282CLD1,TSRYS5850288,D,S,D,2024-08-27,1000000.00,3.732818,102.37109375
15:08:53,91282CLD1,TSRYS5850288,D,S,D,2024-08-27,1000000.00,3.732818,102.37109375
15:08:53,91282CLD1,TSRYS5850288,D,S,D,2024-08-27,1000000.00,3.732499,102.373046875
15:08:53,91282CLD1,TSRYS5850288,D,S,D,2024-08-27,1000000.00,3.732818,102.37109375
15:08:53,91282CLD1,TSRYS5850288,D,S,D,2024-08-27,1000000.00,3.733136,102.369140625
15:08:53,91282CLD1,TSRYS5850288,D,S,D,2024-08-27,2000000.00,3.733136,102.369140625
15:08:55,91282CLD1,TSRYS5850288,D,S,D,2024-08-27,1000000.00,3.732818,102.37109375
15:08:55,91282CLD1,TSRYS5850288,D,S,D,2024-08-27,1000000.00,3.732818,102.37109375
15:08:55,91282CLD1,TSRYS5850288,D,S,D,2024-08-27,1000000.00,3.732818,102.37109375
15:08:55,91282CLD1,TSRYS5850288,D,B,C,2024-08-27,1000000.00,3.732818,102.37109375
15:08:55,91282CLD1,TSRYS5850288,D,S,D,2024-08-27,1000000.00,3.732818,102.37109375
15:08:55,91282CLD1,TSRYS5850288,D,B,C,2024-08-27,1000000.00,3.732818,102.37109375
15:08:55,91282CLD1,TSRYS5850288,D,S,D,2024-08-27,2000000.00,3.732818,102.37109375
15:08:55,91282CLD1,TSRYS5850288,D,B,C,2024-08-27,1000000.00,3.732818,102.37109375
15:08:57,91282CLD1,TSRYS5850288,D,S,D,2024-08-27,1000000.00,3.733136,102.369140625
15:08:57,91282CLD1,TSRYS5850288,D,S,D,2024-08-27,1000000.00,3.733136,102.369140625
15:08:59,91282CLD1,TSRYS5850288,D,S,D,2024-08-27,1000000.00,3.732499,102.373046875
15:08:59,91282CLD1,TSRYS5850288,D,S,D,2024-08-27,1000000.00,3.732818,102.37109375
15:08:59,91282CLD1,TSRYS5850288,D,S,D,2024-08-27,1000000.00,3.732818,102.37109375
15:08:59,91282CLD1,TSRYS5850288,D,S,D,2024-08-27,1000000.00,3.732818,102.37109375
15:08:59,91282CLD1,TSRYS5850288,D,S,D,2024-08-27,1000000.00,3.732818,102.37109375
15:08:59,91282CLD1,TSRYS5850288,D,S,D,2024-08-27,2000000.00,3.732818,102.37109375
15:08:59,91282CLD1,TSRYS5850288,D,S,D,2024-08-27,1000000.00,3.732499,102.373046875
15:08:59,91282CLD1,TSRYS5850288,D,S,D,2024-08-27,1000000.00,3.732499,102.373046875
15:09:01,91282CLD1,TSRYS5850288,D,S,D,2024-08-27,1000000.00,3.733136,102.369140625
15:09:01,91282CLD1,TSRYS5850288,D,S,T,2024-08-27,1000000.00,3.733454,102.3671875
15:09:01,91282CLD1,TSRYS5850288,D,S,T,2024-08-27,1000000.00,3.733454,102.3671875
15:09:02,91282CLD1,TSRYS5850288,D,S,T,2024-08-27,1000000.00,3.733454,102.3671875
15:09:03,91282CLD1,TSRYS5850288,D,S,T,2024-08-27,1000000.00,3.733156,102.369015625
15:09:03,91282CLD1,TSRYS5850288,D,S,T,2024-08-27,1000000.00,3.733454,102.3671875
15:09:03,91282CLD1,TSRYS5850288,D,S,T,2024-08-27,1000000.00,3.733454,102.3671875
15:09:03,91282CLD1,TSRYS5850288,D,S,T,2024-08-27,1000000.00,3.733454,102.3671875
15:09:04,91282CLD1,TSRYS5850288,D,S,D,2024-08-27,1000000.00,3.733136,102.369140625
15:09:04,91282CLD1,TSRYS5850288,D,S,T,2024-08-27,1000000.00,3.733454,102.3671875
15:09:04,91282CLD1,TSRYS5850288,D,S,D,2024-08-27,1000000.00,3.732818,102.37109375
15:09:04,91282CLD1,TSRYS5850288,D,S,D,2024-08-27,2000000.00,3.732818,102.37109375
15:09:04,91282CLD1,TSRYS5850288,D,S,D,2024-08-27,1000000.00,3.732818,102.37109375
15:09:04,91282CLD1,TSRYS5850288,D,S,D,2024-08-27,1000000.00,3.732818,102.37109375
15:09:04,91282CLD1,TSRYS5850288,D,S,D,2024-08-27,1000000.00,3.732818,102.37109375
15:09:04,91282CLD1,TSRYS5850288,D,S,T,2024-08-27,1000000.00,3.733454,102.3671875
15:09:04,91282CLD1,TSRYS5850288,D,S,T,2024-08-27,1000000.00,3.733491,102.3669605
15:09:05,91282CLD1,TSRYS5850288,D,S,T,2024-08-27,1000000.00,3.733491,102.3669605
15:09:05,91282CLD1,TSRYS5850288,D,S,T,2024-08-27,1000000.00,3.733491,102.3669605
15:09:05,91282CLD1,TSRYS5850288,D,B,C,2024-08-27,8000000.00,3.730835,102.38326
15:09:05,91282CLD1,TSRYS5850288,D,S,T,2024-08-27,1000000.00,3.733491,102.3669605
15:09:06,91282CLD1,TSRYS5850288,D,S,D,2024-08-27,1000000.00,3.733454,102.3671875
15:09:06,91282CLD1,TSRYS5850288,D,S,C,2024-08-27,1000000.00,3.733454,102.3671875
15:09:06,91282CLD1,TSRYS5850288,D,S,C,2024-08-27,1000000.00,3.733454,102.3671875
15:09:06,91282CLD1,TSRYS5850288,D,S,D,2024-08-27,1000000.00,3.733454,102.3671875
15:09:06,91282CLD1,TSRYS5850288,D,S,D,2024-08-27,1000000.00,3.733454,102.3671875
15:09:08,91282CLD1,TSRYS5850288,D,S,D,2024-08-27,1000000.00,3.734091,102.36328125
15:09:09,91282CLD1,TSRYS5850288,D,S,C,2024-08-27,1000000.00,3.734091,102.36328125
15:09:13,91282CLD1,TSRYS5850288,D,S,T,2024-08-27,1000000.00,3.734409,102.361328125
15:09:16,91282CLD1,TSRYS5850288,D,S,D,2024-08-27,1000000.00,3.734409,102.361328125
15:09:16,91282CLD1,TSRYS5850288,D,S,T,2024-08-27,1000000.00,3.734409,102.361328125
15:09:17,91282CLD1,TSRYS5850288,D,S,T,2024-08-27,1000000.00,3.734409,102.361328125
15:09:17,91282CLD1,TSRYS5850288,D,S,T,2024-08-27,1000000.00,3.734409,102.361328125
15:09:20,91282CLD1,TSRYS5850288,D,S,D,2024-08-27,1000000.00,3.734409,102.361328125
15:09:20,91282CLD1,TSRYS5850288,D,S,D,2024-08-27,1000000.00,3.734409,102.361328125
15:09:20,91282CLD1,TSRYS5850288,D,S,C,2024-08-27,1000000.00,3.734409,102.361328125
15:09:28,91282CLD1,TSRYS5850288,D,S,C,2024-08-27,3000000.00,3.733136,102.36914062
15:09:29,91282CLD1,TSRYS5850288,D,S,T,2024-08-27,3000000.00,3.733136,102.36914062
15:09:29,91282CLD1,TSRYS5850288,D,S,T,2024-08-27,1000000.00,3.733454,102.3671875
15:09:29,91282CLD1,TSRYS5850288,D,S,T,2024-08-27,2000000.00,3.732818,102.37109375
15:09:29,91282CLD1,TSRYS5850288,D,S,T,2024-08-27,1000000.00,3.732499,102.373046875
15:09:29,91282CLD1,TSRYS5850288,D,S,T,2024-08-27,1000000.00,3.732818,102.37109375
15:09:30,91282CLD1,TSRYS5850288,D,B,C,2024-08-27,10000000.00,3.733454,102.3671875
15:09:32,91282CLD1,TSRYS5850288,D,S,D,2024-08-27,1000000.00,3.733454,102.3671875
15:09:32,91282CLD1,TSRYS5850288,D,S,D,2024-08-27,1000000.00,3.733454,102.3671875
15:09:32,91282CLD1,TSRYS5850288,D,S,D,2024-08-27,1000000.00,3.733454,102.3671875
15:09:33,91282CLD1,TSRYS5850288,D,S,D,2024-08-27,1000000.00,3.732818,102.37109375
15:09:33,91282CLD1,TSRYS5850288,D,B,C,2024-08-27,1000000.00,3.732499,102.373046875
15:09:33,91282CLD1,TSRYS5850288,D,S,D,2024-08-27,1000000.00,3.732499,102.373046875
15:09:34,91282CLD1,TSRYS5850288,D,S,D,2024-08-27,2000000.00,3.732818,102.37109375
15:09:34,91282CLD1,TSRYS5850288,D,S,D,2024-08-27,1000000.00,3.732499,102.373046875
15:09:38,91282CLD1,TSRYS5850288,D,S,T,2024-08-27,1000000.00,3.733454,102.3671875
15:09:38,91282CLD1,TSRYS5850288,D,S,T,2024-08-27,1000000.00,3.733454,102.3671875
15:09:38,91282CLD1,TSRYS5850288,D,S,T,2024-08-27,1000000.00,3.733454,102.3671875
15:09:42,91282CLD1,TSRYS5850288,D,S,T,2024-08-27,1000000.00,3.733136,102.36914062
15:09:44,91282CLD1,TSRYS5850288,D,S,D,2024-08-27,1000000.00,3.732499,102.373046875
15:09:44,91282CLD1,TSRYS5850288,D,S,D,2024-08-27,1000000.00,3.732818,102.37109375
15:09:44,91282CLD1,TSRYS5850288,D,S,D,2024-08-27,1000000.00,3.732499,102.373046875
15:09:44,91282CLD1,TSRYS5850288,D,S,D,2024-08-27,1000000.00,3.733454,102.3671875
15:09:44,91282CLD1,TSRYS5850288,D,S,D,2024-08-27,2000000.00,3.732818,102.37109375
15:09:46,91282CLD1,TSRYS5850288,D,S,D,2024-08-27,1000000.00,3.733422,102.3673875
15:09:46,91282CLD1,TSRYS5850288,D,S,D,2024-08-27,1000000.00,3.733422,102.3673875
15:09:46,91282CLD1,TSRYS5850288,D,S,D,2024-08-27,1000000.00,3.733422,102.3673875
15:09:46,91282CLD1,TSRYS5850288,D,S,D,2024-08-27,1000000.00,3.733422,102.3673875
15:09:48,91282CLD1,TSRYS5850288,D,S,T,2024-08-27,2000000.00,3.732818,102.37109375
15:09:49,91282CLD1,TSRYS5850288,D,S,T,2024-08-27,2000000.00,3.732818,102.37109375
15:09:49,91282CLD1,TSRYS5850288,D,S,T,2024-08-27,2000000.00,3.732818,102.37109375
15:09:49,91282CLD1,TSRYS5850288,D,S,T,2024-08-27,2000000.00,3.732818,102.37109375
15:09:49,91282CLD1,TSRYS5850288,D,S,T,2024-08-27,2000000.00,3.732818,102.37109375
15:09:49,91282CLD1,TSRYS5850288,D,S,T,2024-08-27,2000000.00,3.732818,102.37109375
15:09:49,91282CLD1,TSRYS5850288,D,S,T,2024-08-27,1000000.00,3.732818,102.37109375
15:09:49,91282CLD1,TSRYS5850288,D,S,T,2024-08-27,1000000.00,3.732818,102.37109375
15:09:49,91282CLD1,TSRYS5850288,D,S,D,2024-08-27,1000000.00,3.732818,102.37109375
15:09:49,91282CLD1,TSRYS5850288,D,S,D,2024-08-27,1000000.00,3.732818,102.37109375
15:09:52,91282CLD1,TSRYS5850288,D,S,D,2024-08-27,1000000.00,3.733136,102.36914062
15:09:52,91282CLD1,TSRYS5850288,D,S,C,2024-08-27,2000000.00,3.733136,102.36914062
15:09:53,91282CLD1,TSRYS5850288,D,S,D,2024-08-27,2000000.00,3.732818,102.37109375
15:09:54,91282CLD1,TSRYS5850288,D,S,D,2024-08-27,2000000.00,3.732818,102.37109375
15:09:54,91282CLD1,TSRYS5850288,D,S,D,2024-08-27,2000000.00,3.732818,102.37109375
15:09:54,91282CLD1,TSRYS5850288,D,S,D,2024-08-27,2000000.00,3.732818,102.37109375
15:09:54,91282CLD1,TSRYS5850288,D,S,D,2024-08-27,2000000.00,3.732818,102.37109375
15:09:54,91282CLD1,TSRYS5850288,D,S,D,2024-08-27,2000000.00,3.732818,102.37109375
15:09:59,91282CLD1,TSRYS5850288,D,S,D,2024-08-27,2000000.00,3.732818,102.37109375
15:09:59,91282CLD1,TSRYS5850288,D,S,D,2024-08-27,1000000.00,3.732818,102.37109375
15:09:59,91282CLD1,TSRYS5850288,D,S,D,2024-08-27,1000000.00,3.732818,102.37109375
15:09:59,91282CLD1,TSRYS5850288,D,S,D,2024-08-27,2000000.00,3.732818,102.37109375
15:09:59,91282CLD1,TSRYS5850288,D,S,D,2024-08-27,2000000.00,3.732818,102.37109375
15:09:59,91282CLD1,TSRYS5850288,D,S,D,2024-08-27,2000000.00,3.732818,102.37109375
15:09:59,91282CLD1,TSRYS5850288,D,S,D,2024-08-27,2000000.00,3.732818,102.37109375
15:09:59,91282CLD1,TSRYS5850288,D,S,D,2024-08-27,2000000.00,3.732818,102.37109375
15:10:00,91282CLD1,TSRYS5850288,D,S,T,2024-08-27,1000000.00,3.733454,102.3671875
15:10:01,91282CLD1,TSRYS5850288,D,S,T,2024-08-27,2000000.00,3.733475,102.3670625
15:10:01,91282CLD1,TSRYS5850288,D,S,C,2024-08-27,2000000.00,3.733454,102.3671875
15:10:02,91282CLD1,TSRYS5850288,D,S,T,2024-08-27,1000000.00,3.733454,102.3671875
15:10:02,91282CLD1,TSRYS5850288,D,S,D,2024-08-27,1000000.00,3.733454,102.3671875
15:10:02,91282CLD1,TSRYS5850288,D,S,D,2024-08-27,1000000.00,3.733422,102.3673875
15:10:02,91282CLD1,TSRYS5850288,D,S,D,2024-08-27,1000000.00,3.733422,102.3673875
15:10:02,91282CLD1,TSRYS5850288,D,S,C,2024-08-27,1000000.00,3.733454,102.3671875
15:10:02,91282CLD1,TSRYS5850288,D,S,T,2024-08-27,1000000.00,3.733475,102.3670625
15:10:03,91282CLD1,TSRYS5850288,D,S,D,2024-08-27,1000000.00,3.733454,102.3671875
15:10:03,91282CLD1,TSRYS5850288,D,S,T,2024-08-27,2000000.00,3.733454,102.3671875
15:10:03,91282CLD1,TSRYS5850288,D,S,T,2024-08-27,1000000.00,3.733491,102.3669605
15:10:03,91282CLD1,TSRYS5850288,D,S,D,2024-08-27,1000000.00,3.733454,102.3671875
15:10:03,91282CLD1,TSRYS5850288,D,S,D,2024-08-27,1000000.00,3.733454,102.3671875
15:10:03,91282CLD1,TSRYS5850288,D,S,D,2024-08-27,2000000.00,3.733454,102.3671875
15:10:07,91282CLD1,TSRYS5850288,D,S,T,2024-08-27,1000000.00,3.733454,102.3671875
15:10:11,91282CLD1,TSRYS5850288,D,S,D,2024-08-27,1000000.00,3.733136,102.36914062
15:10:11,91282CLD1,TSRYS5850288,D,S,C,2024-08-27,1000000.00,3.733136,102.36914062
15:10:11,91282CLD1,TSRYS5850288,D,S,D,2024-08-27,1000000.00,3.733136,102.36914062
15:10:14,91282CLD1,TSRYS5850288,D,S,C,2024-08-27,2000000.00,3.733136,102.36914062
15:10:14,91282CLD1,TSRYS5850288,D,S,C,2024-08-27,1000000.00,3.733136,102.36914062
15:10:14,91282CLD1,TSRYS5850288,D,S,C,2024-08-27,1000000.00,3.733136,102.36914062
15:10:15,91282CLD1,TSRYS5850288,D,S,D,2024-08-27,1000000.00,3.733454,102.3671875
15:10:16,91282CLD1,TSRYS5850288,D,S,D,2024-08-27,1000000.00,3.733454,102.3671875
15:10:16,91282CLD1,TSRYS5850288,D,S,C,2024-08-27,1000000.00,3.733454,102.3671875
15:10:16,91282CLD1,TSRYS5850288,D,S,C,2024-08-27,1000000.00,3.733454,102.3671875
15:10:20,91282CLD1,TSRYS5850288,D,S,T,2024-08-27,1000000.00,3.733454,102.3671875
15:10:20,91282CLD1,TSRYS5850288,D,S,T,2024-08-27,1000000.00,3.733454,102.3671875
15:10:27,91282CLD1,TSRYS5850288,D,S,T,2024-08-27,1000000.00,3.733454,102.3671875
15:10:29,91282CLD1,TSRYS5850288,D,B,C,2024-08-27,1000000.00,3.734091,102.36328125
15:10:29,91282CLD1,TSRYS5850288,D,S,D,2024-08-27,1000000.00,3.734091,102.36328125
15:10:33,91282CLD1,TSRYS5850288,D,S,D,2024-08-27,1000000.00,3.730875,102.3830125
15:10:33,91282CLD1,TSRYS5850288,D,S,D,2024-08-27,1000000.00,3.733454,102.3671875
15:10:33,91282CLD1,TSRYS5850288,D,B,C,2024-08-27,1000000.00,3.733454,102.3671875
15:10:33,91282CLD1,TSRYS5850288,D,B,C,2024-08-27,1000000.00,3.733454,102.3671875
15:10:33,91282CLD1,TSRYS5850288,D,S,D,2024-08-27,1000000.00,3.733454,102.3671875
15:10:34,91282CLD1,TSRYS5850288,D,B,C,2024-08-27,1000000.00,3.734091,102.36328125
15:10:34,91282CLD1,TSRYS5850288,D,S,D,2024-08-27,2000000.00,3.734091,102.36328125
15:10:34,91282CLD1,TSRYS5850288,D,B,C,2024-08-27,1000000.00,3.734091,102.36328125
15:10:34,91282CLD1,TSRYS5850288,D,S,D,2024-08-27,1000000.00,3.734091,102.36328125
15:10:34,91282CLD1,TSRYS5850288,D,S,D,2024-08-27,1000000.00,3.734091,102.36328125
15:10:34,91282CLD1,TSRYS5850288,D,S,D,2024-08-27,1000000.00,3.733772,102.365234375
15:10:34,91282CLD1,TSRYS5850288,D,S,D,2024-08-27,1000000.00,3.734091,102.36328125
15:10:34,91282CLD1,TSRYS5850288,D,S,D,2024-08-27,1000000.00,3.734409,102.361328125
15:10:34,91282CLD1,TSRYS5850288,D,S,D,2024-08-27,3000000.00,3.735364,102.35546875
15:10:35,91282CLD1,TSRYS5850288,D,S,D,2024-08-27,1000000.00,3.735046,102.357421875
15:10:35,91282CLD1,TSRYS5850288,D,S,C,2024-08-27,1000000.00,3.735046,102.357421875
15:10:36,91282CLD1,TSRYS5850288,D,S,C,2024-08-27,1000000.00,3.733136,102.36914062
15:10:37,91282CLD1,TSRYS5850288,D,S,C,2024-08-27,1000000.00,3.733136,102.36914062
15:10:39,91282CLD1,TSRYS5850288,D,S,D,2024-08-27,2000000.00,3.734091,102.36328125
15:10:39,91282CLD1,TSRYS5850288,D,S,D,2024-08-27,1000000.00,3.735046,102.357421875
15:10:40,91282CLD1,TSRYS5850288,D,S,C,2024-08-27,1000000.00,3.735046,102.357421875
15:10:46,91282CLD1,TSRYS5850288,D,S,T,2024-08-27,1000000.00,3.735364,102.35546875
15:10:47,91282CLD1,TSRYS5850288,D,S,D,2024-08-27,1000000.00,3.735364,102.35546875
15:10:47,91282CLD1,TSRYS5850288,D,S,T,2024-08-27,1000000.00,3.734728,102.359375
15:10:49,91282CLD1,TSRYS5850288,D,S,D,2024-08-27,1000000.00,3.733454,102.3671875
15:10:49,91282CLD1,TSRYS5850288,D,S,D,2024-08-27,1000000.00,3.735364,102.35546875
15:10:52,91282CLD1,TSRYS5850288,D,S,D,2024-08-27,1000000.00,3.733136,102.36914062
15:10:56,91282CLD1,TSRYS5850288,D,S,T,2024-08-27,1000000.00,3.734728,102.359375
15:11:00,91282CLD1,TSRYS5850288,D,S,T,2024-08-27,1000000.00,3.733136,102.36914062
15:11:00,91282CLD1,TSRYS5850288,D,S,T,2024-08-27,1000000.00,3.733136,102.36914062
15:11:04,91282CLD1,TSRYS5850288,D,S,D,2024-08-27,1000000.00,3.734091,102.36328125
15:11:04,91282CLD1,TSRYS5850288,D,B,C,2024-08-27,1000000.00,3.734728,102.359375
15:11:04,91282CLD1,TSRYS5850288,D,S,T,2024-08-27,1000000.00,3.734091,102.36328125
15:11:04,91282CLD1,TSRYS5850288,D,S,C,2024-08-27,1000000.00,3.734728,102.359375
15:11:04,91282CLD1,TSRYS5850288,D,S,T,2024-08-27,1000000.00,3.734091,102.36328125
15:11:04,91282CLD1,TSRYS5850288,D,S,D,2024-08-27,1000000.00,3.734728,102.359375
15:11:16,91282CLD1,TSRYS5850288,D,S,D,2024-08-27,1000000.00,3.735046,102.35742187
15:11:19,91282CLD1,TSRYS5850288,D,S,T,2024-08-27,1000000.00,3.735364,102.35546875
15:11:19,91282CLD1,TSRYS5850288,D,S,D,2024-08-27,1000000.00,3.734728,102.359375
15:11:19,91282CLD1,TSRYS5850288,D,B,C,2024-08-27,1000000.00,3.734728,102.359375
15:11:24,91282CLD1,TSRYS5850288,D,S,D,2024-08-27,1000000.00,3.735364,102.35546875
15:11:24,91282CLD1,TSRYS5850288,D,S,T,2024-08-27,1000000.00,3.734728,102.359375
15:11:24,91282CLD1,TSRYS5850288,D,S,T,2024-08-27,1000000.00,3.734728,102.359375
15:11:25,91282CLD1,TSRYS5850288,D,S,D,2024-08-27,1000000.00,3.735046,102.357421875
15:11:26,91282CLD1,TSRYS5850288,D,S,D,2024-08-27,1000000.00,3.735046,102.35742187
15:11:26,91282CLD1,TSRYS5850288,D,S,C,2024-08-27,1000000.00,3.735046,102.35742187
15:11:28,91282CLD1,TSRYS5850288,D,S,T,2024-08-27,2000000.00,3.735364,102.35546875
15:11:28,91282CLD1,TSRYS5850288,D,S,T,2024-08-27,2000000.00,3.735046,102.357421875
15:11:29,91282CLD1,TSRYS5850288,D,S,D,2024-08-27,1000000.00,3.735364,102.35546875
15:11:29,91282CLD1,TSRYS5850288,D,S,T,2024-08-27,2000000.00,3.734728,102.359375
15:11:30,91282CLD1,TSRYS5850288,D,S,D,2024-08-27,1000000.00,3.735046,102.357421875
15:11:30,91282CLD1,TSRYS5850288,D,S,D,2024-08-27,1000000.00,3.735046,102.357421875
15:11:30,91282CLD1,TSRYS5850288,D,S,D,2024-08-27,1000000.00,3.735046,102.357421875
15:11:30,91282CLD1,TSRYS5850288,D,S,D,2024-08-27,1000000.00,3.735046,102.357421875
15:11:30,91282CLD1,TSRYS5850288,D,S,D,2024-08-27,1000000.00,3.735046,102.357421875
15:11:30,91282CLD1,TSRYS5850288,D,S,D,2024-08-27,1000000.00,3.735046,102.357421875
15:11:30,91282CLD1,TSRYS5850288,D,S,D,2024-08-27,1000000.00,3.735046,102.357421875
15:11:32,91282CLD1,TSRYS5850288,D,S,C,2024-08-27,2000000.00,3.734728,102.359375
15:11:32,91282CLD1,TSRYS5850288,D,B,C,2024-08-27,2000000.00,3.734728,102.359375
15:11:32,91282CLD1,TSRYS5850288,D,S,T,2024-08-27,1000000.00,3.734728,102.359375
15:11:32,91282CLD1,TSRYS5850288,D,S,C,2024-08-27,2000000.00,3.734728,102.359375
15:11:34,91282CLD1,TSRYS5850288,D,S,D,2024-08-27,2000000.00,3.735364,102.35546875
15:11:34,91282CLD1,TSRYS5850288,D,S,C,2024-08-27,2000000.00,3.735046,102.357421875
15:11:34,91282CLD1,TSRYS5850288,D,S,D,2024-08-27,2000000.00,3.735364,102.35546875
15:11:34,91282CLD1,TSRYS5850288,D,S,C,2024-08-27,1000000.00,3.734711,102.359475
15:11:41,91282CLD1,TSRYS5850288,D,S,C,2024-08-27,1400000.00,3.735364,102.35546875
15:11:45,91282CLD1,TSRYS5850288,D,S,T,2024-08-27,1000000.00,3.735046,102.35742187
15:11:46,91282CLD1,TSRYS5850288,D,S,T,2024-08-27,1000000.00,3.735046,102.35742187
15:11:46,91282CLD1,TSRYS5850288,D,S,C,2024-08-27,1000000.00,3.735046,102.35742187
15:11:46,91282CLD1,TSRYS5850288,D,S,D,2024-08-27,1000000.00,3.735046,102.35742187
15:11:47,91282CLD1,TSRYS5850288,D,S,D,2024-08-27,2000000.00,3.734728,102.359375
15:11:47,91282CLD1,TSRYS5850288,D,S,D,2024-08-27,1000000.00,3.734728,102.359375
15:11:47,91282CLD1,TSRYS5850288,D,S,C,2024-08-27,1000000.00,3.734728,102.359375
15:11:48,91282CLD1,TSRYS5850288,D,S,D,2024-08-27,1000000.00,3.734728,102.359375
15:11:48,91282CLD1,TSRYS5850288,D,S,T,2024-08-27,1000000.00,3.735046,102.35742187
15:11:48,91282CLD1,TSRYS5850288,D,S,T,2024-08-27,1000000.00,3.735046,102.35742187
15:11:48,91282CLD1,TSRYS5850288,D,S,C,2024-08-27,1000000.00,3.735046,102.35742187
15:11:48,91282CLD1,TSRYS5850288,D,S,D,2024-08-27,1000000.00,3.734728,102.359375
15:11:48,91282CLD1,TSRYS5850288,D,B,C,2024-08-27,1000000.00,3.733136,102.36914062
15:11:48,91282CLD1,TSRYS5850288,D,B,C,2024-08-27,2000000.00,3.733136,102.36914062
15:11:49,91282CLD1,TSRYS5850288,D,S,T,2024-08-27,1000000.00,3.734728,102.359375
15:11:49,91282CLD1,TSRYS5850288,D,S,T,2024-08-27,2000000.00,3.734728,102.359375
15:11:49,91282CLD1,TSRYS5850288,D,S,T,2024-08-27,1000000.00,3.734728,102.359375
15:11:49,91282CLD1,TSRYS5850288,D,S,T,2024-08-27,1000000.00,3.734728,102.359375
15:11:50,91282CLD1,TSRYS5850288,D,S,T,2024-08-27,1000000.00,3.734728,102.359375
15:11:57,91282CLD1,TSRYS5850288,D,S,D,2024-08-27,1000000.00,3.735046,102.35742187
15:11:57,91282CLD1,TSRYS5850288,D,S,D,2024-08-27,1000000.00,3.735046,102.35742187
15:12:02,91282CLD1,TSRYS5850288,D,S,D,2024-08-27,1000000.00,3.735046,102.35742187
15:12:04,91282CLD1,TSRYS5850288,D,S,C,2024-08-27,1000000.00,3.735046,102.35742187
15:12:04,91282CLD1,TSRYS5850288,D,S,D,2024-08-27,1000000.00,3.735046,102.35742187
15:12:04,91282CLD1,TSRYS5850288,D,B,C,2024-08-27,1000000.00,3.736001,102.3515625
15:12:05,91282CLD1,TSRYS5850288,D,S,C,2024-08-27,1000000.00,3.735977,102.3517125
15:12:05,91282CLD1,TSRYS5850288,D,S,D,2024-08-27,1000000.00,3.734728,102.359375
15:12:06,91282CLD1,TSRYS5850288,D,S,D,2024-08-27,1000000.00,3.735046,102.35742187
15:12:06,91282CLD1,TSRYS5850288,D,S,D,2024-08-27,1000000.00,3.735046,102.35742187
15:12:08,91282CLD1,TSRYS5850288,D,S,D,2024-08-27,1000000.00,3.735046,102.35742187
15:12:08,91282CLD1,TSRYS5850288,D,S,D,2024-08-27,1000000.00,3.735046,102.35742187
15:12:08,91282CLD1,TSRYS5850288,D,S,C,2024-08-27,1000000.00,3.735046,102.35742187
15:12:08,91282CLD1,TSRYS5850288,D,B,C,2024-08-27,22000000.00,3.733167,102.36895
15:12:08,91282CLD1,TSRYS5850288,D,S,T,2024-08-27,1000000.00,3.735046,102.35742187
15:12:09,91282CLD1,TSRYS5850288,D,S,T,2024-08-27,1000000.00,3.735046,102.35742187
15:12:09,91282CLD1,TSRYS5850288,D,S,T,2024-08-27,1000000.00,3.735046,102.357421875
15:12:09,91282CLD1,TSRYS5850288,D,S,T,2024-08-27,1000000.00,3.735364,102.35546875
15:12:09,91282CLD1,TSRYS5850288,D,S,T,2024-08-27,1000000.00,3.735364,102.35546875
15:12:09,91282CLD1,TSRYS5850288,D,S,T,2024-08-27,2000000.00,3.735364,102.35546875
15:12:09,91282CLD1,TSRYS5850288,D,S,T,2024-08-27,2000000.00,3.735364,102.35546875
15:12:09,91282CLD1,TSRYS5850288,D,S,T,2024-08-27,2000000.00,3.735364,102.35546875
15:12:09,91282CLD1,TSRYS5850288,D,S,D,2024-08-27,2000000.00,3.735364,102.35546875
15:12:09,91282CLD1,TSRYS5850288,D,S,T,2024-08-27,2000000.00,3.735364,102.35546875
15:12:09,91282CLD1,TSRYS5850288,D,S,T,2024-08-27,2000000.00,3.735364,102.35546875
15:12:09,91282CLD1,TSRYS5850288,D,S,T,2024-08-27,2000000.00,3.735364,102.35546875
15:12:09,91282CLD1,TSRYS5850288,D,S,T,2024-08-27,2000000.00,3.735046,102.357421875
15:12:10,91282CLD1,TSRYS5850288,D,S,T,2024-08-27,1000000.00,3.735046,102.357421875
15:12:10,91282CLD1,TSRYS5850288,D,S,T,2024-08-27,1000000.00,3.735046,102.357421875
15:12:10,91282CLD1,TSRYS5850288,D,S,T,2024-08-27,2000000.00,3.735364,102.35546875
15:12:10,91282CLD1,TSRYS5850288,D,S,T,2024-08-27,2000000.00,3.735364,102.35546875
15:12:10,91282CLD1,TSRYS5850288,D,S,T,2024-08-27,2000000.00,3.735364,102.35546875
15:12:10,91282CLD1,TSRYS5850288,D,S,D,2024-08-27,2000000.00,3.735364,102.35546875
15:12:10,91282CLD1,TSRYS5850288,D,S,D,2024-08-27,2000000.00,3.735364,102.35546875
15:12:10,91282CLD1,TSRYS5850288,D,S,D,2024-08-27,2000000.00,3.735364,102.35546875
15:12:10,91282CLD1,TSRYS5850288,D,S,T,2024-08-27,1000000.00,3.735046,102.35742187
15:12:12,91282CLD1,TSRYS5850288,D,S,T,2024-08-27,2000000.00,3.735364,102.35546875
15:12:12,91282CLD1,TSRYS5850288,D,S,T,2024-08-27,2000000.00,3.735364,102.35546875
15:12:12,91282CLD1,TSRYS5850288,D,S,T,2024-08-27,2000000.00,3.735364,102.35546875
15:12:12,91282CLD1,TSRYS5850288,D,S,T,2024-08-27,2000000.00,3.735364,102.35546875
15:12:13,91282CLD1,TSRYS5850288,D,S,D,2024-08-27,2000000.00,3.735364,102.35546875
15:12:13,91282CLD1,TSRYS5850288,D,S,D,2024-08-27,2000000.00,3.735364,102.35546875
15:12:14,91282CLD1,TSRYS5850288,D,S,D,2024-08-27,2000000.00,3.735364,102.35546875
15:12:14,91282CLD1,TSRYS5850288,D,S,D,2024-08-27,2000000.00,3.735364,102.35546875
15:12:14,91282CLD1,TSRYS5850288,D,S,D,2024-08-27,2000000.00,3.735364,102.35546875
15:12:14,91282CLD1,TSRYS5850288,D,S,D,2024-08-27,2000000.00,3.735364,102.35546875
15:12:14,91282CLD1,TSRYS5850288,D,S,D,2024-08-27,1000000.00,3.735364,102.35546875
15:12:14,91282CLD1,TSRYS5850288,D,S,D,2024-08-27,2000000.00,3.735364,102.35546875
15:12:14,91282CLD1,TSRYS5850288,D,S,D,2024-08-27,2000000.00,3.735364,102.35546875
15:12:14,91282CLD1,TSRYS5850288,D,S,D,2024-08-27,1000000.00,3.735364,102.35546875
15:12:14,91282CLD1,TSRYS5850288,D,S,D,2024-08-27,1000000.00,3.735046,102.357421875
15:12:14,91282CLD1,TSRYS5850288,D,B,C,2024-08-27,2000000.00,3.735364,102.35546875
15:12:14,91282CLD1,TSRYS5850288,D,S,D,2024-08-27,2000000.00,3.735364,102.35546875
15:12:14,91282CLD1,TSRYS5850288,D,B,C,2024-08-27,2000000.00,3.735364,102.35546875
15:12:14,91282CLD1,TSRYS5850288,D,S,D,2024-08-27,2000000.00,3.735364,102.35546875
15:12:14,91282CLD1,TSRYS5850288,D,S,D,2024-08-27,1000000.00,3.735046,102.357421875
15:12:14,91282CLD1,TSRYS5850288,D,S,D,2024-08-27,2000000.00,3.735364,102.35546875
15:12:14,91282CLD1,TSRYS5850288,D,S,D,2024-08-27,1000000.00,3.735364,102.35546875
15:12:14,91282CLD1,TSRYS5850288,D,S,D,2024-08-27,2000000.00,3.735364,102.35546875
15:12:14,91282CLD1,TSRYS5850288,D,B,C,2024-08-27,2000000.00,3.735364,102.35546875
15:12:14,91282CLD1,TSRYS5850288,D,S,D,2024-08-27,2000000.00,3.735364,102.35546875
15:12:14,91282CLD1,TSRYS5850288,D,S,D,2024-08-27,2000000.00,3.735364,102.35546875
15:12:14,91282CLD1,TSRYS5850288,D,B,C,2024-08-27,2000000.00,3.735364,102.35546875
15:12:14,91282CLD1,TSRYS5850288,D,S,D,2024-08-27,3000000.00,3.735364,102.35546875
15:12:14,91282CLD1,TSRYS5850288,D,B,C,2024-08-27,1000000.00,3.735364,102.35546875
15:12:14,91282CLD1,TSRYS5850288,D,B,C,2024-08-27,2000000.00,3.735364,102.35546875
15:12:14,91282CLD1,TSRYS5850288,D,S,D,2024-08-27,2000000.00,3.735364,102.35546875
15:12:14,91282CLD1,TSRYS5850288,D,S,D,2024-08-27,2000000.00,3.735364,102.35546875
15:12:14,91282CLD1,TSRYS5850288,D,S,D,2024-08-27,2000000.00,3.735046,102.357421875
15:12:14,91282CLD1,TSRYS5850288,D,S,D,2024-08-27,1000000.00,3.735046,102.357421875
15:12:14,91282CLD1,TSRYS5850288,D,S,D,2024-08-27,1000000.00,3.735046,102.357421875
15:12:14,91282CLD1,TSRYS5850288,D,S,D,2024-08-27,2000000.00,3.735364,102.35546875
15:12:16,91282CLD1,TSRYS5850288,D,B,C,2024-08-27,2000000.00,3.735364,102.35546875
15:12:16,91282CLD1,TSRYS5850288,D,S,D,2024-08-27,2000000.00,3.735364,102.35546875
15:12:17,91282CLD1,TSRYS5850288,D,B,C,2024-08-27,1000000.00,3.735364,102.35546875
15:12:17,91282CLD1,TSRYS5850288,D,S,D,2024-08-27,1000000.00,3.735364,102.35546875
15:12:17,91282CLD1,TSRYS5850288,D,S,D,2024-08-27,2000000.00,3.735364,102.35546875
15:12:17,91282CLD1,TSRYS5850288,D,S,D,2024-08-27,2000000.00,3.735364,102.35546875
15:12:17,91282CLD1,TSRYS5850288,D,B,C,2024-08-27,2000000.00,3.735046,102.357421875
15:12:17,91282CLD1,TSRYS5850288,D,S,D,2024-08-27,3000000.00,3.735046,102.357421875
15:12:17,91282CLD1,TSRYS5850288,D,B,C,2024-08-27,1000000.00,3.735046,102.357421875
15:12:17,91282CLD1,TSRYS5850288,D,S,C,2024-08-27,1000000.00,3.734711,102.359475
15:12:18,91282CLD1,TSRYS5850288,D,S,D,2024-08-27,1000000.00,3.734728,102.359375
15:12:18,91282CLD1,TSRYS5850288,D,S,D,2024-08-27,1000000.00,3.735046,102.35742187
15:12:18,91282CLD1,TSRYS5850288,D,S,D,2024-08-27,1000000.00,3.734728,102.359375
15:12:19,91282CLD1,TSRYS5850288,D,S,D,2024-08-27,2000000.00,3.735364,102.35546875
15:12:19,91282CLD1,TSRYS5850288,D,S,D,2024-08-27,1000000.00,3.735364,102.35546875
15:12:19,91282CLD1,TSRYS5850288,D,S,D,2024-08-27,2000000.00,3.735364,102.35546875
15:12:19,91282CLD1,TSRYS5850288,D,S,D,2024-08-27,2000000.00,3.735364,102.35546875
15:12:24,91282CLD1,TSRYS5850288,D,S,D,2024-08-27,2000000.00,3.735364,102.35546875
15:12:24,91282CLD1,TSRYS5850288,D,S,D,2024-08-27,3000000.00,3.735364,102.35546875
15:12:24,91282CLD1,TSRYS5850288,D,S,D,2024-08-27,2000000.00,3.735364,102.35546875
15:12:24,91282CLD1,TSRYS5850288,D,S,D,2024-08-27,2000000.00,3.735046,102.357421875
15:12:24,91282CLD1,TSRYS5850288,D,S,D,2024-08-27,1000000.00,3.735046,102.357421875
15:12:24,91282CLD1,TSRYS5850288,D,S,D,2024-08-27,2000000.00,3.735364,102.35546875
15:12:24,91282CLD1,TSRYS5850288,D,S,D,2024-08-27,1000000.00,3.735046,102.357421875
15:12:24,91282CLD1,TSRYS5850288,D,S,D,2024-08-27,2000000.00,3.735364,102.35546875
15:12:24,91282CLD1,TSRYS5850288,D,S,D,2024-08-27,2000000.00,3.735364,102.35546875
15:12:24,91282CLD1,TSRYS5850288,D,S,D,2024-08-27,2000000.00,3.735364,102.35546875
15:12:24,91282CLD1,TSRYS5850288,D,S,D,2024-08-27,2000000.00,3.735364,102.35546875
15:12:24,91282CLD1,TSRYS5850288,D,S,D,2024-08-27,2000000.00,3.735364,102.35546875
15:12:24,91282CLD1,TSRYS5850288,D,S,D,2024-08-27,3000000.00,3.735046,102.357421875
15:12:24,91282CLD1,TSRYS5850288,D,S,D,2024-08-27,2000000.00,3.735364,102.35546875
15:12:24,91282CLD1,TSRYS5850288,D,S,D,2024-08-27,2000000.00,3.735364,102.35546875
15:12:24,91282CLD1,TSRYS5850288,D,S,D,2024-08-27,1000000.00,3.735364,102.35546875
15:12:24,91282CLD1,TSRYS5850288,D,S,D,2024-08-27,2000000.00,3.735364,102.35546875
15:12:36,91282CLD1,TSRYS5850288,D,S,D,2024-08-27,1000000.00,3.734728,102.359375
15:12:36,91282CLD1,TSRYS5850288,D,S,D,2024-08-27,1000000.00,3.734728,102.359375
15:12:37,91282CLD1,TSRYS5850288,D,S,D,2024-08-27,1000000.00,3.734728,102.359375
15:12:37,91282CLD1,TSRYS5850288,D,S,T,2024-08-27,1000000.00,3.734728,102.359375
15:12:37,91282CLD1,TSRYS5850288,D,S,T,2024-08-27,1000000.00,3.734728,102.359375
15:12:37,91282CLD1,TSRYS5850288,D,S,T,2024-08-27,1000000.00,3.734728,102.359375
15:12:37,91282CLD1,TSRYS5850288,D,S,T,2024-08-27,1000000.00,3.734728,102.359375
15:12:37,91282CLD1,TSRYS5850288,D,S,T,2024-08-27,1000000.00,3.734728,102.359375
15:12:38,91282CLD1,TSRYS5850288,D,S,T,2024-08-27,1000000.00,3.734728,102.359375
15:12:38,91282CLD1,TSRYS5850288,D,S,T,2024-08-27,1000000.00,3.734728,102.359375
15:12:38,91282CLD1,TSRYS5850288,D,S,T,2024-08-27,1000000.00,3.734728,102.359375
15:12:48,91282CLD1,TSRYS5850288,D,S,C,2024-08-27,1000000.00,3.734728,102.359375
15:12:48,91282CLD1,TSRYS5850288,D,B,C,2024-08-27,1000000.00,3.734728,102.359375
15:12:48,91282CLD1,TSRYS5850288,D,S,C,2024-08-27,1000000.00,3.734728,102.359375
15:12:48,91282CLD1,TSRYS5850288,D,B,C,2024-08-27,1000000.00,3.734768,102.359125
15:12:48,91282CLD1,TSRYS5850288,D,S,C,2024-08-27,1000000.00,3.734728,102.359375
15:12:48,91282CLD1,TSRYS5850288,D,B,C,2024-08-27,1000000.00,3.734728,102.359375
15:12:48,91282CLD1,TSRYS5850288,D,S,C,2024-08-27,1000000.00,3.734728,102.359375
15:12:48,91282CLD1,TSRYS5850288,D,S,C,2024-08-27,1000000.00,3.734728,102.359375
15:12:48,91282CLD1,TSRYS5850288,D,S,C,2024-08-27,1000000.00,3.734728,102.359375
15:12:48,91282CLD1,TSRYS5850288,D,B,C,2024-08-27,1000000.00,3.734728,102.359375
15:12:48,91282CLD1,TSRYS5850288,D,S,C,2024-08-27,1000000.00,3.734728,102.359375
15:12:48,91282CLD1,TSRYS5850288,D,B,C,2024-08-27,1000000.00,3.734728,102.359375
15:12:48,91282CLD1,TSRYS5850288,D,B,C,2024-08-27,1000000.00,3.734728,102.359375
15:12:48,91282CLD1,TSRYS5850288,D,S,C,2024-08-27,1000000.00,3.734728,102.359375
15:12:48,91282CLD1,TSRYS5850288,D,S,C,2024-08-27,1000000.00,3.734728,102.359375
15:12:48,91282CLD1,TSRYS5850288,D,B,C,2024-08-27,1000000.00,3.734728,102.359375
15:12:48,91282CLD1,TSRYS5850288,D,S,D,2024-08-27,1000000.00,3.734728,102.359375
15:12:49,91282CLD1,TSRYS5850288,D,S,D,2024-08-27,1000000.00,3.734728,102.359375
15:12:50,91282CLD1,TSRYS5850288,D,S,D,2024-08-27,1000000.00,3.734728,102.359375
15:12:51,91282CLD1,TSRYS5850288,D,S,T,2024-08-27,1000000.00,3.734728,102.359375
15:12:51,91282CLD1,TSRYS5850288,D,S,T,2024-08-27,1000000.00,3.734728,102.359375
15:12:51,91282CLD1,TSRYS5850288,D,S,T,2024-08-27,1000000.00,3.734728,102.359375
15:12:51,91282CLD1,TSRYS5850288,D,S,T,2024-08-27,1000000.00,3.734728,102.359375
15:12:51,91282CLD1,TSRYS5850288,D,S,T,2024-08-27,1000000.00,3.734728,102.359375
15:12:51,91282CLD1,TSRYS5850288,D,S,T,2024-08-27,1000000.00,3.734728,102.359375
15:12:52,91282CLD1,TSRYS5850288,D,S,T,2024-08-27,1000000.00,3.734728,102.359375
15:12:54,91282CLD1,TSRYS5850288,D,S,D,2024-08-27,1000000.00,3.734728,102.359375
15:12:54,91282CLD1,TSRYS5850288,D,B,C,2024-08-27,1000000.00,3.734728,102.359375
15:12:54,91282CLD1,TSRYS5850288,D,S,D,2024-08-27,1000000.00,3.734728,102.359375
15:12:58,91282CLD1,TSRYS5850288,D,B,C,2024-08-27,27000000.00,3.734546,102.36049
15:13:03,91282CLD1,TSRYS5850288,D,S,T,2024-08-27,1000000.00,3.734728,102.359375
15:13:03,91282CLD1,TSRYS5850288,D,S,C,2024-08-27,1000000.00,3.734728,102.359375
15:13:03,91282CLD1,TSRYS5850288,D,S,D,2024-08-27,1000000.00,3.734728,102.359375
15:13:04,91282CLD1,TSRYS5850288,D,S,D,2024-08-27,1000000.00,3.734728,102.359375
15:13:04,91282CLD1,TSRYS5850288,D,S,C,2024-08-27,1000000.00,3.734728,102.359375
15:13:04,91282CLD1,TSRYS5850288,D,S,D,2024-08-27,1000000.00,3.734728,102.359375
15:13:04,91282CLD1,TSRYS5850288,D,S,D,2024-08-27,1000000.00,3.734728,102.359375
15:13:04,91282CLD1,TSRYS5850288,D,B,C,2024-08-27,1000000.00,3.734728,102.359375
15:13:04,91282CLD1,TSRYS5850288,D,S,D,2024-08-27,1000000.00,3.734728,102.359375
15:13:04,91282CLD1,TSRYS5850288,D,S,D,2024-08-27,1000000.00,3.734728,102.359375
15:13:04,91282CLD1,TSRYS5850288,D,S,D,2024-08-27,1000000.00,3.734728,102.359375
15:13:05,91282CLD1,TSRYS5850288,D,S,T,2024-08-27,1000000.00,3.734728,102.359375
15:13:05,91282CLD1,TSRYS5850288,D,S,T,2024-08-27,1000000.00,3.734728,102.359375
15:13:05,91282CLD1,TSRYS5850288,D,S,T,2024-08-27,1000000.00,3.734728,102.359375
15:13:08,91282CLD1,TSRYS5850288,D,S,D,2024-08-27,1000000.00,3.734728,102.359375
15:13:13,91282CLD1,TSRYS5850288,D,S,D,2024-08-27,1000000.00,3.734728,102.359375
15:13:17,91282CLD1,TSRYS5850288,D,S,T,2024-08-27,1000000.00,3.734728,102.359375
15:13:19,91282CLD1,TSRYS5850288,D,S,D,2024-08-27,1000000.00,3.734728,102.359375
15:13:19,91282CLD1,TSRYS5850288,D,S,D,2024-08-27,1000000.00,3.734728,102.359375
15:13:19,91282CLD1,TSRYS5850288,D,S,C,2024-08-27,1000000.00,3.734711,102.359475
15:13:19,91282CLD1,TSRYS5850288,D,S,D,2024-08-27,1000000.00,3.734728,102.359375
15:13:20,91282CLD1,TSRYS5850288,D,S,D,2024-08-27,1000000.00,3.734728,102.359375
15:13:20,91282CLD1,TSRYS5850288,D,S,D,2024-08-27,1000000.00,3.734728,102.359375
15:13:20,91282CLD1,TSRYS5850288,D,S,D,2024-08-27,1000000.00,3.734728,102.359375
15:13:20,91282CLD1,TSRYS5850288,D,S,D,2024-08-27,1000000.00,3.734728,102.359375
15:13:20,91282CLD1,TSRYS5850288,D,S,D,2024-08-27,1000000.00,3.734728,102.359375
15:13:20,91282CLD1,TSRYS5850288,D,S,D,2024-08-27,1000000.00,3.734728,102.359375
15:13:20,91282CLD1,TSRYS5850288,D,S,D,2024-08-27,1000000.00,3.734728,102.359375
15:13:20,91282CLD1,TSRYS5850288,D,S,D,2024-08-27,1000000.00,3.734728,102.359375
15:13:20,91282CLD1,TSRYS5850288,D,S,D,2024-08-27,1000000.00,3.734728,102.359375
15:13:20,91282CLD1,TSRYS5850288,D,S,D,2024-08-27,1000000.00,3.734728,102.359375
15:13:21,91282CLD1,TSRYS5850288,D,S,D,2024-08-27,1000000.00,3.734728,102.359375
15:13:28,91282CLD1,TSRYS5850288,D,S,A,2024-08-27,21000.00,3.734473,102.3609375
15:13:34,91282CLD1,TSRYS5850288,D,S,D,2024-08-27,1000000.00,3.734728,102.359375
15:13:34,91282CLD1,TSRYS5850288,D,S,D,2024-08-27,1000000.00,3.734728,102.359375
15:13:34,91282CLD1,TSRYS5850288,D,B,C,2024-08-27,1000000.00,3.734728,102.359375
15:13:34,91282CLD1,TSRYS5850288,D,S,D,2024-08-27,1000000.00,3.734728,102.359375
15:13:34,91282CLD1,TSRYS5850288,D,S,C,2024-08-27,1000000.00,3.734728,102.359375
15:13:34,91282CLD1,TSRYS5850288,D,S,D,2024-08-27,1000000.00,3.734728,102.359375
15:13:40,91282CLD1,TSRYS5850288,D,S,T,2024-08-27,1000000.00,3.734409,102.361328125
15:13:40,91282CLD1,TSRYS5850288,D,S,C,2024-08-27,1000000.00,3.734728,102.359375
15:13:40,91282CLD1,TSRYS5850288,D,S,T,2024-08-27,1000000.00,3.734728,102.359375
15:13:40,91282CLD1,TSRYS5850288,D,S,T,2024-08-27,1000000.00,3.734728,102.359375
15:13:40,91282CLD1,TSRYS5850288,D,S,T,2024-08-27,1000000.00,3.734728,102.359375
15:13:40,91282CLD1,TSRYS5850288,D,S,T,2024-08-27,1000000.00,3.734728,102.359375
15:13:40,91282CLD1,TSRYS5850288,D,S,T,2024-08-27,1000000.00,3.734728,102.359375
15:13:40,91282CLD1,TSRYS5850288,D,S,T,2024-08-27,1000000.00,3.734728,102.359375
15:13:40,91282CLD1,TSRYS5850288,D,S,T,2024-08-27,1000000.00,3.734728,102.359375
15:13:40,91282CLD1,TSRYS5850288,D,S,T,2024-08-27,1000000.00,3.734728,102.359375
15:13:40,91282CLD1,TSRYS5850288,D,S,T,2024-08-27,1000000.00,3.734728,102.359375
15:13:40,91282CLD1,TSRYS5850288,D,S,T,2024-08-27,1000000.00,3.734728,102.359375
15:13:40,91282CLD1,TSRYS5850288,D,S,T,2024-08-27,1000000.00,3.734728,102.359375
15:13:40,91282CLD1,TSRYS5850288,D,S,T,2024-08-27,1000000.00,3.734728,102.359375
15:13:45,91282CLD1,TSRYS5850288,D,S,C,2024-08-27,1000000.00,3.734409,102.361328125
15:13:45,91282CLD1,TSRYS5850288,D,S,C,2024-08-27,1000000.00,3.734728,102.359375
15:13:47,91282CLD1,TSRYS5850288,D,S,D,2024-08-27,1000000.00,3.734728,102.359375
15:13:47,91282CLD1,TSRYS5850288,D,S,T,2024-08-27,1000000.00,3.734728,102.359375
15:13:47,91282CLD1,TSRYS5850288,D,S,D,2024-08-27,1000000.00,3.734728,102.359375
15:13:47,91282CLD1,TSRYS5850288,D,S,D,2024-08-27,1000000.00,3.734728,102.359375
15:13:47,91282CLD1,TSRYS5850288,D,S,T,2024-08-27,1000000.00,3.734728,102.359375
15:13:47,91282CLD1,TSRYS5850288,D,S,T,2024-08-27,1000000.00,3.734728,102.359375
15:13:49,91282CLD1,TSRYS5850288,D,S,T,2024-08-27,2000000.00,3.734728,102.359375
15:13:49,91282CLD1,TSRYS5850288,D,S,T,2024-08-27,1000000.00,3.734728,102.359375
15:13:49,91282CLD1,TSRYS5850288,D,S,T,2024-08-27,1000000.00,3.734728,102.359375
15:13:50,91282CLD1,TSRYS5850288,D,S,D,2024-08-27,1000000.00,3.734728,102.359375
15:13:50,91282CLD1,TSRYS5850288,D,S,T,2024-08-27,1000000.00,3.734728,102.359375
15:13:50,91282CLD1,TSRYS5850288,D,S,T,2024-08-27,1000000.00,3.734728,102.359375
15:13:52,91282CLD1,TSRYS5850288,D,S,D,2024-08-27,1000000.00,3.734728,102.359375
15:13:52,91282CLD1,TSRYS5850288,D,S,D,2024-08-27,1000000.00,3.734728,102.359375
15:13:52,91282CLD1,TSRYS5850288,D,S,T,2024-08-27,1000000.00,3.734728,102.359375
15:13:54,91282CLD1,TSRYS5850288,D,S,D,2024-08-27,1000000.00,3.734728,102.359375
15:13:54,91282CLD1,TSRYS5850288,D,S,D,2024-08-27,2000000.00,3.734728,102.359375
15:13:54,91282CLD1,TSRYS5850288,D,S,D,2024-08-27,1000000.00,3.734728,102.359375
15:13:54,91282CLD1,TSRYS5850288,D,S,C,2024-08-27,1000000.00,3.734728,102.359375
15:13:54,91282CLD1,TSRYS5850288,D,S,D,2024-08-27,1000000.00,3.734728,102.359375
15:13:54,91282CLD1,TSRYS5850288,D,S,T,2024-08-27,1000000.00,3.734728,102.359375
15:13:54,91282CLD1,TSRYS5850288,D,S,T,2024-08-27,1000000.00,3.734728,102.359375
15:13:56,91282CLD1,TSRYS5850288,D,S,T,2024-08-27,1000000.00,3.734728,102.359375
15:13:56,91282CLD1,TSRYS5850288,D,S,T,2024-08-27,1000000.00,3.73476,102.359175
15:13:56,91282CLD1,TSRYS5850288,D,S,D,2024-08-27,1000000.00,3.734728,102.359375
15:13:56,91282CLD1,TSRYS5850288,D,S,D,2024-08-27,1000000.00,3.734728,102.359375
15:13:56,91282CLD1,TSRYS5850288,D,S,T,2024-08-27,1000000.00,3.734728,102.359375
15:13:56,91282CLD1,TSRYS5850288,D,S,D,2024-08-27,1000000.00,3.734728,102.359375
15:13:58,91282CLD1,TSRYS5850288,D,S,D,2024-08-27,1000000.00,3.734728,102.359375
15:13:58,91282CLD1,TSRYS5850288,D,S,D,2024-08-27,1000000.00,3.734728,102.359375
15:13:58,91282CLD1,TSRYS5850288,D,S,D,2024-08-27,1000000.00,3.734728,102.359375
15:13:59,91282CLD1,TSRYS5850288,D,S,D,2024-08-27,1000000.00,3.734728,102.359375
15:14:01,91282CLD1,TSRYS5850288,D,S,T,2024-08-27,1000000.00,3.734728,102.359375
15:14:01,91282CLD1,TSRYS5850288,D,S,D,2024-08-27,1000000.00,3.736001,102.3515625
15:14:01,91282CLD1,TSRYS5850288,D,S,T,2024-08-27,2000000.00,3.736001,102.3515625
15:14:03,91282CLD1,TSRYS5850288,D,S,T,2024-08-27,1000000.00,3.736001,102.3515625
15:14:03,91282CLD1,TSRYS5850288,D,S,C,2024-08-27,1000000.00,3.736001,102.3515625
15:14:04,91282CLD1,TSRYS5850288,D,S,T,2024-08-27,1000000.00,3.736001,102.3515625
15:14:04,91282CLD1,TSRYS5850288,D,S,T,2024-08-27,1000000.00,3.734728,102.359375
15:14:05,91282CLD1,TSRYS5850288,D,S,C,2024-08-27,2000000.00,3.736001,102.3515625
15:14:09,91282CLD1,TSRYS5850288,D,S,T,2024-08-27,1000000.00,3.736001,102.3515625
15:14:35,91282CLD1,TSRYS5850288,D,S,C,2024-08-27,1000000.00,3.734728,102.359375
15:14:35,91282CLD1,TSRYS5850288,D,B,C,2024-08-27,1000000.00,3.734728,102.359375
15:14:35,91282CLD1,TSRYS5850288,D,S,D,2024-08-27,1000000.00,3.734728,102.359375
15:14:35,91282CLD1,TSRYS5850288,D,S,C,2024-08-27,1000000.00,3.734728,102.359375
15:14:35,91282CLD1,TSRYS5850288,D,S,D,2024-08-27,1000000.00,3.734728,102.359375
15:14:35,91282CLD1,TSRYS5850288,D,S,C,2024-08-27,1000000.00,3.734728,102.359375
15:14:35,91282CLD1,TSRYS5850288,D,S,C,2024-08-27,1000000.00,3.734703,102.359525
15:14:35,91282CLD1,TSRYS5850288,D,S,C,2024-08-27,1000000.00,3.734728,102.359375
15:14:35,91282CLD1,TSRYS5850288,D,S,D,2024-08-27,1000000.00,3.734728,102.359375
15:14:35,91282CLD1,TSRYS5850288,D,S,C,2024-08-27,1000000.00,3.734728,102.359375
15:14:35,91282CLD1,TSRYS5850288,D,S,C,2024-08-27,1000000.00,3.734728,102.359375
15:14:35,91282CLD1,TSRYS5850288,D,S,C,2024-08-27,1000000.00,3.734687,102.359625
15:14:35,91282CLD1,TSRYS5850288,D,S,D,2024-08-27,1000000.00,3.734728,102.359375
15:14:36,91282CLD1,TSRYS5850288,D,B,C,2024-08-27,1000000.00,3.736001,102.3515625
15:14:36,91282CLD1,TSRYS5850288,D,S,D,2024-08-27,1000000.00,3.736001,102.3515625
15:14:36,91282CLD1,TSRYS5850288,D,S,D,2024-08-27,1000000.00,3.736001,102.3515625
15:14:48,91282CLD1,TSRYS5850288,D,S,C,2024-08-27,1000000.00,3.736001,102.3515625
15:14:49,91282CLD1,TSRYS5850288,D,S,T,2024-08-27,1000000.00,3.736001,102.3515625
15:14:53,91282CLD1,TSRYS5850288,D,S,T,2024-08-27,1000000.00,3.736001,102.3515625
15:14:54,91282CLD1,TSRYS5850288,D,S,T,2024-08-27,1000000.00,3.736001,102.3515625
15:14:55,91282CLD1,TSRYS5850288,D,B,A,2024-08-27,2000000.00,3.735364,102.35546875
15:14:55,91282CLD1,TSRYS5850288,D,S,D,2024-08-27,2000000.00,3.735364,102.35546875
15:14:58,91282CLD1,TSRYS5850288,D,S,C,2024-08-27,1000000.00,3.736001,102.3515625
15:14:59,91282CLD1,TSRYS5850288,D,S,T,2024-08-27,2000000.00,3.736001,102.3515625
15:15:03,91282CLD1,TSRYS5850288,D,S,C,2024-08-27,2000000.00,3.736001,102.3515625
15:15:04,91282CLD1,TSRYS5850288,D,B,C,2024-08-27,27000000.00,3.734761,102.35917
15:15:06,91282CLD1,TSRYS5850288,D,S,D,2024-08-27,1000000.00,3.736001,102.3515625
15:15:06,91282CLD1,TSRYS5850288,D,S,D,2024-08-27,1000000.00,3.736001,102.3515625
15:15:18,91282CLD1,TSRYS5850288,D,S,T,2024-08-27,1000000.00,3.735046,102.357421875
15:15:18,91282CLD1,TSRYS5850288,D,S,T,2024-08-27,1000000.00,3.734728,102.359375
15:15:19,91282CLD1,TSRYS5850288,D,S,C,2024-08-27,3000000.00,3.734728,102.359375
15:15:20,91282CLD1,TSRYS5850288,D,S,D,2024-08-27,3000000.00,3.734728,102.359375
15:15:20,91282CLD1,TSRYS5850288,D,S,D,2024-08-27,3000000.00,3.734728,102.359375
15:15:22,91282CLD1,TSRYS5850288,D,S,C,2024-08-27,1000000.00,3.735046,102.357421875
15:15:23,91282CLD1,TSRYS5850288,D,S,D,2024-08-27,1000000.00,3.734728,102.359375
15:15:23,91282CLD1,TSRYS5850288,D,S,C,2024-08-27,7000.00,3.736001,102.3515625
15:15:26,91282CLD1,TSRYS5850288,D,S,T,2024-08-27,2000000.00,3.734728,102.359375
15:15:26,91282CLD1,TSRYS5850288,D,S,T,2024-08-27,2000000.00,3.734728,102.359375
15:15:28,91282CLD1,TSRYS5850288,D,S,T,2024-08-27,2000000.00,3.735046,102.357421875
15:15:28,91282CLD1,TSRYS5850288,D,S,C,2024-08-27,2000000.00,3.735046,102.357421875
15:15:31,91282CLD1,TSRYS5850288,D,S,D,2024-08-27,950000.00,3.734728,102.359375
15:15:31,91282CLD1,TSRYS5850288,D,S,C,2024-08-27,2000000.00,3.734728,102.359375
15:15:31,91282CLD1,TSRYS5850288,D,S,C,2024-08-27,2000000.00,3.734728,102.359375
15:15:33,91282CLD1,TSRYS5850288,D,S,T,2024-08-27,2000000.00,3.734728,102.359375
15:15:33,91282CLD1,TSRYS5850288,D,S,T,2024-08-27,1000000.00,3.734728,102.359375
15:15:33,91282CLD1,TSRYS5850288,D,S,C,2024-08-27,3000000.00,3.734728,102.359375
15:15:33,91282CLD1,TSRYS5850288,D,S,D,2024-08-27,3000000.00,3.734728,102.359375
15:15:34,91282CLD1,TSRYS5850288,D,S,D,2024-08-27,3000000.00,3.734728,102.359375
15:15:36,91282CLD1,TSRYS5850288,D,S,C,2024-08-27,1000000.00,3.736001,102.3515625
15:15:37,91282CLD1,TSRYS5850288,D,S,C,2024-08-27,2000000.00,3.734728,102.359375
15:15:37,91282CLD1,TSRYS5850288,D,S,C,2024-08-27,1000000.00,3.734728,102.359375
15:15:47,91282CLD1,TSRYS5850288,D,S,D,2024-08-27,950000.00,3.734728,102.359375
15:15:50,91282CLD1,TSRYS5850288,D,S,C,2024-08-27,33000.00,3.735706,102.353375
15:15:51,91282CLD1,TSRYS5850288,D,S,D,2024-08-27,1000000.00,3.736001,102.3515625
15:16:07,91282CLD1,TSRYS5850288,D,S,D,2024-08-27,1000000.00,3.734728,102.359375
15:16:08,91282CLD1,TSRYS5850288,D,S,T,2024-08-27,1000000.00,3.734728,102.359375
15:16:22,91282CLD1,TSRYS5850288,D,B,C,2024-08-27,1000000.00,3.734728,102.359375
15:16:22,91282CLD1,TSRYS5850288,D,B,C,2024-08-27,1000000.00,3.734728,102.359375
15:16:22,91282CLD1,TSRYS5850288,D,S,C,2024-08-27,1000000.00,3.734695,102.359575
15:16:22,91282CLD1,TSRYS5850288,D,B,C,2024-08-27,1000000.00,3.734091,102.36328125
15:16:22,91282CLD1,TSRYS5850288,D,S,C,2024-08-27,1000000.00,3.734091,102.36328125
15:16:27,91282CLD1,TSRYS5850288,D,S,T,2024-08-27,1000000.00,3.734728,102.359375
15:16:27,91282CLD1,TSRYS5850288,D,S,T,2024-08-27,1000000.00,3.734728,102.359375
15:16:29,91282CLD1,TSRYS5850288,D,S,T,2024-08-27,1000000.00,3.734728,102.359375
15:16:29,91282CLD1,TSRYS5850288,D,S,T,2024-08-27,1000000.00,3.734728,102.359375
15:16:29,91282CLD1,TSRYS5850288,D,S,T,2024-08-27,1000000.00,3.734728,102.359375
15:16:29,91282CLD1,TSRYS5850288,D,S,T,2024-08-27,1000000.00,3.734728,102.359375
15:16:29,91282CLD1,TSRYS5850288,D,S,T,2024-08-27,1000000.00,3.734728,102.359375
15:16:32,91282CLD1,TSRYS5850288,D,B,C,2024-08-27,4000000.00,3.734728,102.359375
15:16:35,91282CLD1,TSRYS5850288,D,S,D,2024-08-27,8150000.00,3.734091,102.36328125
15:16:38,91282CLD1,TSRYS5850288,D,S,D,2024-08-27,175000.00,3.734728,102.359375
15:16:39,91282CLD1,TSRYS5850288,D,S,D,2024-08-27,175000.00,3.734355,102.361660714
15:16:49,91282CLD1,TSRYS5850288,D,S,C,2024-08-27,1000000.00,3.734728,102.359375
15:16:54,91282CLD1,TSRYS5850288,D,S,D,2024-08-27,1000000.00,3.734728,102.359375
15:16:54,91282CLD1,TSRYS5850288,D,S,D,2024-08-27,1000000.00,3.734728,102.359375
15:16:57,91282CLD1,TSRYS5850288,D,S,T,2024-08-27,2000000.00,3.735046,102.357421875
15:16:57,91282CLD1,TSRYS5850288,D,S,T,2024-08-27,1000000.00,3.734728,102.359375
15:17:00,91282CLD1,TSRYS5850288,D,S,C,2024-08-27,2000000.00,3.735046,102.357421875
15:17:01,91282CLD1,TSRYS5850288,D,S,C,2024-08-27,3000000.00,3.735046,102.357421875
15:17:02,91282CLD1,TSRYS5850288,D,S,T,2024-08-27,3000000.00,3.735046,102.357421875
15:17:04,91282CLD1,TSRYS5850288,D,S,C,2024-08-27,1000000.00,3.734728,102.359375
15:17:04,91282CLD1,TSRYS5850288,D,S,C,2024-08-27,1000000.00,3.734711,102.359475
15:17:04,91282CLD1,TSRYS5850288,D,S,C,2024-08-27,1000000.00,3.734728,102.359375
15:17:04,91282CLD1,TSRYS5850288,D,S,C,2024-08-27,1000000.00,3.734679,102.359675
15:17:05,91282CLD1,TSRYS5850288,D,S,C,2024-08-27,1000000.00,3.734728,102.359375
15:17:05,91282CLD1,TSRYS5850288,D,S,C,2024-08-27,1000000.00,3.734679,102.359675
15:17:05,91282CLD1,TSRYS5850288,D,S,C,2024-08-27,1000000.00,3.734728,102.359375
15:17:15,91282CLD1,TSRYS5850288,D,S,D,2024-08-27,1000000.00,3.734728,102.359375
15:17:15,91282CLD1,TSRYS5850288,D,S,C,2024-08-27,1000000.00,3.734728,102.359375
15:17:24,91282CLD1,TSRYS5850288,D,S,C,2024-08-27,1000000.00,3.735046,102.357421875
15:17:24,91282CLD1,TSRYS5850288,D,S,C,2024-08-27,55000.00,3.733946,102.36328125
15:17:26,91282CLD1,TSRYS5850288,D,S,C,2024-08-27,2000000.00,3.734728,102.359375
15:17:26,91282CLD1,TSRYS5850288,D,S,D,2024-08-27,2000000.00,3.734728,102.359375
15:17:26,91282CLD1,TSRYS5850288,D,S,T,2024-08-27,1000000.00,3.735046,102.357421875
15:17:26,91282CLD1,TSRYS5850288,D,S,D,2024-08-27,2000000.00,3.734728,102.359375
15:17:29,91282CLD1,TSRYS5850288,D,S,D,2024-08-27,55000.00,,102.36328125
15:17:29,91282CLD1,TSRYS5850288,D,S,T,2024-08-27,1000000.00,3.734728,102.359375
15:17:34,91282CLD1,TSRYS5850288,D,S,C,2024-08-27,1000000.00,3.734728,102.359375
15:18:05,91282CLD1,TSRYS5850288,D,B,C,2024-08-27,1000000.00,3.734728,102.359375
15:18:05,91282CLD1,TSRYS5850288,D,B,C,2024-08-27,1000000.00,3.734728,102.359375
15:18:05,91282CLD1,TSRYS5850288,D,S,D,2024-08-27,1000000.00,3.734728,102.359375
15:18:05,91282CLD1,TSRYS5850288,D,S,C,2024-08-27,1000000.00,3.734728,102.359375
15:18:05,91282CLD1,TSRYS5850288,D,S,C,2024-08-27,1000000.00,3.734728,102.359375
15:18:05,91282CLD1,TSRYS5850288,D,B,C,2024-08-27,1000000.00,3.734728,102.359375
15:18:05,91282CLD1,TSRYS5850288,D,B,C,2024-08-27,1000000.00,3.734728,102.359375
15:18:05,91282CLD1,TSRYS5850288,D,S,D,2024-08-27,1000000.00,3.734728,102.359375
15:18:05,91282CLD1,TSRYS5850288,D,S,D,2024-08-27,1000000.00,3.734728,102.359375
15:18:32,91282CLD1,TSRYS5850288,D,S,T,2024-08-27,1000000.00,3.735046,102.357421875
15:18:32,91282CLD1,TSRYS5850288,D,S,C,2024-08-27,2000000.00,3.735046,102.357421875
15:18:32,91282CLD1,TSRYS5850288,D,S,C,2024-08-27,1000000.00,3.735046,102.357421875
15:18:32,91282CLD1,TSRYS5850288,D,B,C,2024-08-27,2000000.00,3.735046,102.357421875
15:18:33,91282CLD1,TSRYS5850288,D,S,C,2024-08-27,500000.00,3.735364,102.35546875
15:18:33,91282CLD1,TSRYS5850288,D,S,D,2024-08-27,2000000.00,3.735046,102.357421875
15:18:33,91282CLD1,TSRYS5850288,D,B,C,2024-08-27,500000.00,3.735364,102.35546875
15:18:44,91282CLD1,TSRYS5850288,D,S,D,2024-08-27,120000.00,3.735364,102.35546875
15:18:45,91282CLD1,TSRYS5850288,D,S,C,2024-08-27,4000.00,3.736001,102.3515625
15:18:50,91282CLD1,TSRYS5850288,D,S,D,2024-08-27,2000000.00,3.735046,102.357421875
15:18:50,91282CLD1,TSRYS5850288,D,S,D,2024-08-27,2000000.00,3.735046,102.357421875
15:18:57,91282CLD1,TSRYS5850288,D,S,D,2024-08-27,2000000.00,3.735046,102.357421875
15:18:57,91282CLD1,TSRYS5850288,D,S,D,2024-08-27,2000000.00,3.735046,102.357421875
15:19:03,91282CLD1,TSRYS5850288,D,S,T,2024-08-27,1000000.00,3.735046,102.357421875
15:19:03,91282CLD1,TSRYS5850288,D,S,T,2024-08-27,1000000.00,3.735046,102.357421875
15:19:04,91282CLD1,TSRYS5850288,D,S,C,2024-08-27,1000000.00,3.735046,102.357421875
15:19:04,91282CLD1,TSRYS5850288,D,S,C,2024-08-27,1000000.00,3.735046,102.357421875
15:19:05,91282CLD1,TSRYS5850288,D,S,C,2024-08-27,2000000.00,3.735046,102.357421875
15:19:07,91282CLD1,TSRYS5850288,D,S,C,2024-08-27,1000000.00,3.735046,102.357421875
15:19:07,91282CLD1,TSRYS5850288,D,S,C,2024-08-27,2000000.00,3.735046,102.357421875
15:19:07,91282CLD1,TSRYS5850288,D,S,T,2024-08-27,2000000.00,3.735046,102.357421875
15:19:13,91282CLD1,TSRYS5850288,D,S,T,2024-08-27,1000000.00,3.735046,102.357421875
15:19:14,91282CLD1,TSRYS5850288,D,S,T,2024-08-27,2000000.00,3.735046,102.357421875
15:19:18,91282CLD1,TSRYS5850288,D,S,D,2024-08-27,63000.00,3.736001,102.3515625
15:19:40,91282CLD1,TSRYS5850288,D,B,A,2024-08-27,34000.00,3.735492,102.3546875
15:19:59,91282CLD1,TSRYS5850288,D,S,T,2024-08-27,2000000.00,3.735683,102.353515625
15:19:59,91282CLD1,TSRYS5850288,D,S,T,2024-08-27,1000000.00,3.735683,102.353515625
15:20:04,91282CLD1,TSRYS5850288,D,S,D,2024-08-27,2000000.00,3.735683,102.353515625
15:20:04,91282CLD1,TSRYS5850288,D,S,D,2024-08-27,1000000.00,3.735683,102.353515625
15:20:06,91282CLD1,TSRYS5850288,D,S,C,2024-08-27,1282000.00,3.734583,102.359375
15:20:07,91282CLD1,TSRYS5850288,D,S,T,2024-08-27,2000000.00,3.735046,102.357421875
15:20:11,91282CLD1,TSRYS5850288,D,S,C,2024-08-27,2000000.00,3.735046,102.357421875
15:20:14,91282CLD1,TSRYS5850288,D,S,D,2024-08-27,1000000.00,3.735683,102.353515625
15:20:14,91282CLD1,TSRYS5850288,D,S,D,2024-08-27,2000000.00,3.735683,102.353515625
15:20:36,91282CLD1,TSRYS5850288,D,B,C,2024-08-27,20000000.00,3.735364,102.35546875
15:20:36,91282CLD1,TSRYS5850288,D,S,C,2024-08-27,4000000.00,3.735046,102.357421875
15:20:40,91282CLD1,TSRYS5850288,D,S,T,2024-08-27,4000000.00,3.735046,102.357421875
15:20:55,91282CLD1,TSRYS5850288,D,S,D,2024-08-27,13000000.00,3.737977,102.33944375
15:20:56,91282CLD1,TSRYS5850288,D,S,C,2024-08-27,1000000.00,3.735046,102.357421875
15:20:56,91282CLD1,TSRYS5850288,D,S,C,2024-08-27,1000000.00,3.735046,102.357421875
15:21:01,91282CLD1,TSRYS5850288,D,S,T,2024-08-27,1000000.00,3.734728,102.359375
15:21:02,91282CLD1,TSRYS5850288,D,S,D,2024-08-27,1000000.00,3.734409,102.361328125
15:21:02,91282CLD1,TSRYS5850288,D,S,C,2024-08-27,1000000.00,3.734409,102.361328125
15:21:02,91282CLD1,TSRYS5850288,D,S,T,2024-08-27,1000000.00,3.735046,102.357421875
15:21:02,91282CLD1,TSRYS5850288,D,S,T,2024-08-27,1000000.00,3.735046,102.357421875
15:21:10,91282CLD1,TSRYS5850288,D,S,T,2024-08-27,1000000.00,3.734409,102.361328125
15:21:15,91282CLD1,TSRYS5850288,D,S,T,2024-08-27,1000000.00,3.734409,102.361328125
15:21:15,91282CLD1,TSRYS5850288,D,S,D,2024-08-27,1000000.00,3.734409,102.361328125
15:21:19,91282CLD1,TSRYS5850288,D,S,D,2024-08-27,1000000.00,3.734409,102.361328125
15:21:20,91282CLD1,TSRYS5850288,D,S,D,2024-08-27,1000000.00,3.734409,102.361328125
15:21:20,91282CLD1,TSRYS5850288,D,B,C,2024-08-27,1000000.00,3.734409,102.361328125
15:21:20,91282CLD1,TSRYS5850288,D,S,D,2024-08-27,1000000.00,3.734409,102.361328125
15:21:23,91282CLD1,TSRYS5850288,D,S,D,2024-08-27,1000000.00,3.734728,102.359375
15:21:23,91282CLD1,TSRYS5850288,D,B,C,2024-08-27,1000000.00,3.734728,102.359375
15:21:24,91282CLD1,TSRYS5850288,D,S,D,2024-08-27,1000000.00,3.734409,102.361328125
15:21:24,91282CLD1,TSRYS5850288,D,S,D,2024-08-27,1000000.00,3.734409,102.361328125
15:21:27,91282CLD1,TSRYS5850288,D,S,D,2024-08-27,10000000.00,3.735675,102.35356
15:21:27,91282CLD1,TSRYS5850288,D,S,D,2024-08-27,1000000.00,3.734728,102.359375
15:21:29,91282CLD1,TSRYS5850288,D,S,D,2024-08-27,1000000.00,3.734728,102.359375
15:21:30,91282CLD1,TSRYS5850288,D,B,C,2024-08-27,1000000.00,3.735046,102.357421875
15:21:30,91282CLD1,TSRYS5850288,D,S,D,2024-08-27,1000000.00,3.735046,102.357421875
15:21:38,91282CLD1,TSRYS5850288,D,B,C,2024-08-27,1000000.00,3.734728,102.359375
15:21:38,91282CLD1,TSRYS5850288,D,S,D,2024-08-27,1000000.00,3.734728,102.359375
15:21:38,91282CLD1,TSRYS5850288,D,S,D,2024-08-27,1000000.00,3.734728,102.359375
15:21:38,91282CLD1,TSRYS5850288,D,B,C,2024-08-27,1000000.00,3.734776,102.359075
15:21:38,91282CLD1,TSRYS5850288,D,B,C,2024-08-27,1000000.00,3.734776,102.359075
15:21:38,91282CLD1,TSRYS5850288,D,S,D,2024-08-27,1000000.00,3.734728,102.359375
15:21:38,91282CLD1,TSRYS5850288,D,B,C,2024-08-27,1000000.00,3.734768,102.359125
15:21:38,91282CLD1,TSRYS5850288,D,B,C,2024-08-27,1000000.00,3.734728,102.359375
15:21:39,91282CLD1,TSRYS5850288,D,S,D,2024-08-27,1000000.00,3.734728,102.359375
15:21:39,91282CLD1,TSRYS5850288,D,S,D,2024-08-27,1000000.00,3.734728,102.359375
15:21:39,91282CLD1,TSRYS5850288,D,S,D,2024-08-27,1000000.00,3.734728,102.359375
15:21:50,91282CLD1,TSRYS5850288,D,S,T,2024-08-27,1000000.00,3.734728,102.359375
15:21:50,91282CLD1,TSRYS5850288,D,S,T,2024-08-27,1000000.00,3.734728,102.359375
15:21:51,91282CLD1,TSRYS5850288,D,S,C,2024-08-27,1000000.00,3.734728,102.359375
15:21:51,91282CLD1,TSRYS5850288,D,B,C,2024-08-27,1000000.00,3.734728,102.359375
15:21:51,91282CLD1,TSRYS5850288,D,S,D,2024-08-27,1000000.00,3.734728,102.359375
15:21:51,91282CLD1,TSRYS5850288,D,B,C,2024-08-27,1000000.00,3.734728,102.359375
15:21:55,91282CLD1,TSRYS5850288,D,S,D,2024-08-27,1000000.00,3.734728,102.359375
15:21:59,91282CLD1,TSRYS5850288,D,S,D,2024-08-27,1000000.00,3.734728,102.359375
15:21:59,91282CLD1,TSRYS5850288,D,S,D,2024-08-27,1000000.00,3.734728,102.359375
15:21:59,91282CLD1,TSRYS5850288,D,S,D,2024-08-27,1000000.00,3.734728,102.359375
15:22:06,91282CLD1,TSRYS5850288,D,B,C,2024-08-27,1000000.00,3.734728,102.359375
15:22:06,91282CLD1,TSRYS5850288,D,S,C,2024-08-27,1000000.00,3.734728,102.359375
15:22:21,91282CLD1,TSRYS5850288,D,S,D,2024-08-27,1000000.00,3.734728,102.359375
15:22:21,91282CLD1,TSRYS5850288,D,S,D,2024-08-27,1000000.00,3.734728,102.359375
15:22:21,91282CLD1,TSRYS5850288,D,B,C,2024-08-27,1000000.00,3.734728,102.359375
15:22:21,91282CLD1,TSRYS5850288,D,B,C,2024-08-27,1000000.00,3.734728,102.359375
15:22:21,91282CLD1,TSRYS5850288,D,S,D,2024-08-27,1000000.00,3.734728,102.359375
15:22:22,91282CLD1,TSRYS5850288,D,S,T,2024-08-27,2000000.00,3.735046,102.357421875
15:22:22,91282CLD1,TSRYS5850288,D,S,D,2024-08-27,2000000.00,3.735046,102.357421875
15:22:24,91282CLD1,TSRYS5850288,D,S,C,2024-08-27,3000000.00,3.735895,102.35221
15:22:37,91282CLD1,TSRYS5850288,D,S,T,2024-08-27,1000000.00,3.735381,102.35536875
15:22:37,91282CLD1,TSRYS5850288,D,S,D,2024-08-27,2000000.00,3.735364,102.35546875
15:22:37,91282CLD1,TSRYS5850288,D,S,D,2024-08-27,1000000.00,3.735364,102.35546875
15:22:37,91282CLD1,TSRYS5850288,D,S,D,2024-08-27,2000000.00,3.735364,102.35546875
15:22:37,91282CLD1,TSRYS5850288,D,S,D,2024-08-27,2000000.00,3.735364,102.35546875
15:22:37,91282CLD1,TSRYS5850288,D,S,C,2024-08-27,2000000.00,3.735364,102.35546875
15:22:37,91282CLD1,TSRYS5850288,D,S,D,2024-08-27,2000000.00,3.735364,102.35546875
15:22:37,91282CLD1,TSRYS5850288,D,S,D,2024-08-27,1000000.00,3.735364,102.35546875
15:22:37,91282CLD1,TSRYS5850288,D,S,D,2024-08-27,2000000.00,3.735364,102.35546875
15:22:37,91282CLD1,TSRYS5850288,D,S,D,2024-08-27,1000000.00,3.735364,102.35546875
15:22:38,91282CLD1,TSRYS5850288,D,S,C,2024-08-27,1000000.00,3.735364,102.35546875
15:22:38,91282CLD1,TSRYS5850288,D,S,D,2024-08-27,2000000.00,3.735364,102.35546875
15:22:38,91282CLD1,TSRYS5850288,D,S,C,2024-08-27,1000000.00,3.735332,102.35566875
15:22:38,91282CLD1,TSRYS5850288,D,S,C,2024-08-27,1000000.00,3.735364,102.35546875
15:22:38,91282CLD1,TSRYS5850288,D,S,T,2024-08-27,1000000.00,3.735364,102.35546875
15:22:39,91282CLD1,TSRYS5850288,D,S,D,2024-08-27,2000000.00,3.735364,102.35546875
15:22:39,91282CLD1,TSRYS5850288,D,S,D,2024-08-27,2000000.00,3.735364,102.35546875
15:22:40,91282CLD1,TSRYS5850288,D,S,D,2024-08-27,2000000.00,3.735364,102.35546875
15:22:40,91282CLD1,TSRYS5850288,D,S,D,2024-08-27,2000000.00,3.735364,102.35546875
15:22:40,91282CLD1,TSRYS5850288,D,S,D,2024-08-27,2000000.00,3.735364,102.35546875
15:22:40,91282CLD1,TSRYS5850288,D,S,D,2024-08-27,1000000.00,3.735364,102.35546875
15:22:41,91282CLD1,TSRYS5850288,D,S,D,2024-08-27,1000000.00,3.735364,102.35546875
15:22:41,91282CLD1,TSRYS5850288,D,S,T,2024-08-27,4000000.00,3.735364,102.35546875
15:22:41,91282CLD1,TSRYS5850288,D,S,T,2024-08-27,1000000.00,3.735364,102.35546875
15:22:42,91282CLD1,TSRYS5850288,D,S,T,2024-08-27,2000000.00,3.735364,102.35546875
15:22:42,91282CLD1,TSRYS5850288,D,S,T,2024-08-27,3000000.00,3.735364,102.35546875
15:22:42,91282CLD1,TSRYS5850288,D,S,D,2024-08-27,1000000.00,3.735364,102.35546875
15:22:42,91282CLD1,TSRYS5850288,D,S,C,2024-08-27,4000000.00,3.735364,102.35546875
15:22:42,91282CLD1,TSRYS5850288,D,S,C,2024-08-27,1000000.00,3.735364,102.35546875
15:22:42,91282CLD1,TSRYS5850288,D,S,D,2024-08-27,1000000.00,3.735364,102.35546875
15:22:42,91282CLD1,TSRYS5850288,D,S,D,2024-08-27,1000000.00,3.735364,102.35546875
15:22:42,91282CLD1,TSRYS5850288,D,S,T,2024-08-27,1000000.00,3.735364,102.35546875
15:22:43,91282CLD1,TSRYS5850288,D,S,T,2024-08-27,1000000.00,3.735364,102.35546875
15:22:43,91282CLD1,TSRYS5850288,D,S,T,2024-08-27,1000000.00,3.735364,102.35546875
15:22:49,91282CLD1,TSRYS5850288,D,S,A,2024-08-27,20000.00,3.735237,102.35625
15:22:50,91282CLD1,TSRYS5850288,D,S,C,2024-08-27,1000000.00,3.733454,102.3671875
15:22:50,91282CLD1,TSRYS5850288,D,S,T,2024-08-27,1000000.00,3.733454,102.3671875
15:22:50,91282CLD1,TSRYS5850288,D,S,T,2024-08-27,1000000.00,3.733454,102.3671875
15:22:50,91282CLD1,TSRYS5850288,D,S,D,2024-08-27,1000000.00,3.733454,102.3671875
15:22:51,91282CLD1,TSRYS5850288,D,B,C,2024-08-27,1000000.00,3.733454,102.3671875
15:22:52,91282CLD1,TSRYS5850288,D,B,C,2024-08-27,1000000.00,3.734091,102.36328125
15:22:52,91282CLD1,TSRYS5850288,D,S,C,2024-08-27,3000000.00,3.734091,102.36328125
15:22:53,91282CLD1,TSRYS5850288,D,S,C,2024-08-27,2000000.00,3.733756,102.365334375
15:22:53,91282CLD1,TSRYS5850288,D,S,D,2024-08-27,1000000.00,3.733454,102.3671875
15:22:55,91282CLD1,TSRYS5850288,D,S,C,2024-08-27,2000000.00,3.733772,102.365234375
15:22:59,91282CLD1,TSRYS5850288,D,S,D,2024-08-27,1000000.00,3.733454,102.3671875
15:22:59,91282CLD1,TSRYS5850288,D,S,D,2024-08-27,1000000.00,3.733454,102.3671875
15:22:59,91282CLD1,TSRYS5850288,D,S,T,2024-08-27,2000000.00,3.734091,102.36328125
15:22:59,91282CLD1,TSRYS5850288,D,S,T,2024-08-27,1000000.00,3.733454,102.3671875
15:22:59,91282CLD1,TSRYS5850288,D,S,T,2024-08-27,1000000.00,3.733772,102.365234375
15:22:59,91282CLD1,TSRYS5850288,D,S,T,2024-08-27,1000000.00,3.733772,102.365234375
15:23:08,91282CLD1,TSRYS5850288,D,S,D,2024-08-27,1000000.00,3.734728,102.359375
15:23:09,91282CLD1,TSRYS5850288,D,S,D,2024-08-27,2000000.00,3.733454,102.3671875
15:23:09,91282CLD1,TSRYS5850288,D,S,C,2024-08-27,2000000.00,3.733772,102.36523437
15:23:09,91282CLD1,TSRYS5850288,D,S,D,2024-08-27,1000000.00,3.733772,102.36523437
15:23:09,91282CLD1,TSRYS5850288,D,S,D,2024-08-27,2000000.00,3.733454,102.3671875
15:23:10,91282CLD1,TSRYS5850288,D,S,T,2024-08-27,2000000.00,3.733772,102.36523437
15:23:23,91282CLD1,TSRYS5850288,D,S,C,2024-08-27,1000000.00,3.734091,102.36328125
15:23:30,91282CLD1,TSRYS5850288,D,S,D,2024-08-27,2000000.00,3.733454,102.3671875
15:23:30,91282CLD1,TSRYS5850288,D,S,C,2024-08-27,1000000.00,3.733454,102.3671875
15:23:30,91282CLD1,TSRYS5850288,D,S,C,2024-08-27,1000000.00,3.733454,102.3671875
15:23:32,91282CLD1,TSRYS5850288,D,S,C,2024-08-27,1000000.00,3.733136,102.36914062
15:23:36,91282CLD1,TSRYS5850288,D,S,D,2024-08-27,1000000.00,3.734728,102.359375
15:23:36,91282CLD1,TSRYS5850288,D,B,C,2024-08-27,1000000.00,3.734776,102.359075
15:23:42,91282CLD1,TSRYS5850288,D,S,C,2024-08-27,1000000.00,3.733454,102.3671875
15:23:43,91282CLD1,TSRYS5850288,D,S,C,2024-08-27,67000000.00,3.730059,102.38802
15:23:43,91282CLD1,TSRYS5850288,D,S,C,2024-08-27,2000000.00,3.730059,102.38802
15:23:43,91282CLD1,TSRYS5850288,D,S,C,2024-08-27,10000000.00,3.730059,102.38802
15:23:44,91282CLD1,TSRYS5850288,D,S,D,2024-08-27,1000000.00,3.733454,102.3671875
15:23:52,91282CLD1,TSRYS5850288,D,S,C,2024-08-27,1000000.00,3.733454,102.3671875
15:23:52,91282CLD1,TSRYS5850288,D,B,C,2024-08-27,1000000.00,3.733495,102.3669375
15:23:52,91282CLD1,TSRYS5850288,D,S,C,2024-08-27,1000000.00,3.733422,102.3673875
15:23:52,91282CLD1,TSRYS5850288,D,B,C,2024-08-27,1000000.00,3.733454,102.3671875
15:23:52,91282CLD1,TSRYS5850288,D,S,C,2024-08-27,1000000.00,3.733422,102.3673875
15:23:52,91282CLD1,TSRYS5850288,D,S,C,2024-08-27,1000000.00,3.733454,102.3671875
15:23:52,91282CLD1,TSRYS5850288,D,B,C,2024-08-27,1000000.00,3.733495,102.3669375
15:23:52,91282CLD1,TSRYS5850288,D,S,D,2024-08-27,1000000.00,3.733454,102.3671875
15:23:54,91282CLD1,TSRYS5850288,D,B,C,2024-08-27,2000000.00,3.732499,102.373046875
15:23:54,91282CLD1,TSRYS5850288,D,S,C,2024-08-27,2000000.00,3.732499,102.373046875
15:23:54,91282CLD1,TSRYS5850288,D,S,C,2024-08-27,2000000.00,3.732499,102.373046875
15:23:58,91282CLD1,TSRYS5850288,D,S,T,2024-08-27,2000000.00,3.732499,102.373046875
15:23:58,91282CLD1,TSRYS5850288,D,S,T,2024-08-27,1000000.00,3.732181,102.375
15:23:58,91282CLD1,TSRYS5850288,D,B,C,2024-08-27,2000000.00,3.732181,102.375
15:23:58,91282CLD1,TSRYS5850288,D,S,D,2024-08-27,2000000.00,3.732181,102.375
15:23:58,91282CLD1,TSRYS5850288,D,S,D,2024-08-27,6000000.00,3.732181,102.375
15:23:59,91282CLD1,TSRYS5850288,D,S,T,2024-08-27,1000000.00,3.731544,102.37890625
15:23:59,91282CLD1,TSRYS5850288,D,S,T,2024-08-27,1000000.00,3.731544,102.37890625
15:23:59,91282CLD1,TSRYS5850288,D,S,T,2024-08-27,2000000.00,3.732181,102.375
15:23:59,91282CLD1,TSRYS5850288,D,S,T,2024-08-27,1000000.00,3.732181,102.375
15:24:01,91282CLD1,TSRYS5850288,D,S,T,2024-08-27,2000000.00,3.732499,102.373046875
15:24:01,91282CLD1,TSRYS5850288,D,S,C,2024-08-27,2000000.00,3.732499,102.373046875
15:24:01,91282CLD1,TSRYS5850288,D,S,C,2024-08-27,2000000.00,3.732499,102.373046875
15:24:04,91282CLD1,TSRYS5850288,D,S,D,2024-08-27,1000000.00,3.731544,102.37890625
15:24:04,91282CLD1,TSRYS5850288,D,S,D,2024-08-27,1000000.00,3.731544,102.37890625
15:24:04,91282CLD1,TSRYS5850288,D,B,C,2024-08-27,1000000.00,3.731544,102.37890625
15:24:04,91282CLD1,TSRYS5850288,D,S,D,2024-08-27,1000000.00,3.731544,102.37890625
15:24:04,91282CLD1,TSRYS5850288,D,S,D,2024-08-27,1000000.00,3.731544,102.37890625
15:24:04,91282CLD1,TSRYS5850288,D,S,D,2024-08-27,1000000.00,3.731544,102.37890625
15:24:04,91282CLD1,TSRYS5850288,D,S,T,2024-08-27,2000000.00,3.732499,102.373046875
15:24:04,91282CLD1,TSRYS5850288,D,S,T,2024-08-27,6000000.00,3.732181,102.375
15:24:09,91282CLD1,TSRYS5850288,D,S,D,2024-08-27,1000000.00,3.731544,102.37890625
15:24:09,91282CLD1,TSRYS5850288,D,S,D,2024-08-27,2000000.00,3.732181,102.375
15:24:17,91282CLD1,TSRYS5850288,D,S,C,2024-08-27,101000.00,3.732818,102.37109375
15:24:21,91282CLD1,TSRYS5850288,D,S,D,2024-08-27,1000000.00,3.733454,102.3671875
15:24:22,91282CLD1,TSRYS5850288,D,B,C,2024-08-27,1000000.00,3.733495,102.3669375
15:24:22,91282CLD1,TSRYS5850288,D,S,D,2024-08-27,5000000.00,3.730271,102.38671875
15:24:40,91282CLD1,TSRYS5850288,D,B,C,2024-08-27,1000000.00,3.73223,102.3747
15:24:40,91282CLD1,TSRYS5850288,D,S,D,2024-08-27,1000000.00,3.732181,102.375
15:24:40,91282CLD1,TSRYS5850288,D,S,D,2024-08-27,1000000.00,3.732181,102.375
15:24:53,91282CLD1,TSRYS5850288,D,S,T,2024-08-27,1000000.00,3.733454,102.3671875
15:24:55,91282CLD1,TSRYS5850288,D,S,C,2024-08-27,1000000.00,3.732181,102.375
15:24:55,91282CLD1,TSRYS5850288,D,B,C,2024-08-27,1000000.00,3.732218,102.374773
15:24:55,91282CLD1,TSRYS5850288,D,S,C,2024-08-27,1000000.00,3.732181,102.375
15:24:55,91282CLD1,TSRYS5850288,D,B,C,2024-08-27,1000000.00,3.732218,102.374773
15:24:55,91282CLD1,TSRYS5850288,D,B,C,2024-08-27,1000000.00,3.732218,102.374773
15:24:55,91282CLD1,TSRYS5850288,D,S,D,2024-08-27,1000000.00,3.732181,102.375
15:24:55,91282CLD1,TSRYS5850288,D,S,C,2024-08-27,1000000.00,3.732181,102.375
15:24:55,91282CLD1,TSRYS5850288,D,B,C,2024-08-27,1000000.00,3.732218,102.374773
15:24:55,91282CLD1,TSRYS5850288,D,S,D,2024-08-27,2000000.00,3.732181,102.375
15:24:55,91282CLD1,TSRYS5850288,D,S,C,2024-08-27,1000000.00,3.732156,102.37515
15:25:13,91282CLD1,TSRYS5850288,D,B,C,2024-08-27,10000000.00,3.733454,102.3671875
15:25:15,91282CLD1,TSRYS5850288,D,S,D,2024-08-27,1000000.00,3.732818,102.37109375
15:25:15,91282CLD1,TSRYS5850288,D,S,C,2024-08-27,1000000.00,3.732818,102.37109375
15:25:33,91282CLD1,TSRYS5850288,D,S,T,2024-08-27,2000000.00,3.732499,102.373046875
15:25:33,91282CLD1,TSRYS5850288,D,S,T,2024-08-27,2000000.00,3.732181,102.375
15:25:33,91282CLD1,TSRYS5850288,D,S,T,2024-08-27,1000000.00,3.732181,102.375
15:25:34,91282CLD1,TSRYS5850288,D,S,D,2024-08-27,2000000.00,3.732483,102.373146875
15:25:34,91282CLD1,TSRYS5850288,D,S,D,2024-08-27,2000000.00,3.732483,102.373146875
15:25:34,91282CLD1,TSRYS5850288,D,S,D,2024-08-27,2000000.00,3.732165,102.3751
15:25:34,91282CLD1,TSRYS5850288,D,B,C,2024-08-27,2000000.00,3.732181,102.375
15:25:34,91282CLD1,TSRYS5850288,D,S,D,2024-08-27,2000000.00,3.732165,102.3751
15:25:35,91282CLD1,TSRYS5850288,D,S,D,2024-08-27,2000000.00,3.732165,102.3751
15:25:35,91282CLD1,TSRYS5850288,D,B,C,2024-08-27,1000000.00,3.732181,102.375
15:25:35,91282CLD1,TSRYS5850288,D,S,D,2024-08-27,1000000.00,3.732165,102.3751
15:25:35,91282CLD1,TSRYS5850288,D,S,D,2024-08-27,1000000.00,3.732165,102.3751
15:25:35,91282CLD1,TSRYS5850288,D,S,D,2024-08-27,4000000.00,3.732165,102.3751
15:25:38,91282CLD1,TSRYS5850288,D,S,T,2024-08-27,2000000.00,3.732181,102.375
15:25:38,91282CLD1,TSRYS5850288,D,S,T,2024-08-27,1000000.00,3.732181,102.375
15:25:38,91282CLD1,TSRYS5850288,D,S,T,2024-08-27,1000000.00,3.732181,102.375
15:25:39,91282CLD1,TSRYS5850288,D,S,T,2024-08-27,1000000.00,3.732181,102.375
15:25:39,91282CLD1,TSRYS5850288,D,S,D,2024-08-27,6000000.00,3.732181,102.375
15:25:40,91282CLD1,TSRYS5850288,D,S,D,2024-08-27,1000000.00,3.733454,102.3671875
15:25:40,91282CLD1,TSRYS5850288,D,S,C,2024-08-27,1000000.00,3.733454,102.3671875
15:25:41,91282CLD1,TSRYS5850288,D,S,C,2024-08-27,1000000.00,3.733422,102.3673875
15:25:41,91282CLD1,TSRYS5850288,D,S,T,2024-08-27,2000000.00,3.732499,102.373046875
15:25:42,91282CLD1,TSRYS5850288,D,S,T,2024-08-27,2000000.00,3.732181,102.375
15:25:42,91282CLD1,TSRYS5850288,D,S,T,2024-08-27,1000000.00,3.732181,102.375
15:25:42,91282CLD1,TSRYS5850288,D,S,T,2024-08-27,1000000.00,3.732181,102.375
15:25:42,91282CLD1,TSRYS5850288,D,S,D,2024-08-27,2000000.00,3.732181,102.375
15:25:42,91282CLD1,TSRYS5850288,D,S,D,2024-08-27,1000000.00,3.732181,102.375
15:25:53,91282CLD1,TSRYS5850288,D,B,C,2024-08-27,1000000.00,3.733503,102.3668875
15:25:53,91282CLD1,TSRYS5850288,D,S,D,2024-08-27,1000000.00,3.733454,102.3671875
15:25:53,91282CLD1,TSRYS5850288,D,B,C,2024-08-27,1000000.00,3.733503,102.3668875
15:25:53,91282CLD1,TSRYS5850288,D,S,D,2024-08-27,1000000.00,3.733454,102.3671875
15:25:53,91282CLD1,TSRYS5850288,D,B,C,2024-08-27,1000000.00,3.733503,102.3668875
15:26:09,91282CLD1,TSRYS5850288,D,B,C,2024-08-27,2000000.00,3.733454,102.3671875
15:26:09,91282CLD1,TSRYS5850288,D,S,D,2024-08-27,2000000.00,3.733454,102.3671875
15:26:09,91282CLD1,TSRYS5850288,D,S,D,2024-08-27,1000000.00,3.732181,102.375
15:26:09,91282CLD1,TSRYS5850288,D,S,D,2024-08-27,1000000.00,3.732181,102.375
15:26:09,91282CLD1,TSRYS5850288,D,B,C,2024-08-27,1000000.00,3.732181,102.375
15:26:09,91282CLD1,TSRYS5850288,D,S,D,2024-08-27,1000000.00,3.732181,102.375
15:26:09,91282CLD1,TSRYS5850288,D,S,D,2024-08-27,1000000.00,3.732181,102.375
15:26:09,91282CLD1,TSRYS5850288,D,S,D,2024-08-27,3000000.00,3.732181,102.375
15:26:09,91282CLD1,TSRYS5850288,D,B,C,2024-08-27,3000000.00,3.732181,102.375
15:26:09,91282CLD1,TSRYS5850288,D,S,D,2024-08-27,1000000.00,3.732156,102.375152
15:26:11,91282CLD1,TSRYS5850288,D,S,T,2024-08-27,1000000.00,3.732181,102.375
15:26:11,91282CLD1,TSRYS5850288,D,S,T,2024-08-27,1000000.00,3.732181,102.375
15:26:11,91282CLD1,TSRYS5850288,D,S,T,2024-08-27,1000000.00,3.732181,102.375
15:26:15,91282CLD1,TSRYS5850288,D,S,D,2024-08-27,1000000.00,3.732181,102.375
15:26:15,91282CLD1,TSRYS5850288,D,S,D,2024-08-27,1000000.00,3.732181,102.375
15:26:16,91282CLD1,TSRYS5850288,D,S,D,2024-08-27,1000000.00,3.732181,102.375
15:26:16,91282CLD1,TSRYS5850288,D,S,D,2024-08-27,1000000.00,3.732181,102.375
15:26:18,91282CLD1,TSRYS5850288,D,S,T,2024-08-27,1000000.00,3.732181,102.375
15:26:54,91282CLD1,TSRYS5850288,D,S,C,2024-08-27,1000000.00,3.732181,102.375
15:26:54,91282CLD1,TSRYS5850288,D,S,D,2024-08-27,1000000.00,3.732181,102.375
15:26:54,91282CLD1,TSRYS5850288,D,S,C,2024-08-27,1000000.00,3.732156,102.37515
15:26:54,91282CLD1,TSRYS5850288,D,B,C,2024-08-27,1000000.00,3.73223,102.3747
15:26:54,91282CLD1,TSRYS5850288,D,B,C,2024-08-27,1000000.00,3.732181,102.375
15:26:54,91282CLD1,TSRYS5850288,D,S,C,2024-08-27,1000000.00,3.732181,102.375
15:26:58,91282CLD1,TSRYS5850288,D,S,T,2024-08-27,1000000.00,3.732181,102.375
15:26:59,91282CLD1,TSRYS5850288,D,S,T,2024-08-27,1000000.00,3.731863,102.376953125
15:26:59,91282CLD1,TSRYS5850288,D,S,T,2024-08-27,2000000.00,3.731863,102.376953125
15:26:59,91282CLD1,TSRYS5850288,D,S,T,2024-08-27,1000000.00,3.731863,102.376953125
15:27:01,91282CLD1,TSRYS5850288,D,S,T,2024-08-27,1000000.00,3.731544,102.37890625
15:27:01,91282CLD1,TSRYS5850288,D,S,D,2024-08-27,1000000.00,3.731863,102.376953125
15:27:01,91282CLD1,TSRYS5850288,D,S,C,2024-08-27,1000000.00,3.731863,102.376953125
15:27:02,91282CLD1,TSRYS5850288,D,S,T,2024-08-27,1000000.00,3.730908,102.3828125
15:27:03,91282CLD1,TSRYS5850288,D,B,C,2024-08-27,1000000.00,3.731863,102.376953125
15:27:03,91282CLD1,TSRYS5850288,D,S,D,2024-08-27,1000000.00,3.731842,102.377078125
15:27:03,91282CLD1,TSRYS5850288,D,B,C,2024-08-27,2000000.00,3.731863,102.376953125
15:27:03,91282CLD1,TSRYS5850288,D,S,D,2024-08-27,2000000.00,3.731842,102.377078125
15:27:03,91282CLD1,TSRYS5850288,D,S,D,2024-08-27,1000000.00,3.731842,102.377078125
15:27:04,91282CLD1,TSRYS5850288,D,S,D,2024-08-27,2000000.00,3.731863,102.376953125
15:27:04,91282CLD1,TSRYS5850288,D,S,D,2024-08-27,1000000.00,3.731863,102.376953125
15:27:06,91282CLD1,TSRYS5850288,D,S,D,2024-08-27,2000000.00,3.731544,102.37890625
15:27:06,91282CLD1,TSRYS5850288,D,S,T,2024-08-27,1000000.00,3.731544,102.37890625
15:27:07,91282CLD1,TSRYS5850288,D,S,T,2024-08-27,1000000.00,3.731544,102.37890625
15:27:07,91282CLD1,TSRYS5850288,D,S,T,2024-08-27,2000000.00,3.731544,102.37890625
15:27:07,91282CLD1,TSRYS5850288,D,S,T,2024-08-27,1000000.00,3.731544,102.37890625
15:27:07,91282CLD1,TSRYS5850288,D,S,T,2024-08-27,2000000.00,3.731544,102.37890625
15:27:07,91282CLD1,TSRYS5850288,D,S,T,2024-08-27,2000000.00,3.731544,102.37890625
15:27:07,91282CLD1,TSRYS5850288,D,S,T,2024-08-27,1000000.00,3.731544,102.37890625
15:27:08,91282CLD1,TSRYS5850288,D,B,C,2024-08-27,25000000.00,3.731577,102.37870625
15:27:08,91282CLD1,TSRYS5850288,D,S,D,2024-08-27,4000000.00,3.731544,102.37890625
15:27:08,91282CLD1,TSRYS5850288,D,S,D,2024-08-27,1000000.00,3.731544,102.37890625
15:27:08,91282CLD1,TSRYS5850288,D,S,D,2024-08-27,25000000.00,3.731577,102.37870625
15:27:09,91282CLD1,TSRYS5850288,D,S,D,2024-08-27,1000000.00,3.731544,102.37890625
15:27:09,91282CLD1,TSRYS5850288,D,S,D,2024-08-27,1000000.00,3.731544,102.37890625
15:27:09,91282CLD1,TSRYS5850288,D,S,D,2024-08-27,2000000.00,3.731544,102.37890625
15:27:10,91282CLD1,TSRYS5850288,D,S,D,2024-08-27,1000000.00,3.731544,102.37890625
15:27:10,91282CLD1,TSRYS5850288,D,S,D,2024-08-27,1000000.00,3.731544,102.37890625
15:27:10,91282CLD1,TSRYS5850288,D,S,D,2024-08-27,2000000.00,3.731544,102.37890625
15:27:10,91282CLD1,TSRYS5850288,D,S,D,2024-08-27,1000000.00,3.730908,102.3828125
15:27:15,91282CLD1,TSRYS5850288,D,S,A,2024-08-27,23000.00,3.730653,102.384375
15:27:21,91282CLD1,TSRYS5850288,D,S,T,2024-08-27,1000000.00,3.731544,102.37890625
15:27:24,91282CLD1,TSRYS5850288,D,S,T,2024-08-27,1000000.00,3.731544,102.37890625
15:27:26,91282CLD1,TSRYS5850288,D,S,D,2024-08-27,2000000.00,3.747186,102.282975
15:27:31,91282CLD1,TSRYS5850288,D,S,T,2024-08-27,2000000.00,3.731544,102.37890625
15:27:39,91282CLD1,TSRYS5850288,D,B,C,2024-08-27,1000000.00,3.732197,102.3749
15:27:39,91282CLD1,TSRYS5850288,D,S,D,2024-08-27,1000000.00,3.732144,102.375227
15:27:47,91282CLD1,TSRYS5850288,D,S,D,2024-08-27,1000000.00,3.731544,102.37890625
15:27:47,91282CLD1,TSRYS5850288,D,B,C,2024-08-27,1000000.00,3.731544,102.37890625
15:27:47,91282CLD1,TSRYS5850288,D,S,D,2024-08-27,1000000.00,3.731544,102.37890625
15:27:47,91282CLD1,TSRYS5850288,D,S,D,2024-08-27,2000000.00,3.731544,102.37890625
15:27:48,91282CLD1,TSRYS5850288,D,S,D,2024-08-27,1000000.00,3.731544,102.37890625
15:27:52,91282CLD1,TSRYS5850288,D,S,T,2024-08-27,2000000.00,3.731544,102.37890625
15:27:53,91282CLD1,TSRYS5850288,D,S,T,2024-08-27,1000000.00,3.731544,102.37890625
15:27:59,91282CLD1,TSRYS5850288,D,S,T,2024-08-27,1000000.00,3.731544,102.37890625
15:28:25,91282CLD1,TSRYS5850288,D,S,C,2024-08-27,1000000.00,3.731863,102.37695312
15:28:25,91282CLD1,TSRYS5850288,D,S,D,2024-08-27,1000000.00,3.731863,102.37695312
15:28:41,91282CLD1,TSRYS5850288,D,S,D,2024-08-27,2000000.00,3.731863,102.376953125
15:28:42,91282CLD1,TSRYS5850288,D,S,D,2024-08-27,1000000.00,3.731863,102.37695312
15:28:43,91282CLD1,TSRYS5850288,D,S,C,2024-08-27,1000000.00,3.731863,102.37695312
15:28:46,91282CLD1,TSRYS5850288,D,S,T,2024-08-27,2000000.00,3.731863,102.376953125
15:28:49,91282CLD1,TSRYS5850288,D,B,C,2024-08-27,8000000.00,3.728427,102.39804
15:28:51,91282CLD1,TSRYS5850288,D,S,D,2024-08-27,1000000.00,3.732181,102.375
15:28:55,91282CLD1,TSRYS5850288,D,S,T,2024-08-27,1000000.00,3.732181,102.375
15:28:55,91282CLD1,TSRYS5850288,D,S,T,2024-08-27,4000000.00,3.732181,102.375
15:28:59,91282CLD1,TSRYS5850288,D,S,C,2024-08-27,1000000.00,3.733136,102.369140625
15:28:59,91282CLD1,TSRYS5850288,D,S,D,2024-08-27,1000000.00,3.733136,102.369140625
15:28:59,91282CLD1,TSRYS5850288,D,B,C,2024-08-27,1000000.00,3.733136,102.369140625
15:29:00,91282CLD1,TSRYS5850288,D,S,T,2024-08-27,1000000.00,3.732181,102.375
15:29:00,91282CLD1,TSRYS5850288,D,S,T,2024-08-27,1000000.00,3.732181,102.375
15:29:06,91282CLD1,TSRYS5850288,D,S,D,2024-08-27,1000000.00,3.733454,102.3671875
15:29:13,91282CLD1,TSRYS5850288,D,S,T,2024-08-27,1000000.00,3.733454,102.3671875
15:29:15,91282CLD1,TSRYS5850288,D,S,D,2024-08-27,1000000.00,3.732181,102.375
15:29:23,91282CLD1,TSRYS5850288,D,S,T,2024-08-27,2000000.00,3.733454,102.3671875
15:29:26,91282CLD1,TSRYS5850288,D,S,D,2024-08-27,1000000.00,3.732181,102.375
15:29:26,91282CLD1,TSRYS5850288,D,B,C,2024-08-27,1000000.00,3.73223,102.3747
15:29:26,91282CLD1,TSRYS5850288,D,B,C,2024-08-27,1000000.00,3.73223,102.3747
15:29:26,91282CLD1,TSRYS5850288,D,S,D,2024-08-27,1000000.00,3.732181,102.375
15:29:30,91282CLD1,TSRYS5850288,D,S,T,2024-08-27,1000000.00,3.734728,102.359375
15:29:30,91282CLD1,TSRYS5850288,D,S,T,2024-08-27,2000000.00,3.734728,102.359375
15:29:30,91282CLD1,TSRYS5850288,D,S,D,2024-08-27,1000000.00,3.734711,102.359475
15:29:41,91282CLD1,TSRYS5850288,D,S,D,2024-08-27,1000000.00,3.732181,102.375
15:29:41,91282CLD1,TSRYS5850288,D,S,D,2024-08-27,2000000.00,3.732181,102.375
15:29:41,91282CLD1,TSRYS5850288,D,B,C,2024-08-27,2000000.00,3.73223,102.3747
15:29:41,91282CLD1,TSRYS5850288,D,S,C,2024-08-27,1000000.00,3.732148,102.3752
15:29:46,91282CLD1,TSRYS5850288,D,S,D,2024-08-27,2000000.00,3.734091,102.36328125
15:29:50,91282CLD1,TSRYS5850288,D,S,C,2024-08-27,100000000.00,3.734934,102.35811
15:29:57,91282CLD1,TSRYS5850288,D,S,C,2024-08-27,2000000.00,3.73343,102.3673375
15:29:57,91282CLD1,TSRYS5850288,D,S,T,2024-08-27,2000000.00,3.734091,102.36328125
15:30:07,91282CLD1,TSRYS5850288,D,S,D,2024-08-27,1000000.00,3.734409,102.361328125
15:30:07,91282CLD1,TSRYS5850288,D,S,D,2024-08-27,1000000.00,3.734409,102.361328125
15:30:07,91282CLD1,TSRYS5850288,D,S,D,2024-08-27,1000000.00,3.734409,102.361328125
15:30:07,91282CLD1,TSRYS5850288,D,S,D,2024-08-27,1000000.00,3.734409,102.361328125
15:30:11,91282CLD1,TSRYS5850288,D,S,D,2024-08-27,1000000.00,3.734409,102.361328125
15:30:11,91282CLD1,TSRYS5850288,D,S,D,2024-08-27,1000000.00,3.734409,102.361328125
15:30:11,91282CLD1,TSRYS5850288,D,S,D,2024-08-27,1000000.00,3.734409,102.361328125
15:30:11,91282CLD1,TSRYS5850288,D,S,D,2024-08-27,1000000.00,3.734409,102.361328125
15:30:12,91282CLD1,TSRYS5850288,D,B,C,2024-08-27,1000000.00,3.733503,102.3668875
15:30:12,91282CLD1,TSRYS5850288,D,S,C,2024-08-27,1000000.00,3.733454,102.3671875
15:30:12,91282CLD1,TSRYS5850288,D,B,C,2024-08-27,1000000.00,3.733503,102.3668875
15:30:12,91282CLD1,TSRYS5850288,D,S,C,2024-08-27,1000000.00,3.733454,102.3671875
15:30:12,91282CLD1,TSRYS5850288,D,S,D,2024-08-27,2000000.00,3.734728,102.359375
15:30:12,91282CLD1,TSRYS5850288,D,B,C,2024-08-27,1000000.00,3.734728,102.359375
15:30:12,91282CLD1,TSRYS5850288,D,S,D,2024-08-27,1000000.00,3.734728,102.359375
15:30:12,91282CLD1,TSRYS5850288,D,B,C,2024-08-27,1000000.00,3.734728,102.359375
15:30:12,91282CLD1,TSRYS5850288,D,S,D,2024-08-27,7000000.00,3.734728,102.359375
15:30:12,91282CLD1,TSRYS5850288,D,B,C,2024-08-27,7000000.00,3.734776,102.359075
15:30:12,91282CLD1,TSRYS5850288,D,S,D,2024-08-27,1000000.00,3.734728,102.359375
15:30:12,91282CLD1,TSRYS5850288,D,B,C,2024-08-27,2000000.00,3.734744,102.359275
15:30:12,91282CLD1,TSRYS5850288,D,S,D,2024-08-27,2000000.00,3.734728,102.359375
15:30:13,91282CLD1,TSRYS5850288,D,S,D,2024-08-27,1000000.00,3.728464,102.39781
15:30:14,91282CLD1,TSRYS5850288,D,S,D,2024-08-27,4600000.00,3.732181,102.375
15:30:36,91282CLD1,TSRYS5850288,D,S,D,2024-08-27,10000000.00,3.734351,102.3616861
15:30:36,91282CLD1,TSRYS5850288,D,S,T,2024-08-27,1000000.00,3.734409,102.36132812
15:30:39,91282CLD1,TSRYS5850288,D,S,T,2024-08-27,1000000.00,3.734728,102.359375
15:30:39,91282CLD1,TSRYS5850288,D,S,T,2024-08-27,2000000.00,3.735046,102.357421875
15:30:39,91282CLD1,TSRYS5850288,D,S,T,2024-08-27,2000000.00,3.735046,102.357421875
15:30:39,91282CLD1,TSRYS5850288,D,S,T,2024-08-27,1000000.00,3.734728,102.359375
15:30:39,91282CLD1,TSRYS5850288,D,S,T,2024-08-27,1000000.00,3.734728,102.359375
15:30:39,91282CLD1,TSRYS5850288,D,S,T,2024-08-27,2000000.00,3.734728,102.359375
15:30:39,91282CLD1,TSRYS5850288,D,S,T,2024-08-27,2000000.00,3.734728,102.359375
15:30:39,91282CLD1,TSRYS5850288,D,S,T,2024-08-27,1000000.00,3.734728,102.359375
15:30:39,91282CLD1,TSRYS5850288,D,S,T,2024-08-27,1000000.00,3.734728,102.359375
15:30:39,91282CLD1,TSRYS5850288,D,S,D,2024-08-27,1000000.00,3.734711,102.359475
15:30:39,91282CLD1,TSRYS5850288,D,S,T,2024-08-27,1000000.00,3.734728,102.359375
15:30:39,91282CLD1,TSRYS5850288,D,S,T,2024-08-27,1000000.00,3.734728,102.359375
15:30:40,91282CLD1,TSRYS5850288,D,S,D,2024-08-27,1000000.00,3.734711,102.359475
15:30:41,91282CLD1,TSRYS5850288,D,S,D,2024-08-27,1000000.00,3.734711,102.359475
15:30:41,91282CLD1,TSRYS5850288,D,B,C,2024-08-27,2000000.00,3.734728,102.359375
15:30:41,91282CLD1,TSRYS5850288,D,S,D,2024-08-27,2000000.00,3.734711,102.359475
15:30:41,91282CLD1,TSRYS5850288,D,B,C,2024-08-27,1000000.00,3.734728,102.359375
15:30:41,91282CLD1,TSRYS5850288,D,S,D,2024-08-27,1000000.00,3.734711,102.359475
15:30:41,91282CLD1,TSRYS5850288,D,S,D,2024-08-27,1000000.00,3.734711,102.359475
15:30:44,91282CLD1,TSRYS5850288,D,S,C,2024-08-27,2000000.00,3.735046,102.357421875
15:30:44,91282CLD1,TSRYS5850288,D,S,C,2024-08-27,2000000.00,3.735046,102.357421875
15:30:45,91282CLD1,TSRYS5850288,D,S,T,2024-08-27,2790000.00,3.734091,102.36328125
15:30:45,91282CLD1,TSRYS5850288,D,S,T,2024-08-27,995000.00,3.734091,102.36328125
15:30:45,91282CLD1,TSRYS5850288,D,S,T,2024-08-27,2955000.00,3.734091,102.36328125
15:30:48,91282CLD1,TSRYS5850288,D,S,A,2024-08-27,62345000.00,3.734091,102.36328125
15:30:48,91282CLD1,TSRYS5850288,D,S,D,2024-08-27,1000000.00,3.734409,102.36132812
15:30:52,91282CLD1,TSRYS5850288,D,S,T,2024-08-27,80000.00,3.734091,102.36328125
15:30:53,91282CLD1,TSRYS5850288,D,S,D,2024-08-27,8200000.00,3.8344,101.75
15:30:53,91282CLD1,TSRYS5850288,D,S,T,2024-08-27,10520000.00,3.734091,102.36328125
15:30:53,91282CLD1,TSRYS5850288,D,S,T,2024-08-27,1000000.00,3.734728,102.359375
15:30:54,91282CLD1,TSRYS5850288,D,S,T,2024-08-27,2850000.00,3.734091,102.36328125
15:30:54,91282CLD1,TSRYS5850288,D,S,T,2024-08-27,38990000.00,3.734091,102.36328125
15:30:55,91282CLD1,TSRYS5850288,D,S,T,2024-08-27,1000000.00,3.735046,102.357421875
15:30:56,91282CLD1,TSRYS5850288,D,S,D,2024-08-27,1000000.00,3.734409,102.36132812
15:30:58,91282CLD1,TSRYS5850288,D,S,T,2024-08-27,2000000.00,3.735046,102.357421875
15:30:58,91282CLD1,TSRYS5850288,D,S,T,2024-08-27,2000000.00,3.735046,102.357421875
15:30:58,91282CLD1,TSRYS5850288,D,S,C,2024-08-27,2000000.00,3.735046,102.357421875
15:30:58,91282CLD1,TSRYS5850288,D,S,C,2024-08-27,2000000.00,3.735046,102.357421875
15:30:59,91282CLD1,TSRYS5850288,D,S,D,2024-08-27,25000000.00,3.731969,102.3763
15:30:59,91282CLD1,TSRYS5850288,D,S,T,2024-08-27,2000000.00,3.735683,102.353515625
15:30:59,91282CLD1,TSRYS5850288,D,S,T,2024-08-27,1000000.00,3.736001,102.3515625
15:30:59,91282CLD1,TSRYS5850288,D,S,T,2024-08-27,1000000.00,3.736001,102.3515625
15:30:59,91282CLD1,TSRYS5850288,D,S,T,2024-08-27,1000000.00,3.736001,102.3515625
15:30:59,91282CLD1,TSRYS5850288,D,S,T,2024-08-27,1000000.00,3.736001,102.3515625
15:31:00,91282CLD1,TSRYS5850288,D,S,T,2024-08-27,2765000.00,3.734091,102.36328125
15:31:01,91282CLD1,TSRYS5850288,D,S,D,2024-08-27,2000000.00,3.735683,102.353515625
15:31:01,91282CLD1,TSRYS5850288,D,S,D,2024-08-27,1000000.00,3.735985,102.3516625
15:31:01,91282CLD1,TSRYS5850288,D,S,T,2024-08-27,129995000.00,3.734091,102.36328125
15:31:02,91282CLD1,TSRYS5850288,D,S,T,2024-08-27,5000.00,3.734091,102.36328125
15:31:03,91282CLD1,TSRYS5850288,D,S,T,2024-08-27,20000.00,3.734091,102.36328125
15:31:04,91282CLD1,TSRYS5850288,D,S,T,2024-08-27,25055000.00,3.734091,102.36328125
15:31:05,91282CLD1,TSRYS5850288,D,S,T,2024-08-27,23020000.00,3.734091,102.36328125
15:31:05,91282CLD1,TSRYS5850288,D,S,D,2024-08-27,450000.00,3.734091,102.36328125
15:31:05,91282CLD1,TSRYS5850288,D,S,C,2024-08-27,2670000.00,3.734091,102.36328125
15:31:05,91282CLD1,TSRYS5850288,D,S,D,2024-08-27,62345000.00,3.734091,102.36328125
15:31:05,91282CLD1,TSRYS5850288,D,S,D,2024-08-27,8250000.00,3.8344,101.75
15:31:05,91282CLD1,TSRYS5850288,D,S,D,2024-08-27,1805000.00,3.734091,102.36328125
15:31:05,91282CLD1,TSRYS5850288,D,S,D,2024-08-27,35885000.00,3.734091,102.36328125
15:31:05,91282CLD1,TSRYS5850288,D,S,D,2024-08-27,9488000.00,3.734091,102.36328125
15:31:05,91282CLD1,TSRYS5850288,D,S,C,2024-08-27,5000000.00,3.734627,102.3599898
15:31:05,91282CLD1,TSRYS5850288,D,S,D,2024-08-27,27385000.00,3.734091,102.36328125
15:31:06,91282CLD1,TSRYS5850288,D,S,D,2024-08-27,6795000.00,3.734091,102.36328125
15:31:06,91282CLD1,TSRYS5850288,D,S,D,2024-08-27,33545000.00,3.734091,102.36328125
15:31:06,91282CLD1,TSRYS5850288,D,S,C,2024-08-27,23295000.00,3.734091,102.36328125
15:31:06,91282CLD1,TSRYS5850288,D,S,D,2024-08-27,25655000.00,3.734091,102.36328125
15:31:08,91282CLD1,TSRYS5850288,D,S,T,2024-08-27,115000.00,3.734091,102.363282
15:31:09,91282CLD1,TSRYS5850288,D,S,D,2024-08-27,2000000.00,3.735683,102.353515625
15:31:09,91282CLD1,TSRYS5850288,D,S,D,2024-08-27,23270000.00,3.734091,102.36328125
15:31:09,91282CLD1,TSRYS5850288,D,S,C,2024-08-27,41415000.00,3.734091,102.36328125
15:31:09,91282CLD1,TSRYS5850288,D,S,D,2024-08-27,165000.00,3.734091,102.36328125
15:31:10,91282CLD1,TSRYS5850288,D,S,D,2024-08-27,1000000.00,3.734728,102.359375
15:31:10,91282CLD1,TSRYS5850288,D,S,D,2024-08-27,2000000.00,3.734728,102.359375
15:31:13,91282CLD1,TSRYS5850288,D,S,D,2024-08-27,16000.00,3.734793,102.358975
15:31:15,91282CLD1,TSRYS5850288,D,S,T,2024-08-27,1000000.00,3.736001,102.3515625
15:31:15,91282CLD1,TSRYS5850288,D,S,D,2024-08-27,1000000.00,3.734409,102.36132812
15:31:15,91282CLD1,TSRYS5850288,D,S,T,2024-08-27,1000000.00,3.736001,102.3515625
15:31:16,91282CLD1,TSRYS5850288,D,S,T,2024-08-27,1000000.00,3.736001,102.3515625
15:31:16,91282CLD1,TSRYS5850288,D,S,T,2024-08-27,2000000.00,3.736001,102.3515625
15:31:17,91282CLD1,TSRYS5850288,D,S,D,2024-08-27,8250000.00,3.8344,101.75
15:31:18,91282CLD1,TSRYS5850288,D,S,T,2024-08-27,1000000.00,3.736001,102.3515625
15:31:19,91282CLD1,TSRYS5850288,D,S,T,2024-08-27,1000000.00,3.736001,102.3515625
15:31:25,91282CLD1,TSRYS5850288,D,S,T,2024-08-27,1000000.00,3.734409,102.36132812
15:31:25,91282CLD1,TSRYS5850288,D,S,D,2024-08-27,2000000.00,3.734728,102.359375
15:31:25,91282CLD1,TSRYS5850288,D,S,D,2024-08-27,1000000.00,3.734728,102.359375
15:31:25,91282CLD1,TSRYS5850288,D,S,D,2024-08-27,1000000.00,3.734728,102.359375
15:31:26,91282CLD1,TSRYS5850288,D,S,D,2024-08-27,1000000.00,3.734728,102.359375
15:31:26,91282CLD1,TSRYS5850288,D,S,C,2024-08-27,3000000.00,3.734699,102.35955
15:31:26,91282CLD1,TSRYS5850288,D,B,C,2024-08-27,3000000.00,3.734765,102.359148
15:31:26,91282CLD1,TSRYS5850288,D,B,C,2024-08-27,1000000.00,3.734765,102.359148
15:31:26,91282CLD1,TSRYS5850288,D,S,C,2024-08-27,1000000.00,3.734728,102.359375
15:31:28,91282CLD1,TSRYS5850288,D,S,C,2024-08-27,1000000.00,3.731226,102.38085937
15:31:29,91282CLD1,TSRYS5850288,D,S,T,2024-08-27,1000000.00,3.734728,102.359375
15:31:30,91282CLD1,TSRYS5850288,D,S,D,2024-08-27,1000000.00,3.734711,102.359475
15:31:30,91282CLD1,TSRYS5850288,D,B,C,2024-08-27,1000000.00,3.73476,102.359175
15:31:32,91282CLD1,TSRYS5850288,D,S,T,2024-08-27,6995000.00,3.734091,102.36328125
15:31:32,91282CLD1,TSRYS5850288,D,B,C,2024-08-27,1000000.00,3.734728,102.359375
15:31:32,91282CLD1,TSRYS5850288,D,S,C,2024-08-27,1000000.00,3.734728,102.359375
15:31:33,91282CLD1,TSRYS5850288,D,S,C,2024-08-27,1000000.00,3.735046,102.357421875
15:31:36,91282CLD1,TSRYS5850288,D,S,C,2024-08-27,2000000.00,3.731226,102.38085937
15:31:36,91282CLD1,TSRYS5850288,D,S,C,2024-08-27,1000000.00,3.731226,102.38085937
15:31:39,91282CLD1,TSRYS5850288,D,S,C,2024-08-27,1000000.00,3.731226,102.38085937
15:31:39,91282CLD1,TSRYS5850288,D,S,C,2024-08-27,2000000.00,3.731226,102.38085937
15:31:39,91282CLD1,TSRYS5850288,D,S,C,2024-08-27,1000000.00,3.731226,102.38085937
15:31:39,91282CLD1,TSRYS5850288,D,S,D,2024-08-27,1000000.00,3.731226,102.38085937
15:31:39,91282CLD1,TSRYS5850288,D,S,T,2024-08-27,1000000.00,3.734409,102.36132812
15:31:41,91282CLD1,TSRYS5850288,D,S,C,2024-08-27,1000000.00,3.736001,102.3515625
15:31:41,91282CLD1,TSRYS5850288,D,S,D,2024-08-27,1000000.00,3.735976,102.3517145
15:31:41,91282CLD1,TSRYS5850288,D,S,D,2024-08-27,1000000.00,3.735964,102.3517875
15:31:41,91282CLD1,TSRYS5850288,D,S,C,2024-08-27,1000000.00,3.731226,102.38085937
15:31:41,91282CLD1,TSRYS5850288,D,S,D,2024-08-27,1000000.00,3.731226,102.38085937
15:31:41,91282CLD1,TSRYS5850288,D,S,C,2024-08-27,2000000.00,3.731226,102.38085937
15:31:52,91282CLD1,TSRYS5850288,D,S,T,2024-08-27,45130000.00,3.734091,102.36328125
15:31:52,91282CLD1,TSRYS5850288,D,B,A,2024-08-27,45130000.00,3.734091,102.36328125
15:31:55,91282CLD1,TSRYS5850288,D,S,T,2024-08-27,1000000.00,3.734409,102.36132812
15:32:04,91282CLD1,TSRYS5850288,D,S,A,2024-08-27,1000000.00,3.735976,102.3517145
15:32:04,91282CLD1,TSRYS5850288,D,S,A,2024-08-27,1000000.00,3.735976,102.3517145
15:32:04,91282CLD1,TSRYS5850288,D,S,A,2024-08-27,1000000.00,3.735976,102.3517145
15:32:04,91282CLD1,TSRYS5850288,D,S,A,2024-08-27,1000000.00,3.735976,102.3517145
15:32:06,91282CLD1,TSRYS5850288,D,S,D,2024-08-27,1000000.00,3.734409,102.36132812
15:32:11,91282CLD1,TSRYS5850288,D,S,C,2024-08-27,1000000.00,3.734728,102.359375
15:32:11,91282CLD1,TSRYS5850288,D,B,C,2024-08-27,1000000.00,3.734776,102.359075
15:32:11,91282CLD1,TSRYS5850288,D,S,D,2024-08-27,1000000.00,3.734691,102.3596
15:32:15,91282CLD1,TSRYS5850288,D,S,T,2024-08-27,1000000.00,3.734409,102.36132812
15:32:21,91282CLD1,TSRYS5850288,D,S,T,2024-08-27,453000.00,3.734091,102.36328125
15:32:21,91282CLD1,TSRYS5850288,D,S,T,2024-08-27,1000000.00,3.734409,102.36132812
15:32:21,91282CLD1,TSRYS5850288,D,S,D,2024-08-27,1000000.00,3.734409,102.36132812
15:32:26,91282CLD1,TSRYS5850288,D,B,C,2024-08-27,1000000.00,3.736034,102.3513625
15:32:26,91282CLD1,TSRYS5850288,D,S,D,2024-08-27,1000000.00,3.735976,102.3517145
15:32:26,91282CLD1,TSRYS5850288,D,B,C,2024-08-27,1000000.00,3.736034,102.3513625
15:32:26,91282CLD1,TSRYS5850288,D,B,C,2024-08-27,1000000.00,3.734776,102.359075
15:32:27,91282CLD1,TSRYS5850288,D,S,C,2024-08-27,1000000.00,3.734728,102.359375
15:32:30,91282CLD1,TSRYS5850288,D,S,T,2024-08-27,1000000.00,3.734728,102.359375
15:32:30,91282CLD1,TSRYS5850288,D,B,C,2024-08-27,25000000.00,3.73476,102.359175
15:32:30,91282CLD1,TSRYS5850288,D,S,D,2024-08-27,25000000.00,3.73476,102.359175
15:32:31,91282CLD1,TSRYS5850288,D,S,D,2024-08-27,90000.00,3.736001,102.351562
15:32:32,91282CLD1,TSRYS5850288,D,B,C,2024-08-27,2000000.00,3.734409,102.361328125
15:32:32,91282CLD1,TSRYS5850288,D,S,C,2024-08-27,2000000.00,3.734409,102.361328125
15:32:32,91282CLD1,TSRYS5850288,D,B,C,2024-08-27,1000000.00,3.734409,102.361328125
15:32:32,91282CLD1,TSRYS5850288,D,S,C,2024-08-27,1000000.00,3.734409,102.361328125
15:32:33,91282CLD1,TSRYS5850288,D,S,T,2024-08-27,1000000.00,3.734409,102.36132812
15:32:37,91282CLD1,TSRYS5850288,D,S,T,2024-08-27,1435000.00,3.734091,102.36328125
15:32:38,91282CLD1,TSRYS5850288,D,S,D,2024-08-27,4600000.00,3.732181,102.375
15:32:44,91282CLD1,TSRYS5850288,D,S,D,2024-08-27,1000000.00,3.735976,102.3517145
15:32:44,91282CLD1,TSRYS5850288,D,S,D,2024-08-27,1000000.00,3.736001,102.3515625
15:32:45,91282CLD1,TSRYS5850288,D,S,C,2024-08-27,1000000.00,3.736001,102.3515625
15:32:45,91282CLD1,TSRYS5850288,D,S,D,2024-08-27,1000000.00,3.735964,102.3517875
15:32:49,91282CLD1,TSRYS5850288,D,S,D,2024-08-27,1000000.00,3.734409,102.36132812
15:32:49,91282CLD1,TSRYS5850288,D,S,T,2024-08-27,1000000.00,3.734409,102.36132812
15:32:50,91282CLD1,TSRYS5850288,D,S,D,2024-08-27,1000000.00,3.734728,102.359375
15:32:50,91282CLD1,TSRYS5850288,D,S,D,2024-08-27,1000000.00,3.734728,102.359375
15:32:50,91282CLD1,TSRYS5850288,D,S,D,2024-08-27,1000000.00,3.734409,102.36132812
15:32:50,91282CLD1,TSRYS5850288,D,S,D,2024-08-27,1000000.00,3.734728,102.359375
15:32:52,91282CLD1,TSRYS5850288,D,S,T,2024-08-27,1000000.00,3.733454,102.3671875
15:32:52,91282CLD1,TSRYS5850288,D,S,C,2024-08-27,1000000.00,3.733454,102.3671875
15:32:52,91282CLD1,TSRYS5850288,D,B,C,2024-08-27,1000000.00,3.733454,102.3671875
15:32:52,91282CLD1,TSRYS5850288,D,S,D,2024-08-27,1000000.00,3.733454,102.3671875
15:32:56,91282CLD1,TSRYS5850288,D,S,D,2024-08-27,1000000.00,3.734409,102.36132812
15:32:56,91282CLD1,TSRYS5850288,D,S,D,2024-08-27,1000000.00,3.734409,102.36132812
15:33:00,91282CLD1,TSRYS5850288,D,B,C,2024-08-27,1000000.00,3.73605,102.3512625
15:33:00,91282CLD1,TSRYS5850288,D,S,D,2024-08-27,1000000.00,3.735976,102.3517145
15:33:00,91282CLD1,TSRYS5850288,D,S,D,2024-08-27,1000000.00,3.734728,102.359375
15:33:13,91282CLD1,TSRYS5850288,D,S,D,2024-08-27,1000000.00,3.734728,102.359375
15:33:13,91282CLD1,TSRYS5850288,D,B,C,2024-08-27,1000000.00,3.734776,102.359075
15:33:13,91282CLD1,TSRYS5850288,D,S,D,2024-08-27,30000.00,3.736001,102.3515625
15:33:14,91282CLD1,TSRYS5850288,D,S,A,2024-08-27,390000.00,3.736001,102.3515625
15:33:20,91282CLD1,TSRYS5850288,D,S,D,2024-08-27,110000.00,3.736001,102.3515625
15:33:26,91282CLD1,TSRYS5850288,D,S,D,2024-08-27,145000.00,3.736001,102.351562
15:33:27,91282CLD1,TSRYS5850288,D,S,D,2024-08-27,4075000.00,3.733454,102.3671875
15:33:28,91282CLD1,TSRYS5850288,D,S,D,2024-08-27,1000000.00,3.733454,102.3671875
15:33:28,91282CLD1,TSRYS5850288,D,B,C,2024-08-27,1000000.00,3.733503,102.3668875
15:33:28,91282CLD1,TSRYS5850288,D,S,D,2024-08-27,1000000.00,3.733454,102.3671875
15:33:29,91282CLD1,TSRYS5850288,D,S,D,2024-08-27,525000.00,3.736001,102.3515625
15:33:31,91282CLD1,TSRYS5850288,D,S,D,2024-08-27,1000000.00,3.734728,102.359375
15:33:34,91282CLD1,TSRYS5850288,D,S,D,2024-08-27,20000.00,3.736001,102.3515625
15:33:49,91282CLD1,TSRYS5850288,D,S,D,2024-08-27,1000000.00,3.732499,102.373046875
15:33:49,91282CLD1,TSRYS5850288,D,S,T,2024-08-27,1000000.00,3.732181,102.375
15:33:49,91282CLD1,TSRYS5850288,D,S,T,2024-08-27,1000000.00,3.732181,102.375
15:33:49,91282CLD1,TSRYS5850288,D,S,C,2024-08-27,1000000.00,3.732499,102.373046875
15:33:50,91282CLD1,TSRYS5850288,D,S,D,2024-08-27,1000000.00,3.732181,102.375
15:33:50,91282CLD1,TSRYS5850288,D,B,C,2024-08-27,1000000.00,3.732181,102.375
15:33:50,91282CLD1,TSRYS5850288,D,S,D,2024-08-27,1000000.00,3.732181,102.375
15:33:54,91282CLD1,TSRYS5850288,D,B,C,2024-08-27,1000000.00,3.732181,102.375
15:33:54,91282CLD1,TSRYS5850288,D,S,C,2024-08-27,1000000.00,3.732181,102.375
15:33:56,91282CLD1,TSRYS5850288,D,S,D,2024-08-27,2000000.00,3.733772,102.36523437
15:34:01,91282CLD1,TSRYS5850288,D,S,D,2024-08-27,1000000.00,3.733772,102.36523437
15:34:02,91282CLD1,TSRYS5850288,D,S,D,2024-08-27,310000.00,3.736001,102.351562
15:34:02,91282CLD1,TSRYS5850288,D,S,D,2024-08-27,50000.00,3.736001,102.351562
15:34:10,91282CLD1,TSRYS5850288,D,S,D,2024-08-27,390000.00,3.736001,102.351562
15:34:11,91282CLD1,TSRYS5850288,D,S,D,2024-08-27,30000.00,3.736001,102.351562
15:34:11,91282CLD1,TSRYS5850288,D,S,D,2024-08-27,150000.00,3.736001,102.351562
15:34:12,91282CLD1,TSRYS5850288,D,S,D,2024-08-27,215000.00,3.736001,102.351562
15:34:26,91282CLD1,TSRYS5850288,D,S,D,2024-08-27,1000000.00,3.732181,102.375
15:34:26,91282CLD1,TSRYS5850288,D,B,C,2024-08-27,1000000.00,3.732222,102.37475
15:34:26,91282CLD1,TSRYS5850288,D,S,D,2024-08-27,1000000.00,3.732181,102.375
15:34:26,91282CLD1,TSRYS5850288,D,B,C,2024-08-27,2000000.00,3.732181,102.375
15:34:26,91282CLD1,TSRYS5850288,D,S,D,2024-08-27,2000000.00,3.732181,102.375
15:34:26,91282CLD1,TSRYS5850288,D,S,C,2024-08-27,1000000.00,3.732181,102.375
15:34:26,91282CLD1,TSRYS5850288,D,B,C,2024-08-27,1000000.00,3.732181,102.375
15:34:26,91282CLD1,TSRYS5850288,D,S,D,2024-08-27,1000000.00,3.732181,102.375
15:34:26,91282CLD1,TSRYS5850288,D,S,D,2024-08-27,1000000.00,3.732181,102.375
15:34:26,91282CLD1,TSRYS5850288,D,B,C,2024-08-27,1000000.00,3.732181,102.375
15:34:26,91282CLD1,TSRYS5850288,D,S,D,2024-08-27,30000.00,3.736001,102.351562
15:34:27,91282CLD1,TSRYS5850288,D,S,D,2024-08-27,245000.00,3.736001,102.3515625
15:34:41,91282CLD1,TSRYS5850288,D,S,D,2024-08-27,1000000.00,3.732181,102.375
15:34:41,91282CLD1,TSRYS5850288,D,B,C,2024-08-27,1000000.00,3.732181,102.375
15:34:41,91282CLD1,TSRYS5850288,D,S,D,2024-08-27,1000000.00,3.732181,102.375
15:34:41,91282CLD1,TSRYS5850288,D,B,C,2024-08-27,1000000.00,3.732181,102.375
15:34:41,91282CLD1,TSRYS5850288,D,B,C,2024-08-27,1000000.00,3.732222,102.37475
15:35:02,91282CLD1,TSRYS5850288,D,S,C,2024-08-27,54000000.00,3.732818,102.37109375
15:35:02,91282CLD1,TSRYS5850288,D,S,D,2024-08-27,54000000.00,3.732818,102.37109375
15:35:02,91282CLD1,TSRYS5850288,D,S,D,2024-08-27,2000000.00,3.736001,102.3515625
15:35:04,91282CLD1,TSRYS5850288,D,S,C,2024-08-27,1000000.00,3.733422,102.3673875
15:35:05,91282CLD1,TSRYS5850288,D,S,D,2024-08-27,1000000.00,3.736001,102.3515625
15:35:06,91282CLD1,TSRYS5850288,D,S,D,2024-08-27,1000000.00,3.736001,102.3515625
15:35:11,91282CLD1,TSRYS5850288,D,S,T,2024-08-27,1000000.00,3.733454,102.3671875
15:35:13,91282CLD1,TSRYS5850288,D,S,D,2024-08-27,40000.00,3.736001,102.351563
15:35:17,91282CLD1,TSRYS5850288,D,S,D,2024-08-27,1000000.00,3.733454,102.3671875
15:35:24,91282CLD1,TSRYS5850288,D,S,D,2024-08-27,1000000.00,3.733454,102.3671875
15:35:26,91282CLD1,TSRYS5850288,D,S,D,2024-08-27,1000000.00,3.733454,102.3671875
15:35:30,91282CLD1,TSRYS5850288,D,S,T,2024-08-27,1000000.00,3.733454,102.3671875
15:35:44,91282CLD1,TSRYS5850288,D,B,C,2024-08-27,1000000.00,3.733454,102.3671875
15:35:44,91282CLD1,TSRYS5850288,D,S,D,2024-08-27,1000000.00,3.733454,102.3671875
15:35:44,91282CLD1,TSRYS5850288,D,S,C,2024-08-27,1000000.00,3.733454,102.3671875
15:35:44,91282CLD1,TSRYS5850288,D,B,C,2024-08-27,1000000.00,3.733503,102.3668875
15:35:44,91282CLD1,TSRYS5850288,D,S,D,2024-08-27,1000000.00,3.733454,102.3671875
15:35:44,91282CLD1,TSRYS5850288,D,B,C,2024-08-27,1000000.00,3.733503,102.3668875
15:35:44,91282CLD1,TSRYS5850288,D,B,C,2024-08-27,1000000.00,3.733503,102.3668875
15:35:44,91282CLD1,TSRYS5850288,D,B,C,2024-08-27,1000000.00,3.733503,102.3668875
15:35:44,91282CLD1,TSRYS5850288,D,S,D,2024-08-27,1000000.00,3.733454,102.3671875
15:35:44,91282CLD1,TSRYS5850288,D,S,D,2024-08-27,1000000.00,3.733454,102.3671875
15:35:44,91282CLD1,TSRYS5850288,D,S,D,2024-08-27,1000000.00,3.733454,102.3671875
15:35:44,91282CLD1,TSRYS5850288,D,S,C,2024-08-27,1000000.00,3.733454,102.3671875
15:35:44,91282CLD1,TSRYS5850288,D,B,C,2024-08-27,1000000.00,3.733503,102.3668875
15:35:51,91282CLD1,TSRYS5850288,D,S,C,2024-08-27,150MM+,3.732181,102.375
15:35:58,91282CLD1,TSRYS5850288,D,B,C,2024-08-27,1000000.00,3.733454,102.3671875
15:35:58,91282CLD1,TSRYS5850288,D,S,D,2024-08-27,1000000.00,3.733454,102.3671875
15:36:14,91282CLD1,TSRYS5850288,D,S,C,2024-08-27,1000000.00,3.733454,102.3671875
15:36:14,91282CLD1,TSRYS5850288,D,S,D,2024-08-27,1000000.00,3.733454,102.3671875
15:36:14,91282CLD1,TSRYS5850288,D,B,C,2024-08-27,1000000.00,3.733503,102.3668875
15:36:36,91282CLD1,TSRYS5850288,D,S,D,2024-08-27,1000000.00,3.733454,102.3671875
15:36:44,91282CLD1,TSRYS5850288,D,S,T,2024-08-27,2000000.00,3.732818,102.37109375
15:36:44,91282CLD1,TSRYS5850288,D,S,T,2024-08-27,2000000.00,3.732499,102.373046875
15:36:44,91282CLD1,TSRYS5850288,D,S,D,2024-08-27,1000000.00,3.732818,102.37109375
15:36:44,91282CLD1,TSRYS5850288,D,S,D,2024-08-27,2000000.00,3.732801,102.37119375
15:36:44,91282CLD1,TSRYS5850288,D,S,C,2024-08-27,1000000.00,3.732818,102.37109375
15:36:44,91282CLD1,TSRYS5850288,D,S,D,2024-08-27,2000000.00,3.732483,102.373146875
15:36:44,91282CLD1,TSRYS5850288,D,B,C,2024-08-27,1000000.00,3.732499,102.373046875
15:36:44,91282CLD1,TSRYS5850288,D,S,D,2024-08-27,1000000.00,3.732483,102.373146875
15:36:45,91282CLD1,TSRYS5850288,D,B,C,2024-08-27,1000000.00,3.732499,102.373046875
15:36:45,91282CLD1,TSRYS5850288,D,S,D,2024-08-27,1000000.00,3.732483,102.373146875
15:36:58,91282CLD1,TSRYS5850288,D,S,T,2024-08-27,1000000.00,3.733772,102.365234375
15:36:59,91282CLD1,TSRYS5850288,D,S,D,2024-08-27,1000000.00,3.733772,102.365234375
15:37:01,91282CLD1,TSRYS5850288,D,S,D,2024-08-27,4075000.00,3.732818,102.37109375
15:37:11,91282CLD1,TSRYS5850288,D,S,T,2024-08-27,1000000.00,3.733454,102.3671875
15:37:16,91282CLD1,TSRYS5850288,D,B,C,2024-08-27,2000000.00,3.733152,102.369040625
15:37:16,91282CLD1,TSRYS5850288,D,S,D,2024-08-27,2000000.00,3.733136,102.369140625
15:37:29,91282CLD1,TSRYS5850288,D,S,D,2024-08-27,1000000.00,3.733136,102.369140625
15:37:29,91282CLD1,TSRYS5850288,D,S,D,2024-08-27,1000000.00,3.733136,102.369140625
15:37:29,91282CLD1,TSRYS5850288,D,S,D,2024-08-27,1000000.00,3.733136,102.369140625
15:37:29,91282CLD1,TSRYS5850288,D,S,D,2024-08-27,2000000.00,3.733136,102.369140625
15:37:30,91282CLD1,TSRYS5850288,D,S,C,2024-08-27,1000000.00,3.733103,102.369340625
15:37:35,91282CLD1,TSRYS5850288,D,S,T,2024-08-27,1000000.00,3.733454,102.3671875
15:37:35,91282CLD1,TSRYS5850288,D,S,D,2024-08-27,1000000.00,3.733136,102.369140625
15:37:35,91282CLD1,TSRYS5850288,D,S,T,2024-08-27,1000000.00,3.733454,102.3671875
15:37:35,91282CLD1,TSRYS5850288,D,S,T,2024-08-27,1000000.00,3.733454,102.3671875
15:37:35,91282CLD1,TSRYS5850288,D,S,T,2024-08-27,1000000.00,3.733454,102.3671875
15:37:36,91282CLD1,TSRYS5850288,D,S,T,2024-08-27,1000000.00,3.733136,102.369140625
15:37:36,91282CLD1,TSRYS5850288,D,S,T,2024-08-27,2000000.00,3.733136,102.369140625
15:37:36,91282CLD1,TSRYS5850288,D,S,T,2024-08-27,1000000.00,3.733136,102.369140625
15:37:36,91282CLD1,TSRYS5850288,D,S,T,2024-08-27,1000000.00,3.733454,102.3671875
15:37:36,91282CLD1,TSRYS5850288,D,S,T,2024-08-27,1000000.00,3.733136,102.369140625
15:37:37,91282CLD1,TSRYS5850288,D,S,D,2024-08-27,2000000.00,3.732181,102.375
15:37:38,91282CLD1,TSRYS5850288,D,S,T,2024-08-27,1000000.00,3.733454,102.3671875
15:37:38,91282CLD1,TSRYS5850288,D,S,T,2024-08-27,1000000.00,3.733454,102.3671875
15:37:38,91282CLD1,TSRYS5850288,D,S,T,2024-08-27,1000000.00,3.733454,102.3671875
15:37:38,91282CLD1,TSRYS5850288,D,S,T,2024-08-27,1000000.00,3.733454,102.3671875
15:37:38,91282CLD1,TSRYS5850288,D,S,T,2024-08-27,1000000.00,3.733454,102.3671875
15:37:38,91282CLD1,TSRYS5850288,D,S,T,2024-08-27,1000000.00,3.733454,102.3671875
15:37:39,91282CLD1,TSRYS5850288,D,S,T,2024-08-27,1000000.00,3.733454,102.3671875
15:37:42,91282CLD1,TSRYS5850288,D,S,T,2024-08-27,1000000.00,3.733454,102.3671875
15:37:42,91282CLD1,TSRYS5850288,D,S,C,2024-08-27,1000000.00,3.733454,102.3671875
15:37:42,91282CLD1,TSRYS5850288,D,S,C,2024-08-27,1000000.00,3.733454,102.3671875
15:37:42,91282CLD1,TSRYS5850288,D,S,D,2024-08-27,1000000.00,3.733454,102.3671875
15:37:43,91282CLD1,TSRYS5850288,D,S,C,2024-08-27,1000000.00,3.733454,102.3671875
15:37:43,91282CLD1,TSRYS5850288,D,S,C,2024-08-27,1000000.00,3.733454,102.3671875
15:37:44,91282CLD1,TSRYS5850288,D,S,D,2024-08-27,1000000.00,3.733454,102.3671875
15:37:44,91282CLD1,TSRYS5850288,D,B,C,2024-08-27,1000000.00,3.733503,102.3668875
15:37:44,91282CLD1,TSRYS5850288,D,S,C,2024-08-27,1000000.00,3.733454,102.3671875
15:37:59,91282CLD1,TSRYS5850288,D,S,D,2024-08-27,1000000.00,3.733454,102.3671875
15:37:59,91282CLD1,TSRYS5850288,D,B,C,2024-08-27,1000000.00,3.733503,102.3668875
15:37:59,91282CLD1,TSRYS5850288,D,S,D,2024-08-27,1000000.00,3.733454,102.3671875
15:37:59,91282CLD1,TSRYS5850288,D,S,C,2024-08-27,1000000.00,3.733454,102.3671875
15:37:59,91282CLD1,TSRYS5850288,D,S,C,2024-08-27,1000000.00,3.733454,102.3671875
15:37:59,91282CLD1,TSRYS5850288,D,S,C,2024-08-27,1000000.00,3.733413,102.3674375
15:37:59,91282CLD1,TSRYS5850288,D,S,C,2024-08-27,1000000.00,3.733454,102.3671875
15:38:12,91282CLD1,TSRYS5850288,D,S,D,2024-08-27,1000000.00,3.733454,102.3671875
15:38:12,91282CLD1,TSRYS5850288,D,S,D,2024-08-27,1000000.00,3.733454,102.3671875
15:38:27,91282CLD1,TSRYS5850288,D,S,D,2024-08-27,1000000.00,3.733454,102.3671875
15:39:41,91282CLD1,TSRYS5850288,D,S,T,2024-08-27,14900000.00,3.8344,101.75
15:40:10,91282CLD1,TSRYS5850288,D,S,D,2024-08-27,20000.00,3.732499,102.373046875
15:40:10,91282CLD1,TSRYS5850288,D,S,D,2024-08-27,20000.00,3.72924,102.393046875
15:40:11,91282CLD1,TSRYS5850288,D,S,T,2024-08-27,24850000.00,3.8344,101.75
15:40:11,91282CLD1,TSRYS5850288,D,S,D,2024-08-27,5500000.00,3.733454,102.3671875
15:40:12,91282CLD1,TSRYS5850288,D,S,T,2024-08-27,10950000.00,3.8344,101.75
15:40:14,91282CLD1,TSRYS5850288,D,S,T,2024-08-27,13900000.00,3.8344,101.75
15:40:20,91282CLD1,TSRYS5850288,D,S,T,2024-08-27,3000000.00,3.8344,101.75
15:40:20,91282CLD1,TSRYS5850288,D,S,T,2024-08-27,9950000.00,3.8344,101.75
15:40:20,91282CLD1,TSRYS5850288,D,S,T,2024-08-27,49650000.00,3.8344,101.75
15:40:20,91282CLD1,TSRYS5850288,D,S,T,2024-08-27,6950000.00,3.8344,101.75
15:40:20,91282CLD1,TSRYS5850288,D,S,T,2024-08-27,9950000.00,3.8344,101.75
15:40:23,91282CLD1,TSRYS5850288,D,B,C,2024-08-27,20000000.00,3.732818,102.37109375
15:40:33,91282CLD1,TSRYS5850288,D,S,D,2024-08-27,1000000.00,3.733136,102.369140625
15:40:33,91282CLD1,TSRYS5850288,D,S,D,2024-08-27,1000000.00,3.733136,102.369140625
15:40:34,91282CLD1,TSRYS5850288,D,S,D,2024-08-27,1000000.00,3.732818,102.37109375
15:40:34,91282CLD1,TSRYS5850288,D,S,C,2024-08-27,1000000.00,3.732818,102.37109375
15:40:35,91282CLD1,TSRYS5850288,D,S,T,2024-08-27,24800000.00,3.8344,101.75
15:40:35,91282CLD1,TSRYS5850288,D,S,T,2024-08-27,3000000.00,3.8344,101.75
15:40:36,91282CLD1,TSRYS5850288,D,S,T,2024-08-27,1000000.00,3.8344,101.75
15:40:37,91282CLD1,TSRYS5850288,D,S,T,2024-08-27,10950000.00,3.8344,101.75
15:41:05,91282CLD1,TSRYS5850288,D,S,T,2024-08-27,39350000.00,3.8344,101.75
15:41:05,91282CLD1,TSRYS5850288,D,S,T,2024-08-27,9850000.00,3.8344,101.75
15:41:06,91282CLD1,TSRYS5850288,D,S,C,2024-08-27,1000000.00,3.733454,102.3671875
15:41:06,91282CLD1,TSRYS5850288,D,S,C,2024-08-27,1000000.00,3.733454,102.3671875
15:41:11,91282CLD1,TSRYS5850288,D,S,D,2024-08-27,39350000.00,3.8344,101.75
15:41:12,91282CLD1,TSRYS5850288,D,B,C,2024-08-27,1000000.00,3.733136,102.36914062
15:41:12,91282CLD1,TSRYS5850288,D,B,C,2024-08-27,1000000.00,3.733136,102.36914062
15:41:13,91282CLD1,TSRYS5850288,D,B,C,2024-08-27,1000000.00,3.733136,102.36914062
15:41:13,91282CLD1,TSRYS5850288,D,S,T,2024-08-27,38750000.00,3.8344,101.75
15:41:14,91282CLD1,TSRYS5850288,D,S,D,2024-08-27,9850000.00,3.8344,101.75
15:41:24,91282CLD1,TSRYS5850288,D,S,D,2024-08-27,1000000.00,3.733454,102.3671875
15:41:29,91282CLD1,TSRYS5850288,D,S,T,2024-08-27,1000000.00,3.733454,102.3671875
15:41:29,91282CLD1,TSRYS5850288,D,S,T,2024-08-27,1000000.00,3.733454,102.3671875
15:41:29,91282CLD1,TSRYS5850288,D,S,T,2024-08-27,1000000.00,3.733454,102.3671875
15:41:29,91282CLD1,TSRYS5850288,D,S,T,2024-08-27,1000000.00,3.733454,102.3671875
15:41:29,91282CLD1,TSRYS5850288,D,S,T,2024-08-27,1000000.00,3.733454,102.3671875
15:41:30,91282CLD1,TSRYS5850288,D,S,T,2024-08-27,1000000.00,3.733454,102.3671875
15:41:34,91282CLD1,TSRYS5850288,D,S,D,2024-08-27,1000000.00,3.733454,102.3671875
15:41:58,91282CLD1,TSRYS5850288,D,S,D,2024-08-27,1000000.00,3.733422,102.3673875
15:41:58,91282CLD1,TSRYS5850288,D,S,D,2024-08-27,1000000.00,3.733454,102.3671875
15:41:59,91282CLD1,TSRYS5850288,D,S,T,2024-08-27,1000000.00,3.733454,102.3671875
15:42:01,91282CLD1,TSRYS5850288,D,S,D,2024-08-27,16435000.00,3.734091,102.36328125
15:42:02,91282CLD1,TSRYS5850288,D,S,T,2024-08-27,1000000.00,3.733136,102.369140625
15:42:02,91282CLD1,TSRYS5850288,D,S,D,2024-08-27,1000000.00,3.733136,102.369140625
15:42:02,91282CLD1,TSRYS5850288,D,S,D,2024-08-27,1000000.00,3.733136,102.369140625
15:42:07,91282CLD1,TSRYS5850288,D,S,D,2024-08-27,1000000.00,3.733136,102.369140625
15:42:10,91282CLD1,TSRYS5850288,D,S,T,2024-08-27,1000000.00,3.733454,102.3671875
15:42:12,91282CLD1,TSRYS5850288,D,S,T,2024-08-27,1000000.00,3.73347,102.3670875
15:42:12,91282CLD1,TSRYS5850288,D,S,D,2024-08-27,1000000.00,3.733454,102.3671875
15:42:13,91282CLD1,TSRYS5850288,D,S,C,2024-08-27,2000000.00,3.73343,102.3673375
15:42:13,91282CLD1,TSRYS5850288,D,B,C,2024-08-27,2000000.00,3.733454,102.3671875
15:42:13,91282CLD1,TSRYS5850288,D,S,D,2024-08-27,1000000.00,3.733422,102.3673875
15:42:13,91282CLD1,TSRYS5850288,D,S,C,2024-08-27,1000000.00,3.73343,102.3673375
15:42:13,91282CLD1,TSRYS5850288,D,S,D,2024-08-27,1000000.00,3.733422,102.3673875
15:42:16,91282CLD1,TSRYS5850288,D,S,T,2024-08-27,1000000.00,3.733454,102.3671875
15:42:16,91282CLD1,TSRYS5850288,D,S,T,2024-08-27,1000000.00,3.733454,102.3671875
15:42:16,91282CLD1,TSRYS5850288,D,S,T,2024-08-27,1000000.00,3.733454,102.3671875
15:42:16,91282CLD1,TSRYS5850288,D,S,T,2024-08-27,1000000.00,3.733454,102.3671875
15:42:17,91282CLD1,TSRYS5850288,D,S,D,2024-08-27,1000000.00,3.733454,102.3671875
15:42:17,91282CLD1,TSRYS5850288,D,S,D,2024-08-27,1000000.00,3.733454,102.3671875
15:42:17,91282CLD1,TSRYS5850288,D,S,T,2024-08-27,1000000.00,3.733454,102.3671875
15:42:22,91282CLD1,TSRYS5850288,D,S,T,2024-08-27,1000000.00,3.733454,102.3671875
15:42:22,91282CLD1,TSRYS5850288,D,S,T,2024-08-27,1000000.00,3.733454,102.3671875
15:42:22,91282CLD1,TSRYS5850288,D,S,D,2024-08-27,1000000.00,3.733454,102.3671875
15:42:22,91282CLD1,TSRYS5850288,D,S,D,2024-08-27,1000000.00,3.733454,102.3671875
15:42:22,91282CLD1,TSRYS5850288,D,S,D,2024-08-27,1000000.00,3.733454,102.3671875
15:42:22,91282CLD1,TSRYS5850288,D,S,D,2024-08-27,1000000.00,3.733454,102.3671875
15:42:27,91282CLD1,TSRYS5850288,D,S,D,2024-08-27,1000000.00,3.733454,102.3671875
15:42:27,91282CLD1,TSRYS5850288,D,S,D,2024-08-27,1000000.00,3.733454,102.3671875
15:42:28,91282CLD1,TSRYS5850288,D,S,D,2024-08-27,1000000.00,3.733454,102.3671875
15:42:35,91282CLD1,TSRYS5850288,D,S,T,2024-08-27,1000000.00,3.733454,102.3671875
15:42:43,91282CLD1,TSRYS5850288,D,B,C,2024-08-27,2000000.00,3.733479,102.3670375
15:42:43,91282CLD1,TSRYS5850288,D,B,C,2024-08-27,1000000.00,3.733454,102.3671875
15:42:43,91282CLD1,TSRYS5850288,D,S,D,2024-08-27,2000000.00,3.733454,102.3671875
15:42:43,91282CLD1,TSRYS5850288,D,S,D,2024-08-27,1000000.00,3.733454,102.3671875
15:42:43,91282CLD1,TSRYS5850288,D,S,D,2024-08-27,1000000.00,3.733454,102.3671875
15:42:43,91282CLD1,TSRYS5850288,D,S,D,2024-08-27,1000000.00,3.733454,102.3671875
15:42:43,91282CLD1,TSRYS5850288,D,B,C,2024-08-27,1000000.00,3.733454,102.3671875
15:42:43,91282CLD1,TSRYS5850288,D,B,C,2024-08-27,1000000.00,3.733454,102.3671875
15:42:43,91282CLD1,TSRYS5850288,D,S,D,2024-08-27,1000000.00,3.733454,102.3671875
15:42:43,91282CLD1,TSRYS5850288,D,S,D,2024-08-27,1000000.00,3.733454,102.3671875
15:42:43,91282CLD1,TSRYS5850288,D,S,D,2024-08-27,1000000.00,3.733454,102.3671875
15:42:43,91282CLD1,TSRYS5850288,D,S,D,2024-08-27,1000000.00,3.733454,102.3671875
15:42:43,91282CLD1,TSRYS5850288,D,S,D,2024-08-27,1000000.00,3.733454,102.3671875
15:42:52,91282CLD1,TSRYS5850288,D,S,D,2024-08-27,1000000.00,3.733454,102.3671875
15:42:52,91282CLD1,TSRYS5850288,D,S,D,2024-08-27,1000000.00,3.733454,102.3671875
15:42:54,91282CLD1,TSRYS5850288,D,S,D,2024-08-27,30000.00,3.733454,102.3671875
15:42:58,91282CLD1,TSRYS5850288,D,S,D,2024-08-27,1000000.00,3.733454,102.3671875
15:43:12,91282CLD1,TSRYS5850288,D,S,T,2024-08-27,1000000.00,3.733454,102.3671875
15:43:14,91282CLD1,TSRYS5850288,D,S,T,2024-08-27,1000000.00,3.733454,102.3671875
15:43:31,91282CLD1,TSRYS5850288,D,B,C,2024-08-27,1000000.00,3.733454,102.3671875
15:43:31,91282CLD1,TSRYS5850288,D,S,D,2024-08-27,1000000.00,3.733454,102.3671875
15:43:31,91282CLD1,TSRYS5850288,D,B,C,2024-08-27,1000000.00,3.733454,102.3671875
15:43:31,91282CLD1,TSRYS5850288,D,S,D,2024-08-27,1000000.00,3.733454,102.3671875
15:43:48,91282CLD1,TSRYS5850288,D,S,C,2024-08-27,39933000.00,3.733454,102.3671875
15:43:51,91282CLD1,TSRYS5850288,D,S,D,2024-08-27,39933000.00,3.733454,102.3671875
15:43:53,91282CLD1,TSRYS5850288,D,S,D,2024-08-27,1000000.00,3.731863,102.376953125
15:43:53,91282CLD1,TSRYS5850288,D,S,D,2024-08-27,1000000.00,3.731863,102.376953125
15:43:53,91282CLD1,TSRYS5850288,D,S,D,2024-08-27,1000000.00,3.731863,102.376953125
15:43:53,91282CLD1,TSRYS5850288,D,S,D,2024-08-27,1000000.00,3.731863,102.376953125
15:43:53,91282CLD1,TSRYS5850288,D,S,D,2024-08-27,1000000.00,3.732818,102.37109375
15:44:17,91282CLD1,TSRYS5850288,D,S,T,2024-08-27,1000000.00,3.731544,102.37890625
15:44:17,91282CLD1,TSRYS5850288,D,S,T,2024-08-27,1000000.00,3.732181,102.375
15:44:17,91282CLD1,TSRYS5850288,D,S,T,2024-08-27,1000000.00,3.732181,102.375
15:44:17,91282CLD1,TSRYS5850288,D,S,T,2024-08-27,1000000.00,3.732181,102.375
15:44:17,91282CLD1,TSRYS5850288,D,S,T,2024-08-27,1000000.00,3.732499,102.373046875
15:44:17,91282CLD1,TSRYS5850288,D,B,C,2024-08-27,16297000.00,3.732181,102.375
15:44:17,91282CLD1,TSRYS5850288,D,S,C,2024-08-27,1000000.00,3.731512,102.37910625
15:44:18,91282CLD1,TSRYS5850288,D,S,C,2024-08-27,1000000.00,3.732499,102.373046875
15:44:18,91282CLD1,TSRYS5850288,D,S,T,2024-08-27,1000000.00,3.732181,102.375
15:44:35,91282CLD1,TSRYS5850288,D,S,D,2024-08-27,1000000.00,3.733136,102.369140625
15:44:35,91282CLD1,TSRYS5850288,D,S,D,2024-08-27,1000000.00,3.733136,102.369140625
15:44:39,91282CLD1,TSRYS5850288,D,S,D,2024-08-27,1000000.00,3.732181,102.375
15:44:44,91282CLD1,TSRYS5850288,D,S,T,2024-08-27,1000000.00,3.690386,102.6328125
15:44:45,91282CLD1,TSRYS5850288,D,S,D,2024-08-27,1000000.00,3.732181,102.375
15:44:45,91282CLD1,TSRYS5850288,D,S,C,2024-08-27,1000000.00,3.732148,102.3752
15:44:45,91282CLD1,TSRYS5850288,D,S,D,2024-08-27,1000000.00,3.732181,102.375
15:44:45,91282CLD1,TSRYS5850288,D,S,D,2024-08-27,1000000.00,3.732181,102.375
15:44:46,91282CLD1,TSRYS5850288,D,S,C,2024-08-27,205000.00,3.733159,102.369
15:45:22,91282CLD1,TSRYS5850288,D,S,C,2024-08-27,10000000.00,3.733454,102.3671875
15:45:27,91282CLD1,TSRYS5850288,D,S,D,2024-08-27,1000000.00,3.732818,102.37109375
15:45:28,91282CLD1,TSRYS5850288,D,S,A,2024-08-27,5500000.00,3.732181,102.375
15:45:32,91282CLD1,TSRYS5850288,D,S,T,2024-08-27,1000000.00,3.732181,102.375
15:45:32,91282CLD1,TSRYS5850288,D,S,T,2024-08-27,1000000.00,3.732181,102.375
15:45:32,91282CLD1,TSRYS5850288,D,S,T,2024-08-27,1000000.00,3.732181,102.375
15:45:32,91282CLD1,TSRYS5850288,D,S,T,2024-08-27,1000000.00,3.732181,102.375
15:45:32,91282CLD1,TSRYS5850288,D,S,T,2024-08-27,1000000.00,3.732181,102.375
15:45:33,91282CLD1,TSRYS5850288,D,S,D,2024-08-27,1000000.00,3.732818,102.37109375
15:45:34,91282CLD1,TSRYS5850288,D,S,D,2024-08-27,1000000.00,3.732165,102.3751
15:45:34,91282CLD1,TSRYS5850288,D,B,C,2024-08-27,1000000.00,3.732181,102.375
15:45:34,91282CLD1,TSRYS5850288,D,S,D,2024-08-27,1000000.00,3.732165,102.3751
15:45:37,91282CLD1,TSRYS5850288,D,S,D,2024-08-27,1000000.00,3.732181,102.375
15:45:37,91282CLD1,TSRYS5850288,D,S,D,2024-08-27,1000000.00,3.732181,102.375
15:45:37,91282CLD1,TSRYS5850288,D,S,D,2024-08-27,1000000.00,3.732181,102.375175
15:45:48,91282CLD1,TSRYS5850288,D,B,C,2024-08-27,8200000.00,3.8344,101.75
15:45:48,91282CLD1,TSRYS5850288,D,B,C,2024-08-27,8250000.00,3.8344,101.75
15:45:48,91282CLD1,TSRYS5850288,D,B,C,2024-08-27,8250000.00,3.8344,101.75
15:45:50,91282CLD1,TSRYS5850288,D,S,D,2024-08-27,5000000.00,3.732064,102.3757174
15:45:53,91282CLD1,TSRYS5850288,D,S,T,2024-08-27,1000000.00,3.732181,102.375
15:46:00,91282CLD1,TSRYS5850288,D,S,C,2024-08-27,1000000.00,3.732499,102.37304687
15:46:07,91282CLD1,TSRYS5850288,D,S,T,2024-08-27,2000000.00,3.731226,102.380859375
15:46:08,91282CLD1,TSRYS5850288,D,S,D,2024-08-27,2000000.00,3.73121,102.380959375
15:46:08,91282CLD1,TSRYS5850288,D,B,C,2024-08-27,2000000.00,3.731226,102.380859375
15:46:08,91282CLD1,TSRYS5850288,D,S,D,2024-08-27,2000000.00,3.73121,102.380959375
15:46:08,91282CLD1,TSRYS5850288,D,S,D,2024-08-27,4000000.00,3.73121,102.380959375
15:46:13,91282CLD1,TSRYS5850288,D,S,C,2024-08-27,1000000.00,3.732818,102.37109375
15:46:15,91282CLD1,TSRYS5850288,D,B,C,2024-08-27,1000000.00,3.733454,102.3671875
15:46:15,91282CLD1,TSRYS5850288,D,S,C,2024-08-27,1000000.00,3.733454,102.3671875
15:46:17,91282CLD1,TSRYS5850288,D,S,T,2024-08-27,1000000.00,3.732197,102.3749
15:46:17,91282CLD1,TSRYS5850288,D,S,T,2024-08-27,3000000.00,3.732181,102.375
15:46:17,91282CLD1,TSRYS5850288,D,S,D,2024-08-27,2000000.00,3.732181,102.375
15:46:18,91282CLD1,TSRYS5850288,D,S,C,2024-08-27,2000000.00,3.732181,102.375
15:46:18,91282CLD1,TSRYS5850288,D,S,C,2024-08-27,1000000.00,3.732818,102.37109375
15:46:18,91282CLD1,TSRYS5850288,D,S,D,2024-08-27,4000000.00,3.732181,102.375
15:46:18,91282CLD1,TSRYS5850288,D,S,D,2024-08-27,1000000.00,3.732181,102.375
15:46:19,91282CLD1,TSRYS5850288,D,S,T,2024-08-27,2000000.00,3.732516,102.372946875
15:46:19,91282CLD1,TSRYS5850288,D,S,D,2024-08-27,2000000.00,3.731863,102.376953125
15:46:19,91282CLD1,TSRYS5850288,D,S,D,2024-08-27,2000000.00,3.731863,102.376953125
15:46:19,91282CLD1,TSRYS5850288,D,S,D,2024-08-27,1600000.00,3.731544,102.37890625
15:46:19,91282CLD1,TSRYS5850288,D,S,D,2024-08-27,2000000.00,3.731863,102.376953125
15:46:19,91282CLD1,TSRYS5850288,D,S,D,2024-08-27,2000000.00,3.731863,102.376953125
15:46:19,91282CLD1,TSRYS5850288,D,S,T,2024-08-27,1000000.00,3.732181,102.375
15:46:20,91282CLD1,TSRYS5850288,D,S,C,2024-08-27,2000000.00,3.732499,102.373046875
15:46:20,91282CLD1,TSRYS5850288,D,S,T,2024-08-27,2000000.00,3.732181,102.375
15:46:20,91282CLD1,TSRYS5850288,D,S,T,2024-08-27,4000000.00,3.732181,102.375
15:46:20,91282CLD1,TSRYS5850288,D,S,D,2024-08-27,1000000.00,3.732181,102.375
15:46:20,91282CLD1,TSRYS5850288,D,S,T,2024-08-27,2000000.00,3.732181,102.375
15:46:20,91282CLD1,TSRYS5850288,D,S,T,2024-08-27,1000000.00,3.732181,102.375
15:46:21,91282CLD1,TSRYS5850288,D,S,T,2024-08-27,1000000.00,3.732181,102.375
15:46:21,91282CLD1,TSRYS5850288,D,S,T,2024-08-27,1000000.00,3.732181,102.375
15:46:22,91282CLD1,TSRYS5850288,D,S,D,2024-08-27,3000000.00,3.732181,102.375
15:46:23,91282CLD1,TSRYS5850288,D,B,C,2024-08-27,1000000.00,3.732181,102.375
15:46:23,91282CLD1,TSRYS5850288,D,S,D,2024-08-27,1000000.00,3.732181,102.375
15:46:24,91282CLD1,TSRYS5850288,D,S,D,2024-08-27,1000000.00,3.732181,102.375
15:46:24,91282CLD1,TSRYS5850288,D,S,T,2024-08-27,2000000.00,3.732181,102.375
15:46:24,91282CLD1,TSRYS5850288,D,S,D,2024-08-27,1000000.00,3.732181,102.375
15:46:24,91282CLD1,TSRYS5850288,D,B,C,2024-08-27,1000000.00,3.732181,102.375
15:46:29,91282CLD1,TSRYS5850288,D,S,D,2024-08-27,1000000.00,3.732181,102.375
15:46:29,91282CLD1,TSRYS5850288,D,B,C,2024-08-27,1000000.00,3.732181,102.375
15:46:30,91282CLD1,TSRYS5850288,D,S,D,2024-08-27,1000000.00,3.73216,102.37513
15:46:30,91282CLD1,TSRYS5850288,D,B,C,2024-08-27,1000000.00,3.732181,102.375
15:46:30,91282CLD1,TSRYS5850288,D,S,D,2024-08-27,1000000.00,3.73216,102.37513
15:46:37,91282CLD1,TSRYS5850288,D,S,D,2024-08-27,1000000.00,3.732181,102.375
15:46:45,91282CLD1,TSRYS5850288,D,B,C,2024-08-27,1000000.00,3.731561,102.37880625
15:46:45,91282CLD1,TSRYS5850288,D,S,D,2024-08-27,1000000.00,3.731544,102.37890625
15:46:45,91282CLD1,TSRYS5850288,D,S,C,2024-08-27,1000000.00,3.732181,102.375
15:46:54,91282CLD1,TSRYS5850288,D,S,D,2024-08-27,1000000.00,3.73059,102.384765625
15:46:55,91282CLD1,TSRYS5850288,D,S,T,2024-08-27,4000000.00,3.731226,102.380859375
15:46:58,91282CLD1,TSRYS5850288,D,S,C,2024-08-27,49700000.00,3.8344,101.75
15:47:01,91282CLD1,TSRYS5850288,D,S,D,2024-08-27,1000000.00,3.732181,102.375
15:47:01,91282CLD1,TSRYS5850288,D,S,D,2024-08-27,1000000.00,3.732181,102.375
15:47:01,91282CLD1,TSRYS5850288,D,S,D,2024-08-27,1000000.00,3.732181,102.375
15:47:01,91282CLD1,TSRYS5850288,D,S,C,2024-08-27,2000000.00,3.732181,102.375
15:47:12,91282CLD1,TSRYS5850288,D,S,D,2024-08-27,1000000.00,3.73059,102.384765625
15:47:12,91282CLD1,TSRYS5850288,D,S,D,2024-08-27,1000000.00,3.73059,102.384765625
15:47:13,91282CLD1,TSRYS5850288,D,S,T,2024-08-27,1000000.00,3.733454,102.3671875
15:47:13,91282CLD1,TSRYS5850288,D,S,T,2024-08-27,1000000.00,3.733454,102.3671875
15:47:13,91282CLD1,TSRYS5850288,D,S,T,2024-08-27,1000000.00,3.733454,102.3671875
15:47:16,91282CLD1,TSRYS5850288,D,S,D,2024-08-27,1000000.00,3.73059,102.384765625
15:47:18,91282CLD1,TSRYS5850288,D,S,D,2024-08-27,1000000.00,3.730271,102.38671875
15:47:20,91282CLD1,TSRYS5850288,D,S,D,2024-08-27,1000000.00,3.73059,102.384765625
15:47:20,91282CLD1,TSRYS5850288,D,S,D,2024-08-27,1000000.00,3.73059,102.384765625
15:47:20,91282CLD1,TSRYS5850288,D,S,D,2024-08-27,1000000.00,3.73059,102.384765625
15:47:21,91282CLD1,TSRYS5850288,D,S,D,2024-08-27,1000000.00,3.73059,102.384765625
15:47:21,91282CLD1,TSRYS5850288,D,B,C,2024-08-27,1000000.00,3.73059,102.384765625
15:47:21,91282CLD1,TSRYS5850288,D,S,D,2024-08-27,1000000.00,3.73059,102.384765625
15:47:22,91282CLD1,TSRYS5850288,D,B,C,2024-08-27,1000000.00,3.73059,102.384765625
15:47:22,91282CLD1,TSRYS5850288,D,S,D,2024-08-27,1000000.00,3.73059,102.384765625
15:47:22,91282CLD1,TSRYS5850288,D,S,D,2024-08-27,1000000.00,3.73059,102.384765625
15:47:24,91282CLD1,TSRYS5850288,D,S,T,2024-08-27,1000000.00,3.730908,102.3828125
15:47:24,91282CLD1,TSRYS5850288,D,S,D,2024-08-27,1000000.00,3.73059,102.384765625
15:47:24,91282CLD1,TSRYS5850288,D,S,T,2024-08-27,1000000.00,3.730908,102.3828125
15:47:24,91282CLD1,TSRYS5850288,D,S,D,2024-08-27,1000000.00,3.73059,102.384765625
15:47:34,91282CLD1,TSRYS5850288,D,S,D,2024-08-27,90000.00,3.732181,102.375
15:47:38,91282CLD1,TSRYS5850288,D,S,T,2024-08-27,1000000.00,3.73059,102.384765625
15:47:38,91282CLD1,TSRYS5850288,D,S,T,2024-08-27,1000000.00,3.73059,102.384765625
15:47:38,91282CLD1,TSRYS5850288,D,S,T,2024-08-27,1000000.00,3.73059,102.384765625
15:47:49,91282CLD1,TSRYS5850288,D,S,D,2024-08-27,1000000.00,3.730908,102.3828125
15:47:50,91282CLD1,TSRYS5850288,D,B,C,2024-08-27,1000000.00,3.732181,102.375
15:47:53,91282CLD1,TSRYS5850288,D,S,T,2024-08-27,1000000.00,3.732181,102.375
15:47:53,91282CLD1,TSRYS5850288,D,S,T,2024-08-27,1000000.00,3.732181,102.375
15:47:55,91282CLD1,TSRYS5850288,D,S,T,2024-08-27,2000000.00,3.732181,102.375
15:47:55,91282CLD1,TSRYS5850288,D,S,T,2024-08-27,1000000.00,3.732181,102.375
15:47:56,91282CLD1,TSRYS5850288,D,S,C,2024-08-27,13852000.00,3.733454,102.3671875
15:47:56,91282CLD1,TSRYS5850288,D,S,T,2024-08-27,1000000.00,3.730271,102.38671875
15:47:56,91282CLD1,TSRYS5850288,D,S,T,2024-08-27,1000000.00,3.73059,102.384765625
15:47:56,91282CLD1,TSRYS5850288,D,S,T,2024-08-27,1000000.00,3.73059,102.384765625
15:47:56,91282CLD1,TSRYS5850288,D,S,T,2024-08-27,1000000.00,3.73059,102.384765625
15:47:59,91282CLD1,TSRYS5850288,D,S,C,2024-08-27,1000000.00,3.731863,102.376953125
15:48:00,91282CLD1,TSRYS5850288,D,S,D,2024-08-27,1000000.00,3.731863,102.376953125
15:48:00,91282CLD1,TSRYS5850288,D,B,C,2024-08-27,1000000.00,3.731863,102.376953125
15:48:03,91282CLD1,TSRYS5850288,D,S,T,2024-08-27,1000000.00,3.73059,102.384765625
15:48:03,91282CLD1,TSRYS5850288,D,S,T,2024-08-27,1000000.00,3.73059,102.384765625
15:48:04,91282CLD1,TSRYS5850288,D,S,C,2024-08-27,1000000.00,3.732818,102.37109375
15:48:06,91282CLD1,TSRYS5850288,D,S,T,2024-08-27,1000000.00,3.732818,102.37109375
15:48:06,91282CLD1,TSRYS5850288,D,S,T,2024-08-27,1000000.00,3.732818,102.37109375
15:48:06,91282CLD1,TSRYS5850288,D,S,D,2024-08-27,3000000.00,3.736825,102.3465083
15:48:06,91282CLD1,TSRYS5850288,D,S,T,2024-08-27,1000000.00,3.732818,102.37109375
15:48:13,91282CLD1,TSRYS5850288,D,S,T,2024-08-27,1000000.00,3.73059,102.384765625
15:48:15,91282CLD1,TSRYS5850288,D,S,D,2024-08-27,1000000.00,3.730908,102.3828125
15:48:15,91282CLD1,TSRYS5850288,D,S,D,2024-08-27,1000000.00,3.732181,102.375
15:48:15,91282CLD1,TSRYS5850288,D,S,C,2024-08-27,2000000.00,3.732181,102.375
15:48:15,91282CLD1,TSRYS5850288,D,S,C,2024-08-27,1000000.00,3.732181,102.375
15:48:15,91282CLD1,TSRYS5850288,D,S,D,2024-08-27,1000000.00,3.732181,102.375
15:48:17,91282CLD1,TSRYS5850288,D,S,D,2024-08-27,205000.00,3.732818,102.37109375
15:48:18,91282CLD1,TSRYS5850288,D,S,C,2024-08-27,1000000.00,3.732181,102.375
15:48:22,91282CLD1,TSRYS5850288,D,S,C,2024-08-27,9000000.00,3.728269,102.39901
15:48:25,91282CLD1,TSRYS5850288,D,B,C,2024-08-27,2000000.00,3.731561,102.37880625
15:48:25,91282CLD1,TSRYS5850288,D,S,D,2024-08-27,2000000.00,3.731544,102.37890625
15:48:47,91282CLD1,TSRYS5850288,D,S,D,2024-08-27,1000000.00,3.731863,102.376953125
15:48:48,91282CLD1,TSRYS5850288,D,S,D,2024-08-27,1000000.00,3.731863,102.376953125
15:48:49,91282CLD1,TSRYS5850288,D,B,C,2024-08-27,1000000.00,3.731863,102.376953125
15:48:56,91282CLD1,TSRYS5850288,D,S,D,2024-08-27,1000000.00,3.731863,102.376953125
15:48:56,91282CLD1,TSRYS5850288,D,S,D,2024-08-27,1000000.00,3.731863,102.376953125
15:48:56,91282CLD1,TSRYS5850288,D,S,D,2024-08-27,1000000.00,3.731863,102.376953125
15:48:56,91282CLD1,TSRYS5850288,D,S,D,2024-08-27,1000000.00,3.731863,102.376953125
15:48:56,91282CLD1,TSRYS5850288,D,S,D,2024-08-27,1000000.00,3.731863,102.376953125
15:48:56,91282CLD1,TSRYS5850288,D,S,D,2024-08-27,1000000.00,3.731863,102.376953125
15:48:56,91282CLD1,TSRYS5850288,D,S,T,2024-08-27,1000000.00,3.732181,102.375
15:48:56,91282CLD1,TSRYS5850288,D,S,T,2024-08-27,5000000.00,3.732181,102.375
15:48:56,91282CLD1,TSRYS5850288,D,S,T,2024-08-27,1000000.00,3.732181,102.375
15:48:56,91282CLD1,TSRYS5850288,D,S,T,2024-08-27,1000000.00,3.732181,102.375
15:48:56,91282CLD1,TSRYS5850288,D,S,T,2024-08-27,1000000.00,3.732181,102.375
15:48:56,91282CLD1,TSRYS5850288,D,S,T,2024-08-27,2000000.00,3.732181,102.375
15:48:56,91282CLD1,TSRYS5850288,D,B,C,2024-08-27,1000000.00,3.731863,102.376953125
15:48:56,91282CLD1,TSRYS5850288,D,S,D,2024-08-27,1000000.00,3.732181,102.375
15:48:57,91282CLD1,TSRYS5850288,D,B,C,2024-08-27,1000000.00,3.731863,102.376953125
15:48:57,91282CLD1,TSRYS5850288,D,S,D,2024-08-27,5000000.00,3.732181,102.375
15:48:57,91282CLD1,TSRYS5850288,D,S,D,2024-08-27,1000000.00,3.731863,102.376953125
15:48:57,91282CLD1,TSRYS5850288,D,S,D,2024-08-27,1000000.00,3.732181,102.375
15:48:57,91282CLD1,TSRYS5850288,D,S,D,2024-08-27,1000000.00,3.732181,102.375
15:48:57,91282CLD1,TSRYS5850288,D,S,D,2024-08-27,1000000.00,3.731863,102.376953125
15:48:57,91282CLD1,TSRYS5850288,D,S,D,2024-08-27,1000000.00,3.732181,102.375
15:48:57,91282CLD1,TSRYS5850288,D,B,C,2024-08-27,1000000.00,3.731863,102.376953125
15:48:58,91282CLD1,TSRYS5850288,D,S,D,2024-08-27,1000000.00,3.731863,102.376953125
15:48:58,91282CLD1,TSRYS5850288,D,B,C,2024-08-27,1000000.00,3.731863,102.376953125
15:48:58,91282CLD1,TSRYS5850288,D,S,T,2024-08-27,1000000.00,3.732181,102.375
15:48:58,91282CLD1,TSRYS5850288,D,S,D,2024-08-27,1000000.00,3.731863,102.376953125
15:49:01,91282CLD1,TSRYS5850288,D,S,T,2024-08-27,1000000.00,3.732181,102.375
15:49:12,91282CLD1,TSRYS5850288,D,S,D,2024-08-27,1000000.00,3.733136,102.369140625
15:49:12,91282CLD1,TSRYS5850288,D,S,D,2024-08-27,2000000.00,3.733136,102.369140625
15:49:18,91282CLD1,TSRYS5850288,D,S,D,2024-08-27,1000000.00,3.733454,102.3671875
15:49:18,91282CLD1,TSRYS5850288,D,S,D,2024-08-27,1000000.00,3.733454,102.3671875
15:49:18,91282CLD1,TSRYS5850288,D,S,D,2024-08-27,1000000.00,3.733454,102.3671875
15:49:18,91282CLD1,TSRYS5850288,D,S,D,2024-08-27,1000000.00,3.733454,102.3671875
15:49:21,91282CLD1,TSRYS5850288,D,S,C,2024-08-27,93300000.00,3.8344,101.75
15:49:21,91282CLD1,TSRYS5850288,D,S,D,2024-08-27,93300000.00,3.8344,101.75
15:49:24,91282CLD1,TSRYS5850288,D,S,C,2024-08-27,20000.00,3.729,102.39452
15:49:25,91282CLD1,TSRYS5850288,D,S,D,2024-08-27,1000000.00,3.732181,102.375
15:49:26,91282CLD1,TSRYS5850288,D,S,T,2024-08-27,1000000.00,3.732214,102.3748
15:49:26,91282CLD1,TSRYS5850288,D,S,T,2024-08-27,1000000.00,3.732214,102.3748
15:49:29,91282CLD1,TSRYS5850288,D,S,D,2024-08-27,20000.00,3.730908,102.3828125
15:49:33,91282CLD1,TSRYS5850288,D,S,T,2024-08-27,1000000.00,3.733454,102.3671875
15:49:33,91282CLD1,TSRYS5850288,D,S,D,2024-08-27,1000000.00,3.732181,102.375
15:49:33,91282CLD1,TSRYS5850288,D,S,C,2024-08-27,2000000.00,3.732181,102.375
15:49:33,91282CLD1,TSRYS5850288,D,S,C,2024-08-27,1000000.00,3.732181,102.375
15:49:33,91282CLD1,TSRYS5850288,D,S,D,2024-08-27,1000000.00,3.732181,102.375
15:49:33,91282CLD1,TSRYS5850288,D,S,T,2024-08-27,2000000.00,3.733454,102.3671875
15:49:33,91282CLD1,TSRYS5850288,D,S,T,2024-08-27,1000000.00,3.733454,102.3671875
15:49:33,91282CLD1,TSRYS5850288,D,S,D,2024-08-27,1000000.00,3.733454,102.3671875
15:49:33,91282CLD1,TSRYS5850288,D,S,D,2024-08-27,2000000.00,3.733438,102.3672875
15:49:33,91282CLD1,TSRYS5850288,D,S,D,2024-08-27,1000000.00,3.733454,102.3671875
15:49:48,91282CLD1,TSRYS5850288,D,B,C,2024-08-27,9840000.00,3.8344,101.75
15:49:48,91282CLD1,TSRYS5850288,D,S,D,2024-08-27,9840000.00,3.8344,101.75
15:49:48,91282CLD1,TSRYS5850288,D,S,C,2024-08-27,1000000.00,3.733136,102.369140625
15:49:48,91282CLD1,TSRYS5850288,D,S,C,2024-08-27,1000000.00,3.732181,102.375
15:49:48,91282CLD1,TSRYS5850288,D,S,C,2024-08-27,1000000.00,3.732181,102.375
15:49:48,91282CLD1,TSRYS5850288,D,B,C,2024-08-27,1000000.00,3.732181,102.375
15:49:49,91282CLD1,TSRYS5850288,D,S,D,2024-08-27,9840000.00,3.8344,101.75
15:49:50,91282CLD1,TSRYS5850288,D,S,D,2024-08-27,5000000.00,3.73327,102.3683181
15:49:53,91282CLD1,TSRYS5850288,D,S,C,2024-08-27,2000000.00,3.733136,102.369140625
15:49:53,91282CLD1,TSRYS5850288,D,S,C,2024-08-27,1000000.00,3.733136,102.369140625
15:49:53,91282CLD1,TSRYS5850288,D,S,C,2024-08-27,1000000.00,3.733136,102.369140625
15:49:54,91282CLD1,TSRYS5850288,D,S,T,2024-08-27,1000000.00,3.733136,102.369140625
15:49:54,91282CLD1,TSRYS5850288,D,S,T,2024-08-27,2000000.00,3.733136,102.369140625
15:49:54,91282CLD1,TSRYS5850288,D,S,T,2024-08-27,2000000.00,3.733136,102.369140625
15:50:03,91282CLD1,TSRYS5850288,D,B,C,2024-08-27,3000000.00,3.733136,102.36914062
15:50:05,91282CLD1,TSRYS5850288,D,S,D,2024-08-27,3000000.00,3.732553,102.3727198
15:50:08,91282CLD1,TSRYS5850288,D,S,D,2024-08-27,2000000.00,3.733454,102.3671875
15:50:08,91282CLD1,TSRYS5850288,D,S,T,2024-08-27,1000000.00,3.733454,102.3671875
15:50:08,91282CLD1,TSRYS5850288,D,S,D,2024-08-27,2000000.00,3.733454,102.3671875
15:50:10,91282CLD1,TSRYS5850288,D,S,D,2024-08-27,1000000.00,3.733454,102.3671875
15:50:10,91282CLD1,TSRYS5850288,D,S,T,2024-08-27,1000000.00,3.733454,102.3671875
15:50:10,91282CLD1,TSRYS5850288,D,S,T,2024-08-27,1000000.00,3.733454,102.3671875
15:50:12,91282CLD1,TSRYS5850288,D,S,D,2024-08-27,1000000.00,3.733454,102.3671875
15:50:12,91282CLD1,TSRYS5850288,D,S,T,2024-08-27,1000000.00,3.733454,102.3671875
15:50:14,91282CLD1,TSRYS5850288,D,S,D,2024-08-27,1000000.00,3.733772,102.36523437
15:50:14,91282CLD1,TSRYS5850288,D,S,C,2024-08-27,1000000.00,3.733772,102.36523437
15:50:14,91282CLD1,TSRYS5850288,D,S,C,2024-08-27,1000000.00,3.733772,102.36523437
15:50:15,91282CLD1,TSRYS5850288,D,S,T,2024-08-27,2000000.00,3.733136,102.369140625
15:50:15,91282CLD1,TSRYS5850288,D,S,C,2024-08-27,2000000.00,3.733136,102.369140625
15:50:15,91282CLD1,TSRYS5850288,D,S,C,2024-08-27,1000000.00,3.733772,102.36523437
15:50:15,91282CLD1,TSRYS5850288,D,S,C,2024-08-27,1000000.00,3.733772,102.36523437
15:50:15,91282CLD1,TSRYS5850288,D,B,C,2024-08-27,2000000.00,3.733136,102.369140625
15:50:15,91282CLD1,TSRYS5850288,D,S,C,2024-08-27,2000000.00,3.733136,102.369140625
15:50:19,91282CLD1,TSRYS5850288,D,S,D,2024-08-27,1000000.00,3.733438,102.3672875
15:50:19,91282CLD1,TSRYS5850288,D,S,D,2024-08-27,1000000.00,3.733454,102.3671875
15:50:19,91282CLD1,TSRYS5850288,D,B,C,2024-08-27,1000000.00,3.733454,102.3671875
15:50:19,91282CLD1,TSRYS5850288,D,S,D,2024-08-27,1000000.00,3.733417,102.3674125
15:50:19,91282CLD1,TSRYS5850288,D,S,D,2024-08-27,1000000.00,3.733417,102.3674125
15:50:19,91282CLD1,TSRYS5850288,D,S,T,2024-08-27,1000000.00,3.733454,102.3671875
15:50:19,91282CLD1,TSRYS5850288,D,S,T,2024-08-27,1000000.00,3.733454,102.3671875
15:50:19,91282CLD1,TSRYS5850288,D,S,T,2024-08-27,1000000.00,3.733454,102.3671875
15:50:19,91282CLD1,TSRYS5850288,D,S,T,2024-08-27,1000000.00,3.733454,102.3671875
15:50:23,91282CLD1,TSRYS5850288,D,S,T,2024-08-27,2000000.00,3.733454,102.3671875
15:50:23,91282CLD1,TSRYS5850288,D,S,T,2024-08-27,1000000.00,3.733454,102.3671875
15:50:24,91282CLD1,TSRYS5850288,D,S,C,2024-08-27,1000000.00,3.733454,102.3671875
15:50:24,91282CLD1,TSRYS5850288,D,S,D,2024-08-27,1000000.00,3.733454,102.3673625
15:50:26,91282CLD1,TSRYS5850288,D,S,T,2024-08-27,1000000.00,3.733454,102.3671875
15:50:26,91282CLD1,TSRYS5850288,D,S,D,2024-08-27,1000000.00,3.733454,102.3671875
15:50:28,91282CLD1,TSRYS5850288,D,S,D,2024-08-27,2000000.00,3.733454,102.3671875
15:50:28,91282CLD1,TSRYS5850288,D,S,D,2024-08-27,1000000.00,3.733454,102.3671875
15:50:31,91282CLD1,TSRYS5850288,D,S,T,2024-08-27,1000000.00,3.733772,102.365234375
15:50:34,91282CLD1,TSRYS5850288,D,S,T,2024-08-27,2000000.00,3.733454,102.3671875
15:50:34,91282CLD1,TSRYS5850288,D,B,C,2024-08-27,1000000.00,3.733454,102.3671875
15:50:34,91282CLD1,TSRYS5850288,D,B,C,2024-08-27,1000000.00,3.733454,102.3671875
15:50:34,91282CLD1,TSRYS5850288,D,S,D,2024-08-27,1000000.00,3.733417,102.3674125
15:50:34,91282CLD1,TSRYS5850288,D,S,D,2024-08-27,1000000.00,3.733454,102.3671875
15:50:34,91282CLD1,TSRYS5850288,D,S,T,2024-08-27,1000000.00,3.733454,102.3671875
15:50:36,91282CLD1,TSRYS5850288,D,S,C,2024-08-27,1000000.00,3.733772,102.365234375
15:50:39,91282CLD1,TSRYS5850288,D,S,D,2024-08-27,1000000.00,3.733454,102.3671875
15:50:39,91282CLD1,TSRYS5850288,D,S,D,2024-08-27,2000000.00,3.733454,102.3671875
15:50:47,91282CLD1,TSRYS5850288,D,S,D,2024-08-27,1000000.00,3.733422,102.3673875
15:50:47,91282CLD1,TSRYS5850288,D,S,T,2024-08-27,9840000.00,3.8344,101.75
15:50:47,91282CLD1,TSRYS5850288,D,S,T,2024-08-27,1000000.00,3.733454,102.3671875
15:50:56,91282CLD1,TSRYS5850288,D,S,C,2024-08-27,1000000.00,3.733454,102.3671875
15:50:57,91282CLD1,TSRYS5850288,D,S,D,2024-08-27,24000000.00,3.733138,102.36913
15:50:59,91282CLD1,TSRYS5850288,D,S,T,2024-08-27,1000000.00,3.733454,102.3671875
15:51:01,91282CLD1,TSRYS5850288,D,S,D,2024-08-27,1000000.00,3.733454,102.3671875
15:51:01,91282CLD1,TSRYS5850288,D,S,D,2024-08-27,1000000.00,3.733454,102.3671875
15:51:10,91282CLD1,TSRYS5850288,D,S,C,2024-08-27,1970000.00,3.733454,102.3671875
15:51:17,91282CLD1,TSRYS5850288,D,S,D,2024-08-27,1000000.00,3.733433,102.3673175
15:51:18,91282CLD1,TSRYS5850288,D,S,T,2024-08-27,1000000.00,3.733454,102.3671875
15:51:19,91282CLD1,TSRYS5850288,D,B,C,2024-08-27,16299000.00,3.733454,102.3671875
15:51:24,91282CLD1,TSRYS5850288,D,S,T,2024-08-27,1000000.00,3.733454,102.3671875
15:51:24,91282CLD1,TSRYS5850288,D,S,T,2024-08-27,1000000.00,3.733454,102.3671875
15:51:24,91282CLD1,TSRYS5850288,D,S,T,2024-08-27,1000000.00,3.733454,102.3671875
15:51:29,91282CLD1,TSRYS5850288,D,S,T,2024-08-27,1000000.00,3.733454,102.3671875
15:51:33,91282CLD1,TSRYS5850288,D,S,D,2024-08-27,1000000.00,3.733454,102.3671875
15:51:34,91282CLD1,TSRYS5850288,D,B,C,2024-08-27,1000000.00,3.733487,102.3669875
15:51:34,91282CLD1,TSRYS5850288,D,S,T,2024-08-27,1000000.00,3.733454,102.3671875
15:51:38,91282CLD1,TSRYS5850288,D,B,C,2024-08-27,240000.00,3.732246,102.3746
15:51:42,91282CLD1,TSRYS5850288,D,B,C,2024-08-27,3000000.00,3.733136,102.36914062
15:51:43,91282CLD1,TSRYS5850288,D,S,D,2024-08-27,3100000.00,3.732181,102.375
15:51:47,91282CLD1,TSRYS5850288,D,S,D,2024-08-27,1000000.00,3.733454,102.3671875
15:51:47,91282CLD1,TSRYS5850288,D,B,C,2024-08-27,1000000.00,3.733483,102.3670125
15:51:47,91282CLD1,TSRYS5850288,D,S,D,2024-08-27,1000000.00,3.733454,102.3671875
15:51:47,91282CLD1,TSRYS5850288,D,S,C,2024-08-27,1000000.00,3.733454,102.3671875
15:51:47,91282CLD1,TSRYS5850288,D,S,C,2024-08-27,1000000.00,3.733454,102.3671875
15:51:47,91282CLD1,TSRYS5850288,D,S,C,2024-08-27,1000000.00,3.733454,102.3671875
15:51:47,91282CLD1,TSRYS5850288,D,S,D,2024-08-27,1000000.00,3.733454,102.3671875
15:51:47,91282CLD1,TSRYS5850288,D,B,C,2024-08-27,1000000.00,3.733483,102.3670125
15:51:47,91282CLD1,TSRYS5850288,D,S,D,2024-08-27,6000000.00,3.733454,102.3671875
15:51:47,91282CLD1,TSRYS5850288,D,B,C,2024-08-27,6000000.00,3.733483,102.3670125
15:51:47,91282CLD1,TSRYS5850288,D,B,C,2024-08-27,1000000.00,3.733483,102.3670125
15:51:47,91282CLD1,TSRYS5850288,D,S,C,2024-08-27,1000000.00,3.73343,102.3673375
15:51:50,91282CLD1,TSRYS5850288,D,S,D,2024-08-27,2000000.00,3.733136,102.369140625
15:51:51,91282CLD1,TSRYS5850288,D,S,T,2024-08-27,1000000.00,3.733136,102.369140625
15:51:51,91282CLD1,TSRYS5850288,D,S,D,2024-08-27,2000000.00,3.733136,102.369140625
15:51:52,91282CLD1,TSRYS5850288,D,S,T,2024-08-27,1000000.00,3.732181,102.375
15:51:53,91282CLD1,TSRYS5850288,D,S,D,2024-08-27,1000000.00,3.732818,102.37109375
15:51:56,91282CLD1,TSRYS5850288,D,S,D,2024-08-27,1000000.00,3.733136,102.369140625
15:51:59,91282CLD1,TSRYS5850288,D,B,C,2024-08-27,93000000.00,3.732818,102.37109375
15:52:02,91282CLD1,TSRYS5850288,D,S,C,2024-08-27,2000000.00,3.733454,102.3671875
15:52:02,91282CLD1,TSRYS5850288,D,B,C,2024-08-27,2000000.00,3.733483,102.3670125
15:52:02,91282CLD1,TSRYS5850288,D,S,D,2024-08-27,1000000.00,3.733454,102.3671875
15:52:02,91282CLD1,TSRYS5850288,D,S,D,2024-08-27,1000000.00,3.733454,102.3671875
15:52:02,91282CLD1,TSRYS5850288,D,B,C,2024-08-27,1000000.00,3.733483,102.3670125
15:52:02,91282CLD1,TSRYS5850288,D,B,C,2024-08-27,1000000.00,3.733454,102.3671875
15:52:02,91282CLD1,TSRYS5850288,D,S,C,2024-08-27,1000000.00,3.733454,102.3671875
15:52:02,91282CLD1,TSRYS5850288,D,S,C,2024-08-27,1000000.00,3.73343,102.3673375
15:52:02,91282CLD1,TSRYS5850288,D,B,C,2024-08-27,1000000.00,3.733454,102.3671875
15:52:02,91282CLD1,TSRYS5850288,D,S,D,2024-08-27,1000000.00,3.733454,102.3671875
15:52:04,91282CLD1,TSRYS5850288,D,S,D,2024-08-27,1000000.00,3.731863,102.376953125
15:52:04,91282CLD1,TSRYS5850288,D,S,D,2024-08-27,2000000.00,3.732181,102.375
15:52:05,91282CLD1,TSRYS5850288,D,S,C,2024-08-27,1000000.00,3.732181,102.375
15:52:05,91282CLD1,TSRYS5850288,D,S,D,2024-08-27,1000000.00,3.732181,102.375
15:52:05,91282CLD1,TSRYS5850288,D,S,C,2024-08-27,1000000.00,3.732181,102.375
15:52:05,91282CLD1,TSRYS5850288,D,S,C,2024-08-27,1000000.00,3.732181,102.375
15:52:06,91282CLD1,TSRYS5850288,D,S,C,2024-08-27,1000000.00,3.732181,102.375
15:52:06,91282CLD1,TSRYS5850288,D,S,C,2024-08-27,1000000.00,3.732181,102.375
15:52:06,91282CLD1,TSRYS5850288,D,S,D,2024-08-27,6000000.00,3.732181,102.375
15:52:07,91282CLD1,TSRYS5850288,D,S,D,2024-08-27,1000000.00,3.732181,102.375
15:52:09,91282CLD1,TSRYS5850288,D,S,D,2024-08-27,1000000.00,3.731863,102.376953125
15:52:09,91282CLD1,TSRYS5850288,D,S,C,2024-08-27,1000000.00,3.731863,102.376953125
15:52:09,91282CLD1,TSRYS5850288,D,S,D,2024-08-27,1000000.00,3.732181,102.3753
15:52:11,91282CLD1,TSRYS5850288,D,S,D,2024-08-27,2000000.00,3.731863,102.376953125
15:52:12,91282CLD1,TSRYS5850288,D,S,D,2024-08-27,2000000.00,3.731863,102.376953125
15:52:16,91282CLD1,TSRYS5850288,D,S,D,2024-08-27,5000000.00,3.732181,102.375
15:52:16,91282CLD1,TSRYS5850288,D,S,T,2024-08-27,2000000.00,3.732181,102.375
15:52:16,91282CLD1,TSRYS5850288,D,S,T,2024-08-27,1000000.00,3.732181,102.375
15:52:17,91282CLD1,TSRYS5850288,D,B,C,2024-08-27,1000000.00,3.733136,102.36914062
15:52:21,91282CLD1,TSRYS5850288,D,S,T,2024-08-27,1000000.00,3.732181,102.375
15:52:21,91282CLD1,TSRYS5850288,D,S,T,2024-08-27,6000000.00,3.732181,102.375
15:52:22,91282CLD1,TSRYS5850288,D,S,T,2024-08-27,1000000.00,3.732181,102.375
15:52:22,91282CLD1,TSRYS5850288,D,S,T,2024-08-27,1000000.00,3.732181,102.375
15:52:22,91282CLD1,TSRYS5850288,D,S,T,2024-08-27,1000000.00,3.732181,102.375
15:52:22,91282CLD1,TSRYS5850288,D,S,T,2024-08-27,1000000.00,3.732181,102.375
15:52:23,91282CLD1,TSRYS5850288,D,S,T,2024-08-27,1000000.00,3.732181,102.375
15:52:23,91282CLD1,TSRYS5850288,D,S,T,2024-08-27,1000000.00,3.732181,102.375
15:52:24,91282CLD1,TSRYS5850288,D,S,T,2024-08-27,1000000.00,3.732181,102.375
15:52:24,91282CLD1,TSRYS5850288,D,S,T,2024-08-27,1000000.00,3.732181,102.375
15:52:24,91282CLD1,TSRYS5850288,D,S,T,2024-08-27,1000000.00,3.732181,102.375
15:52:24,91282CLD1,TSRYS5850288,D,S,C,2024-08-27,3000000.00,3.732181,102.375
15:52:24,91282CLD1,TSRYS5850288,D,S,T,2024-08-27,1000000.00,3.732181,102.375
15:52:27,91282CLD1,TSRYS5850288,D,S,T,2024-08-27,1000000.00,3.732818,102.37109375
15:52:35,91282CLD1,TSRYS5850288,D,S,D,2024-08-27,1000000.00,3.732181,102.375
15:52:35,91282CLD1,TSRYS5850288,D,S,C,2024-08-27,1000000.00,3.732148,102.3752
15:52:35,91282CLD1,TSRYS5850288,D,B,C,2024-08-27,1000000.00,3.732181,102.375
15:52:35,91282CLD1,TSRYS5850288,D,S,C,2024-08-27,1000000.00,3.732148,102.3752
15:52:36,91282CLD1,TSRYS5850288,D,S,D,2024-08-27,1000000.00,3.732181,102.375
15:52:36,91282CLD1,TSRYS5850288,D,B,C,2024-08-27,1000000.00,3.732181,102.375
15:52:36,91282CLD1,TSRYS5850288,D,S,C,2024-08-27,1000000.00,3.732181,102.375
15:52:44,91282CLD1,TSRYS5850288,D,B,C,2024-08-27,1000000.00,3.731863,102.37695312
15:52:51,91282CLD1,TSRYS5850288,D,S,D,2024-08-27,1000000.00,3.732181,102.375
15:52:51,91282CLD1,TSRYS5850288,D,S,C,2024-08-27,1000000.00,3.73214,102.37525
15:52:51,91282CLD1,TSRYS5850288,D,S,C,2024-08-27,1000000.00,3.732181,102.375
15:52:51,91282CLD1,TSRYS5850288,D,S,D,2024-08-27,1000000.00,3.732181,102.375
15:52:57,91282CLD1,TSRYS5850288,D,S,D,2024-08-27,2000000.00,3.731544,102.37890625
15:52:58,91282CLD1,TSRYS5850288,D,B,C,2024-08-27,2000000.00,3.731544,102.37890625
15:52:58,91282CLD1,TSRYS5850288,D,S,D,2024-08-27,2000000.00,3.731544,102.37890625
15:53:11,91282CLD1,TSRYS5850288,D,S,D,2024-08-27,1200000.00,3.732181,102.375
15:53:21,91282CLD1,TSRYS5850288,D,S,T,2024-08-27,3000000.00,3.731226,102.380859375
15:53:21,91282CLD1,TSRYS5850288,D,S,D,2024-08-27,3000000.00,3.73121,102.380959375
15:53:25,91282CLD1,TSRYS5850288,D,S,T,2024-08-27,1000000.00,3.730908,102.3828125
15:53:26,91282CLD1,TSRYS5850288,D,S,D,2024-08-27,1000000.00,3.731226,102.380859375
15:53:26,91282CLD1,TSRYS5850288,D,S,D,2024-08-27,1000000.00,3.731226,102.380859375
15:53:26,91282CLD1,TSRYS5850288,D,S,D,2024-08-27,2000000.00,3.731226,102.380859375
15:53:26,91282CLD1,TSRYS5850288,D,S,D,2024-08-27,2000000.00,3.731226,102.380859375
15:53:26,91282CLD1,TSRYS5850288,D,S,D,2024-08-27,3000000.00,3.731226,102.380859375
15:53:26,91282CLD1,TSRYS5850288,D,S,D,2024-08-27,3000000.00,3.731226,102.380859375
15:53:26,91282CLD1,TSRYS5850288,D,S,D,2024-08-27,2000000.00,3.731226,102.380859375
15:53:28,91282CLD1,TSRYS5850288,D,S,D,2024-08-27,3000000.00,3.731226,102.380859375
15:53:28,91282CLD1,TSRYS5850288,D,S,T,2024-08-27,1000000.00,3.731226,102.380859375
15:53:28,91282CLD1,TSRYS5850288,D,S,T,2024-08-27,1000000.00,3.731226,102.380859375
15:53:28,91282CLD1,TSRYS5850288,D,S,T,2024-08-27,2000000.00,3.731226,102.380859375
15:53:28,91282CLD1,TSRYS5850288,D,S,T,2024-08-27,2000000.00,3.731226,102.380859375
15:53:28,91282CLD1,TSRYS5850288,D,S,T,2024-08-27,3000000.00,3.731226,102.380859375
15:53:28,91282CLD1,TSRYS5850288,D,S,T,2024-08-27,2000000.00,3.731226,102.380859375
15:53:28,91282CLD1,TSRYS5850288,D,S,T,2024-08-27,3000000.00,3.731226,102.380859375
15:53:28,91282CLD1,TSRYS5850288,D,S,T,2024-08-27,3000000.00,3.731226,102.380859375
15:53:44,91282CLD1,TSRYS5850288,D,S,D,2024-08-27,2000000.00,3.731544,102.37890625
15:53:44,91282CLD1,TSRYS5850288,D,B,C,2024-08-27,2000000.00,3.731544,102.37890625
15:53:44,91282CLD1,TSRYS5850288,D,S,D,2024-08-27,2000000.00,3.731544,102.37890625
15:53:46,91282CLD1,TSRYS5850288,D,S,D,2024-08-27,2000000.00,3.731544,102.37890625
15:53:53,91282CLD1,TSRYS5850288,D,B,C,2024-08-27,1000000.00,3.731863,102.37695312
15:53:55,91282CLD1,TSRYS5850288,D,B,C,2024-08-27,1000000.00,3.731863,102.37695312
15:53:55,91282CLD1,TSRYS5850288,D,B,C,2024-08-27,3000000.00,3.731863,102.37695312
15:53:56,91282CLD1,TSRYS5850288,D,B,C,2024-08-27,1000000.00,3.731863,102.37695312
15:54:06,91282CLD1,TSRYS5850288,D,S,D,2024-08-27,1000000.00,3.730908,102.3828125
15:54:08,91282CLD1,TSRYS5850288,D,S,T,2024-08-27,2000000.00,3.731863,102.376953125
15:54:12,91282CLD1,TSRYS5850288,D,S,D,2024-08-27,3000000.00,3.731863,102.376953125
15:54:12,91282CLD1,TSRYS5850288,D,S,D,2024-08-27,3000000.00,3.731863,102.376953125
15:54:12,91282CLD1,TSRYS5850288,D,S,T,2024-08-27,2000000.00,3.731863,102.376953125
15:54:12,91282CLD1,TSRYS5850288,D,S,T,2024-08-27,2000000.00,3.731863,102.376953125
15:54:12,91282CLD1,TSRYS5850288,D,S,D,2024-08-27,1000000.00,3.731863,102.376953125
15:54:12,91282CLD1,TSRYS5850288,D,S,D,2024-08-27,1000000.00,3.731863,102.376953125
15:54:13,91282CLD1,TSRYS5850288,D,S,T,2024-08-27,1000000.00,3.732181,102.375
15:54:13,91282CLD1,TSRYS5850288,D,S,D,2024-08-27,1000000.00,3.732181,102.375
15:54:13,91282CLD1,TSRYS5850288,D,S,D,2024-08-27,2000000.00,3.731863,102.376953125
15:54:13,91282CLD1,TSRYS5850288,D,S,D,2024-08-27,1000000.00,3.732181,102.375
15:54:17,91282CLD1,TSRYS5850288,D,S,D,2024-08-27,2000000.00,3.731863,102.376953125
15:54:17,91282CLD1,TSRYS5850288,D,S,D,2024-08-27,2000000.00,3.731863,102.376953125
15:54:18,91282CLD1,TSRYS5850288,D,S,D,2024-08-27,2000000.00,3.732181,102.375
15:54:18,91282CLD1,TSRYS5850288,D,S,D,2024-08-27,1000000.00,3.732181,102.375
15:54:18,91282CLD1,TSRYS5850288,D,S,D,2024-08-27,1000000.00,3.732181,102.375
15:54:18,91282CLD1,TSRYS5850288,D,S,D,2024-08-27,1000000.00,3.732181,102.375
15:54:18,91282CLD1,TSRYS5850288,D,S,D,2024-08-27,2000000.00,3.732181,102.375
15:54:18,91282CLD1,TSRYS5850288,D,S,D,2024-08-27,2000000.00,3.732181,102.375
15:54:18,91282CLD1,TSRYS5850288,D,S,D,2024-08-27,1000000.00,3.732181,102.375
15:54:18,91282CLD1,TSRYS5850288,D,S,D,2024-08-27,2000000.00,3.732181,102.375
15:54:18,91282CLD1,TSRYS5850288,D,S,D,2024-08-27,1000000.00,3.732181,102.375
15:54:19,91282CLD1,TSRYS5850288,D,S,D,2024-08-27,2000000.00,3.732181,102.375
15:54:19,91282CLD1,TSRYS5850288,D,S,D,2024-08-27,1000000.00,3.732181,102.375
15:54:19,91282CLD1,TSRYS5850288,D,S,D,2024-08-27,1000000.00,3.732181,102.375
15:54:19,91282CLD1,TSRYS5850288,D,S,D,2024-08-27,1000000.00,3.732181,102.375
15:54:20,91282CLD1,TSRYS5850288,D,S,D,2024-08-27,2000000.00,3.732499,102.373046875
15:54:22,91282CLD1,TSRYS5850288,D,S,D,2024-08-27,2000000.00,3.732499,102.373046875
15:54:25,91282CLD1,TSRYS5850288,D,S,D,2024-08-27,2000000.00,3.732499,102.373046875
15:54:25,91282CLD1,TSRYS5850288,D,B,C,2024-08-27,2000000.00,3.732499,102.373046875
15:54:25,91282CLD1,TSRYS5850288,D,S,D,2024-08-27,2000000.00,3.732499,102.373046875
15:54:31,91282CLD1,TSRYS5850288,D,S,T,2024-08-27,2000000.00,3.732181,102.375
15:54:31,91282CLD1,TSRYS5850288,D,S,T,2024-08-27,1000000.00,3.732181,102.375
15:54:34,91282CLD1,TSRYS5850288,D,S,T,2024-08-27,1000000.00,3.732181,102.375
15:54:35,91282CLD1,TSRYS5850288,D,S,T,2024-08-27,1000000.00,3.731863,102.376953125
15:54:35,91282CLD1,TSRYS5850288,D,S,T,2024-08-27,1000000.00,3.731863,102.376953125
15:54:36,91282CLD1,TSRYS5850288,D,S,C,2024-08-27,2000000.00,3.732181,102.375
15:54:36,91282CLD1,TSRYS5850288,D,S,C,2024-08-27,1000000.00,3.732181,102.375
15:54:38,91282CLD1,TSRYS5850288,D,S,D,2024-08-27,1000000.00,3.732181,102.375
15:54:39,91282CLD1,TSRYS5850288,D,S,D,2024-08-27,1000000.00,3.732181,102.375
15:54:39,91282CLD1,TSRYS5850288,D,S,D,2024-08-27,2000000.00,3.732181,102.375
15:54:39,91282CLD1,TSRYS5850288,D,S,D,2024-08-27,1000000.00,3.732181,102.375
15:54:39,91282CLD1,TSRYS5850288,D,S,D,2024-08-27,1000000.00,3.731863,102.376953125
15:54:39,91282CLD1,TSRYS5850288,D,S,D,2024-08-27,1000000.00,3.731863,102.376953125
15:54:41,91282CLD1,TSRYS5850288,D,S,T,2024-08-27,1000000.00,3.731544,102.37890625
15:54:41,91282CLD1,TSRYS5850288,D,S,T,2024-08-27,2000000.00,3.731544,102.37890625
15:54:41,91282CLD1,TSRYS5850288,D,S,T,2024-08-27,1000000.00,3.731544,102.37890625
15:54:45,91282CLD1,TSRYS5850288,D,S,D,2024-08-27,1000000.00,3.731544,102.37890625
15:54:46,91282CLD1,TSRYS5850288,D,S,D,2024-08-27,2000000.00,3.731544,102.37890625
15:54:46,91282CLD1,TSRYS5850288,D,S,D,2024-08-27,1000000.00,3.731544,102.37890625
15:54:46,91282CLD1,TSRYS5850288,D,B,C,2024-08-27,1000000.00,3.731226,102.38085937
15:54:48,91282CLD1,TSRYS5850288,D,B,C,2024-08-27,1000000.00,3.731226,102.38085937
15:54:48,91282CLD1,TSRYS5850288,D,S,C,2024-08-27,1000000.00,3.73214,102.37525
15:54:49,91282CLD1,TSRYS5850288,D,S,D,2024-08-27,1000000.00,3.731544,102.37890625
15:54:49,91282CLD1,TSRYS5850288,D,S,D,2024-08-27,1000000.00,3.731544,102.37890625
15:54:49,91282CLD1,TSRYS5850288,D,S,D,2024-08-27,1000000.00,3.731544,102.37890625
15:54:49,91282CLD1,TSRYS5850288,D,S,D,2024-08-27,1000000.00,3.731544,102.37890625
15:54:50,91282CLD1,TSRYS5850288,D,B,C,2024-08-27,1000000.00,3.731226,102.38085937
15:54:50,91282CLD1,TSRYS5850288,D,S,T,2024-08-27,1000000.00,3.732181,102.375
15:54:50,91282CLD1,TSRYS5850288,D,S,D,2024-08-27,2000000.00,3.732181,102.375
15:54:52,91282CLD1,TSRYS5850288,D,B,C,2024-08-27,1000000.00,3.731226,102.38085937
15:54:52,91282CLD1,TSRYS5850288,D,S,T,2024-08-27,1000000.00,3.732181,102.375
15:54:52,91282CLD1,TSRYS5850288,D,S,C,2024-08-27,1000000.00,3.732181,102.375
15:54:52,91282CLD1,TSRYS5850288,D,S,D,2024-08-27,1000000.00,3.732181,102.375
15:54:55,91282CLD1,TSRYS5850288,D,B,C,2024-08-27,1000000.00,3.731863,102.37695312
15:54:57,91282CLD1,TSRYS5850288,D,S,T,2024-08-27,2000000.00,3.732181,102.375
15:55:03,91282CLD1,TSRYS5850288,D,S,D,2024-08-27,1000000.00,3.732181,102.375
15:55:03,91282CLD1,TSRYS5850288,D,B,C,2024-08-27,1000000.00,3.732181,102.375
15:55:03,91282CLD1,TSRYS5850288,D,S,D,2024-08-27,1000000.00,3.732181,102.375
15:55:03,91282CLD1,TSRYS5850288,D,B,C,2024-08-27,1000000.00,3.732181,102.375
15:55:03,91282CLD1,TSRYS5850288,D,S,D,2024-08-27,1000000.00,3.732181,102.375
15:55:05,91282CLD1,TSRYS5850288,D,B,C,2024-08-27,3000000.00,3.731226,102.38085937
15:55:08,91282CLD1,TSRYS5850288,D,B,C,2024-08-27,1000000.00,3.731226,102.38085937
15:55:08,91282CLD1,TSRYS5850288,D,B,C,2024-08-27,1000000.00,3.731226,102.38085937
15:55:11,91282CLD1,TSRYS5850288,D,B,C,2024-08-27,1000000.00,3.731226,102.38085937
15:55:12,91282CLD1,TSRYS5850288,D,S,T,2024-08-27,1000000.00,3.732197,102.3749
15:55:12,91282CLD1,TSRYS5850288,D,S,T,2024-08-27,1000000.00,3.732197,102.3749
15:55:13,91282CLD1,TSRYS5850288,D,S,D,2024-08-27,1000000.00,3.732181,102.375
15:55:13,91282CLD1,TSRYS5850288,D,S,D,2024-08-27,1000000.00,3.732181,102.375
15:55:17,91282CLD1,TSRYS5850288,D,S,D,2024-08-27,1000000.00,3.732181,102.375
15:55:17,91282CLD1,TSRYS5850288,D,S,D,2024-08-27,1000000.00,3.732181,102.375
15:55:17,91282CLD1,TSRYS5850288,D,S,D,2024-08-27,2000000.00,3.732181,102.375
15:55:17,91282CLD1,TSRYS5850288,D,S,D,2024-08-27,1000000.00,3.732181,102.375
15:55:17,91282CLD1,TSRYS5850288,D,S,D,2024-08-27,1000000.00,3.732181,102.375
15:55:17,91282CLD1,TSRYS5850288,D,S,D,2024-08-27,1000000.00,3.732181,102.375
15:55:17,91282CLD1,TSRYS5850288,D,S,D,2024-08-27,2000000.00,3.732181,102.375
15:55:29,91282CLD1,TSRYS5850288,D,S,C,2024-08-27,200000.00,3.732818,102.37109375
15:55:36,91282CLD1,TSRYS5850288,D,S,T,2024-08-27,1000000.00,3.732499,102.373046875
15:55:37,91282CLD1,TSRYS5850288,D,S,C,2024-08-27,1000000.00,3.732499,102.373046875
15:55:37,91282CLD1,TSRYS5850288,D,S,D,2024-08-27,10950000.00,3.8344,101.75
15:55:37,91282CLD1,TSRYS5850288,D,S,D,2024-08-27,3000000.00,3.732499,102.373046875
15:55:38,91282CLD1,TSRYS5850288,D,S,D,2024-08-27,3000000.00,3.8344,101.75
15:55:40,91282CLD1,TSRYS5850288,D,S,D,2024-08-27,9950000.00,3.8344,101.75
15:55:40,91282CLD1,TSRYS5850288,D,S,D,2024-08-27,10950000.00,3.8344,101.75
15:55:40,91282CLD1,TSRYS5850288,D,S,D,2024-08-27,6950000.00,3.8344,101.75
15:55:40,91282CLD1,TSRYS5850288,D,S,D,2024-08-27,24850000.00,3.8344,101.75
15:55:40,91282CLD1,TSRYS5850288,D,S,D,2024-08-27,14900000.00,3.8344,101.75
15:55:40,91282CLD1,TSRYS5850288,D,S,D,2024-08-27,1000000.00,3.8344,101.75
15:55:40,91282CLD1,TSRYS5850288,D,S,D,2024-08-27,3000000.00,3.732499,102.373046875
15:55:42,91282CLD1,TSRYS5850288,D,S,D,2024-08-27,38750000.00,3.8344,101.75
15:55:42,91282CLD1,TSRYS5850288,D,S,D,2024-08-27,24850000.00,3.8344,101.75
15:55:43,91282CLD1,TSRYS5850288,D,S,T,2024-08-27,1000000.00,3.732181,102.375
15:55:44,91282CLD1,TSRYS5850288,D,S,T,2024-08-27,1000000.00,3.732181,102.375
15:55:45,91282CLD1,TSRYS5850288,D,B,C,2024-08-27,2000000.00,3.731544,102.37890625
15:55:48,91282CLD1,TSRYS5850288,D,S,C,2024-08-27,1000000.00,3.732181,102.375
15:55:48,91282CLD1,TSRYS5850288,D,S,D,2024-08-27,1000000.00,3.732181,102.375
15:55:48,91282CLD1,TSRYS5850288,D,B,C,2024-08-27,1000000.00,3.732181,102.375
15:55:49,91282CLD1,TSRYS5850288,D,S,D,2024-08-27,1000000.00,3.732181,102.375
15:55:49,91282CLD1,TSRYS5850288,D,S,D,2024-08-27,2000000.00,3.732181,102.375
15:55:49,91282CLD1,TSRYS5850288,D,S,C,2024-08-27,1000000.00,3.732181,102.375
15:55:50,91282CLD1,TSRYS5850288,D,S,D,2024-08-27,9900000.00,3.8344,101.75
15:55:51,91282CLD1,TSRYS5850288,D,S,D,2024-08-27,3000000.00,3.8344,101.75
15:55:58,91282CLD1,TSRYS5850288,D,S,D,2024-08-27,1000000.00,3.732181,102.375
15:55:58,91282CLD1,TSRYS5850288,D,S,D,2024-08-27,1000000.00,3.732181,102.375
15:55:58,91282CLD1,TSRYS5850288,D,S,C,2024-08-27,1000000.00,3.732181,102.375
15:55:58,91282CLD1,TSRYS5850288,D,S,C,2024-08-27,3000000.00,3.732181,102.375
15:56:00,91282CLD1,TSRYS5850288,D,S,D,2024-08-27,4300000.00,3.732181,102.375
15:56:00,91282CLD1,TSRYS5850288,D,S,C,2024-08-27,3000000.00,3.732181,102.375
15:56:00,91282CLD1,TSRYS5850288,D,S,C,2024-08-27,1000000.00,3.732181,102.375
15:56:00,91282CLD1,TSRYS5850288,D,S,C,2024-08-27,3000000.00,3.732181,102.375
15:56:00,91282CLD1,TSRYS5850288,D,S,C,2024-08-27,1000000.00,3.732181,102.375
15:56:01,91282CLD1,TSRYS5850288,D,S,D,2024-08-27,49650000.00,3.8344,101.75
15:56:02,91282CLD1,TSRYS5850288,D,S,T,2024-08-27,1000000.00,3.732181,102.375
15:56:02,91282CLD1,TSRYS5850288,D,S,D,2024-08-27,13900000.00,3.8344,101.75
15:56:02,91282CLD1,TSRYS5850288,D,S,D,2024-08-27,2000000.00,3.732181,102.375
15:56:02,91282CLD1,TSRYS5850288,D,S,C,2024-08-27,2000000.00,3.732181,102.375
15:56:04,91282CLD1,TSRYS5850288,D,S,T,2024-08-27,1000000.00,3.732181,102.375
15:56:04,91282CLD1,TSRYS5850288,D,S,D,2024-08-27,1000000.00,3.732181,102.375
15:56:04,91282CLD1,TSRYS5850288,D,S,D,2024-08-27,1000000.00,3.732181,102.375
15:56:04,91282CLD1,TSRYS5850288,D,B,C,2024-08-27,1000000.00,3.732181,102.375
15:56:04,91282CLD1,TSRYS5850288,D,S,D,2024-08-27,1000000.00,3.732181,102.375
15:56:04,91282CLD1,TSRYS5850288,D,S,D,2024-08-27,1000000.00,3.732181,102.375
15:56:04,91282CLD1,TSRYS5850288,D,B,C,2024-08-27,1000000.00,3.732181,102.375
15:56:04,91282CLD1,TSRYS5850288,D,S,D,2024-08-27,1000000.00,3.732181,102.375
15:56:04,91282CLD1,TSRYS5850288,D,B,C,2024-08-27,1000000.00,3.732181,102.375
15:56:10,91282CLD1,TSRYS5850288,D,S,T,2024-08-27,4000000.00,3.732201,102.374875
15:56:10,91282CLD1,TSRYS5850288,D,S,D,2024-08-27,1000000.00,3.732181,102.375
15:56:10,91282CLD1,TSRYS5850288,D,S,D,2024-08-27,4000000.00,3.732181,102.375
15:56:11,91282CLD1,TSRYS5850288,D,S,T,2024-08-27,2000000.00,3.732181,102.375
15:56:11,91282CLD1,TSRYS5850288,D,S,T,2024-08-27,3000000.00,3.732218,102.374773
15:56:12,91282CLD1,TSRYS5850288,D,S,T,2024-08-27,1000000.00,3.732218,102.374773
15:56:15,91282CLD1,TSRYS5850288,D,S,D,2024-08-27,1000000.00,3.731226,102.380859375
15:56:15,91282CLD1,TSRYS5850288,D,S,T,2024-08-27,4000000.00,3.731544,102.37890625
15:56:15,91282CLD1,TSRYS5850288,D,B,C,2024-08-27,2000000.00,3.731544,102.37890625
15:56:15,91282CLD1,TSRYS5850288,D,S,T,2024-08-27,4000000.00,3.731226,102.380859375
15:56:15,91282CLD1,TSRYS5850288,D,S,T,2024-08-27,1000000.00,3.731226,102.380859375
15:56:15,91282CLD1,TSRYS5850288,D,S,T,2024-08-27,3000000.00,3.731226,102.380859375
15:56:15,91282CLD1,TSRYS5850288,D,S,C,2024-08-27,2000000.00,3.731544,102.37890625
15:56:15,91282CLD1,TSRYS5850288,D,S,C,2024-08-27,1000000.00,3.731226,102.380859375
15:56:15,91282CLD1,TSRYS5850288,D,S,C,2024-08-27,1000000.00,3.731226,102.380859375
15:56:15,91282CLD1,TSRYS5850288,D,S,C,2024-08-27,3000000.00,3.731226,102.380859375
15:56:16,91282CLD1,TSRYS5850288,D,S,T,2024-08-27,2000000.00,3.731226,102.380859375
15:56:17,91282CLD1,TSRYS5850288,D,S,T,2024-08-27,4000000.00,3.731226,102.380859375
15:56:17,91282CLD1,TSRYS5850288,D,S,T,2024-08-27,1000000.00,3.731226,102.380859375
15:56:17,91282CLD1,TSRYS5850288,D,S,T,2024-08-27,4000000.00,3.731226,102.380859375
15:56:17,91282CLD1,TSRYS5850288,D,S,D,2024-08-27,1000000.00,3.731226,102.380859375
15:56:17,91282CLD1,TSRYS5850288,D,B,C,2024-08-27,1000000.00,3.731226,102.380859375
15:56:18,91282CLD1,TSRYS5850288,D,S,C,2024-08-27,1000000.00,3.732499,102.37304687
15:56:18,91282CLD1,TSRYS5850288,D,B,C,2024-08-27,1000000.00,3.732181,102.375
15:56:20,91282CLD1,TSRYS5850288,D,S,T,2024-08-27,1000000.00,3.732181,102.375
15:56:20,91282CLD1,TSRYS5850288,D,S,D,2024-08-27,1000000.00,3.732181,102.375
15:56:20,91282CLD1,TSRYS5850288,D,S,T,2024-08-27,1000000.00,3.732181,102.375
15:56:20,91282CLD1,TSRYS5850288,D,S,T,2024-08-27,1000000.00,3.732181,102.375
15:56:20,91282CLD1,TSRYS5850288,D,S,T,2024-08-27,1000000.00,3.732181,102.375
15:56:20,91282CLD1,TSRYS5850288,D,S,C,2024-08-27,4000000.00,3.731544,102.37890625
15:56:20,91282CLD1,TSRYS5850288,D,S,C,2024-08-27,1000000.00,3.731544,102.37890625
15:56:20,91282CLD1,TSRYS5850288,D,S,T,2024-08-27,2000000.00,3.732181,102.375
15:56:20,91282CLD1,TSRYS5850288,D,S,D,2024-08-27,1000000.00,3.732181,102.375
15:56:20,91282CLD1,TSRYS5850288,D,S,T,2024-08-27,1000000.00,3.732181,102.375
15:56:20,91282CLD1,TSRYS5850288,D,S,C,2024-08-27,4000000.00,3.731226,102.380859375
15:56:20,91282CLD1,TSRYS5850288,D,S,C,2024-08-27,1000000.00,3.731226,102.380859375
15:56:21,91282CLD1,TSRYS5850288,D,S,C,2024-08-27,2000000.00,3.731226,102.380859375
15:56:22,91282CLD1,TSRYS5850288,D,S,C,2024-08-27,4000000.00,3.731226,102.380859375
15:56:22,91282CLD1,TSRYS5850288,D,S,C,2024-08-27,1000000.00,3.731226,102.380859375
15:56:22,91282CLD1,TSRYS5850288,D,S,C,2024-08-27,4000000.00,3.731226,102.380859375
15:56:22,91282CLD1,TSRYS5850288,D,S,T,2024-08-27,1000000.00,3.732214,102.3748
15:56:22,91282CLD1,TSRYS5850288,D,S,T,2024-08-27,1000000.00,3.732214,102.3748
15:56:22,91282CLD1,TSRYS5850288,D,S,T,2024-08-27,1000000.00,3.731544,102.37890625
15:56:24,91282CLD1,TSRYS5850288,D,B,C,2024-08-27,1000000.00,3.732499,102.37304687
15:56:25,91282CLD1,TSRYS5850288,D,S,T,2024-08-27,1000000.00,3.732181,102.375
15:56:25,91282CLD1,TSRYS5850288,D,S,D,2024-08-27,13000000.00,3.732073,102.37566
15:56:27,91282CLD1,TSRYS5850288,D,S,D,2024-08-27,4000000.00,3.731863,102.376953125
15:56:27,91282CLD1,TSRYS5850288,D,S,D,2024-08-27,4000000.00,3.731863,102.376953125
15:56:30,91282CLD1,TSRYS5850288,D,S,T,2024-08-27,1000000.00,3.732181,102.375
15:56:30,91282CLD1,TSRYS5850288,D,S,D,2024-08-27,4000000.00,3.732181,102.375
15:56:30,91282CLD1,TSRYS5850288,D,S,D,2024-08-27,4000000.00,3.732181,102.375
15:56:30,91282CLD1,TSRYS5850288,D,S,T,2024-08-27,1000000.00,3.732181,102.375
15:56:30,91282CLD1,TSRYS5850288,D,S,T,2024-08-27,2000000.00,3.732181,102.375
15:56:31,91282CLD1,TSRYS5850288,D,S,D,2024-08-27,3000000.00,3.732181,102.375
15:56:31,91282CLD1,TSRYS5850288,D,S,C,2024-08-27,3000000.00,3.731863,102.37695312
15:56:31,91282CLD1,TSRYS5850288,D,S,D,2024-08-27,1000000.00,3.731863,102.37695312
15:56:34,91282CLD1,TSRYS5850288,D,S,D,2024-08-27,1000000.00,3.732148,102.3752
15:56:35,91282CLD1,TSRYS5850288,D,S,D,2024-08-27,3000000.00,3.732181,102.375
15:56:37,91282CLD1,TSRYS5850288,D,B,C,2024-08-27,1000000.00,3.731544,102.37890625
15:56:50,91282CLD1,TSRYS5850288,D,S,D,2024-08-27,3000000.00,3.732181,102.375
15:56:50,91282CLD1,TSRYS5850288,D,S,C,2024-08-27,1000000.00,3.732181,102.375
15:56:52,91282CLD1,TSRYS5850288,D,S,D,2024-08-27,1000000.00,3.732181,102.375
15:56:53,91282CLD1,TSRYS5850288,D,S,D,2024-08-27,1000000.00,3.732181,102.375
15:56:53,91282CLD1,TSRYS5850288,D,S,D,2024-08-27,2000000.00,3.732181,102.375
15:56:53,91282CLD1,TSRYS5850288,D,S,D,2024-08-27,2000000.00,3.732181,102.375
15:56:57,91282CLD1,TSRYS5850288,D,S,D,2024-08-27,4000000.00,3.732181,102.375
15:56:57,91282CLD1,TSRYS5850288,D,S,D,2024-08-27,4000000.00,3.732181,102.375
15:56:57,91282CLD1,TSRYS5850288,D,S,D,2024-08-27,1000000.00,3.732181,102.375
15:56:57,91282CLD1,TSRYS5850288,D,S,D,2024-08-27,1000000.00,3.732181,102.375
15:56:57,91282CLD1,TSRYS5850288,D,S,D,2024-08-27,1000000.00,3.732181,102.3753
15:56:57,91282CLD1,TSRYS5850288,D,S,C,2024-08-27,2000000.00,3.732181,102.375
15:56:57,91282CLD1,TSRYS5850288,D,S,C,2024-08-27,1000000.00,3.732181,102.375
15:56:57,91282CLD1,TSRYS5850288,D,S,C,2024-08-27,2000000.00,3.732181,102.375
15:56:59,91282CLD1,TSRYS5850288,D,S,T,2024-08-27,1000000.00,3.732181,102.375
15:56:59,91282CLD1,TSRYS5850288,D,S,T,2024-08-27,2000000.00,3.732181,102.375
15:56:59,91282CLD1,TSRYS5850288,D,S,T,2024-08-27,1000000.00,3.732181,102.375
15:56:59,91282CLD1,TSRYS5850288,D,S,T,2024-08-27,2000000.00,3.732181,102.375
15:56:59,91282CLD1,TSRYS5850288,D,S,T,2024-08-27,1000000.00,3.732181,102.375
15:56:59,91282CLD1,TSRYS5850288,D,S,T,2024-08-27,1000000.00,3.732181,102.375
15:56:59,91282CLD1,TSRYS5850288,D,S,T,2024-08-27,3000000.00,3.732181,102.375
15:56:59,91282CLD1,TSRYS5850288,D,S,T,2024-08-27,4000000.00,3.732181,102.375
15:56:59,91282CLD1,TSRYS5850288,D,S,T,2024-08-27,4000000.00,3.732181,102.375
15:56:59,91282CLD1,TSRYS5850288,D,S,T,2024-08-27,1000000.00,3.732181,102.375
15:57:03,91282CLD1,TSRYS5850288,D,S,D,2024-08-27,1000000.00,3.732181,102.375
15:57:11,91282CLD1,TSRYS5850288,D,S,D,2024-08-27,1000000.00,3.732181,102.375
15:57:11,91282CLD1,TSRYS5850288,D,S,T,2024-08-27,1000000.00,3.732181,102.375
15:57:11,91282CLD1,TSRYS5850288,D,S,T,2024-08-27,1000000.00,3.732181,102.375
15:57:11,91282CLD1,TSRYS5850288,D,S,D,2024-08-27,1000000.00,3.732181,102.375
15:57:12,91282CLD1,TSRYS5850288,D,S,D,2024-08-27,2000000.00,3.732181,102.375
15:57:12,91282CLD1,TSRYS5850288,D,S,D,2024-08-27,1000000.00,3.732181,102.375
15:57:12,91282CLD1,TSRYS5850288,D,S,D,2024-08-27,2000000.00,3.732181,102.375
15:57:12,91282CLD1,TSRYS5850288,D,S,D,2024-08-27,2000000.00,3.732181,102.375
15:57:12,91282CLD1,TSRYS5850288,D,S,C,2024-08-27,1000000.00,3.732148,102.3752
15:57:12,91282CLD1,TSRYS5850288,D,S,C,2024-08-27,1000000.00,3.732181,102.375
15:57:12,91282CLD1,TSRYS5850288,D,S,C,2024-08-27,1000000.00,3.732181,102.375
15:57:12,91282CLD1,TSRYS5850288,D,S,T,2024-08-27,1000000.00,3.732181,102.375
15:57:12,91282CLD1,TSRYS5850288,D,S,T,2024-08-27,1000000.00,3.732181,102.375
15:57:13,91282CLD1,TSRYS5850288,D,S,C,2024-08-27,1000000.00,3.732181,102.375
15:57:13,91282CLD1,TSRYS5850288,D,S,T,2024-08-27,1000000.00,3.732181,102.375
15:57:13,91282CLD1,TSRYS5850288,D,S,D,2024-08-27,2000000.00,3.732181,102.375
15:57:13,91282CLD1,TSRYS5850288,D,S,T,2024-08-27,1000000.00,3.732181,102.375
15:57:13,91282CLD1,TSRYS5850288,D,S,C,2024-08-27,1000000.00,3.732181,102.375
15:57:13,91282CLD1,TSRYS5850288,D,S,C,2024-08-27,1000000.00,3.732181,102.375
15:57:13,91282CLD1,TSRYS5850288,D,S,C,2024-08-27,1000000.00,3.732181,102.375
15:57:13,91282CLD1,TSRYS5850288,D,S,T,2024-08-27,1000000.00,3.732181,102.375
15:57:13,91282CLD1,TSRYS5850288,D,S,D,2024-08-27,2000000.00,3.732181,102.375
15:57:13,91282CLD1,TSRYS5850288,D,S,T,2024-08-27,1000000.00,3.732181,102.375
15:57:13,91282CLD1,TSRYS5850288,D,S,T,2024-08-27,2000000.00,3.732181,102.375
15:57:13,91282CLD1,TSRYS5850288,D,S,T,2024-08-27,1000000.00,3.732181,102.375
15:57:14,91282CLD1,TSRYS5850288,D,S,T,2024-08-27,1000000.00,3.732181,102.375
15:57:14,91282CLD1,TSRYS5850288,D,S,T,2024-08-27,1000000.00,3.732181,102.375
15:57:14,91282CLD1,TSRYS5850288,D,S,D,2024-08-27,2000000.00,3.732181,102.375
15:57:14,91282CLD1,TSRYS5850288,D,S,T,2024-08-27,1000000.00,3.732181,102.375
15:57:14,91282CLD1,TSRYS5850288,D,S,T,2024-08-27,1000000.00,3.732181,102.375
15:57:14,91282CLD1,TSRYS5850288,D,S,T,2024-08-27,1000000.00,3.732181,102.375
15:57:14,91282CLD1,TSRYS5850288,D,S,T,2024-08-27,1000000.00,3.732181,102.375
15:57:14,91282CLD1,TSRYS5850288,D,S,T,2024-08-27,1000000.00,3.732181,102.375
15:57:15,91282CLD1,TSRYS5850288,D,S,T,2024-08-27,1000000.00,3.732181,102.375
15:57:15,91282CLD1,TSRYS5850288,D,S,T,2024-08-27,1000000.00,3.732181,102.375
15:57:15,91282CLD1,TSRYS5850288,D,S,T,2024-08-27,2000000.00,3.732181,102.375
15:57:15,91282CLD1,TSRYS5850288,D,S,T,2024-08-27,1000000.00,3.732181,102.375
15:57:15,91282CLD1,TSRYS5850288,D,S,T,2024-08-27,1000000.00,3.732181,102.375
15:57:15,91282CLD1,TSRYS5850288,D,S,T,2024-08-27,1000000.00,3.732181,102.375
15:57:15,91282CLD1,TSRYS5850288,D,S,T,2024-08-27,1000000.00,3.732181,102.375
15:57:15,91282CLD1,TSRYS5850288,D,S,T,2024-08-27,1000000.00,3.732181,102.375
15:57:15,91282CLD1,TSRYS5850288,D,S,T,2024-08-27,1000000.00,3.732181,102.375
15:57:15,91282CLD1,TSRYS5850288,D,S,T,2024-08-27,1000000.00,3.732181,102.375
15:57:16,91282CLD1,TSRYS5850288,D,S,T,2024-08-27,1000000.00,3.732181,102.375
15:57:16,91282CLD1,TSRYS5850288,D,S,D,2024-08-27,1000000.00,3.732181,102.375
15:57:16,91282CLD1,TSRYS5850288,D,S,D,2024-08-27,1000000.00,3.732181,102.375
15:57:16,91282CLD1,TSRYS5850288,D,S,D,2024-08-27,1000000.00,3.732181,102.375
15:57:16,91282CLD1,TSRYS5850288,D,S,D,2024-08-27,1000000.00,3.732181,102.375
15:57:17,91282CLD1,TSRYS5850288,D,S,T,2024-08-27,1000000.00,3.732181,102.375
15:57:17,91282CLD1,TSRYS5850288,D,S,T,2024-08-27,1000000.00,3.732181,102.375
15:57:17,91282CLD1,TSRYS5850288,D,S,T,2024-08-27,1000000.00,3.732181,102.375
15:57:17,91282CLD1,TSRYS5850288,D,S,D,2024-08-27,2000000.00,3.732181,102.375
15:57:17,91282CLD1,TSRYS5850288,D,S,T,2024-08-27,2000000.00,3.732181,102.375
15:57:19,91282CLD1,TSRYS5850288,D,S,T,2024-08-27,2000000.00,3.732181,102.375
15:57:19,91282CLD1,TSRYS5850288,D,S,T,2024-08-27,2000000.00,3.732181,102.375
15:57:19,91282CLD1,TSRYS5850288,D,S,T,2024-08-27,1000000.00,3.731544,102.37890625
15:57:19,91282CLD1,TSRYS5850288,D,S,D,2024-08-27,2000000.00,3.732181,102.375
15:57:19,91282CLD1,TSRYS5850288,D,B,C,2024-08-27,12000000.00,3.732181,102.375
15:57:19,91282CLD1,TSRYS5850288,D,S,D,2024-08-27,475000.00,3.733454,102.367187
15:57:20,91282CLD1,TSRYS5850288,D,S,D,2024-08-27,1000000.00,3.732181,102.375
15:57:21,91282CLD1,TSRYS5850288,D,S,C,2024-08-27,1000000.00,3.731544,102.37890625
15:57:23,91282CLD1,TSRYS5850288,D,B,C,2024-08-27,2000000.00,3.732181,102.375
15:57:23,91282CLD1,TSRYS5850288,D,S,D,2024-08-27,2000000.00,3.732181,102.375
15:57:23,91282CLD1,TSRYS5850288,D,S,D,2024-08-27,1000000.00,3.732181,102.375
15:57:23,91282CLD1,TSRYS5850288,D,S,D,2024-08-27,1000000.00,3.732181,102.375
15:57:23,91282CLD1,TSRYS5850288,D,B,C,2024-08-27,1000000.00,3.732181,102.375
15:57:23,91282CLD1,TSRYS5850288,D,S,D,2024-08-27,1000000.00,3.732181,102.375
15:57:23,91282CLD1,TSRYS5850288,D,S,D,2024-08-27,1000000.00,3.732181,102.375
15:57:23,91282CLD1,TSRYS5850288,D,S,D,2024-08-27,1000000.00,3.732181,102.375
15:57:23,91282CLD1,TSRYS5850288,D,B,C,2024-08-27,1000000.00,3.732222,102.37475
15:57:23,91282CLD1,TSRYS5850288,D,S,D,2024-08-27,1000000.00,3.732181,102.375
15:57:23,91282CLD1,TSRYS5850288,D,S,D,2024-08-27,1000000.00,3.732181,102.375
15:57:23,91282CLD1,TSRYS5850288,D,B,C,2024-08-27,1000000.00,3.732181,102.375
15:57:23,91282CLD1,TSRYS5850288,D,B,C,2024-08-27,1000000.00,3.732181,102.375
15:57:23,91282CLD1,TSRYS5850288,D,B,C,2024-08-27,1000000.00,3.732222,102.37475
15:57:24,91282CLD1,TSRYS5850288,D,S,D,2024-08-27,1000000.00,3.731544,102.37890625
15:57:25,91282CLD1,TSRYS5850288,D,S,D,2024-08-27,475000.00,3.733454,102.3671875
15:57:25,91282CLD1,TSRYS5850288,D,S,D,2024-08-27,1000000.00,3.732181,102.375
15:57:26,91282CLD1,TSRYS5850288,D,S,T,2024-08-27,1000000.00,3.731544,102.37890625
15:57:26,91282CLD1,TSRYS5850288,D,S,C,2024-08-27,1000000.00,3.731544,102.37890625
15:57:28,91282CLD1,TSRYS5850288,D,S,T,2024-08-27,1000000.00,3.732181,102.375
15:57:28,91282CLD1,TSRYS5850288,D,S,T,2024-08-27,2000000.00,3.732181,102.375
15:57:30,91282CLD1,TSRYS5850288,D,S,D,2024-08-27,1000000.00,3.732181,102.375
15:57:30,91282CLD1,TSRYS5850288,D,S,D,2024-08-27,1000000.00,3.732181,102.375
15:57:30,91282CLD1,TSRYS5850288,D,S,D,2024-08-27,1000000.00,3.732181,102.375
15:57:31,91282CLD1,TSRYS5850288,D,S,D,2024-08-27,1000000.00,3.731544,102.37890625
15:57:31,91282CLD1,TSRYS5850288,D,S,T,2024-08-27,1000000.00,3.731544,102.37890625
15:57:31,91282CLD1,TSRYS5850288,D,S,D,2024-08-27,1000000.00,3.731544,102.37890625
15:57:32,91282CLD1,TSRYS5850288,D,S,D,2024-08-27,1000000.00,3.732181,102.375
15:57:32,91282CLD1,TSRYS5850288,D,S,T,2024-08-27,1000000.00,3.732181,102.375
15:57:32,91282CLD1,TSRYS5850288,D,S,D,2024-08-27,1000000.00,3.732181,102.375
15:57:36,91282CLD1,TSRYS5850288,D,S,D,2024-08-27,1000000.00,3.731544,102.37890625
15:57:38,91282CLD1,TSRYS5850288,D,S,D,2024-08-27,170000.00,3.731544,102.37890625
15:57:39,91282CLD1,TSRYS5850288,D,S,D,2024-08-27,2000000.00,3.732181,102.375
15:57:39,91282CLD1,TSRYS5850288,D,S,D,2024-08-27,2000000.00,3.732181,102.375
15:57:39,91282CLD1,TSRYS5850288,D,S,D,2024-08-27,2000000.00,3.732181,102.375
15:57:46,91282CLD1,TSRYS5850288,D,S,D,2024-08-27,170000.00,3.731544,102.37890625
15:57:50,91282CLD1,TSRYS5850288,D,S,T,2024-08-27,1000000.00,3.732181,102.375
15:57:51,91282CLD1,TSRYS5850288,D,S,C,2024-08-27,1000000.00,3.732181,102.375
15:57:51,91282CLD1,TSRYS5850288,D,S,C,2024-08-27,1000000.00,3.732181,102.375
15:57:52,91282CLD1,TSRYS5850288,D,S,C,2024-08-27,1000000.00,3.732181,102.375
15:57:53,91282CLD1,TSRYS5850288,D,S,D,2024-08-27,1000000.00,3.732181,102.375
15:57:53,91282CLD1,TSRYS5850288,D,S,D,2024-08-27,1000000.00,3.733136,102.369140625
15:57:53,91282CLD1,TSRYS5850288,D,S,D,2024-08-27,1000000.00,3.733136,102.369140625
15:57:53,91282CLD1,TSRYS5850288,D,S,D,2024-08-27,4000000.00,3.733136,102.369140625
15:57:53,91282CLD1,TSRYS5850288,D,S,D,2024-08-27,4000000.00,3.733136,102.369140625
15:57:53,91282CLD1,TSRYS5850288,D,S,T,2024-08-27,2000000.00,3.732181,102.375
15:57:53,91282CLD1,TSRYS5850288,D,S,D,2024-08-27,2000000.00,3.732181,102.375
15:57:53,91282CLD1,TSRYS5850288,D,S,D,2024-08-27,1000000.00,3.732181,102.375
15:57:53,91282CLD1,TSRYS5850288,D,S,C,2024-08-27,1000000.00,3.732499,102.373046875
15:57:54,91282CLD1,TSRYS5850288,D,B,C,2024-08-27,1000000.00,3.732532,102.372846875
15:57:54,91282CLD1,TSRYS5850288,D,S,D,2024-08-27,1000000.00,3.732181,102.375
15:57:54,91282CLD1,TSRYS5850288,D,S,T,2024-08-27,1000000.00,3.733454,102.3671875
15:57:54,91282CLD1,TSRYS5850288,D,S,C,2024-08-27,85000.00,3.731544,102.37890625
15:57:55,91282CLD1,TSRYS5850288,D,S,D,2024-08-27,2000000.00,3.732181,102.375
15:57:55,91282CLD1,TSRYS5850288,D,B,C,2024-08-27,1000000.00,3.732181,102.375
15:57:56,91282CLD1,TSRYS5850288,D,S,D,2024-08-27,2000000.00,3.732181,102.375
15:57:56,91282CLD1,TSRYS5850288,D,S,T,2024-08-27,1000000.00,3.732181,102.375
15:58:00,91282CLD1,TSRYS5850288,D,S,C,2024-08-27,1000000.00,3.733454,102.3671875
15:58:00,91282CLD1,TSRYS5850288,D,S,D,2024-08-27,1000000.00,3.733454,102.3671875
15:58:01,91282CLD1,TSRYS5850288,D,S,D,2024-08-27,1000000.00,3.733454,102.3671875
15:58:05,91282CLD1,TSRYS5850288,D,S,C,2024-08-27,1000000.00,3.733772,102.365234375
15:58:06,91282CLD1,TSRYS5850288,D,S,C,2024-08-27,1000000.00,3.732181,102.375
15:58:06,91282CLD1,TSRYS5850288,D,S,C,2024-08-27,1000000.00,3.732181,102.375
15:58:06,91282CLD1,TSRYS5850288,D,S,C,2024-08-27,1000000.00,3.732156,102.37515
15:58:06,91282CLD1,TSRYS5850288,D,S,C,2024-08-27,2000000.00,3.732156,102.37515
15:58:06,91282CLD1,TSRYS5850288,D,S,C,2024-08-27,1000000.00,3.732181,102.375
15:58:06,91282CLD1,TSRYS5850288,D,S,C,2024-08-27,1000000.00,3.732181,102.375
15:58:06,91282CLD1,TSRYS5850288,D,S,D,2024-08-27,1000000.00,3.732181,102.375
15:58:06,91282CLD1,TSRYS5850288,D,S,D,2024-08-27,1000000.00,3.732181,102.375
15:58:06,91282CLD1,TSRYS5850288,D,S,D,2024-08-27,1000000.00,3.732148,102.3752
15:58:06,91282CLD1,TSRYS5850288,D,S,D,2024-08-27,1000000.00,3.732148,102.3752
15:58:06,91282CLD1,TSRYS5850288,D,S,D,2024-08-27,1000000.00,3.732148,102.3752
15:58:06,91282CLD1,TSRYS5850288,D,S,D,2024-08-27,1000000.00,3.732148,102.3752
15:58:10,91282CLD1,TSRYS5850288,D,S,T,2024-08-27,1000000.00,3.733772,102.365234375
15:58:10,91282CLD1,TSRYS5850288,D,S,C,2024-08-27,5270000.00,3.730908,102.3828125
15:58:16,91282CLD1,TSRYS5850288,D,B,C,2024-08-27,95000000.00,3.732818,102.37109375
15:58:20,91282CLD1,TSRYS5850288,D,S,D,2024-08-27,4000000.00,3.733511,102.366838
15:58:21,91282CLD1,TSRYS5850288,D,S,T,2024-08-27,1000000.00,3.733454,102.3671875
15:58:21,91282CLD1,TSRYS5850288,D,S,T,2024-08-27,2000000.00,3.733454,102.3671875
15:58:21,91282CLD1,TSRYS5850288,D,S,T,2024-08-27,2000000.00,3.733454,102.3671875
15:58:21,91282CLD1,TSRYS5850288,D,S,D,2024-08-27,2000000.00,3.733438,102.3672875
15:58:36,91282CLD1,TSRYS5850288,D,B,C,2024-08-27,1000000.00,3.732181,102.375
15:58:36,91282CLD1,TSRYS5850288,D,S,D,2024-08-27,1000000.00,3.732181,102.375
15:58:36,91282CLD1,TSRYS5850288,D,S,D,2024-08-27,1000000.00,3.732181,102.375
15:58:36,91282CLD1,TSRYS5850288,D,B,C,2024-08-27,1000000.00,3.732181,102.375
15:58:36,91282CLD1,TSRYS5850288,D,S,D,2024-08-27,1000000.00,3.732181,102.375
15:58:36,91282CLD1,TSRYS5850288,D,S,D,2024-08-27,1000000.00,3.732181,102.375
15:58:36,91282CLD1,TSRYS5850288,D,B,C,2024-08-27,1000000.00,3.732218,102.374775
15:58:36,91282CLD1,TSRYS5850288,D,S,D,2024-08-27,1000000.00,3.733454,102.3671875
15:58:40,91282CLD1,TSRYS5850288,D,S,D,2024-08-27,3000000.00,3.734091,102.36328125
15:58:40,91282CLD1,TSRYS5850288,D,S,T,2024-08-27,1000000.00,3.734091,102.36328125
15:58:40,91282CLD1,TSRYS5850288,D,S,T,2024-08-27,1000000.00,3.734091,102.36328125
15:58:43,91282CLD1,TSRYS5850288,D,B,C,2024-08-27,3000000.00,3.733136,102.36914062
15:58:45,91282CLD1,TSRYS5850288,D,S,C,2024-08-27,1000000.00,3.734091,102.36328125
15:58:45,91282CLD1,TSRYS5850288,D,S,C,2024-08-27,1000000.00,3.734091,102.36328125
15:58:49,91282CLD1,TSRYS5850288,D,S,C,2024-08-27,3000000.00,3.734695,102.359575
15:58:52,91282CLD1,TSRYS5850288,D,S,T,2024-08-27,1000000.00,3.734728,102.359375
15:58:52,91282CLD1,TSRYS5850288,D,S,T,2024-08-27,4000000.00,3.734728,102.359375
15:58:52,91282CLD1,TSRYS5850288,D,S,T,2024-08-27,4000000.00,3.734728,102.359375
15:58:52,91282CLD1,TSRYS5850288,D,S,T,2024-08-27,2000000.00,3.734728,102.359375
15:58:52,91282CLD1,TSRYS5850288,D,S,T,2024-08-27,1000000.00,3.734728,102.359375
15:58:52,91282CLD1,TSRYS5850288,D,S,T,2024-08-27,1000000.00,3.734728,102.359375
15:58:52,91282CLD1,TSRYS5850288,D,S,T,2024-08-27,1000000.00,3.734728,102.359375
15:58:52,91282CLD1,TSRYS5850288,D,S,T,2024-08-27,1000000.00,3.734728,102.359375
15:58:52,91282CLD1,TSRYS5850288,D,S,T,2024-08-27,1000000.00,3.734728,102.359375
15:58:52,91282CLD1,TSRYS5850288,D,S,T,2024-08-27,2000000.00,3.734728,102.359375
15:58:52,91282CLD1,TSRYS5850288,D,S,T,2024-08-27,2000000.00,3.734728,102.359375
15:58:52,91282CLD1,TSRYS5850288,D,S,T,2024-08-27,1000000.00,3.734728,102.359375
15:58:52,91282CLD1,TSRYS5850288,D,S,T,2024-08-27,3000000.00,3.734728,102.359375
15:58:52,91282CLD1,TSRYS5850288,D,S,D,2024-08-27,4000000.00,3.734728,102.359375
15:58:52,91282CLD1,TSRYS5850288,D,S,D,2024-08-27,1000000.00,3.734728,102.359375
15:58:52,91282CLD1,TSRYS5850288,D,S,D,2024-08-27,1000000.00,3.734711,102.359475
15:58:52,91282CLD1,TSRYS5850288,D,S,D,2024-08-27,2000000.00,3.734728,102.359375
15:58:52,91282CLD1,TSRYS5850288,D,B,C,2024-08-27,1000000.00,3.734728,102.359375
15:58:52,91282CLD1,TSRYS5850288,D,S,D,2024-08-27,1000000.00,3.734711,102.359475
15:58:53,91282CLD1,TSRYS5850288,D,B,C,2024-08-27,2000000.00,3.734728,102.359375
15:58:53,91282CLD1,TSRYS5850288,D,S,D,2024-08-27,1000000.00,3.734711,102.359475
15:58:53,91282CLD1,TSRYS5850288,D,S,D,2024-08-27,4000000.00,3.734728,102.359375
15:58:55,91282CLD1,TSRYS5850288,D,S,T,2024-08-27,12000000.00,3.734728,102.359375
15:58:55,91282CLD1,TSRYS5850288,D,S,D,2024-08-27,2000000.00,3.734091,102.36328125
15:58:55,91282CLD1,TSRYS5850288,D,S,D,2024-08-27,1000000.00,3.734728,102.359375
15:58:57,91282CLD1,TSRYS5850288,D,S,C,2024-08-27,1000000.00,3.734728,102.359375
15:58:57,91282CLD1,TSRYS5850288,D,S,D,2024-08-27,1000000.00,3.734728,102.359375
15:58:57,91282CLD1,TSRYS5850288,D,S,D,2024-08-27,1000000.00,3.734728,102.359375
15:58:57,91282CLD1,TSRYS5850288,D,B,C,2024-08-27,1000000.00,3.734728,102.359375
15:58:57,91282CLD1,TSRYS5850288,D,S,D,2024-08-27,1000000.00,3.734728,102.359375
15:58:57,91282CLD1,TSRYS5850288,D,S,D,2024-08-27,1000000.00,3.734728,102.359375
15:58:57,91282CLD1,TSRYS5850288,D,S,D,2024-08-27,1000000.00,3.734728,102.359375
15:58:57,91282CLD1,TSRYS5850288,D,B,C,2024-08-27,1000000.00,3.734728,102.359375
15:58:57,91282CLD1,TSRYS5850288,D,S,D,2024-08-27,1000000.00,3.734728,102.359375
15:58:57,91282CLD1,TSRYS5850288,D,B,C,2024-08-27,1000000.00,3.734728,102.359375
15:58:57,91282CLD1,TSRYS5850288,D,S,D,2024-08-27,1000000.00,3.734728,102.359375
15:58:57,91282CLD1,TSRYS5850288,D,B,C,2024-08-27,1000000.00,3.734728,102.359375
15:58:57,91282CLD1,TSRYS5850288,D,S,D,2024-08-27,4000000.00,3.734728,102.359375
15:58:57,91282CLD1,TSRYS5850288,D,S,D,2024-08-27,4000000.00,3.734728,102.359375
15:58:57,91282CLD1,TSRYS5850288,D,B,C,2024-08-27,5000000.00,3.734728,102.359375
15:59:00,91282CLD1,TSRYS5850288,D,S,T,2024-08-27,1000000.00,3.734728,102.359375
15:59:00,91282CLD1,TSRYS5850288,D,S,D,2024-08-27,1000000.00,3.734728,102.359375
15:59:02,91282CLD1,TSRYS5850288,D,S,D,2024-08-27,1000000.00,3.734711,102.359475
15:59:02,91282CLD1,TSRYS5850288,D,B,C,2024-08-27,1000000.00,3.734728,102.359375
15:59:05,91282CLD1,TSRYS5850288,D,S,D,2024-08-27,1000000.00,3.734728,102.359375
15:59:05,91282CLD1,TSRYS5850288,D,S,D,2024-08-27,1000000.00,3.734728,102.359375
15:59:05,91282CLD1,TSRYS5850288,D,S,D,2024-08-27,1000000.00,3.734728,102.359375
15:59:05,91282CLD1,TSRYS5850288,D,S,D,2024-08-27,1000000.00,3.734728,102.359375
15:59:05,91282CLD1,TSRYS5850288,D,S,D,2024-08-27,2000000.00,3.734091,102.36328125
15:59:07,91282CLD1,TSRYS5850288,D,S,D,2024-08-27,1000000.00,3.734728,102.359375
15:59:07,91282CLD1,TSRYS5850288,D,B,C,2024-08-27,1000000.00,3.734728,102.359375
15:59:07,91282CLD1,TSRYS5850288,D,S,D,2024-08-27,1000000.00,3.734728,102.359375
15:59:07,91282CLD1,TSRYS5850288,D,B,C,2024-08-27,1000000.00,3.734728,102.359375
15:59:07,91282CLD1,TSRYS5850288,D,S,D,2024-08-27,1000000.00,3.734728,102.359375
15:59:07,91282CLD1,TSRYS5850288,D,S,D,2024-08-27,1000000.00,3.734728,102.359375
15:59:07,91282CLD1,TSRYS5850288,D,S,D,2024-08-27,1000000.00,3.733454,102.3671875
15:59:07,91282CLD1,TSRYS5850288,D,S,D,2024-08-27,2000000.00,3.733417,102.3674125
15:59:07,91282CLD1,TSRYS5850288,D,S,C,2024-08-27,1000000.00,3.733454,102.3671875
15:59:07,91282CLD1,TSRYS5850288,D,B,C,2024-08-27,1000000.00,3.733454,102.3671875
15:59:07,91282CLD1,TSRYS5850288,D,S,D,2024-08-27,4000000.00,3.734728,102.359375
15:59:07,91282CLD1,TSRYS5850288,D,S,T,2024-08-27,1000000.00,3.734728,102.359375
15:59:07,91282CLD1,TSRYS5850288,D,S,T,2024-08-27,1000000.00,3.734728,102.359375
15:59:07,91282CLD1,TSRYS5850288,D,S,T,2024-08-27,3000000.00,3.734728,102.359375
15:59:07,91282CLD1,TSRYS5850288,D,S,T,2024-08-27,3000000.00,3.734728,102.359375
15:59:07,91282CLD1,TSRYS5850288,D,S,T,2024-08-27,2000000.00,3.734728,102.359375
15:59:08,91282CLD1,TSRYS5850288,D,S,D,2024-08-27,4000000.00,3.734728,102.359375
15:59:11,91282CLD1,TSRYS5850288,D,S,T,2024-08-27,1000000.00,3.734728,102.359375
15:59:12,91282CLD1,TSRYS5850288,D,S,D,2024-08-27,1000000.00,3.734728,102.359375
15:59:12,91282CLD1,TSRYS5850288,D,B,C,2024-08-27,1000000.00,3.734728,102.359375
15:59:12,91282CLD1,TSRYS5850288,D,S,D,2024-08-27,1000000.00,3.734728,102.359375
15:59:12,91282CLD1,TSRYS5850288,D,B,C,2024-08-27,1000000.00,3.734728,102.359375
15:59:12,91282CLD1,TSRYS5850288,D,S,D,2024-08-27,1000000.00,3.734728,102.359375
15:59:12,91282CLD1,TSRYS5850288,D,S,D,2024-08-27,1000000.00,3.734728,102.359375
15:59:16,91282CLD1,TSRYS5850288,D,S,D,2024-08-27,1000000.00,3.734728,102.359375
15:59:23,91282CLD1,TSRYS5850288,D,S,T,2024-08-27,1000000.00,3.734728,102.359375
15:59:26,91282CLD1,TSRYS5850288,D,S,T,2024-08-27,1000000.00,3.734728,102.359375
15:59:26,91282CLD1,TSRYS5850288,D,S,T,2024-08-27,3000000.00,3.734728,102.359375
15:59:34,91282CLD1,TSRYS5850288,D,S,T,2024-08-27,1000000.00,3.734728,102.359375
15:59:35,91282CLD1,TSRYS5850288,D,S,T,2024-08-27,1000000.00,3.734091,102.36328125
15:59:35,91282CLD1,TSRYS5850288,D,S,D,2024-08-27,1000000.00,3.734728,102.359375
15:59:35,91282CLD1,TSRYS5850288,D,S,T,2024-08-27,1000000.00,3.734728,102.359375
15:59:35,91282CLD1,TSRYS5850288,D,S,D,2024-08-27,1000000.00,3.734728,102.359375
15:59:35,91282CLD1,TSRYS5850288,D,S,T,2024-08-27,1000000.00,3.734728,102.359375
15:59:36,91282CLD1,TSRYS5850288,D,S,D,2024-08-27,3000000.00,3.734728,102.359375
15:59:36,91282CLD1,TSRYS5850288,D,B,C,2024-08-27,16299000.00,3.734728,102.359375
15:59:36,91282CLD1,TSRYS5850288,D,S,T,2024-08-27,1000000.00,3.734728,102.359375
15:59:37,91282CLD1,TSRYS5850288,D,S,D,2024-08-27,1000000.00,3.734728,102.359375
15:59:37,91282CLD1,TSRYS5850288,D,B,C,2024-08-27,1000000.00,3.734728,102.359375
15:59:37,91282CLD1,TSRYS5850288,D,S,D,2024-08-27,1000000.00,3.734728,102.359375
15:59:37,91282CLD1,TSRYS5850288,D,B,C,2024-08-27,1000000.00,3.73476,102.359175
15:59:37,91282CLD1,TSRYS5850288,D,S,D,2024-08-27,3000000.00,3.734728,102.359375
15:59:37,91282CLD1,TSRYS5850288,D,S,D,2024-08-27,12000000.00,3.734728,102.359375
15:59:37,91282CLD1,TSRYS5850288,D,B,C,2024-08-27,2000000.00,3.734728,102.359375
15:59:37,91282CLD1,TSRYS5850288,D,S,D,2024-08-27,2000000.00,3.734728,102.359375
15:59:37,91282CLD1,TSRYS5850288,D,B,C,2024-08-27,1000000.00,3.734728,102.359375
15:59:37,91282CLD1,TSRYS5850288,D,S,D,2024-08-27,1000000.00,3.734728,102.359375
15:59:37,91282CLD1,TSRYS5850288,D,S,D,2024-08-27,2000000.00,3.734728,102.359375
15:59:37,91282CLD1,TSRYS5850288,D,S,D,2024-08-27,3000000.00,3.734728,102.359375
15:59:37,91282CLD1,TSRYS5850288,D,S,D,2024-08-27,1000000.00,3.734728,102.359375
15:59:37,91282CLD1,TSRYS5850288,D,B,C,2024-08-27,1000000.00,3.734728,102.359375
15:59:37,91282CLD1,TSRYS5850288,D,B,C,2024-08-27,3000000.00,3.73476,102.359175
15:59:37,91282CLD1,TSRYS5850288,D,S,D,2024-08-27,1000000.00,3.734728,102.359375
15:59:37,91282CLD1,TSRYS5850288,D,B,C,2024-08-27,1000000.00,3.734728,102.359375
15:59:37,91282CLD1,TSRYS5850288,D,S,D,2024-08-27,1000000.00,3.734728,102.359375
15:59:37,91282CLD1,TSRYS5850288,D,B,C,2024-08-27,1000000.00,3.734744,102.359275
15:59:37,91282CLD1,TSRYS5850288,D,S,D,2024-08-27,2000000.00,3.734728,102.359375
15:59:37,91282CLD1,TSRYS5850288,D,S,D,2024-08-27,2000000.00,3.734728,102.359375
15:59:37,91282CLD1,TSRYS5850288,D,S,T,2024-08-27,1000000.00,3.734728,102.359375
15:59:39,91282CLD1,TSRYS5850288,D,S,T,2024-08-27,1000000.00,3.734728,102.359375
15:59:39,91282CLD1,TSRYS5850288,D,S,T,2024-08-27,1000000.00,3.734728,102.359375
15:59:39,91282CLD1,TSRYS5850288,D,S,D,2024-08-27,1000000.00,3.734728,102.359375
15:59:39,91282CLD1,TSRYS5850288,D,S,T,2024-08-27,2000000.00,3.734728,102.359375
15:59:40,91282CLD1,TSRYS5850288,D,S,D,2024-08-27,1000000.00,3.734728,102.359375
15:59:40,91282CLD1,TSRYS5850288,D,S,D,2024-08-27,1000000.00,3.734091,102.36328125
15:59:41,91282CLD1,TSRYS5850288,D,S,D,2024-08-27,1000000.00,3.734728,102.359375
15:59:41,91282CLD1,TSRYS5850288,D,S,T,2024-08-27,1000000.00,3.734728,102.359375
15:59:41,91282CLD1,TSRYS5850288,D,S,T,2024-08-27,1000000.00,3.734728,102.359375
15:59:42,91282CLD1,TSRYS5850288,D,S,D,2024-08-27,3000000.00,3.735046,102.357421875
15:59:42,91282CLD1,TSRYS5850288,D,S,T,2024-08-27,1000000.00,3.734409,102.361328125
15:59:42,91282CLD1,TSRYS5850288,D,S,D,2024-08-27,3000000.00,3.735046,102.357421875
15:59:42,91282CLD1,TSRYS5850288,D,S,T,2024-08-27,1000000.00,3.734728,102.359375
15:59:42,91282CLD1,TSRYS5850288,D,S,T,2024-08-27,2000000.00,3.734728,102.359375
15:59:42,91282CLD1,TSRYS5850288,D,S,T,2024-08-27,1000000.00,3.734091,102.36328125
15:59:42,91282CLD1,TSRYS5850288,D,S,T,2024-08-27,1000000.00,3.734091,102.36328125
15:59:42,91282CLD1,TSRYS5850288,D,S,T,2024-08-27,1000000.00,3.734091,102.36328125
15:59:42,91282CLD1,TSRYS5850288,D,S,T,2024-08-27,1000000.00,3.733772,102.365234375
15:59:42,91282CLD1,TSRYS5850288,D,S,T,2024-08-27,1000000.00,3.734091,102.36328125
15:59:42,91282CLD1,TSRYS5850288,D,S,T,2024-08-27,2000000.00,3.734091,102.36328125
15:59:42,91282CLD1,TSRYS5850288,D,S,T,2024-08-27,1000000.00,3.734091,102.36328125
15:59:42,91282CLD1,TSRYS5850288,D,S,T,2024-08-27,1000000.00,3.734091,102.36328125
15:59:42,91282CLD1,TSRYS5850288,D,S,T,2024-08-27,1000000.00,3.734091,102.36328125
15:59:42,91282CLD1,TSRYS5850288,D,S,T,2024-08-27,1000000.00,3.734091,102.36328125
15:59:43,91282CLD1,TSRYS5850288,D,S,T,2024-08-27,3000000.00,3.734728,102.359375
15:59:43,91282CLD1,TSRYS5850288,D,S,T,2024-08-27,1000000.00,3.734091,102.36328125
15:59:43,91282CLD1,TSRYS5850288,D,S,T,2024-08-27,1000000.00,3.734091,102.36328125
15:59:43,91282CLD1,TSRYS5850288,D,S,T,2024-08-27,1000000.00,3.734409,102.361328125
15:59:45,91282CLD1,TSRYS5850288,D,B,A,2024-08-27,150MM+,3.733826,102.364906
15:59:45,91282CLD1,TSRYS5850288,D,S,T,2024-08-27,1000000.00,3.734728,102.359375
15:59:45,91282CLD1,TSRYS5850288,D,S,C,2024-08-27,1000000.00,3.734409,102.361328125
15:59:45,91282CLD1,TSRYS5850288,D,S,C,2024-08-27,1000000.00,3.734091,102.36328125
15:59:46,91282CLD1,TSRYS5850288,D,S,D,2024-08-27,1000000.00,3.734091,102.36328125
15:59:46,91282CLD1,TSRYS5850288,D,S,D,2024-08-27,1000000.00,3.734091,102.36328125
15:59:46,91282CLD1,TSRYS5850288,D,S,T,2024-08-27,1000000.00,3.733454,102.3671875
15:59:46,91282CLD1,TSRYS5850288,D,S,C,2024-08-27,1000000.00,3.734091,102.36328125
15:59:47,91282CLD1,TSRYS5850288,D,S,T,2024-08-27,1000000.00,3.733454,102.3671875
15:59:47,91282CLD1,TSRYS5850288,D,S,T,2024-08-27,2000000.00,3.733454,102.3671875
15:59:47,91282CLD1,TSRYS5850288,D,S,D,2024-08-27,3000000.00,3.734728,102.359375
15:59:47,91282CLD1,TSRYS5850288,D,S,C,2024-08-27,1000000.00,3.733772,102.365234375
15:59:47,91282CLD1,TSRYS5850288,D,S,D,2024-08-27,1000000.00,3.734091,102.36328125
15:59:47,91282CLD1,TSRYS5850288,D,S,D,2024-08-27,2000000.00,3.734091,102.36328125
15:59:47,91282CLD1,TSRYS5850288,D,S,C,2024-08-27,1000000.00,3.734091,102.36328125
15:59:47,91282CLD1,TSRYS5850288,D,S,D,2024-08-27,1000000.00,3.734091,102.36328125
15:59:47,91282CLD1,TSRYS5850288,D,S,D,2024-08-27,1000000.00,3.734091,102.36328125
15:59:48,91282CLD1,TSRYS5850288,D,S,D,2024-08-27,1000000.00,3.734091,102.36328125
15:59:48,91282CLD1,TSRYS5850288,D,S,D,2024-08-27,1000000.00,3.734091,102.36328125
15:59:48,91282CLD1,TSRYS5850288,D,S,D,2024-08-27,1000000.00,3.734091,102.36328125
15:59:49,91282CLD1,TSRYS5850288,D,S,D,2024-08-27,1000000.00,3.734409,102.361328125
15:59:49,91282CLD1,TSRYS5850288,D,S,D,2024-08-27,1000000.00,3.734091,102.36328125
15:59:51,91282CLD1,TSRYS5850288,D,S,T,2024-08-27,1000000.00,3.733454,102.3671875
15:59:51,91282CLD1,TSRYS5850288,D,B,C,2024-08-27,1000000.00,3.733454,102.3671875
15:59:51,91282CLD1,TSRYS5850288,D,S,C,2024-08-27,1000000.00,3.733454,102.3671875
15:59:51,91282CLD1,TSRYS5850288,D,B,C,2024-08-27,1000000.00,3.733454,102.3671875
15:59:51,91282CLD1,TSRYS5850288,D,S,C,2024-08-27,1000000.00,3.733454,102.3671875
15:59:52,91282CLD1,TSRYS5850288,D,B,C,2024-08-27,2000000.00,3.734728,102.359375
15:59:52,91282CLD1,TSRYS5850288,D,S,D,2024-08-27,1000000.00,3.734728,102.359375
15:59:52,91282CLD1,TSRYS5850288,D,S,D,2024-08-27,1000000.00,3.734728,102.359375
15:59:52,91282CLD1,TSRYS5850288,D,B,C,2024-08-27,1000000.00,3.734728,102.359375
15:59:52,91282CLD1,TSRYS5850288,D,B,C,2024-08-27,2000000.00,3.73476,102.359175
15:59:52,91282CLD1,TSRYS5850288,D,B,C,2024-08-27,1000000.00,3.734728,102.359375
15:59:52,91282CLD1,TSRYS5850288,D,B,C,2024-08-27,1000000.00,3.734728,102.359375
15:59:52,91282CLD1,TSRYS5850288,D,S,D,2024-08-27,2000000.00,3.734728,102.359375
15:59:52,91282CLD1,TSRYS5850288,D,S,D,2024-08-27,1000000.00,3.734728,102.359375
15:59:52,91282CLD1,TSRYS5850288,D,B,C,2024-08-27,1000000.00,3.734744,102.359275
15:59:52,91282CLD1,TSRYS5850288,D,S,D,2024-08-27,1000000.00,3.734728,102.359375
15:59:52,91282CLD1,TSRYS5850288,D,S,D,2024-08-27,1000000.00,3.734728,102.359375
15:59:52,91282CLD1,TSRYS5850288,D,S,D,2024-08-27,1000000.00,3.734728,102.359375
15:59:52,91282CLD1,TSRYS5850288,D,B,C,2024-08-27,1000000.00,3.734744,102.359275
15:59:52,91282CLD1,TSRYS5850288,D,S,D,2024-08-27,1000000.00,3.734728,102.359375
15:59:52,91282CLD1,TSRYS5850288,D,S,D,2024-08-27,1000000.00,3.734728,102.359375
15:59:52,91282CLD1,TSRYS5850288,D,B,C,2024-08-27,1000000.00,3.734744,102.359275
15:59:52,91282CLD1,TSRYS5850288,D,B,C,2024-08-27,2000000.00,3.734752,102.359225
15:59:52,91282CLD1,TSRYS5850288,D,S,D,2024-08-27,2000000.00,3.734728,102.359375
15:59:52,91282CLD1,TSRYS5850288,D,B,C,2024-08-27,2000000.00,3.734752,102.359225
15:59:52,91282CLD1,TSRYS5850288,D,S,D,2024-08-27,2000000.00,3.734728,102.359375
15:59:52,91282CLD1,TSRYS5850288,D,S,D,2024-08-27,1000000.00,3.734728,102.359375
15:59:52,91282CLD1,TSRYS5850288,D,B,C,2024-08-27,1000000.00,3.734744,102.359275
15:59:52,91282CLD1,TSRYS5850288,D,S,D,2024-08-27,1000000.00,3.734728,102.359375
15:59:52,91282CLD1,TSRYS5850288,D,B,C,2024-08-27,1000000.00,3.734744,102.359275
15:59:52,91282CLD1,TSRYS5850288,D,S,D,2024-08-27,1000000.00,3.734728,102.359375
15:59:52,91282CLD1,TSRYS5850288,D,B,C,2024-08-27,1000000.00,3.734744,102.359275
15:59:52,91282CLD1,TSRYS5850288,D,S,D,2024-08-27,1000000.00,3.734728,102.359375
15:59:52,91282CLD1,TSRYS5850288,D,B,C,2024-08-27,2000000.00,3.73476,102.359175
15:59:53,91282CLD1,TSRYS5850288,D,S,D,2024-08-27,2000000.00,3.734728,102.359375
15:59:53,91282CLD1,TSRYS5850288,D,B,C,2024-08-27,1000000.00,3.734728,102.359375
15:59:53,91282CLD1,TSRYS5850288,D,S,D,2024-08-27,1000000.00,3.734728,102.359375
15:59:53,91282CLD1,TSRYS5850288,D,B,C,2024-08-27,1000000.00,3.734728,102.359375
15:59:53,91282CLD1,TSRYS5850288,D,B,C,2024-08-27,2000000.00,3.734728,102.359375
15:59:53,91282CLD1,TSRYS5850288,D,S,D,2024-08-27,2000000.00,3.734728,102.359375
15:59:53,91282CLD1,TSRYS5850288,D,S,D,2024-08-27,1000000.00,3.734728,102.359375
15:59:53,91282CLD1,TSRYS5850288,D,B,C,2024-08-27,1000000.00,3.734744,102.359275
15:59:53,91282CLD1,TSRYS5850288,D,S,D,2024-08-27,1000000.00,3.734728,102.359375
15:59:53,91282CLD1,TSRYS5850288,D,S,D,2024-08-27,1000000.00,3.734728,102.359375
15:59:53,91282CLD1,TSRYS5850288,D,B,C,2024-08-27,1000000.00,3.734728,102.359375
15:59:53,91282CLD1,TSRYS5850288,D,S,D,2024-08-27,3000000.00,3.732818,102.37109375
15:59:53,91282CLD1,TSRYS5850288,D,S,D,2024-08-27,1000000.00,3.732818,102.37109375
15:59:53,91282CLD1,TSRYS5850288,D,S,D,2024-08-27,2000000.00,3.732818,102.37109375
15:59:54,91282CLD1,TSRYS5850288,D,S,D,2024-08-27,1000000.00,3.734091,102.36328125
15:59:54,91282CLD1,TSRYS5850288,D,S,D,2024-08-27,1000000.00,3.734409,102.361328125
15:59:55,91282CLD1,TSRYS5850288,D,S,D,2024-08-27,1000000.00,3.733772,102.365234375
15:59:56,91282CLD1,TSRYS5850288,D,B,C,2024-08-27,1000000.00,3.733805,102.365034375
15:59:56,91282CLD1,TSRYS5850288,D,S,T,2024-08-27,1000000.00,3.732181,102.375
15:59:56,91282CLD1,TSRYS5850288,D,S,D,2024-08-27,4000000.00,3.732181,102.375
15:59:56,91282CLD1,TSRYS5850288,D,S,D,2024-08-27,4000000.00,3.732181,102.375
15:59:56,91282CLD1,TSRYS5850288,D,S,T,2024-08-27,2000000.00,3.731226,102.380859375
15:59:57,91282CLD1,TSRYS5850288,D,S,T,2024-08-27,1000000.00,3.731879,102.376853125
15:59:57,91282CLD1,TSRYS5850288,D,S,T,2024-08-27,1000000.00,3.731544,102.37890625
15:59:58,91282CLD1,TSRYS5850288,D,S,C,2024-08-27,1000000.00,3.733454,102.3671875
15:59:59,91282CLD1,TSRYS5850288,D,S,D,2024-08-27,1000000.00,3.731863,102.376953125
15:59:59,91282CLD1,TSRYS5850288,D,S,T,2024-08-27,1000000.00,3.732181,102.375
15:59:59,91282CLD1,TSRYS5850288,D,S,T,2024-08-27,1000000.00,3.732181,102.375
15:59:59,91282CLD1,TSRYS5850288,D,S,D,2024-08-27,1000000.00,3.731863,102.376953125
15:59:59,91282CLD1,TSRYS5850288,D,S,T,2024-08-27,1000000.00,3.732181,102.375
15:59:59,91282CLD1,TSRYS5850288,D,S,T,2024-08-27,1000000.00,3.732181,102.375
15:59:59,91282CLD1,TSRYS5850288,D,S,D,2024-08-27,1000000.00,3.734091,102.36328125
15:59:59,91282CLD1,TSRYS5850288,D,S,D,2024-08-27,1000000.00,3.734091,102.36328125
16:00:00,91282CLD1,TSRYS5850288,D,S,D,2024-08-27,28211000.00,3.732436,102.3734375
16:00:00,91282CLD1,TSRYS5850288,D,S,D,2024-08-27,1000000.00,3.734091,102.36328125
16:00:00,91282CLD1,TSRYS5850288,D,S,C,2024-08-27,1000000.00,3.733454,102.3671875
16:00:00,91282CLD1,TSRYS5850288,D,B,C,2024-08-27,5000000.00,3.733454,102.3671875
16:00:01,91282CLD1,TSRYS5850288,D,B,C,2024-08-27,1000000.00,3.732181,102.375
16:00:01,91282CLD1,TSRYS5850288,D,S,C,2024-08-27,1000000.00,3.732181,102.375
16:00:01,91282CLD1,TSRYS5850288,D,B,C,2024-08-27,1000000.00,3.732181,102.375
16:00:01,91282CLD1,TSRYS5850288,D,S,C,2024-08-27,1000000.00,3.732181,102.375
16:00:01,91282CLD1,TSRYS5850288,D,S,D,2024-08-27,470000.00,3.731544,102.37890625
16:00:01,91282CLD1,TSRYS5850288,D,S,D,2024-08-27,145000.00,3.731544,102.37890625
16:00:01,91282CLD1,TSRYS5850288,D,S,D,2024-08-27,2645000.00,3.731544,102.37890625
16:00:01,91282CLD1,TSRYS5850288,D,S,D,2024-08-27,95000.00,3.731544,102.37890625
16:00:01,91282CLD1,TSRYS5850288,D,S,D,2024-08-27,1935000.00,3.731544,102.37890625
16:00:01,91282CLD1,TSRYS5850288,D,S,T,2024-08-27,4000000.00,3.732181,102.375
16:00:01,91282CLD1,TSRYS5850288,D,S,D,2024-08-27,2000000.00,3.731226,102.380859375
16:00:02,91282CLD1,TSRYS5850288,D,S,C,2024-08-27,2000000.00,3.732818,102.37109375
16:00:02,91282CLD1,TSRYS5850288,D,S,T,2024-08-27,1000000.00,3.732181,102.375
16:00:02,91282CLD1,TSRYS5850288,D,S,T,2024-08-27,1000000.00,3.732181,102.375
16:00:02,91282CLD1,TSRYS5850288,D,S,T,2024-08-27,2000000.00,3.732181,102.375
16:00:02,91282CLD1,TSRYS5850288,D,S,T,2024-08-27,2000000.00,3.732181,102.375
16:00:02,91282CLD1,TSRYS5850288,D,S,T,2024-08-27,2000000.00,3.732181,102.375
16:00:02,91282CLD1,TSRYS5850288,D,S,T,2024-08-27,1000000.00,3.732818,102.37109375
16:00:02,91282CLD1,TSRYS5850288,D,S,T,2024-08-27,1000000.00,3.732818,102.37109375
16:00:03,91282CLD1,TSRYS5850288,D,S,T,2024-08-27,1000000.00,3.732818,102.37109375
16:00:03,91282CLD1,TSRYS5850288,D,B,C,2024-08-27,1000000.00,3.730908,102.3828125
16:00:03,91282CLD1,TSRYS5850288,D,S,C,2024-08-27,1000000.00,3.730908,102.3828125
16:00:03,91282CLD1,TSRYS5850288,D,S,C,2024-08-27,1000000.00,3.730908,102.3828125
16:00:03,91282CLD1,TSRYS5850288,D,S,C,2024-08-27,1000000.00,3.730908,102.3828125
16:00:04,91282CLD1,TSRYS5850288,D,S,D,2024-08-27,1000000.00,3.732818,102.37109375
16:00:04,91282CLD1,TSRYS5850288,D,S,D,2024-08-27,4000000.00,3.732181,102.375
16:00:05,91282CLD1,TSRYS5850288,D,S,D,2024-08-27,3000000.00,3.732181,102.375
16:00:05,91282CLD1,TSRYS5850288,D,B,C,2024-08-27,75000000.00,3.734091,102.36328125
16:00:05,91282CLD1,TSRYS5850288,D,S,D,2024-08-27,3000000.00,3.734728,102.359375
16:00:05,91282CLD1,TSRYS5850288,D,B,C,2024-08-27,1000000.00,3.734728,102.359375
16:00:05,91282CLD1,TSRYS5850288,D,B,C,2024-08-27,1000000.00,3.734728,102.359375
16:00:05,91282CLD1,TSRYS5850288,D,S,D,2024-08-27,1000000.00,3.734728,102.359375
16:00:05,91282CLD1,TSRYS5850288,D,S,D,2024-08-27,1000000.00,3.734728,102.359375
16:00:05,91282CLD1,TSRYS5850288,D,S,D,2024-08-27,2000000.00,3.734728,102.359375
16:00:05,91282CLD1,TSRYS5850288,D,B,C,2024-08-27,3000000.00,3.734752,102.359225
16:00:05,91282CLD1,TSRYS5850288,D,S,D,2024-08-27,1000000.00,3.734728,102.359375
16:00:05,91282CLD1,TSRYS5850288,D,S,D,2024-08-27,3000000.00,3.734728,102.359375
16:00:05,91282CLD1,TSRYS5850288,D,S,D,2024-08-27,1000000.00,3.734728,102.359375
16:00:05,91282CLD1,TSRYS5850288,D,B,C,2024-08-27,2000000.00,3.734728,102.359375
16:00:05,91282CLD1,TSRYS5850288,D,S,D,2024-08-27,2000000.00,3.734728,102.359375
16:00:05,91282CLD1,TSRYS5850288,D,S,D,2024-08-27,3000000.00,3.734728,102.359375
16:00:05,91282CLD1,TSRYS5850288,D,B,C,2024-08-27,1000000.00,3.734744,102.359275
16:00:05,91282CLD1,TSRYS5850288,D,B,C,2024-08-27,1000000.00,3.734728,102.359375
16:00:05,91282CLD1,TSRYS5850288,D,S,D,2024-08-27,1000000.00,3.734728,102.359375
16:00:05,91282CLD1,TSRYS5850288,D,B,C,2024-08-27,1000000.00,3.73476,102.359175
16:00:05,91282CLD1,TSRYS5850288,D,S,D,2024-08-27,1000000.00,3.734728,102.359375
16:00:05,91282CLD1,TSRYS5850288,D,S,C,2024-08-27,1000000.00,3.734728,102.359375
16:00:05,91282CLD1,TSRYS5850288,D,B,C,2024-08-27,1000000.00,3.734764,102.35915
16:00:05,91282CLD1,TSRYS5850288,D,B,C,2024-08-27,3000000.00,3.734765,102.359148
16:00:05,91282CLD1,TSRYS5850288,D,B,C,2024-08-27,1000000.00,3.734765,102.359148
16:00:05,91282CLD1,TSRYS5850288,D,S,D,2024-08-27,3000000.00,3.734728,102.359375
16:00:05,91282CLD1,TSRYS5850288,D,S,D,2024-08-27,1000000.00,3.734728,102.359375
16:00:06,91282CLD1,TSRYS5850288,D,S,C,2024-08-27,1000000.00,3.734728,102.359375
16:00:06,91282CLD1,TSRYS5850288,D,S,D,2024-08-27,1000000.00,3.734728,102.359375
16:00:06,91282CLD1,TSRYS5850288,D,S,D,2024-08-27,3000000.00,3.734728,102.359375
16:00:06,91282CLD1,TSRYS5850288,D,S,T,2024-08-27,1000000.00,3.732181,102.375
16:00:08,91282CLD1,TSRYS5850288,D,S,T,2024-08-27,1000000.00,3.733454,102.3671875
16:00:08,91282CLD1,TSRYS5850288,D,S,T,2024-08-27,1000000.00,3.733454,102.3671875
16:00:08,91282CLD1,TSRYS5850288,D,S,T,2024-08-27,1000000.00,3.732181,102.375
16:00:08,91282CLD1,TSRYS5850288,D,S,D,2024-08-27,4000000.00,3.733136,102.369140625
16:00:08,91282CLD1,TSRYS5850288,D,S,T,2024-08-27,1000000.00,3.733454,102.3671875
16:00:08,91282CLD1,TSRYS5850288,D,S,D,2024-08-27,3000000.00,3.733454,102.3671875
16:00:08,91282CLD1,TSRYS5850288,D,S,T,2024-08-27,1000000.00,3.733454,102.3671875
16:00:08,91282CLD1,TSRYS5850288,D,S,T,2024-08-27,1000000.00,3.733454,102.3671875
16:00:08,91282CLD1,TSRYS5850288,D,S,T,2024-08-27,1000000.00,3.733454,102.3671875
16:00:08,91282CLD1,TSRYS5850288,D,S,T,2024-08-27,1000000.00,3.733454,102.3671875
16:00:08,91282CLD1,TSRYS5850288,D,S,T,2024-08-27,3000000.00,3.733454,102.3671875
16:00:08,91282CLD1,TSRYS5850288,D,S,D,2024-08-27,4000000.00,3.733136,102.369140625
16:00:09,91282CLD1,TSRYS5850288,D,S,D,2024-08-27,3000000.00,3.733454,102.3671875
16:00:09,91282CLD1,TSRYS5850288,D,S,D,2024-08-27,1000000.00,3.732181,102.375
16:00:09,91282CLD1,TSRYS5850288,D,S,D,2024-08-27,1000000.00,3.732181,102.375
16:00:10,91282CLD1,TSRYS5850288,D,S,D,2024-08-27,1000000.00,3.732181,102.375
16:00:10,91282CLD1,TSRYS5850288,D,S,C,2024-08-27,1000000.00,3.735364,102.35546875
16:00:11,91282CLD1,TSRYS5850288,D,S,T,2024-08-27,4000000.00,3.732181,102.375
16:00:11,91282CLD1,TSRYS5850288,D,S,C,2024-08-27,1000000.00,3.731544,102.37890625
16:00:11,91282CLD1,TSRYS5850288,D,S,C,2024-08-27,1000000.00,3.732181,102.375
16:00:11,91282CLD1,TSRYS5850288,D,S,T,2024-08-27,1000000.00,3.732499,102.373046875
16:00:11,91282CLD1,TSRYS5850288,D,S,C,2024-08-27,400000.00,3.733454,102.3671875
16:00:12,91282CLD1,TSRYS5850288,D,S,D,2024-08-27,2000000.00,3.732181,102.375
16:00:12,91282CLD1,TSRYS5850288,D,S,T,2024-08-27,1000000.00,3.733454,102.3671875
16:00:12,91282CLD1,TSRYS5850288,D,S,T,2024-08-27,24870000.00,3.8344,101.75
16:00:12,91282CLD1,TSRYS5850288,D,S,T,2024-08-27,1000000.00,3.732181,102.375
16:00:12,91282CLD1,TSRYS5850288,D,S,T,2024-08-27,1000000.00,3.732181,102.375
16:00:12,91282CLD1,TSRYS5850288,D,S,T,2024-08-27,1000000.00,3.732181,102.375
16:00:12,91282CLD1,TSRYS5850288,D,S,T,2024-08-27,2000000.00,3.732181,102.375
16:00:13,91282CLD1,TSRYS5850288,D,S,C,2024-08-27,1000000.00,3.733454,102.3671875
16:00:13,91282CLD1,TSRYS5850288,D,S,C,2024-08-27,1000000.00,3.733454,102.3671875
16:00:13,91282CLD1,TSRYS5850288,D,S,D,2024-08-27,1000000.00,3.733454,102.3671875
16:00:13,91282CLD1,TSRYS5850288,D,B,C,2024-08-27,3000000.00,3.735046,102.35742187
16:00:14,91282CLD1,TSRYS5850288,D,S,D,2024-08-27,2000000.00,3.732181,102.375
16:00:14,91282CLD1,TSRYS5850288,D,S,D,2024-08-27,6497000.00,3.732116,102.3754
16:00:14,91282CLD1,TSRYS5850288,D,S,C,2024-08-27,1000000.00,3.73183,102.377153125
16:00:14,91282CLD1,TSRYS5850288,D,S,D,2024-08-27,1000000.00,3.732165,102.3751
16:00:15,91282CLD1,TSRYS5850288,D,S,C,2024-08-27,2000000.00,3.732181,102.375
16:00:15,91282CLD1,TSRYS5850288,D,S,D,2024-08-27,1000000.00,3.732181,102.375
16:00:15,91282CLD1,TSRYS5850288,D,S,D,2024-08-27,1000000.00,3.732181,102.375
16:00:16,91282CLD1,TSRYS5850288,D,S,C,2024-08-27,2000000.00,3.733454,102.3671875
16:00:16,91282CLD1,TSRYS5850288,D,S,C,2024-08-27,1000000.00,3.733454,102.3671875
16:00:17,91282CLD1,TSRYS5850288,D,S,D,2024-08-27,4000000.00,3.732181,102.375
16:00:18,91282CLD1,TSRYS5850288,D,S,D,2024-08-27,1000000.00,3.735364,102.35546875
16:00:18,91282CLD1,TSRYS5850288,D,S,C,2024-08-27,3000000.00,3.734409,102.36132812
16:00:19,91282CLD1,TSRYS5850288,D,S,D,2024-08-27,3000000.00,3.733454,102.3671875
16:00:19,91282CLD1,TSRYS5850288,D,S,D,2024-08-27,1000000.00,3.732181,102.375
16:00:19,91282CLD1,TSRYS5850288,D,S,D,2024-08-27,4000000.00,3.732181,102.375
16:00:19,91282CLD1,TSRYS5850288,D,S,D,2024-08-27,3000000.00,3.732181,102.375
16:00:19,91282CLD1,TSRYS5850288,D,S,D,2024-08-27,1000000.00,3.732181,102.375
16:00:20,91282CLD1,TSRYS5850288,D,S,D,2024-08-27,1000000.00,3.732181,102.375
16:00:20,91282CLD1,TSRYS5850288,D,S,D,2024-08-27,1000000.00,3.732181,102.375
16:00:20,91282CLD1,TSRYS5850288,D,S,T,2024-08-27,1000000.00,3.733454,102.3671875
16:00:20,91282CLD1,TSRYS5850288,D,S,C,2024-08-27,3000000.00,3.734409,102.36132812
16:00:20,91282CLD1,TSRYS5850288,D,S,C,2024-08-27,1000000.00,3.734409,102.36132812
16:00:20,91282CLD1,TSRYS5850288,D,S,T,2024-08-27,1000000.00,3.733454,102.3671875
16:00:21,91282CLD1,TSRYS5850288,D,S,D,2024-08-27,1000000.00,3.734728,102.359375
16:00:21,91282CLD1,TSRYS5850288,D,S,D,2024-08-27,1000000.00,3.734728,102.359375
16:00:21,91282CLD1,TSRYS5850288,D,S,D,2024-08-27,1000000.00,3.734728,102.359375
16:00:22,91282CLD1,TSRYS5850288,D,S,T,2024-08-27,6000000.00,3.733454,102.3671875
16:00:22,91282CLD1,TSRYS5850288,D,S,C,2024-08-27,900000.00,3.732607,102.37149375
16:00:22,91282CLD1,TSRYS5850288,D,S,T,2024-08-27,1000000.00,3.733454,102.3671875
16:00:22,91282CLD1,TSRYS5850288,D,S,T,2024-08-27,1000000.00,3.733454,102.3671875
16:00:22,91282CLD1,TSRYS5850288,D,S,T,2024-08-27,1000000.00,3.733454,102.3671875
16:00:22,91282CLD1,TSRYS5850288,D,S,T,2024-08-27,2000000.00,3.733454,102.3671875
16:00:22,91282CLD1,TSRYS5850288,D,S,T,2024-08-27,1000000.00,3.733454,102.3671875
16:00:22,91282CLD1,TSRYS5850288,D,S,T,2024-08-27,2000000.00,3.733454,102.3671875
16:00:22,91282CLD1,TSRYS5850288,D,S,T,2024-08-27,1000000.00,3.733454,102.3671875
16:00:22,91282CLD1,TSRYS5850288,D,S,T,2024-08-27,1000000.00,3.733772,102.365234375
16:00:22,91282CLD1,TSRYS5850288,D,S,T,2024-08-27,1000000.00,3.733454,102.3671875
16:00:22,91282CLD1,TSRYS5850288,D,S,T,2024-08-27,1000000.00,3.733454,102.3671875
16:00:22,91282CLD1,TSRYS5850288,D,S,D,2024-08-27,1000000.00,3.733454,102.3671875
16:00:22,91282CLD1,TSRYS5850288,D,S,T,2024-08-27,2000000.00,3.733454,102.3671875
16:00:22,91282CLD1,TSRYS5850288,D,S,T,2024-08-27,1000000.00,3.733454,102.3671875
16:00:22,91282CLD1,TSRYS5850288,D,S,T,2024-08-27,1000000.00,3.733454,102.3671875
16:00:22,91282CLD1,TSRYS5850288,D,S,T,2024-08-27,1000000.00,3.733454,102.3671875
16:00:22,91282CLD1,TSRYS5850288,D,S,T,2024-08-27,2000000.00,3.733454,102.3671875
16:00:22,91282CLD1,TSRYS5850288,D,S,D,2024-08-27,1000000.00,3.733454,102.3671875
16:00:22,91282CLD1,TSRYS5850288,D,S,T,2024-08-27,2000000.00,3.733454,102.3671875
16:00:22,91282CLD1,TSRYS5850288,D,S,T,2024-08-27,2000000.00,3.733454,102.3671875
16:00:22,91282CLD1,TSRYS5850288,D,S,T,2024-08-27,2000000.00,3.733454,102.3671875
16:00:22,91282CLD1,TSRYS5850288,D,S,A,2024-08-27,270000.00,3.731926,102.3765625
16:00:23,91282CLD1,TSRYS5850288,D,S,T,2024-08-27,1000000.00,3.733454,102.3671875
16:00:23,91282CLD1,TSRYS5850288,D,S,T,2024-08-27,1000000.00,3.733471,102.3670855
16:00:24,91282CLD1,TSRYS5850288,D,S,T,2024-08-27,1000000.00,3.730908,102.3828125
16:00:24,91282CLD1,TSRYS5850288,D,S,T,2024-08-27,1000000.00,3.730908,102.3828125
16:00:24,91282CLD1,TSRYS5850288,D,B,A,2024-08-27,13700000.00,3.733454,102.3671875
16:00:25,91282CLD1,TSRYS5850288,D,S,D,2024-08-27,1000000.00,3.734728,102.359375
16:00:25,91282CLD1,TSRYS5850288,D,S,T,2024-08-27,1000000.00,3.733454,102.3671875
16:00:25,91282CLD1,TSRYS5850288,D,S,T,2024-08-27,1000000.00,3.734728,102.359375
16:00:25,91282CLD1,TSRYS5850288,D,S,T,2024-08-27,1000000.00,3.733454,102.3671875
16:00:25,91282CLD1,TSRYS5850288,D,S,D,2024-08-27,275000.00,3.734728,102.359375
16:00:26,91282CLD1,TSRYS5850288,D,S,D,2024-08-27,13700000.00,3.732818,102.37109375
16:00:26,91282CLD1,TSRYS5850288,D,B,C,2024-08-27,3000000.00,3.735046,102.35742187
16:00:26,91282CLD1,TSRYS5850288,D,S,D,2024-08-27,1000000.00,3.734728,102.359375
16:00:26,91282CLD1,TSRYS5850288,D,S,D,2024-08-27,1000000.00,3.734728,102.359375
16:00:26,91282CLD1,TSRYS5850288,D,S,D,2024-08-27,2000000.00,3.734728,102.359375
16:00:26,91282CLD1,TSRYS5850288,D,S,T,2024-08-27,1000000.00,3.733454,102.3671875
16:00:26,91282CLD1,TSRYS5850288,D,S,T,2024-08-27,1000000.00,3.73347,102.3670875
16:00:26,91282CLD1,TSRYS5850288,D,S,T,2024-08-27,2000000.00,3.733772,102.365234375
16:00:26,91282CLD1,TSRYS5850288,D,S,T,2024-08-27,2000000.00,3.733454,102.3671875
16:00:26,91282CLD1,TSRYS5850288,D,S,T,2024-08-27,2000000.00,3.733454,102.3671875
16:00:27,91282CLD1,TSRYS5850288,D,S,D,2024-08-27,2000000.00,3.733454,102.3671875
16:00:27,91282CLD1,TSRYS5850288,D,B,C,2024-08-27,1000000.00,3.733454,102.3671875
16:00:27,91282CLD1,TSRYS5850288,D,S,D,2024-08-27,1000000.00,3.733454,102.3671875
16:00:27,91282CLD1,TSRYS5850288,D,B,C,2024-08-27,1000000.00,3.733454,102.3671875
16:00:27,91282CLD1,TSRYS5850288,D,S,D,2024-08-27,1000000.00,3.733454,102.3671875
16:00:27,91282CLD1,TSRYS5850288,D,S,D,2024-08-27,1000000.00,3.733454,102.3671875
16:00:27,91282CLD1,TSRYS5850288,D,B,C,2024-08-27,2000000.00,3.733454,102.3671875
16:00:27,91282CLD1,TSRYS5850288,D,S,D,2024-08-27,2000000.00,3.733454,102.3671875
16:00:27,91282CLD1,TSRYS5850288,D,B,C,2024-08-27,2000000.00,3.733454,102.3671875
16:00:27,91282CLD1,TSRYS5850288,D,S,D,2024-08-27,2000000.00,3.733454,102.3671875
16:00:27,91282CLD1,TSRYS5850288,D,S,D,2024-08-27,2000000.00,3.733454,102.3671875
16:00:27,91282CLD1,TSRYS5850288,D,S,D,2024-08-27,2000000.00,3.733454,102.3671875
16:00:27,91282CLD1,TSRYS5850288,D,S,D,2024-08-27,1000000.00,3.733454,102.3671875
16:00:27,91282CLD1,TSRYS5850288,D,S,D,2024-08-27,9950000.00,3.8344,101.75
16:00:27,91282CLD1,TSRYS5850288,D,S,D,2024-08-27,1000000.00,3.733454,102.3671875
16:00:27,91282CLD1,TSRYS5850288,D,S,D,2024-08-27,2000000.00,3.733454,102.3671875
16:00:27,91282CLD1,TSRYS5850288,D,S,D,2024-08-27,14920000.00,3.8344,101.75
16:00:27,91282CLD1,TSRYS5850288,D,S,D,2024-08-27,1000000.00,3.733454,102.3671875
16:00:27,91282CLD1,TSRYS5850288,D,S,D,2024-08-27,1000000.00,3.733454,102.3671875
16:00:27,91282CLD1,TSRYS5850288,D,S,D,2024-08-27,1000000.00,3.733454,102.3671875
16:00:27,91282CLD1,TSRYS5850288,D,S,D,2024-08-27,1000000.00,3.732499,102.373046875
16:00:27,91282CLD1,TSRYS5850288,D,S,D,2024-08-27,1000000.00,3.733454,102.3671875
16:00:27,91282CLD1,TSRYS5850288,D,S,D,2024-08-27,1000000.00,3.733454,102.3671875
16:00:28,91282CLD1,TSRYS5850288,D,B,C,2024-08-27,1000000.00,3.732499,102.373046875
16:00:28,91282CLD1,TSRYS5850288,D,S,D,2024-08-27,1000000.00,3.733454,102.3671875
16:00:28,91282CLD1,TSRYS5850288,D,S,D,2024-08-27,2000000.00,3.733454,102.3671875
16:00:28,91282CLD1,TSRYS5850288,D,B,C,2024-08-27,2000000.00,3.733454,102.3671875
16:00:28,91282CLD1,TSRYS5850288,D,S,D,2024-08-27,2000000.00,3.733454,102.3671875
16:00:28,91282CLD1,TSRYS5850288,D,S,D,2024-08-27,1000000.00,3.733454,102.3671875
16:00:28,91282CLD1,TSRYS5850288,D,S,D,2024-08-27,1000000.00,3.733454,102.3671875
16:00:28,91282CLD1,TSRYS5850288,D,S,D,2024-08-27,1000000.00,3.733454,102.3671875
16:00:28,91282CLD1,TSRYS5850288,D,S,T,2024-08-27,1000000.00,3.733454,102.3671875
16:00:28,91282CLD1,TSRYS5850288,D,S,T,2024-08-27,1000000.00,3.732181,102.375
16:00:28,91282CLD1,TSRYS5850288,D,S,T,2024-08-27,1000000.00,3.732818,102.37109375
16:00:28,91282CLD1,TSRYS5850288,D,S,T,2024-08-27,2000000.00,3.732181,102.375
16:00:28,91282CLD1,TSRYS5850288,D,S,D,2024-08-27,1000000.00,3.733454,102.3671875
16:00:28,91282CLD1,TSRYS5850288,D,S,T,2024-08-27,1000000.00,3.732818,102.37109375
16:00:28,91282CLD1,TSRYS5850288,D,S,T,2024-08-27,1000000.00,3.732818,102.37109375
16:00:28,91282CLD1,TSRYS5850288,D,S,D,2024-08-27,1000000.00,3.733454,102.3671875
16:00:28,91282CLD1,TSRYS5850288,D,S,D,2024-08-27,2000000.00,3.733454,102.3671875
16:00:28,91282CLD1,TSRYS5850288,D,S,D,2024-08-27,1000000.00,3.733454,102.3671875
16:00:28,91282CLD1,TSRYS5850288,D,S,D,2024-08-27,1000000.00,3.733454,102.3671875
16:00:29,91282CLD1,TSRYS5850288,D,S,D,2024-08-27,1000000.00,3.733454,102.3671875
16:00:29,91282CLD1,TSRYS5850288,D,S,D,2024-08-27,1000000.00,3.733454,102.3671875
16:00:29,91282CLD1,TSRYS5850288,D,S,D,2024-08-27,2000000.00,3.733454,102.3671875
16:00:29,91282CLD1,TSRYS5850288,D,B,C,2024-08-27,2000000.00,3.733454,102.3671875
16:00:29,91282CLD1,TSRYS5850288,D,S,D,2024-08-27,1000000.00,3.733454,102.3671875
16:00:29,91282CLD1,TSRYS5850288,D,S,D,2024-08-27,1000000.00,3.733454,102.3671875
16:00:29,91282CLD1,TSRYS5850288,D,B,C,2024-08-27,1000000.00,3.733454,102.3671875
16:00:29,91282CLD1,TSRYS5850288,D,S,D,2024-08-27,14034000.00,3.732818,102.371093
16:00:30,91282CLD1,TSRYS5850288,D,S,T,2024-08-27,1000000.00,3.733454,102.3671875
16:00:30,91282CLD1,TSRYS5850288,D,S,D,2024-08-27,1000000.00,3.732181,102.375
16:00:30,91282CLD1,TSRYS5850288,D,S,D,2024-08-27,1000000.00,3.732181,102.375
16:00:31,91282CLD1,TSRYS5850288,D,S,D,2024-08-27,1000000.00,3.734409,102.361328125
16:00:31,91282CLD1,TSRYS5850288,D,B,C,2024-08-27,5000000.00,3.733454,102.3671875
16:00:31,91282CLD1,TSRYS5850288,D,S,T,2024-08-27,1000000.00,3.733454,102.3671875
16:00:31,91282CLD1,TSRYS5850288,D,S,D,2024-08-27,1000000.00,3.733454,102.3671875
16:00:32,91282CLD1,TSRYS5850288,D,S,T,2024-08-27,1000000.00,3.733454,102.3671875
16:00:32,91282CLD1,TSRYS5850288,D,S,T,2024-08-27,1000000.00,3.733454,102.3671875
16:00:32,91282CLD1,TSRYS5850288,D,S,D,2024-08-27,20000000.00,3.733454,102.3671875
16:00:32,91282CLD1,TSRYS5850288,D,S,D,2024-08-27,1000000.00,3.733454,102.3671875
16:00:33,91282CLD1,TSRYS5850288,D,S,A,2024-08-27,195000.00,3.731926,102.3765625
16:00:34,91282CLD1,TSRYS5850288,D,S,T,2024-08-27,1000000.00,3.733503,102.3668875
16:00:34,91282CLD1,TSRYS5850288,D,B,C,2024-08-27,3000000.00,3.735046,102.35742187
16:00:36,91282CLD1,TSRYS5850288,D,S,T,2024-08-27,1000000.00,3.733136,102.369140625
16:00:36,91282CLD1,TSRYS5850288,D,S,T,2024-08-27,1000000.00,3.733454,102.3671875
16:00:36,91282CLD1,TSRYS5850288,D,S,T,2024-08-27,1000000.00,3.733454,102.3671875
16:00:36,91282CLD1,TSRYS5850288,D,S,D,2024-08-27,1000000.00,3.733454,102.3671875
16:00:36,91282CLD1,TSRYS5850288,D,S,C,2024-08-27,1000000.00,3.733454,102.3671875
16:00:36,91282CLD1,TSRYS5850288,D,B,C,2024-08-27,1000000.00,3.733454,102.3671875
16:00:36,91282CLD1,TSRYS5850288,D,S,C,2024-08-27,1000000.00,3.733454,102.3671875
16:00:36,91282CLD1,TSRYS5850288,D,S,C,2024-08-27,1000000.00,3.733454,102.3671875
16:00:36,91282CLD1,TSRYS5850288,D,B,C,2024-08-27,1000000.00,3.733495,102.3669375
16:00:36,91282CLD1,TSRYS5850288,D,B,C,2024-08-27,1000000.00,3.733495,102.3669375
16:00:36,91282CLD1,TSRYS5850288,D,S,C,2024-08-27,1000000.00,3.733454,102.3671875
16:00:36,91282CLD1,TSRYS5850288,D,S,D,2024-08-27,2000000.00,3.733454,102.3671875
16:00:36,91282CLD1,TSRYS5850288,D,B,C,2024-08-27,1000000.00,3.732181,102.375
16:00:37,91282CLD1,TSRYS5850288,D,S,D,2024-08-27,9176000.00,3.732181,102.375
16:00:37,91282CLD1,TSRYS5850288,D,S,D,2024-08-27,4000000.00,3.732181,102.375
16:00:37,91282CLD1,TSRYS5850288,D,S,T,2024-08-27,2000000.00,3.733454,102.3671875
16:00:37,91282CLD1,TSRYS5850288,D,S,T,2024-08-27,2000000.00,3.733454,102.3671875
16:00:37,91282CLD1,TSRYS5850288,D,S,D,2024-08-27,3000000.00,3.732818,102.37109375
16:00:37,91282CLD1,TSRYS5850288,D,S,T,2024-08-27,1000000.00,3.733454,102.3671875
16:00:38,91282CLD1,TSRYS5850288,D,S,T,2024-08-27,6000000.00,3.733454,102.3671875
16:00:38,91282CLD1,TSRYS5850288,D,S,T,2024-08-27,2000000.00,3.733454,102.3671875
16:00:39,91282CLD1,TSRYS5850288,D,S,C,2024-08-27,1000000.00,3.733136,102.369140625
16:00:40,91282CLD1,TSRYS5850288,D,S,D,2024-08-27,2000000.00,3.733454,102.3671875
16:00:41,91282CLD1,TSRYS5850288,D,S,D,2024-08-27,13000000.00,3.732181,102.375
16:00:41,91282CLD1,TSRYS5850288,D,S,D,2024-08-27,226000.00,3.733454,102.3671875
16:00:42,91282CLD1,TSRYS5850288,D,S,A,2024-08-27,296000.00,3.731926,102.3765625
16:00:42,91282CLD1,TSRYS5850288,D,S,D,2024-08-27,1000000.00,3.732499,102.373046875
16:00:42,91282CLD1,TSRYS5850288,D,S,D,2024-08-27,294000.00,3.733454,102.3671875
16:00:43,91282CLD1,TSRYS5850288,D,S,D,2024-08-27,2225000.00,3.732181,102.375
16:00:44,91282CLD1,TSRYS5850288,D,S,D,2024-08-27,1936000.00,3.732181,102.375
16:00:44,91282CLD1,TSRYS5850288,D,S,D,2024-08-27,1000000.00,3.733454,102.3671875
16:00:44,91282CLD1,TSRYS5850288,D,S,D,2024-08-27,3370000.00,3.732181,102.375
16:00:44,91282CLD1,TSRYS5850288,D,S,A,2024-08-27,29000.00,3.731926,102.3765625
16:00:45,91282CLD1,TSRYS5850288,D,S,C,2024-08-27,150MM+,3.734728,102.359375
16:00:45,91282CLD1,TSRYS5850288,D,S,D,2024-08-27,1000000.00,3.734728,102.359375
16:00:45,91282CLD1,TSRYS5850288,D,S,D,2024-08-27,1000000.00,3.732181,102.375
16:00:45,91282CLD1,TSRYS5850288,D,S,T,2024-08-27,1000000.00,3.734728,102.359375
16:00:45,91282CLD1,TSRYS5850288,D,S,D,2024-08-27,215000.00,3.733454,102.3671875
16:00:45,91282CLD1,TSRYS5850288,D,S,D,2024-08-27,275000.00,3.734965,102.35792046
16:00:46,91282CLD1,TSRYS5850288,D,S,D,2024-08-27,1000000.00,3.733772,102.36523437
16:00:47,91282CLD1,TSRYS5850288,D,S,D,2024-08-27,7352000.00,3.732181,102.375
16:00:47,91282CLD1,TSRYS5850288,D,S,T,2024-08-27,1000000.00,3.733454,102.3671875
16:00:47,91282CLD1,TSRYS5850288,D,S,T,2024-08-27,1000000.00,3.732818,102.37109375
16:00:48,91282CLD1,TSRYS5850288,D,S,D,2024-08-27,1000000.00,3.733454,102.3671875
16:00:48,91282CLD1,TSRYS5850288,D,S,T,2024-08-27,1000000.00,3.733454,102.3671875
16:00:49,91282CLD1,TSRYS5850288,D,S,D,2024-08-27,2000000.00,3.732181,102.375
16:00:49,91282CLD1,TSRYS5850288,D,S,T,2024-08-27,1000000.00,3.733454,102.3671875
16:00:49,91282CLD1,TSRYS5850288,D,S,T,2024-08-27,1000000.00,3.733454,102.3671875
16:00:49,91282CLD1,TSRYS5850288,D,S,T,2024-08-27,1000000.00,3.733454,102.3671875
16:00:49,91282CLD1,TSRYS5850288,D,S,T,2024-08-27,2000000.00,3.733454,102.3671875
16:00:50,91282CLD1,TSRYS5850288,D,S,D,2024-08-27,21000000.00,3.731544,102.37890625
16:00:51,91282CLD1,TSRYS5850288,D,S,C,2024-08-27,1000000.00,3.732181,102.375
16:00:51,91282CLD1,TSRYS5850288,D,S,C,2024-08-27,2000000.00,3.732181,102.375
16:00:51,91282CLD1,TSRYS5850288,D,S,D,2024-08-27,3000000.00,3.732181,102.375
16:00:52,91282CLD1,TSRYS5850288,D,S,T,2024-08-27,1000000.00,3.733136,102.369140625
16:00:52,91282CLD1,TSRYS5850288,D,S,C,2024-08-27,1000000.00,3.733454,102.3671875
16:00:52,91282CLD1,TSRYS5850288,D,S,T,2024-08-27,1000000.00,3.733772,102.365234375
16:00:52,91282CLD1,TSRYS5850288,D,S,T,2024-08-27,1000000.00,3.733454,102.3671875
16:00:52,91282CLD1,TSRYS5850288,D,S,T,2024-08-27,1000000.00,3.733454,102.3671875
16:00:52,91282CLD1,TSRYS5850288,D,S,C,2024-08-27,1000000.00,3.733454,102.3671875
16:00:52,91282CLD1,TSRYS5850288,D,S,T,2024-08-27,1000000.00,3.734409,102.361328125
16:00:52,91282CLD1,TSRYS5850288,D,S,T,2024-08-27,1000000.00,3.733772,102.365234375
16:00:52,91282CLD1,TSRYS5850288,D,S,D,2024-08-27,1000000.00,3.73343,102.3673375
16:00:52,91282CLD1,TSRYS5850288,D,S,D,2024-08-27,1000000.00,3.733454,102.3671875
16:00:53,91282CLD1,TSRYS5850288,D,B,C,2024-08-27,1000000.00,3.733454,102.3671875
16:00:53,91282CLD1,TSRYS5850288,D,S,D,2024-08-27,1000000.00,3.733454,102.3671875
16:00:53,91282CLD1,TSRYS5850288,D,S,D,2024-08-27,1000000.00,3.734409,102.361328125
16:00:53,91282CLD1,TSRYS5850288,D,S,C,2024-08-27,1000000.00,3.732181,102.375
16:00:53,91282CLD1,TSRYS5850288,D,B,C,2024-08-27,1000000.00,3.733772,102.365234375
16:00:53,91282CLD1,TSRYS5850288,D,S,D,2024-08-27,3000000.00,3.733772,102.365234375
16:00:54,91282CLD1,TSRYS5850288,D,S,D,2024-08-27,2000000.00,3.733454,102.3671875
16:00:54,91282CLD1,TSRYS5850288,D,S,C,2024-08-27,1000000.00,3.733772,102.365234375
16:00:54,91282CLD1,TSRYS5850288,D,S,T,2024-08-27,1000000.00,3.733454,102.3671875
16:00:54,91282CLD1,TSRYS5850288,D,S,T,2024-08-27,1000000.00,3.733454,102.3671875
16:00:54,91282CLD1,TSRYS5850288,D,S,T,2024-08-27,1000000.00,3.733454,102.3671875
16:00:54,91282CLD1,TSRYS5850288,D,S,D,2024-08-27,1000000.00,3.733454,102.3671875
16:00:55,91282CLD1,TSRYS5850288,D,B,C,2024-08-27,3000000.00,3.735046,102.35742187
16:00:55,91282CLD1,TSRYS5850288,D,S,T,2024-08-27,1000000.00,3.734728,102.359375
16:00:55,91282CLD1,TSRYS5850288,D,B,C,2024-08-27,3000000.00,3.731863,102.37695312
16:00:55,91282CLD1,TSRYS5850288,D,B,C,2024-08-27,3000000.00,3.731863,102.37695312
16:00:55,91282CLD1,TSRYS5850288,D,B,C,2024-08-27,1000000.00,3.731863,102.37695312
16:00:55,91282CLD1,TSRYS5850288,D,B,C,2024-08-27,3000000.00,3.731863,102.37695312
16:00:55,91282CLD1,TSRYS5850288,D,S,T,2024-08-27,2000000.00,3.734728,102.359375
16:00:57,91282CLD1,TSRYS5850288,D,S,D,2024-08-27,2000000.00,3.734728,102.359375
16:00:58,91282CLD1,TSRYS5850288,D,S,D,2024-08-27,40000.00,3.732181,102.375
16:00:58,91282CLD1,TSRYS5850288,D,S,D,2024-08-27,145000.00,3.732181,102.375
16:00:59,91282CLD1,TSRYS5850288,D,S,D,2024-08-27,1000000.00,3.733454,102.3671875
16:00:59,91282CLD1,TSRYS5850288,D,S,D,2024-08-27,181000.00,3.732181,102.375
16:01:00,91282CLD1,TSRYS5850288,D,S,D,2024-08-27,1000000.00,3.734728,102.359375
16:01:00,91282CLD1,TSRYS5850288,D,S,T,2024-08-27,1000000.00,3.733454,102.3671875
16:01:00,91282CLD1,TSRYS5850288,D,S,D,2024-08-27,3000000.00,3.734728,102.359375
16:01:01,91282CLD1,TSRYS5850288,D,S,D,2024-08-27,2000000.00,3.733772,102.365234375
16:01:01,91282CLD1,TSRYS5850288,D,S,D,2024-08-27,2000000.00,3.733454,102.3671875
16:01:02,91282CLD1,TSRYS5850288,D,S,D,2024-08-27,1000000.00,3.733454,102.3671875
16:01:03,91282CLD1,TSRYS5850288,D,S,D,2024-08-27,1000000.00,3.733454,102.3671875
16:01:03,91282CLD1,TSRYS5850288,D,S,D,2024-08-27,1000000.00,3.733454,102.3671875
16:01:03,91282CLD1,TSRYS5850288,D,S,D,2024-08-27,1000000.00,3.733438,102.3672875
16:01:04,91282CLD1,TSRYS5850288,D,S,D,2024-08-27,2000000.00,3.733454,102.3671875
16:01:04,91282CLD1,TSRYS5850288,D,S,D,2024-08-27,1000000.00,3.733454,102.3671875
16:01:04,91282CLD1,TSRYS5850288,D,S,D,2024-08-27,8958000.00,3.732181,102.375
16:01:05,91282CLD1,TSRYS5850288,D,S,D,2024-08-27,16300000.00,3.733454,102.3671875
16:01:05,91282CLD1,TSRYS5850288,D,B,C,2024-08-27,3000000.00,3.734409,102.36132812
16:01:07,91282CLD1,TSRYS5850288,D,S,T,2024-08-27,1000000.00,3.733454,102.3671875
16:01:07,91282CLD1,TSRYS5850288,D,S,T,2024-08-27,1000000.00,3.733454,102.3671875
16:01:07,91282CLD1,TSRYS5850288,D,S,D,2024-08-27,2000000.00,3.734728,102.359375
16:01:07,91282CLD1,TSRYS5850288,D,S,D,2024-08-27,1000000.00,3.734728,102.359375
16:01:08,91282CLD1,TSRYS5850288,D,B,C,2024-08-27,1000000.00,3.734728,102.359375
16:01:08,91282CLD1,TSRYS5850288,D,S,C,2024-08-27,1000000.00,3.734703,102.359525
16:01:08,91282CLD1,TSRYS5850288,D,S,C,2024-08-27,2000000.00,3.734703,102.359525
16:01:08,91282CLD1,TSRYS5850288,D,B,C,2024-08-27,1000000.00,3.734728,102.359375
16:01:08,91282CLD1,TSRYS5850288,D,S,C,2024-08-27,1000000.00,3.734703,102.359525
16:01:08,91282CLD1,TSRYS5850288,D,B,C,2024-08-27,1000000.00,3.734728,102.359375
16:01:08,91282CLD1,TSRYS5850288,D,S,C,2024-08-27,1000000.00,3.734703,102.359525
16:01:08,91282CLD1,TSRYS5850288,D,S,C,2024-08-27,1000000.00,3.734703,102.359525
16:01:08,91282CLD1,TSRYS5850288,D,S,C,2024-08-27,1000000.00,3.734703,102.359525
16:01:08,91282CLD1,TSRYS5850288,D,B,C,2024-08-27,1000000.00,3.733495,102.3669375
16:01:08,91282CLD1,TSRYS5850288,D,S,C,2024-08-27,1000000.00,3.733454,102.3671875
16:01:08,91282CLD1,TSRYS5850288,D,B,C,2024-08-27,1000000.00,3.73347,102.3670875
16:01:08,91282CLD1,TSRYS5850288,D,S,C,2024-08-27,1000000.00,3.733454,102.3671875
16:01:08,91282CLD1,TSRYS5850288,D,S,C,2024-08-27,1000000.00,3.733454,102.3671875
16:01:08,91282CLD1,TSRYS5850288,D,B,C,2024-08-27,1000000.00,3.733495,102.3669375
16:01:08,91282CLD1,TSRYS5850288,D,B,C,2024-08-27,1000000.00,3.732818,102.37109375
16:01:08,91282CLD1,TSRYS5850288,D,S,C,2024-08-27,1000000.00,3.732818,102.37109375
16:01:08,91282CLD1,TSRYS5850288,D,S,T,2024-08-27,1000000.00,3.733454,102.3671875
16:01:09,91282CLD1,TSRYS5850288,D,S,D,2024-08-27,1000000.00,3.732181,102.375
16:01:09,91282CLD1,TSRYS5850288,D,B,C,2024-08-27,1000000.00,3.732181,102.375
16:01:09,91282CLD1,TSRYS5850288,D,S,D,2024-08-27,1000000.00,3.732181,102.375
16:01:09,91282CLD1,TSRYS5850288,D,S,C,2024-08-27,3000000.00,3.733426,102.3673625
16:01:09,91282CLD1,TSRYS5850288,D,S,C,2024-08-27,1000000.00,3.73343,102.3673375
16:01:09,91282CLD1,TSRYS5850288,D,S,D,2024-08-27,3000000.00,3.734728,102.359375
16:01:10,91282CLD1,TSRYS5850288,D,B,C,2024-08-27,1000000.00,3.733479,102.3670375
16:01:10,91282CLD1,TSRYS5850288,D,S,D,2024-08-27,1000000.00,3.733454,102.3671875
16:01:10,91282CLD1,TSRYS5850288,D,S,D,2024-08-27,1000000.00,3.733454,102.3671875
16:01:10,91282CLD1,TSRYS5850288,D,S,D,2024-08-27,3000000.00,3.733454,102.3671875
16:01:10,91282CLD1,TSRYS5850288,D,B,C,2024-08-27,1000000.00,3.733454,102.3671875
16:01:10,91282CLD1,TSRYS5850288,D,B,C,2024-08-27,3000000.00,3.733454,102.3671875
16:01:10,91282CLD1,TSRYS5850288,D,B,C,2024-08-27,1000000.00,3.733454,102.3671875
16:01:10,91282CLD1,TSRYS5850288,D,S,D,2024-08-27,1000000.00,3.733454,102.3671875
16:01:10,91282CLD1,TSRYS5850288,D,S,D,2024-08-27,2000000.00,3.733454,102.3671875
16:01:10,91282CLD1,TSRYS5850288,D,S,D,2024-08-27,2000000.00,3.733433,102.3673175
16:01:10,91282CLD1,TSRYS5850288,D,S,D,2024-08-27,6000000.00,3.733454,102.3671875
16:01:10,91282CLD1,TSRYS5850288,D,S,D,2024-08-27,1000000.00,3.733454,102.3671875
16:01:10,91282CLD1,TSRYS5850288,D,B,C,2024-08-27,2000000.00,3.735046,102.35742187
16:01:10,91282CLD1,TSRYS5850288,D,S,C,2024-08-27,1000000.00,3.734728,102.359375
16:01:10,91282CLD1,TSRYS5850288,D,S,D,2024-08-27,2000000.00,3.734728,102.359375
16:01:11,91282CLD1,TSRYS5850288,D,S,T,2024-08-27,2000000.00,3.733454,102.3671875
16:01:11,91282CLD1,TSRYS5850288,D,S,D,2024-08-27,1000000.00,3.733454,102.3671875
16:01:11,91282CLD1,TSRYS5850288,D,S,D,2024-08-27,1000000.00,3.733454,102.3671875
16:01:11,91282CLD1,TSRYS5850288,D,S,D,2024-08-27,1000000.00,3.733454,102.3671875
16:01:11,91282CLD1,TSRYS5850288,D,S,D,2024-08-27,1000000.00,3.733454,102.3671875
16:01:13,91282CLD1,TSRYS5850288,D,S,C,2024-08-27,1000000.00,3.732818,102.37109375
16:01:14,91282CLD1,TSRYS5850288,D,B,C,2024-08-27,2000000.00,3.732818,102.37109375
16:01:14,91282CLD1,TSRYS5850288,D,S,C,2024-08-27,2000000.00,3.732818,102.37109375
16:01:14,91282CLD1,TSRYS5850288,D,S,C,2024-08-27,1000000.00,3.732818,102.37109375
16:01:15,91282CLD1,TSRYS5850288,D,S,D,2024-08-27,4500000.00,3.732181,102.375
16:01:15,91282CLD1,TSRYS5850288,D,S,D,2024-08-27,1000000.00,3.733772,102.36523437
16:01:15,91282CLD1,TSRYS5850288,D,S,D,2024-08-27,1000000.00,3.733772,102.36523437
16:01:15,91282CLD1,TSRYS5850288,D,S,C,2024-08-27,1000000.00,3.734091,102.36328125
16:01:15,91282CLD1,TSRYS5850288,D,S,D,2024-08-27,80000.00,3.732181,102.375
16:01:15,91282CLD1,TSRYS5850288,D,S,T,2024-08-27,4580000.00,3.732818,102.37109375
16:01:15,91282CLD1,TSRYS5850288,D,S,T,2024-08-27,1000000.00,3.733454,102.3671875
16:01:17,91282CLD1,TSRYS5850288,D,S,D,2024-08-27,665000.00,3.732181,102.375
16:01:17,91282CLD1,TSRYS5850288,D,B,C,2024-08-27,24600000.00,3.8344,101.75
16:01:18,91282CLD1,TSRYS5850288,D,B,C,2024-08-27,24600000.00,3.8344,101.75
16:01:18,91282CLD1,TSRYS5850288,D,S,D,2024-08-27,49200000.00,3.8344,101.75
16:01:18,91282CLD1,TSRYS5850288,D,S,C,2024-08-27,1000000.00,3.733136,102.369140625
16:01:19,91282CLD1,TSRYS5850288,D,B,C,2024-08-27,24600000.00,3.8344,101.75
16:01:19,91282CLD1,TSRYS5850288,D,S,D,2024-08-27,24600000.00,3.8344,101.75
16:01:21,91282CLD1,TSRYS5850288,D,S,D,2024-08-27,1000000.00,3.732181,102.375
16:01:21,91282CLD1,TSRYS5850288,D,S,D,2024-08-27,1000000.00,3.732181,102.375
16:01:21,91282CLD1,TSRYS5850288,D,S,D,2024-08-27,1000000.00,3.732181,102.375
16:01:21,91282CLD1,TSRYS5850288,D,S,D,2024-08-27,1000000.00,3.732181,102.375
16:01:21,91282CLD1,TSRYS5850288,D,S,D,2024-08-27,1000000.00,3.732181,102.375
16:01:21,91282CLD1,TSRYS5850288,D,S,D,2024-08-27,1000000.00,3.732181,102.375
16:01:21,91282CLD1,TSRYS5850288,D,S,D,2024-08-27,1000000.00,3.732181,102.375
16:01:21,91282CLD1,TSRYS5850288,D,S,D,2024-08-27,1000000.00,3.732181,102.375
16:01:21,91282CLD1,TSRYS5850288,D,S,D,2024-08-27,1000000.00,3.732181,102.375
16:01:21,91282CLD1,TSRYS5850288,D,S,D,2024-08-27,1000000.00,3.732181,102.375
16:01:21,91282CLD1,TSRYS5850288,D,S,D,2024-08-27,1000000.00,3.732181,102.375
16:01:21,91282CLD1,TSRYS5850288,D,S,D,2024-08-27,1000000.00,3.732181,102.375
16:01:21,91282CLD1,TSRYS5850288,D,S,C,2024-08-27,1000000.00,3.732785,102.37129375
16:01:23,91282CLD1,TSRYS5850288,D,S,D,2024-08-27,1000000.00,3.732181,102.375
16:01:23,91282CLD1,TSRYS5850288,D,S,C,2024-08-27,1000000.00,3.732181,102.375
16:01:23,91282CLD1,TSRYS5850288,D,S,C,2024-08-27,1000000.00,3.732181,102.375
16:01:23,91282CLD1,TSRYS5850288,D,B,C,2024-08-27,1000000.00,3.732222,102.37475
16:01:23,91282CLD1,TSRYS5850288,D,B,C,2024-08-27,1000000.00,3.732222,102.37475
16:01:23,91282CLD1,TSRYS5850288,D,S,C,2024-08-27,1000000.00,3.732181,102.375
16:01:23,91282CLD1,TSRYS5850288,D,B,C,2024-08-27,1000000.00,3.732222,102.37475
16:01:23,91282CLD1,TSRYS5850288,D,S,D,2024-08-27,1000000.00,3.732181,102.375
16:01:23,91282CLD1,TSRYS5850288,D,S,D,2024-08-27,1000000.00,3.732181,102.375
16:01:23,91282CLD1,TSRYS5850288,D,S,D,2024-08-27,2000000.00,3.732181,102.375
16:01:23,91282CLD1,TSRYS5850288,D,S,C,2024-08-27,1000000.00,3.732148,102.3752
16:01:23,91282CLD1,TSRYS5850288,D,S,C,2024-08-27,310000.00,3.733277,102.3673875
16:01:23,91282CLD1,TSRYS5850288,D,S,C,2024-08-27,1000000.00,3.732181,102.375
16:01:23,91282CLD1,TSRYS5850288,D,S,C,2024-08-27,1000000.00,3.732181,102.375
16:01:23,91282CLD1,TSRYS5850288,D,S,D,2024-08-27,1000000.00,3.732181,102.375
16:01:23,91282CLD1,TSRYS5850288,D,S,T,2024-08-27,1000000.00,3.733454,102.3671875
16:01:23,91282CLD1,TSRYS5850288,D,S,T,2024-08-27,1000000.00,3.733454,102.3671875
16:01:23,91282CLD1,TSRYS5850288,D,S,T,2024-08-27,1000000.00,3.733454,102.3671875
16:01:23,91282CLD1,TSRYS5850288,D,S,T,2024-08-27,1000000.00,3.733454,102.3671875
16:01:23,91282CLD1,TSRYS5850288,D,S,T,2024-08-27,1000000.00,3.733454,102.3671875
16:01:23,91282CLD1,TSRYS5850288,D,S,T,2024-08-27,1000000.00,3.733454,102.3671875
16:01:23,91282CLD1,TSRYS5850288,D,S,T,2024-08-27,1000000.00,3.733454,102.3671875
16:01:23,91282CLD1,TSRYS5850288,D,S,C,2024-08-27,1000000.00,3.733413,102.3674375
16:01:23,91282CLD1,TSRYS5850288,D,B,C,2024-08-27,1000000.00,3.733454,102.3671875
16:01:24,91282CLD1,TSRYS5850288,D,S,D,2024-08-27,1000000.00,3.733454,102.3671875
16:01:24,91282CLD1,TSRYS5850288,D,B,C,2024-08-27,1000000.00,3.733454,102.3671875
16:01:24,91282CLD1,TSRYS5850288,D,S,C,2024-08-27,1000000.00,3.733438,102.3672875
16:01:24,91282CLD1,TSRYS5850288,D,S,D,2024-08-27,310000.00,3.733277,102.3673875
16:01:24,91282CLD1,TSRYS5850288,D,S,C,2024-08-27,1000000.00,3.733454,102.3671875
16:01:25,91282CLD1,TSRYS5850288,D,B,C,2024-08-27,3000000.00,3.733479,102.3670375
16:01:25,91282CLD1,TSRYS5850288,D,S,D,2024-08-27,3000000.00,3.733454,102.3671875
16:01:25,91282CLD1,TSRYS5850288,D,S,D,2024-08-27,3000000.00,3.733454,102.3671875
16:01:25,91282CLD1,TSRYS5850288,D,S,D,2024-08-27,1000000.00,3.733454,102.3671875
16:01:25,91282CLD1,TSRYS5850288,D,B,C,2024-08-27,4000000.00,3.733495,102.3669375
16:01:25,91282CLD1,TSRYS5850288,D,B,C,2024-08-27,3000000.00,3.733454,102.3671875
16:01:25,91282CLD1,TSRYS5850288,D,S,D,2024-08-27,4000000.00,3.733454,102.3671875
16:01:25,91282CLD1,TSRYS5850288,D,B,C,2024-08-27,1000000.00,3.733454,102.3671875
16:01:25,91282CLD1,TSRYS5850288,D,S,D,2024-08-27,1000000.00,3.733454,102.3671875
16:01:25,91282CLD1,TSRYS5850288,D,B,C,2024-08-27,1000000.00,3.733454,102.3671875
16:01:25,91282CLD1,TSRYS5850288,D,S,D,2024-08-27,1000000.00,3.733454,102.3671875
16:01:25,91282CLD1,TSRYS5850288,D,S,D,2024-08-27,1000000.00,3.733454,102.3671875
16:01:25,91282CLD1,TSRYS5850288,D,S,D,2024-08-27,1000000.00,3.733454,102.3671875
16:01:25,91282CLD1,TSRYS5850288,D,S,D,2024-08-27,2000000.00,3.733454,102.3671875
16:01:25,91282CLD1,TSRYS5850288,D,B,C,2024-08-27,1000000.00,3.733454,102.3671875
16:01:25,91282CLD1,TSRYS5850288,D,S,D,2024-08-27,1000000.00,3.733454,102.3671875
16:01:25,91282CLD1,TSRYS5850288,D,B,C,2024-08-27,1000000.00,3.733454,102.3671875
16:01:25,91282CLD1,TSRYS5850288,D,S,C,2024-08-27,2000000.00,3.733454,102.3671875
16:01:25,91282CLD1,TSRYS5850288,D,S,D,2024-08-27,1000000.00,3.733454,102.3671875
16:01:25,91282CLD1,TSRYS5850288,D,S,C,2024-08-27,1000000.00,3.733454,102.3671875
16:01:25,91282CLD1,TSRYS5850288,D,S,C,2024-08-27,1000000.00,3.733454,102.3671875
16:01:25,91282CLD1,TSRYS5850288,D,S,C,2024-08-27,1000000.00,3.733454,102.3671875
16:01:25,91282CLD1,TSRYS5850288,D,S,C,2024-08-27,1000000.00,3.733454,102.3671875
16:01:25,91282CLD1,TSRYS5850288,D,S,C,2024-08-27,1000000.00,3.733454,102.3671875
16:01:25,91282CLD1,TSRYS5850288,D,S,C,2024-08-27,1000000.00,3.733454,102.3671875
16:01:25,91282CLD1,TSRYS5850288,D,S,C,2024-08-27,1000000.00,3.733454,102.3671875
16:01:25,91282CLD1,TSRYS5850288,D,S,C,2024-08-27,1000000.00,3.733454,102.3671875
16:01:27,91282CLD1,TSRYS5850288,D,S,T,2024-08-27,1000000.00,3.732181,102.375
16:01:27,91282CLD1,TSRYS5850288,D,S,T,2024-08-27,2000000.00,3.733454,102.3671875
16:01:27,91282CLD1,TSRYS5850288,D,S,D,2024-08-27,4580000.00,3.732818,102.37109375
16:01:27,91282CLD1,TSRYS5850288,D,S,C,2024-08-27,416000.00,3.73264,102.37129375
16:01:28,91282CLD1,TSRYS5850288,D,S,D,2024-08-27,1000000.00,3.732181,102.375
16:01:28,91282CLD1,TSRYS5850288,D,B,C,2024-08-27,1000000.00,3.732214,102.3748
16:01:29,91282CLD1,TSRYS5850288,D,S,T,2024-08-27,1000000.00,3.733454,102.3671875
16:01:29,91282CLD1,TSRYS5850288,D,S,A,2024-08-27,550000.00,3.732181,102.375
16:01:31,91282CLD1,TSRYS5850288,D,S,T,2024-08-27,1000000.00,3.733454,102.3671875
16:01:31,91282CLD1,TSRYS5850288,D,S,T,2024-08-27,1000000.00,3.733454,102.3671875
16:01:33,91282CLD1,TSRYS5850288,D,S,T,2024-08-27,1000000.00,3.733454,102.3671875
16:01:33,91282CLD1,TSRYS5850288,D,S,D,2024-08-27,26000000.00,3.731589,102.37863
16:01:33,91282CLD1,TSRYS5850288,D,S,D,2024-08-27,2000000.00,3.734409,102.36132812
16:01:33,91282CLD1,TSRYS5850288,D,S,T,2024-08-27,1000000.00,3.733454,102.3671875
16:01:34,91282CLD1,TSRYS5850288,D,S,T,2024-08-27,1000000.00,3.732818,102.37109375
16:01:35,91282CLD1,TSRYS5850288,D,S,T,2024-08-27,2000000.00,3.733454,102.3671875
16:01:36,91282CLD1,TSRYS5850288,D,B,C,2024-08-27,385000.00,3.733487,102.3669875
16:01:37,91282CLD1,TSRYS5850288,D,S,T,2024-08-27,1000000.00,3.733454,102.3671875
16:01:38,91282CLD1,TSRYS5850288,D,B,C,2024-08-27,1000000.00,3.732181,102.375
16:01:38,91282CLD1,TSRYS5850288,D,S,C,2024-08-27,1000000.00,3.732156,102.37515
16:01:38,91282CLD1,TSRYS5850288,D,S,C,2024-08-27,1000000.00,3.732156,102.37515
16:01:38,91282CLD1,TSRYS5850288,D,B,C,2024-08-27,1000000.00,3.732181,102.375
16:01:38,91282CLD1,TSRYS5850288,D,S,C,2024-08-27,1000000.00,3.732156,102.37515
16:01:38,91282CLD1,TSRYS5850288,D,S,C,2024-08-27,1000000.00,3.732156,102.37515
16:01:38,91282CLD1,TSRYS5850288,D,B,C,2024-08-27,1000000.00,3.732181,102.375
16:01:38,91282CLD1,TSRYS5850288,D,S,T,2024-08-27,1000000.00,3.732818,102.37109375
16:01:38,91282CLD1,TSRYS5850288,D,S,D,2024-08-27,1000000.00,3.733454,102.3671875
16:01:39,91282CLD1,TSRYS5850288,D,S,D,2024-08-27,4000000.00,3.733454,102.3671875
16:01:39,91282CLD1,TSRYS5850288,D,S,D,2024-08-27,1000000.00,3.733454,102.3671875
16:01:39,91282CLD1,TSRYS5850288,D,B,C,2024-08-27,1000000.00,3.733454,102.3671875
16:01:39,91282CLD1,TSRYS5850288,D,S,D,2024-08-27,1000000.00,3.733454,102.3671875
16:01:39,91282CLD1,TSRYS5850288,D,B,C,2024-08-27,1000000.00,3.733454,102.3671875
16:01:39,91282CLD1,TSRYS5850288,D,S,D,2024-08-27,1000000.00,3.733454,102.3671875
16:01:39,91282CLD1,TSRYS5850288,D,S,D,2024-08-27,1000000.00,3.733454,102.3671875
16:01:39,91282CLD1,TSRYS5850288,D,S,D,2024-08-27,2000000.00,3.733454,102.3671875
16:01:39,91282CLD1,TSRYS5850288,D,B,C,2024-08-27,1000000.00,3.733454,102.3671875
16:01:39,91282CLD1,TSRYS5850288,D,B,C,2024-08-27,1000000.00,3.733454,102.3671875
16:01:39,91282CLD1,TSRYS5850288,D,B,C,2024-08-27,1000000.00,3.733454,102.3671875
16:01:39,91282CLD1,TSRYS5850288,D,B,C,2024-08-27,4000000.00,3.733454,102.3671875
16:01:39,91282CLD1,TSRYS5850288,D,B,C,2024-08-27,2000000.00,3.73347,102.3670875
16:01:39,91282CLD1,TSRYS5850288,D,S,D,2024-08-27,2000000.00,3.733454,102.3671875
16:01:39,91282CLD1,TSRYS5850288,D,S,D,2024-08-27,1000000.00,3.733454,102.3671875
16:01:39,91282CLD1,TSRYS5850288,D,S,D,2024-08-27,1000000.00,3.733454,102.3671875
16:01:39,91282CLD1,TSRYS5850288,D,S,D,2024-08-27,1000000.00,3.733454,102.3671875
16:01:39,91282CLD1,TSRYS5850288,D,S,D,2024-08-27,6000000.00,3.733454,102.3671875
16:01:39,91282CLD1,TSRYS5850288,D,S,D,2024-08-27,2000000.00,3.733454,102.3671875
16:01:39,91282CLD1,TSRYS5850288,D,B,C,2024-08-27,1000000.00,3.733454,102.3671875
16:01:39,91282CLD1,TSRYS5850288,D,B,C,2024-08-27,1000000.00,3.733454,102.3671875
16:01:39,91282CLD1,TSRYS5850288,D,S,D,2024-08-27,1000000.00,3.733454,102.3671875
16:01:39,91282CLD1,TSRYS5850288,D,B,C,2024-08-27,1000000.00,3.733454,102.3671875
16:01:39,91282CLD1,TSRYS5850288,D,B,C,2024-08-27,1000000.00,3.733454,102.3671875
16:01:39,91282CLD1,TSRYS5850288,D,S,D,2024-08-27,1000000.00,3.733454,102.3671875
16:01:39,91282CLD1,TSRYS5850288,D,B,C,2024-08-27,1000000.00,3.733454,102.3671875
16:01:39,91282CLD1,TSRYS5850288,D,B,C,2024-08-27,1000000.00,3.733454,102.3671875
16:01:39,91282CLD1,TSRYS5850288,D,S,D,2024-08-27,1000000.00,3.733454,102.3671875
16:01:39,91282CLD1,TSRYS5850288,D,S,D,2024-08-27,1000000.00,3.733454,102.3671875
16:01:39,91282CLD1,TSRYS5850288,D,B,C,2024-08-27,4000000.00,3.733495,102.3669375
16:01:39,91282CLD1,TSRYS5850288,D,S,D,2024-08-27,1000000.00,3.733454,102.3671875
16:01:39,91282CLD1,TSRYS5850288,D,S,D,2024-08-27,1000000.00,3.733454,102.3671875
16:01:39,91282CLD1,TSRYS5850288,D,B,C,2024-08-27,1000000.00,3.733454,102.3671875
16:01:39,91282CLD1,TSRYS5850288,D,S,D,2024-08-27,1000000.00,3.733454,102.3671875
16:01:39,91282CLD1,TSRYS5850288,D,S,D,2024-08-27,1000000.00,3.733454,102.3671875
16:01:39,91282CLD1,TSRYS5850288,D,S,D,2024-08-27,1000000.00,3.733454,102.3671875
16:01:39,91282CLD1,TSRYS5850288,D,S,D,2024-08-27,4000000.00,3.733454,102.3671875
16:01:39,91282CLD1,TSRYS5850288,D,B,C,2024-08-27,1000000.00,3.733454,102.3671875
16:01:39,91282CLD1,TSRYS5850288,D,S,D,2024-08-27,1000000.00,3.733454,102.3671875
16:01:39,91282CLD1,TSRYS5850288,D,B,C,2024-08-27,1000000.00,3.733454,102.3671875
16:01:39,91282CLD1,TSRYS5850288,D,S,D,2024-08-27,1000000.00,3.733454,102.3671875
16:01:39,91282CLD1,TSRYS5850288,D,B,C,2024-08-27,1000000.00,3.733454,102.3671875
16:01:39,91282CLD1,TSRYS5850288,D,S,D,2024-08-27,1000000.00,3.733454,102.3671875
16:01:39,91282CLD1,TSRYS5850288,D,B,C,2024-08-27,1000000.00,3.733454,102.3671875
16:01:39,91282CLD1,TSRYS5850288,D,S,D,2024-08-27,1000000.00,3.733454,102.3671875
16:01:39,91282CLD1,TSRYS5850288,D,S,D,2024-08-27,1000000.00,3.733454,102.3671875
16:01:39,91282CLD1,TSRYS5850288,D,S,D,2024-08-27,3000000.00,3.733454,102.3671875
16:01:39,91282CLD1,TSRYS5850288,D,B,C,2024-08-27,1000000.00,3.733454,102.3671875
16:01:39,91282CLD1,TSRYS5850288,D,B,C,2024-08-27,3000000.00,3.733454,102.3671875
16:01:39,91282CLD1,TSRYS5850288,D,S,D,2024-08-27,1000000.00,3.733454,102.3671875
16:01:39,91282CLD1,TSRYS5850288,D,S,D,2024-08-27,1000000.00,3.733454,102.3671875
16:01:39,91282CLD1,TSRYS5850288,D,B,C,2024-08-27,1000000.00,3.733454,102.3671875
16:01:39,91282CLD1,TSRYS5850288,D,B,C,2024-08-27,1000000.00,3.733454,102.3671875
16:01:39,91282CLD1,TSRYS5850288,D,S,D,2024-08-27,1000000.00,3.733454,102.3671875
16:01:39,91282CLD1,TSRYS5850288,D,S,D,2024-08-27,1000000.00,3.733454,102.3671875
16:01:39,91282CLD1,TSRYS5850288,D,B,C,2024-08-27,1000000.00,3.733454,102.3671875
16:01:39,91282CLD1,TSRYS5850288,D,S,D,2024-08-27,4000000.00,3.733454,102.3671875
16:01:39,91282CLD1,TSRYS5850288,D,B,C,2024-08-27,4000000.00,3.733479,102.3670375
16:01:39,91282CLD1,TSRYS5850288,D,B,C,2024-08-27,1000000.00,3.733454,102.3671875
16:01:39,91282CLD1,TSRYS5850288,D,B,C,2024-08-27,1000000.00,3.733454,102.3671875
16:01:39,91282CLD1,TSRYS5850288,D,S,D,2024-08-27,1000000.00,3.733454,102.3671875
16:01:39,91282CLD1,TSRYS5850288,D,S,D,2024-08-27,1000000.00,3.733454,102.3671875
16:01:39,91282CLD1,TSRYS5850288,D,B,C,2024-08-27,1000000.00,3.733454,102.3671875
16:01:39,91282CLD1,TSRYS5850288,D,S,D,2024-08-27,1000000.00,3.733454,102.3671875
16:01:39,91282CLD1,TSRYS5850288,D,B,C,2024-08-27,4000000.00,3.733454,102.3671875
16:01:39,91282CLD1,TSRYS5850288,D,S,D,2024-08-27,4000000.00,3.733454,102.3671875
16:01:39,91282CLD1,TSRYS5850288,D,S,D,2024-08-27,1000000.00,3.733454,102.3671875
16:01:39,91282CLD1,TSRYS5850288,D,S,D,2024-08-27,1000000.00,3.733454,102.3671875
16:01:39,91282CLD1,TSRYS5850288,D,B,C,2024-08-27,1000000.00,3.733495,102.3669375
16:01:39,91282CLD1,TSRYS5850288,D,S,C,2024-08-27,1000000.00,3.733454,102.3671875
16:01:39,91282CLD1,TSRYS5850288,D,S,T,2024-08-27,1000000.00,3.733454,102.3671875
16:01:39,91282CLD1,TSRYS5850288,D,S,D,2024-08-27,1000000.00,3.733454,102.3671875
16:01:39,91282CLD1,TSRYS5850288,D,B,C,2024-08-27,1000000.00,3.733454,102.3671875
16:01:40,91282CLD1,TSRYS5850288,D,S,D,2024-08-27,1000000.00,3.733454,102.3671875
16:01:40,91282CLD1,TSRYS5850288,D,B,C,2024-08-27,1000000.00,3.733454,102.3671875
16:01:40,91282CLD1,TSRYS5850288,D,S,D,2024-08-27,2000000.00,3.732181,102.375
16:01:40,91282CLD1,TSRYS5850288,D,B,C,2024-08-27,2000000.00,3.732205,102.37485
16:01:40,91282CLD1,TSRYS5850288,D,S,T,2024-08-27,1000000.00,3.733454,102.3671875
16:01:40,91282CLD1,TSRYS5850288,D,S,C,2024-08-27,1000000.00,3.731863,102.37695312
16:01:41,91282CLD1,TSRYS5850288,D,S,C,2024-08-27,1000000.00,3.732181,102.375
16:01:41,91282CLD1,TSRYS5850288,D,S,T,2024-08-27,1000000.00,3.733454,102.3671875
16:01:42,91282CLD1,TSRYS5850288,D,S,A,2024-08-27,1100000.00,3.730542,102.38327
16:01:42,91282CLD1,TSRYS5850288,D,S,T,2024-08-27,1000000.00,3.733454,102.3671875
16:01:42,91282CLD1,TSRYS5850288,D,S,C,2024-08-27,1000000.00,3.732181,102.375
16:01:42,91282CLD1,TSRYS5850288,D,S,C,2024-08-27,1000000.00,3.732181,102.375
16:01:42,91282CLD1,TSRYS5850288,D,S,C,2024-08-27,1000000.00,3.732181,102.375
16:01:43,91282CLD1,TSRYS5850288,D,S,C,2024-08-27,1000000.00,3.734409,102.36132812
16:01:46,91282CLD1,TSRYS5850288,D,S,D,2024-08-27,195600.00,3.730908,102.3828125
16:01:46,91282CLD1,TSRYS5850288,D,B,A,2024-08-27,1164000.00,3.732436,102.3734375
16:01:46,91282CLD1,TSRYS5850288,D,S,D,2024-08-27,2000000.00,3.734409,102.36132812
16:01:47,91282CLD1,TSRYS5850288,D,S,D,2024-08-27,1000000.00,3.733772,102.36523437
16:01:47,91282CLD1,TSRYS5850288,D,S,C,2024-08-27,1000000.00,3.734409,102.36132812
16:01:47,91282CLD1,TSRYS5850288,D,S,C,2024-08-27,3000000.00,3.734409,102.36132812
16:01:50,91282CLD1,TSRYS5850288,D,S,D,2024-08-27,1000000.00,3.733772,102.36523437
16:01:50,91282CLD1,TSRYS5850288,D,S,D,2024-08-27,3000000.00,3.734409,102.36132812
16:01:50,91282CLD1,TSRYS5850288,D,S,T,2024-08-27,1000000.00,3.734409,102.36132812
16:01:50,91282CLD1,TSRYS5850288,D,S,C,2024-08-27,1000000.00,3.734091,102.36328125
16:01:52,91282CLD1,TSRYS5850288,D,S,C,2024-08-27,1000000.00,3.734091,102.36328125
16:01:56,91282CLD1,TSRYS5850288,D,S,D,2024-08-27,1000000.00,3.734728,102.359375
16:01:56,91282CLD1,TSRYS5850288,D,S,D,2024-08-27,1000000.00,3.733454,102.3671875
16:01:56,91282CLD1,TSRYS5850288,D,B,C,2024-08-27,1000000.00,3.733454,102.3671875
16:01:57,91282CLD1,TSRYS5850288,D,S,D,2024-08-27,1000000.00,3.73216,102.37513
16:01:57,91282CLD1,TSRYS5850288,D,B,C,2024-08-27,1000000.00,3.732181,102.375
16:01:57,91282CLD1,TSRYS5850288,D,S,D,2024-08-27,1000000.00,3.73216,102.37513
16:01:57,91282CLD1,TSRYS5850288,D,B,C,2024-08-27,555000.00,3.732883,102.37069375
16:02:03,91282CLD1,TSRYS5850288,D,S,D,2024-08-27,45000000.00,3.733152,102.36904
16:02:04,91282CLD1,TSRYS5850288,D,S,D,2024-08-27,70000.00,3.73104,102.382
16:02:04,91282CLD1,TSRYS5850288,D,S,D,2024-08-27,2000000.00,3.732818,102.37109375
16:02:05,91282CLD1,TSRYS5850288,D,S,D,2024-08-27,2000000.00,3.732818,102.37109375
16:02:06,91282CLD1,TSRYS5850288,D,S,D,2024-08-27,6450000.00,3.732818,102.37109375
16:02:07,91282CLD1,TSRYS5850288,D,S,D,2024-08-27,2000000.00,3.733454,102.3671875
16:02:07,91282CLD1,TSRYS5850288,D,S,D,2024-08-27,2000000.00,3.733136,102.369140625
16:02:07,91282CLD1,TSRYS5850288,D,S,D,2024-08-27,1000000.00,3.732181,102.375
16:02:08,91282CLD1,TSRYS5850288,D,S,D,2024-08-27,1000000.00,3.733454,102.3671875
16:02:08,91282CLD1,TSRYS5850288,D,S,D,2024-08-27,550000.00,3.732181,102.375
16:02:08,91282CLD1,TSRYS5850288,D,S,D,2024-08-27,1000000.00,3.733454,102.3671875
16:02:08,91282CLD1,TSRYS5850288,D,S,D,2024-08-27,1000000.00,3.733454,102.3671875
16:02:12,91282CLD1,TSRYS5850288,D,S,C,2024-08-27,1000000.00,3.73343,102.3673375
16:02:12,91282CLD1,TSRYS5850288,D,B,C,2024-08-27,1000000.00,3.733454,102.3671875
16:02:12,91282CLD1,TSRYS5850288,D,S,C,2024-08-27,1000000.00,3.73343,102.3673375
16:02:14,91282CLD1,TSRYS5850288,D,S,C,2024-08-27,70000.00,3.73104,102.382
16:02:17,91282CLD1,TSRYS5850288,D,S,T,2024-08-27,2000000.00,3.733136,102.369140625
16:02:17,91282CLD1,TSRYS5850288,D,S,T,2024-08-27,1000000.00,3.733454,102.3671875
16:02:17,91282CLD1,TSRYS5850288,D,S,T,2024-08-27,1000000.00,3.733454,102.3671875
16:02:17,91282CLD1,TSRYS5850288,D,S,T,2024-08-27,1000000.00,3.733454,102.3671875
16:02:17,91282CLD1,TSRYS5850288,D,S,T,2024-08-27,2000000.00,3.733454,102.3671875
16:02:23,91282CLD1,TSRYS5850288,D,S,D,2024-08-27,1000000.00,3.732181,102.375
16:02:24,91282CLD1,TSRYS5850288,D,S,D,2024-08-27,20000000.00,3.733454,102.3671875
16:02:24,91282CLD1,TSRYS5850288,D,S,D,2024-08-27,1000000.00,3.733454,102.3671875
16:02:35,91282CLD1,TSRYS5850288,D,B,C,2024-08-27,3000000.00,3.733772,102.36523437
16:02:38,91282CLD1,TSRYS5850288,D,S,D,2024-08-27,1000000.00,3.732181,102.375
16:02:41,91282CLD1,TSRYS5850288,D,B,C,2024-08-27,3000000.00,3.732818,102.37109375
16:02:41,91282CLD1,TSRYS5850288,D,B,C,2024-08-27,1000000.00,3.732818,102.37109375
16:02:49,91282CLD1,TSRYS5850288,D,S,D,2024-08-27,1000000.00,3.734728,102.359375
16:02:49,91282CLD1,TSRYS5850288,D,S,D,2024-08-27,1000000.00,3.734707,102.3595
16:02:50,91282CLD1,TSRYS5850288,D,S,T,2024-08-27,1000000.00,3.734728,102.359375
16:02:50,91282CLD1,TSRYS5850288,D,S,D,2024-08-27,1000000.00,3.734707,102.3595
16:02:51,91282CLD1,TSRYS5850288,D,S,T,2024-08-27,1000000.00,3.734728,102.359375
16:02:52,91282CLD1,TSRYS5850288,D,S,D,2024-08-27,1000000.00,3.735364,102.35546875
16:02:52,91282CLD1,TSRYS5850288,D,B,A,2024-08-27,10000.00,3.734218,102.3625
16:02:53,91282CLD1,TSRYS5850288,D,B,A,2024-08-27,9000.00,3.734218,102.3625
16:02:54,91282CLD1,TSRYS5850288,D,S,D,2024-08-27,1000000.00,3.732181,102.375
16:02:54,91282CLD1,TSRYS5850288,D,S,D,2024-08-27,1000000.00,3.734728,102.359375
16:02:54,91282CLD1,TSRYS5850288,D,S,D,2024-08-27,1000000.00,3.734728,102.359375
16:02:54,91282CLD1,TSRYS5850288,D,S,T,2024-08-27,1000000.00,3.734728,102.359375
16:02:54,91282CLD1,TSRYS5850288,D,S,T,2024-08-27,1000000.00,3.734728,102.359375
16:02:54,91282CLD1,TSRYS5850288,D,S,T,2024-08-27,1000000.00,3.734728,102.359375
16:02:55,91282CLD1,TSRYS5850288,D,S,D,2024-08-27,1025000.00,3.732181,102.375
16:02:55,91282CLD1,TSRYS5850288,D,S,T,2024-08-27,1000000.00,3.734728,102.359375
16:02:56,91282CLD1,TSRYS5850288,D,S,T,2024-08-27,4000000.00,3.734728,102.359375
16:02:56,91282CLD1,TSRYS5850288,D,S,D,2024-08-27,1000000.00,3.734728,102.359375
16:02:58,91282CLD1,TSRYS5850288,D,S,D,2024-08-27,1000000.00,3.735364,102.35546875
16:02:59,91282CLD1,TSRYS5850288,D,S,T,2024-08-27,1000000.00,3.735364,102.35546875
16:02:59,91282CLD1,TSRYS5850288,D,S,T,2024-08-27,1000000.00,3.734728,102.359375
16:03:06,91282CLD1,TSRYS5850288,D,S,T,2024-08-27,1000000.00,3.735364,102.35546875
16:03:07,91282CLD1,TSRYS5850288,D,S,D,2024-08-27,1000000.00,3.735364,102.35546875
16:03:08,91282CLD1,TSRYS5850288,D,S,D,2024-08-27,1000000.00,3.735364,102.35546875
16:03:08,91282CLD1,TSRYS5850288,D,S,D,2024-08-27,1000000.00,3.735364,102.35546875
16:03:09,91282CLD1,TSRYS5850288,D,S,D,2024-08-27,1000000.00,3.735364,102.35546875
16:03:09,91282CLD1,TSRYS5850288,D,S,D,2024-08-27,1000000.00,3.735364,102.35546875
16:03:09,91282CLD1,TSRYS5850288,D,S,D,2024-08-27,1000000.00,3.735364,102.35546875
16:03:09,91282CLD1,TSRYS5850288,D,S,D,2024-08-27,1000000.00,3.735364,102.35546875
16:03:09,91282CLD1,TSRYS5850288,D,S,D,2024-08-27,1000000.00,3.735364,102.35546875
16:03:10,91282CLD1,TSRYS5850288,D,S,D,2024-08-27,1000000.00,3.732181,102.375
16:03:12,91282CLD1,TSRYS5850288,D,S,C,2024-08-27,1000000.00,3.735332,102.35566875
16:03:13,91282CLD1,TSRYS5850288,D,S,T,2024-08-27,1000000.00,3.735364,102.35546875
16:03:16,91282CLD1,TSRYS5850288,D,S,T,2024-08-27,1000000.00,3.734091,102.36328125
16:03:16,91282CLD1,TSRYS5850288,D,B,C,2024-08-27,1000000.00,3.734728,102.359375
16:03:16,91282CLD1,TSRYS5850288,D,S,C,2024-08-27,1000000.00,3.734728,102.359375
16:03:17,91282CLD1,TSRYS5850288,D,B,C,2024-08-27,49200000.00,3.8344,101.75
16:03:18,91282CLD1,TSRYS5850288,D,S,C,2024-08-27,1000000.00,3.734728,102.359375
16:03:18,91282CLD1,TSRYS5850288,D,S,D,2024-08-27,1000000.00,3.735046,102.357421875
16:03:19,91282CLD1,TSRYS5850288,D,B,C,2024-08-27,1000000.00,3.735078,102.357221875
16:03:19,91282CLD1,TSRYS5850288,D,S,T,2024-08-27,1000000.00,3.734728,102.359375
16:03:20,91282CLD1,TSRYS5850288,D,S,T,2024-08-27,1000000.00,3.735364,102.35546875
16:03:20,91282CLD1,TSRYS5850288,D,S,T,2024-08-27,1000000.00,3.735364,102.35546875
16:03:20,91282CLD1,TSRYS5850288,D,S,T,2024-08-27,1000000.00,3.735364,102.35546875
16:03:25,91282CLD1,TSRYS5850288,D,S,D,2024-08-27,1000000.00,3.734728,102.359375
16:03:25,91282CLD1,TSRYS5850288,D,S,T,2024-08-27,1000000.00,3.735364,102.35546875
16:03:27,91282CLD1,TSRYS5850288,D,S,T,2024-08-27,1000000.00,3.735364,102.35546875
16:03:27,91282CLD1,TSRYS5850288,D,S,T,2024-08-27,1000000.00,3.735364,102.35546875
16:03:27,91282CLD1,TSRYS5850288,D,S,T,2024-08-27,1000000.00,3.735364,102.35546875
16:03:27,91282CLD1,TSRYS5850288,D,S,T,2024-08-27,1000000.00,3.735364,102.35546875
16:03:28,91282CLD1,TSRYS5850288,D,S,D,2024-08-27,1000000.00,3.732181,102.375
16:03:29,91282CLD1,TSRYS5850288,D,S,T,2024-08-27,1000000.00,3.734728,102.359375
16:03:30,91282CLD1,TSRYS5850288,D,S,T,2024-08-27,1000000.00,3.734728,102.359375
16:03:30,91282CLD1,TSRYS5850288,D,S,T,2024-08-27,1000000.00,3.734728,102.359375
16:03:33,91282CLD1,TSRYS5850288,D,S,T,2024-08-27,1000000.00,3.734728,102.359375
16:03:33,91282CLD1,TSRYS5850288,D,S,T,2024-08-27,1000000.00,3.734728,102.359375
16:03:33,91282CLD1,TSRYS5850288,D,S,T,2024-08-27,1000000.00,3.734728,102.359375
16:03:34,91282CLD1,TSRYS5850288,D,S,T,2024-08-27,1000000.00,3.734728,102.359375
16:03:35,91282CLD1,TSRYS5850288,D,S,T,2024-08-27,1000000.00,3.734728,102.359375
16:03:35,91282CLD1,TSRYS5850288,D,S,T,2024-08-27,1000000.00,3.734728,102.359375
16:03:35,91282CLD1,TSRYS5850288,D,S,T,2024-08-27,1000000.00,3.734728,102.359375
16:03:35,91282CLD1,TSRYS5850288,D,S,T,2024-08-27,1000000.00,3.734728,102.359375
16:03:35,91282CLD1,TSRYS5850288,D,S,T,2024-08-27,1000000.00,3.734409,102.361328125
16:03:36,91282CLD1,TSRYS5850288,D,S,T,2024-08-27,1000000.00,3.734728,102.359375
16:03:38,91282CLD1,TSRYS5850288,D,S,C,2024-08-27,1000000.00,3.734409,102.361328125
16:03:40,91282CLD1,TSRYS5850288,D,B,C,2024-08-27,2000000.00,3.734752,102.359225
16:03:40,91282CLD1,TSRYS5850288,D,S,C,2024-08-27,2000000.00,3.734728,102.359375
16:03:40,91282CLD1,TSRYS5850288,D,B,C,2024-08-27,1000000.00,3.734728,102.359375
16:03:40,91282CLD1,TSRYS5850288,D,S,C,2024-08-27,1000000.00,3.734728,102.359375
16:03:40,91282CLD1,TSRYS5850288,D,S,C,2024-08-27,4000000.00,3.734728,102.359375
16:03:40,91282CLD1,TSRYS5850288,D,S,D,2024-08-27,1000000.00,3.734728,102.359375
16:03:40,91282CLD1,TSRYS5850288,D,S,C,2024-08-27,1000000.00,3.734728,102.359375
16:03:40,91282CLD1,TSRYS5850288,D,S,C,2024-08-27,1000000.00,3.734728,102.359375
16:03:40,91282CLD1,TSRYS5850288,D,B,C,2024-08-27,1000000.00,3.734728,102.359375
16:03:40,91282CLD1,TSRYS5850288,D,S,D,2024-08-27,1000000.00,3.734728,102.359375
16:03:41,91282CLD1,TSRYS5850288,D,S,C,2024-08-27,1000000.00,3.734728,102.359375
16:03:41,91282CLD1,TSRYS5850288,D,S,T,2024-08-27,1000000.00,3.734728,102.359375
16:03:41,91282CLD1,TSRYS5850288,D,S,T,2024-08-27,1000000.00,3.734728,102.359375
16:03:41,91282CLD1,TSRYS5850288,D,S,T,2024-08-27,1000000.00,3.734728,102.359375
16:03:41,91282CLD1,TSRYS5850288,D,S,T,2024-08-27,1000000.00,3.734728,102.359375
16:03:42,91282CLD1,TSRYS5850288,D,S,C,2024-08-27,1000000.00,3.732818,102.37109375
16:03:42,91282CLD1,TSRYS5850288,D,S,T,2024-08-27,1000000.00,3.734728,102.359375
16:03:42,91282CLD1,TSRYS5850288,D,S,T,2024-08-27,1000000.00,3.734728,102.359375
16:03:44,91282CLD1,TSRYS5850288,D,S,D,2024-08-27,1000000.00,3.732181,102.375
16:03:44,91282CLD1,TSRYS5850288,D,S,T,2024-08-27,1000000.00,3.734728,102.359375
16:03:45,91282CLD1,TSRYS5850288,D,S,D,2024-08-27,1000000.00,3.734728,102.359375
16:03:45,91282CLD1,TSRYS5850288,D,S,C,2024-08-27,2000000.00,3.734728,102.359375
16:03:47,91282CLD1,TSRYS5850288,D,S,C,2024-08-27,2000000.00,3.734728,102.359375
16:03:47,91282CLD1,TSRYS5850288,D,S,C,2024-08-27,3000000.00,3.734728,102.359375
16:03:47,91282CLD1,TSRYS5850288,D,S,C,2024-08-27,2000000.00,3.734728,102.359375
16:03:47,91282CLD1,TSRYS5850288,D,S,D,2024-08-27,1000000.00,3.734728,102.359375
16:03:49,91282CLD1,TSRYS5850288,D,S,T,2024-08-27,1000000.00,3.734728,102.359375
16:03:49,91282CLD1,TSRYS5850288,D,S,T,2024-08-27,1000000.00,3.734728,102.359375
16:03:49,91282CLD1,TSRYS5850288,D,S,C,2024-08-27,1000000.00,3.734728,102.359375
16:03:50,91282CLD1,TSRYS5850288,D,S,C,2024-08-27,2000000.00,3.734728,102.359375
16:03:50,91282CLD1,TSRYS5850288,D,S,D,2024-08-27,1000000.00,3.734409,102.36132812
16:03:52,91282CLD1,TSRYS5850288,D,S,D,2024-08-27,1000000.00,3.734409,102.36132812
16:03:52,91282CLD1,TSRYS5850288,D,S,D,2024-08-27,1000000.00,3.734409,102.36132812
16:03:53,91282CLD1,TSRYS5850288,D,S,C,2024-08-27,1000000.00,3.734728,102.359375
16:03:54,91282CLD1,TSRYS5850288,D,S,C,2024-08-27,2000000.00,3.734728,102.359375
16:03:54,91282CLD1,TSRYS5850288,D,S,C,2024-08-27,1000000.00,3.734728,102.359375
16:03:54,91282CLD1,TSRYS5850288,D,S,C,2024-08-27,2000000.00,3.734728,102.359375
16:03:54,91282CLD1,TSRYS5850288,D,S,C,2024-08-27,1000000.00,3.734728,102.359375
16:03:54,91282CLD1,TSRYS5850288,D,S,C,2024-08-27,1000000.00,3.734728,102.359375
16:03:54,91282CLD1,TSRYS5850288,D,S,C,2024-08-27,1000000.00,3.734728,102.359375
16:03:55,91282CLD1,TSRYS5850288,D,S,C,2024-08-27,2000000.00,3.734728,102.359375
16:03:55,91282CLD1,TSRYS5850288,D,S,C,2024-08-27,1000000.00,3.734728,102.359375
16:03:56,91282CLD1,TSRYS5850288,D,S,D,2024-08-27,2000000.00,3.734728,102.359375
16:03:57,91282CLD1,TSRYS5850288,D,S,D,2024-08-27,1000000.00,3.734409,102.36132812
16:03:57,91282CLD1,TSRYS5850288,D,S,D,2024-08-27,1000000.00,3.734409,102.36132812
16:03:58,91282CLD1,TSRYS5850288,D,S,D,2024-08-27,1000000.00,3.734409,102.361328125
16:03:59,91282CLD1,TSRYS5850288,D,S,D,2024-08-27,1000000.00,3.734409,102.36132812
16:03:59,91282CLD1,TSRYS5850288,D,S,D,2024-08-27,1000000.00,3.734728,102.359375
16:03:59,91282CLD1,TSRYS5850288,D,B,C,2024-08-27,30000000.00,3.734728,102.359375
16:03:59,91282CLD1,TSRYS5850288,D,S,T,2024-08-27,1000000.00,3.734728,102.359375
16:03:59,91282CLD1,TSRYS5850288,D,S,T,2024-08-27,1000000.00,3.734728,102.359375
16:04:00,91282CLD1,TSRYS5850288,D,S,T,2024-08-27,1000000.00,3.734728,102.359375
16:04:00,91282CLD1,TSRYS5850288,D,S,T,2024-08-27,1000000.00,3.734728,102.359375
16:04:00,91282CLD1,TSRYS5850288,D,S,D,2024-08-27,1000000.00,3.734409,102.361328125
16:04:03,91282CLD1,TSRYS5850288,D,S,D,2024-08-27,1000000.00,3.732181,102.375
16:04:06,91282CLD1,TSRYS5850288,D,S,T,2024-08-27,1000000.00,3.734728,102.359375
16:04:06,91282CLD1,TSRYS5850288,D,S,D,2024-08-27,1000000.00,3.734728,102.359375
16:04:06,91282CLD1,TSRYS5850288,D,S,D,2024-08-27,1000000.00,3.734409,102.361328125
16:04:07,91282CLD1,TSRYS5850288,D,S,T,2024-08-27,1000000.00,3.734728,102.359375
16:04:11,91282CLD1,TSRYS5850288,D,S,C,2024-08-27,1000000.00,3.734728,102.359375
16:04:11,91282CLD1,TSRYS5850288,D,S,D,2024-08-27,1000000.00,3.734728,102.359375
16:04:11,91282CLD1,TSRYS5850288,D,S,D,2024-08-27,1000000.00,3.734728,102.359375
16:04:11,91282CLD1,TSRYS5850288,D,S,D,2024-08-27,1000000.00,3.734728,102.359375
16:04:11,91282CLD1,TSRYS5850288,D,S,D,2024-08-27,1000000.00,3.734728,102.359375
16:04:11,91282CLD1,TSRYS5850288,D,S,D,2024-08-27,1000000.00,3.734728,102.359375
16:04:11,91282CLD1,TSRYS5850288,D,S,D,2024-08-27,1000000.00,3.734728,102.359375
16:04:11,91282CLD1,TSRYS5850288,D,S,D,2024-08-27,1000000.00,3.734728,102.359375
16:04:11,91282CLD1,TSRYS5850288,D,S,D,2024-08-27,1000000.00,3.734728,102.359375
16:04:11,91282CLD1,TSRYS5850288,D,S,D,2024-08-27,1000000.00,3.734728,102.359375
16:04:11,91282CLD1,TSRYS5850288,D,S,D,2024-08-27,1000000.00,3.734728,102.359375
16:04:11,91282CLD1,TSRYS5850288,D,S,D,2024-08-27,1000000.00,3.734728,102.359375
16:04:11,91282CLD1,TSRYS5850288,D,S,D,2024-08-27,1000000.00,3.734728,102.359375
16:04:11,91282CLD1,TSRYS5850288,D,S,D,2024-08-27,1000000.00,3.734728,102.359375
16:04:11,91282CLD1,TSRYS5850288,D,B,C,2024-08-27,1000000.00,3.734744,102.359275
16:04:11,91282CLD1,TSRYS5850288,D,S,D,2024-08-27,1000000.00,3.734728,102.359375
16:04:11,91282CLD1,TSRYS5850288,D,S,D,2024-08-27,1000000.00,3.734728,102.359375
16:04:11,91282CLD1,TSRYS5850288,D,S,D,2024-08-27,1000000.00,3.734728,102.359375
16:04:11,91282CLD1,TSRYS5850288,D,S,D,2024-08-27,1000000.00,3.734728,102.359375
16:04:11,91282CLD1,TSRYS5850288,D,S,C,2024-08-27,1000000.00,3.734711,102.359475
16:04:11,91282CLD1,TSRYS5850288,D,S,D,2024-08-27,85000.00,3.735364,102.35546875
16:04:14,91282CLD1,TSRYS5850288,D,S,T,2024-08-27,1000000.00,3.734728,102.359375
16:04:19,91282CLD1,TSRYS5850288,D,S,D,2024-08-27,1000000.00,3.732181,102.375
16:04:25,91282CLD1,TSRYS5850288,D,S,T,2024-08-27,1000000.00,3.734728,102.359375
16:04:29,91282CLD1,TSRYS5850288,D,S,D,2024-08-27,1000000.00,3.734728,102.359375
16:04:29,91282CLD1,TSRYS5850288,D,S,D,2024-08-27,1000000.00,3.734728,102.359375
16:04:29,91282CLD1,TSRYS5850288,D,S,D,2024-08-27,1000000.00,3.734728,102.359375
16:04:30,91282CLD1,TSRYS5850288,D,S,D,2024-08-27,1000000.00,3.734728,102.359375
16:04:31,91282CLD1,TSRYS5850288,D,S,T,2024-08-27,1000000.00,3.734409,102.36132812
16:04:32,91282CLD1,TSRYS5850288,D,S,D,2024-08-27,1000000.00,3.734409,102.36132812
16:04:33,91282CLD1,TSRYS5850288,D,S,D,2024-08-27,1000000.00,3.732181,102.375
16:04:33,91282CLD1,TSRYS5850288,D,S,D,2024-08-27,2000000.00,3.734409,102.36132812
16:04:35,91282CLD1,TSRYS5850288,D,S,D,2024-08-27,1000000.00,3.734409,102.36132812
16:04:35,91282CLD1,TSRYS5850288,D,S,D,2024-08-27,1000000.00,3.734409,102.36132812
16:04:36,91282CLD1,TSRYS5850288,D,S,D,2024-08-27,2000000.00,3.734409,102.361328125
16:04:36,91282CLD1,TSRYS5850288,D,S,D,2024-08-27,1000000.00,3.734728,102.359375
16:04:36,91282CLD1,TSRYS5850288,D,S,D,2024-08-27,1000000.00,3.734728,102.359375
16:04:36,91282CLD1,TSRYS5850288,D,S,D,2024-08-27,2000000.00,3.734728,102.359375
16:04:37,91282CLD1,TSRYS5850288,D,S,C,2024-08-27,1000000.00,3.734728,102.359375
16:04:37,91282CLD1,TSRYS5850288,D,S,C,2024-08-27,1000000.00,3.734409,102.361328125
16:04:37,91282CLD1,TSRYS5850288,D,S,D,2024-08-27,1000000.00,3.734091,102.36328125
16:04:37,91282CLD1,TSRYS5850288,D,S,C,2024-08-27,2000000.00,3.734409,102.361328125
16:04:38,91282CLD1,TSRYS5850288,D,B,C,2024-08-27,99500000.00,3.8344,101.75
16:04:38,91282CLD1,TSRYS5850288,D,S,C,2024-08-27,1000000.00,3.734728,102.359375
16:04:43,91282CLD1,TSRYS5850288,D,S,D,2024-08-27,1000000.00,3.735046,102.35742187
16:04:44,91282CLD1,TSRYS5850288,D,S,C,2024-08-27,1000000.00,3.734711,102.359475
16:04:44,91282CLD1,TSRYS5850288,D,S,T,2024-08-27,1000000.00,3.734728,102.359375
16:04:52,91282CLD1,TSRYS5850288,D,S,D,2024-08-27,1000000.00,3.734728,102.359375
16:04:52,91282CLD1,TSRYS5850288,D,S,D,2024-08-27,1000000.00,3.734728,102.359375
16:04:52,91282CLD1,TSRYS5850288,D,S,D,2024-08-27,1000000.00,3.732181,102.375
16:04:52,91282CLD1,TSRYS5850288,D,S,C,2024-08-27,1000000.00,3.734728,102.359375
16:04:52,91282CLD1,TSRYS5850288,D,S,D,2024-08-27,1000000.00,3.734728,102.359375
16:04:53,91282CLD1,TSRYS5850288,D,S,T,2024-08-27,1000000.00,3.734409,102.361328125
16:04:55,91282CLD1,TSRYS5850288,D,S,T,2024-08-27,1000000.00,3.734728,102.359375
16:04:55,91282CLD1,TSRYS5850288,D,S,T,2024-08-27,1000000.00,3.734728,102.359375
16:04:56,91282CLD1,TSRYS5850288,D,S,C,2024-08-27,1000000.00,3.734728,102.359375
16:04:56,91282CLD1,TSRYS5850288,D,B,C,2024-08-27,1000000.00,3.734728,102.359375
16:04:56,91282CLD1,TSRYS5850288,D,S,D,2024-08-27,1000000.00,3.734728,102.359375
16:04:57,91282CLD1,TSRYS5850288,D,S,D,2024-08-27,1000000.00,3.734728,102.359375
16:04:57,91282CLD1,TSRYS5850288,D,S,D,2024-08-27,1000000.00,3.734728,102.359375
16:04:59,91282CLD1,TSRYS5850288,D,S,D,2024-08-27,1000000.00,3.734728,102.359375
16:04:59,91282CLD1,TSRYS5850288,D,S,D,2024-08-27,1000000.00,3.734728,102.359375
16:05:00,91282CLD1,TSRYS5850288,D,S,C,2024-08-27,2000000.00,3.735046,102.357421875
16:05:00,91282CLD1,TSRYS5850288,D,S,T,2024-08-27,1000000.00,3.734728,102.359375
16:05:00,91282CLD1,TSRYS5850288,D,S,T,2024-08-27,1000000.00,3.734728,102.359375
16:05:00,91282CLD1,TSRYS5850288,D,S,C,2024-08-27,1000000.00,3.734728,102.359375
16:05:00,91282CLD1,TSRYS5850288,D,S,D,2024-08-27,2000000.00,3.735046,102.357421875
16:05:00,91282CLD1,TSRYS5850288,D,S,C,2024-08-27,1000000.00,3.734728,102.359375
16:05:00,91282CLD1,TSRYS5850288,D,S,C,2024-08-27,1000000.00,3.734728,102.359375
16:05:00,91282CLD1,TSRYS5850288,D,B,C,2024-08-27,1000000.00,3.734728,102.359375
16:05:00,91282CLD1,TSRYS5850288,D,S,C,2024-08-27,1000000.00,3.734728,102.359375
16:05:00,91282CLD1,TSRYS5850288,D,B,C,2024-08-27,1000000.00,3.734728,102.359375
16:05:00,91282CLD1,TSRYS5850288,D,S,C,2024-08-27,1000000.00,3.734728,102.359375
16:05:04,91282CLD1,TSRYS5850288,D,S,D,2024-08-27,2000000.00,3.735095,102.357121
16:05:04,91282CLD1,TSRYS5850288,D,S,D,2024-08-27,2000000.00,3.735095,102.357121
16:05:05,91282CLD1,TSRYS5850288,D,S,C,2024-08-27,1000000.00,3.734728,102.359375
16:05:05,91282CLD1,TSRYS5850288,D,S,C,2024-08-27,1000000.00,3.734728,102.359375
16:05:06,91282CLD1,TSRYS5850288,D,S,D,2024-08-27,19680000.00,3.8344,101.75
16:05:07,91282CLD1,TSRYS5850288,D,S,D,2024-08-27,5500000.00,,102.3671875
16:05:08,91282CLD1,TSRYS5850288,D,S,D,2024-08-27,1000000.00,3.732181,102.375
16:05:11,91282CLD1,TSRYS5850288,D,S,D,2024-08-27,1000000.00,3.734728,102.359375
16:05:11,91282CLD1,TSRYS5850288,D,S,D,2024-08-27,1000000.00,3.734728,102.359375
16:05:11,91282CLD1,TSRYS5850288,D,S,D,2024-08-27,1000000.00,3.734728,102.359375
16:05:11,91282CLD1,TSRYS5850288,D,S,D,2024-08-27,1000000.00,3.734728,102.359375
16:05:11,91282CLD1,TSRYS5850288,D,S,C,2024-08-27,1000000.00,3.734728,102.359375
16:05:12,91282CLD1,TSRYS5850288,D,S,C,2024-08-27,1000000.00,3.734728,102.359375
16:05:14,91282CLD1,TSRYS5850288,D,S,D,2024-08-27,1000000.00,3.734728,102.359375
16:05:16,91282CLD1,TSRYS5850288,D,S,D,2024-08-27,2000000.00,3.734728,102.359375
16:05:17,91282CLD1,TSRYS5850288,D,S,T,2024-08-27,1000000.00,3.734728,102.359375
16:05:17,91282CLD1,TSRYS5850288,D,S,D,2024-08-27,2000000.00,3.734728,102.359375
16:05:19,91282CLD1,TSRYS5850288,D,S,D,2024-08-27,2000000.00,3.734728,102.359375
16:05:19,91282CLD1,TSRYS5850288,D,S,D,2024-08-27,1000000.00,3.734728,102.359375
16:05:19,91282CLD1,TSRYS5850288,D,S,T,2024-08-27,1000000.00,3.734728,102.359375
16:05:19,91282CLD1,TSRYS5850288,D,S,T,2024-08-27,2000000.00,3.734744,102.359275
16:05:20,91282CLD1,TSRYS5850288,D,S,C,2024-08-27,1000000.00,3.734728,102.359375
16:05:20,91282CLD1,TSRYS5850288,D,S,D,2024-08-27,1000000.00,3.734728,102.359375
16:05:20,91282CLD1,TSRYS5850288,D,S,C,2024-08-27,3000000.00,3.734728,102.359375
16:05:20,91282CLD1,TSRYS5850288,D,S,D,2024-08-27,2000000.00,3.734728,102.359375
16:05:22,91282CLD1,TSRYS5850288,D,S,C,2024-08-27,1000000.00,3.734728,102.359375
16:05:22,91282CLD1,TSRYS5850288,D,S,C,2024-08-27,3000000.00,3.734728,102.359375
16:05:22,91282CLD1,TSRYS5850288,D,S,C,2024-08-27,2000000.00,3.734728,102.359375
16:05:22,91282CLD1,TSRYS5850288,D,S,T,2024-08-27,1000000.00,3.734728,102.359375
16:05:23,91282CLD1,TSRYS5850288,D,S,C,2024-08-27,2000000.00,3.734728,102.359375
16:05:23,91282CLD1,TSRYS5850288,D,S,C,2024-08-27,2000000.00,3.734728,102.359375
16:05:23,91282CLD1,TSRYS5850288,D,S,C,2024-08-27,2000000.00,3.734728,102.359375
16:05:23,91282CLD1,TSRYS5850288,D,S,C,2024-08-27,2000000.00,3.734728,102.359375
16:05:23,91282CLD1,TSRYS5850288,D,S,D,2024-08-27,1000000.00,3.734728,102.359375
16:05:23,91282CLD1,TSRYS5850288,D,S,C,2024-08-27,1000000.00,3.734728,102.359375
16:05:23,91282CLD1,TSRYS5850288,D,S,D,2024-08-27,2000000.00,3.734728,102.359375
16:05:23,91282CLD1,TSRYS5850288,D,S,C,2024-08-27,1000000.00,3.734728,102.359375
16:05:23,91282CLD1,TSRYS5850288,D,S,D,2024-08-27,2000000.00,3.734728,102.359375
16:05:24,91282CLD1,TSRYS5850288,D,S,D,2024-08-27,2000000.00,3.734728,102.359375
16:05:24,91282CLD1,TSRYS5850288,D,S,D,2024-08-27,1000000.00,3.734728,102.359375
16:05:24,91282CLD1,TSRYS5850288,D,S,D,2024-08-27,1000000.00,3.734728,102.359375
16:05:24,91282CLD1,TSRYS5850288,D,S,D,2024-08-27,1000000.00,3.734728,102.359375
16:05:24,91282CLD1,TSRYS5850288,D,S,D,2024-08-27,1000000.00,3.734728,102.359375
16:05:24,91282CLD1,TSRYS5850288,D,S,D,2024-08-27,1000000.00,3.734728,102.359375
16:05:24,91282CLD1,TSRYS5850288,D,S,D,2024-08-27,3000000.00,3.734728,102.359375
16:05:24,91282CLD1,TSRYS5850288,D,S,D,2024-08-27,2000000.00,3.734728,102.359375
16:05:26,91282CLD1,TSRYS5850288,D,S,D,2024-08-27,2000000.00,3.734409,102.36132812
16:05:29,91282CLD1,TSRYS5850288,D,S,C,2024-08-27,1000000.00,3.734728,102.359375
16:05:29,91282CLD1,TSRYS5850288,D,S,T,2024-08-27,1000000.00,3.73476,102.359175
16:05:31,91282CLD1,TSRYS5850288,D,S,T,2024-08-27,1000000.00,3.734728,102.359375
16:05:35,91282CLD1,TSRYS5850288,D,B,C,2024-08-27,1000000.00,3.734728,102.359375
16:05:35,91282CLD1,TSRYS5850288,D,S,D,2024-08-27,1000000.00,3.734728,102.359375
16:05:36,91282CLD1,TSRYS5850288,D,S,D,2024-08-27,1000000.00,3.734728,102.359375
16:05:36,91282CLD1,TSRYS5850288,D,S,T,2024-08-27,14750000.00,3.8344,101.75
16:05:36,91282CLD1,TSRYS5850288,D,S,T,2024-08-27,24600000.00,3.8344,101.75
16:05:36,91282CLD1,TSRYS5850288,D,S,T,2024-08-27,9850000.00,3.8344,101.75
16:05:38,91282CLD1,TSRYS5850288,D,S,T,2024-08-27,1000000.00,3.734728,102.359375
16:05:42,91282CLD1,TSRYS5850288,D,S,D,2024-08-27,2000000.00,3.734728,102.359375
16:05:44,91282CLD1,TSRYS5850288,D,S,D,2024-08-27,1000000.00,3.734728,102.359375
16:05:47,91282CLD1,TSRYS5850288,D,S,D,2024-08-27,1000000.00,3.734728,102.359375
16:05:51,91282CLD1,TSRYS5850288,D,S,D,2024-08-27,1000000.00,3.734728,102.359375
16:05:55,91282CLD1,TSRYS5850288,D,S,T,2024-08-27,14750000.00,,101.75
16:05:56,91282CLD1,TSRYS5850288,D,S,T,2024-08-27,1000000.00,3.734728,102.359375
16:05:57,91282CLD1,TSRYS5850288,D,S,C,2024-08-27,1000000.00,3.734728,102.359375
16:05:57,91282CLD1,TSRYS5850288,D,S,D,2024-08-27,1000000.00,3.734728,102.359375
16:05:57,91282CLD1,TSRYS5850288,D,S,D,2024-08-27,1000000.00,3.734728,102.359375
16:05:57,91282CLD1,TSRYS5850288,D,S,D,2024-08-27,1000000.00,3.734728,102.359375
16:05:57,91282CLD1,TSRYS5850288,D,S,D,2024-08-27,3000000.00,3.734409,102.36132812
16:05:57,91282CLD1,TSRYS5850288,D,S,C,2024-08-27,1000000.00,3.734728,102.359375
16:05:57,91282CLD1,TSRYS5850288,D,S,C,2024-08-27,1000000.00,3.734728,102.359375
16:05:57,91282CLD1,TSRYS5850288,D,S,T,2024-08-27,1000000.00,3.73476,102.359175
16:05:57,91282CLD1,TSRYS5850288,D,S,D,2024-08-27,1000000.00,3.734728,102.359375
16:05:58,91282CLD1,TSRYS5850288,D,S,T,2024-08-27,24600000.00,3.8344,101.75
16:05:59,91282CLD1,TSRYS5850288,D,S,T,2024-08-27,9850000.00,3.8344,101.75
16:05:59,91282CLD1,TSRYS5850288,D,S,D,2024-08-27,1000000.00,3.734409,102.36132812
16:05:59,91282CLD1,TSRYS5850288,D,S,T,2024-08-27,2000000.00,3.734728,102.359375
16:05:59,91282CLD1,TSRYS5850288,D,S,C,2024-08-27,1000000.00,3.734728,102.359375
16:06:00,91282CLD1,TSRYS5850288,D,S,C,2024-08-27,2000000.00,3.734728,102.359375
16:06:00,91282CLD1,TSRYS5850288,D,S,D,2024-08-27,1000000.00,3.734409,102.36132812
16:06:02,91282CLD1,TSRYS5850288,D,B,C,2024-08-27,1000000.00,3.734091,102.36328125
16:06:02,91282CLD1,TSRYS5850288,D,B,C,2024-08-27,1000000.00,3.734091,102.36328125
16:06:03,91282CLD1,TSRYS5850288,D,S,C,2024-08-27,15900000.00,3.733309,102.3671875
16:06:04,91282CLD1,TSRYS5850288,D,B,C,2024-08-27,1000000.00,3.734091,102.36328125
16:06:05,91282CLD1,TSRYS5850288,D,B,C,2024-08-27,1000000.00,3.734728,102.359375
16:06:05,91282CLD1,TSRYS5850288,D,B,C,2024-08-27,1000000.00,3.734728,102.359375
16:06:12,91282CLD1,TSRYS5850288,D,S,C,2024-08-27,1000000.00,3.734728,102.359375
16:06:12,91282CLD1,TSRYS5850288,D,S,C,2024-08-27,1000000.00,3.734728,102.359375
16:06:16,91282CLD1,TSRYS5850288,D,S,C,2024-08-27,2000000.00,3.734728,102.359375
16:06:16,91282CLD1,TSRYS5850288,D,S,D,2024-08-27,1000000.00,3.734728,102.359375
16:06:19,91282CLD1,TSRYS5850288,D,S,T,2024-08-27,1000000.00,3.735046,102.357421875
16:06:19,91282CLD1,TSRYS5850288,D,S,T,2024-08-27,1000000.00,3.735046,102.357421875
16:06:19,91282CLD1,TSRYS5850288,D,S,C,2024-08-27,17000.00,3.727089,102.40625
16:06:19,91282CLD1,TSRYS5850288,D,S,D,2024-08-27,17000.00,3.727089,102.40625
16:06:19,91282CLD1,TSRYS5850288,D,S,D,2024-08-27,1000000.00,3.735046,102.357421875
16:06:19,91282CLD1,TSRYS5850288,D,S,C,2024-08-27,1000000.00,3.735046,102.357421875
16:06:19,91282CLD1,TSRYS5850288,D,S,C,2024-08-27,1000000.00,3.735046,102.357421875
16:06:19,91282CLD1,TSRYS5850288,D,S,C,2024-08-27,1000000.00,3.735046,102.357421875
16:06:19,91282CLD1,TSRYS5850288,D,B,C,2024-08-27,1000000.00,3.735046,102.357421875
16:06:20,91282CLD1,TSRYS5850288,D,B,C,2024-08-27,1000000.00,3.735046,102.357421875
16:06:20,91282CLD1,TSRYS5850288,D,S,D,2024-08-27,1000000.00,3.735046,102.357421875
16:06:20,91282CLD1,TSRYS5850288,D,S,D,2024-08-27,1000000.00,3.735046,102.357421875
16:06:24,91282CLD1,TSRYS5850288,D,S,C,2024-08-27,1000000.00,3.735046,102.357421875
16:06:24,91282CLD1,TSRYS5850288,D,S,C,2024-08-27,1000000.00,3.735046,102.357421875
16:06:24,91282CLD1,TSRYS5850288,D,B,C,2024-08-27,1000000.00,3.735046,102.357421875
16:06:24,91282CLD1,TSRYS5850288,D,S,C,2024-08-27,1000000.00,3.735046,102.357421875
16:06:24,91282CLD1,TSRYS5850288,D,B,C,2024-08-27,1000000.00,3.735046,102.357421875
16:06:24,91282CLD1,TSRYS5850288,D,S,C,2024-08-27,1000000.00,3.735046,102.357421875
16:06:27,91282CLD1,TSRYS5850288,D,B,C,2024-08-27,1000000.00,3.734728,102.359375
16:06:27,91282CLD1,TSRYS5850288,D,S,D,2024-08-27,1000000.00,3.734728,102.359375
16:06:27,91282CLD1,TSRYS5850288,D,S,C,2024-08-27,1000000.00,3.734728,102.359375
16:06:30,91282CLD1,TSRYS5850288,D,S,T,2024-08-27,1000000.00,3.735046,102.357421875
16:06:30,91282CLD1,TSRYS5850288,D,S,D,2024-08-27,1000000.00,3.735046,102.357421875
16:06:30,91282CLD1,TSRYS5850288,D,S,T,2024-08-27,1000000.00,3.735046,102.357421875
16:06:30,91282CLD1,TSRYS5850288,D,S,D,2024-08-27,1000000.00,3.735046,102.357421875
16:06:30,91282CLD1,TSRYS5850288,D,S,D,2024-08-27,1000000.00,3.735046,102.357421875
16:06:30,91282CLD1,TSRYS5850288,D,S,C,2024-08-27,1000000.00,3.735364,102.35546875
16:06:31,91282CLD1,TSRYS5850288,D,S,D,2024-08-27,1000000.00,3.735046,102.357421875
16:06:31,91282CLD1,TSRYS5850288,D,S,T,2024-08-27,1000000.00,3.735046,102.357421875
16:06:31,91282CLD1,TSRYS5850288,D,S,D,2024-08-27,1000000.00,3.735046,102.357421875
16:06:31,91282CLD1,TSRYS5850288,D,S,D,2024-08-27,1000000.00,3.734728,102.359375
16:06:31,91282CLD1,TSRYS5850288,D,S,C,2024-08-27,2000000.00,3.734728,102.359375
16:06:35,91282CLD1,TSRYS5850288,D,S,T,2024-08-27,1000000.00,3.735046,102.357421875
16:06:35,91282CLD1,TSRYS5850288,D,S,T,2024-08-27,2000000.00,3.736001,102.3515625
16:06:35,91282CLD1,TSRYS5850288,D,S,T,2024-08-27,1000000.00,3.735046,102.357421875
16:06:35,91282CLD1,TSRYS5850288,D,S,T,2024-08-27,1000000.00,3.735364,102.35546875
16:06:35,91282CLD1,TSRYS5850288,D,S,T,2024-08-27,1000000.00,3.736001,102.3515625
16:06:35,91282CLD1,TSRYS5850288,D,S,T,2024-08-27,4000000.00,3.736001,102.3515625
16:06:35,91282CLD1,TSRYS5850288,D,S,T,2024-08-27,1000000.00,3.736001,102.3515625
16:06:35,91282CLD1,TSRYS5850288,D,S,T,2024-08-27,2000000.00,3.736001,102.3515625
16:06:35,91282CLD1,TSRYS5850288,D,S,T,2024-08-27,2000000.00,3.736001,102.3515625
16:06:35,91282CLD1,TSRYS5850288,D,S,T,2024-08-27,1000000.00,3.736001,102.3515625
16:06:35,91282CLD1,TSRYS5850288,D,S,T,2024-08-27,1000000.00,3.736001,102.3515625
16:06:35,91282CLD1,TSRYS5850288,D,S,C,2024-08-27,1000000.00,3.735046,102.357421875
16:06:35,91282CLD1,TSRYS5850288,D,S,D,2024-08-27,2000000.00,3.735683,102.353515625
16:06:35,91282CLD1,TSRYS5850288,D,S,D,2024-08-27,1000000.00,3.735046,102.357421875
16:06:35,91282CLD1,TSRYS5850288,D,S,D,2024-08-27,1000000.00,3.735046,102.357421875
16:06:35,91282CLD1,TSRYS5850288,D,S,D,2024-08-27,1000000.00,3.735046,102.357421875
16:06:35,91282CLD1,TSRYS5850288,D,S,T,2024-08-27,1000000.00,3.736001,102.3515625
16:06:36,91282CLD1,TSRYS5850288,D,S,C,2024-08-27,1000000.00,3.735046,102.357421875
16:06:36,91282CLD1,TSRYS5850288,D,S,T,2024-08-27,1000000.00,3.735364,102.35546875
16:06:36,91282CLD1,TSRYS5850288,D,S,D,2024-08-27,1000000.00,3.735364,102.35546875
16:06:36,91282CLD1,TSRYS5850288,D,S,D,2024-08-27,1000000.00,3.735683,102.353515625
16:06:37,91282CLD1,TSRYS5850288,D,S,D,2024-08-27,1000000.00,3.735985,102.3516625
16:06:37,91282CLD1,TSRYS5850288,D,S,D,2024-08-27,3000000.00,3.735985,102.3516625
16:06:37,91282CLD1,TSRYS5850288,D,S,D,2024-08-27,1000000.00,3.736001,102.3515625
16:06:37,91282CLD1,TSRYS5850288,D,S,D,2024-08-27,1000000.00,3.735985,102.3516625
16:06:38,91282CLD1,TSRYS5850288,D,B,C,2024-08-27,1000000.00,3.735683,102.353515625
16:06:38,91282CLD1,TSRYS5850288,D,S,D,2024-08-27,2000000.00,3.735683,102.353515625
16:06:38,91282CLD1,TSRYS5850288,D,B,C,2024-08-27,2000000.00,3.735683,102.353515625
16:06:40,91282CLD1,TSRYS5850288,D,S,C,2024-08-27,1000000.00,3.736001,102.3515625
16:06:40,91282CLD1,TSRYS5850288,D,B,C,2024-08-27,1000000.00,3.736001,102.3515625
16:06:41,91282CLD1,TSRYS5850288,D,B,C,2024-08-27,2000000.00,3.735683,102.353515625
16:06:41,91282CLD1,TSRYS5850288,D,S,C,2024-08-27,2000000.00,3.735683,102.353515625
16:06:41,91282CLD1,TSRYS5850288,D,B,C,2024-08-27,1000000.00,3.735683,102.353515625
16:06:41,91282CLD1,TSRYS5850288,D,S,C,2024-08-27,1000000.00,3.735683,102.353515625
16:06:41,91282CLD1,TSRYS5850288,D,S,D,2024-08-27,1000000.00,3.735683,102.353515625
16:06:43,91282CLD1,TSRYS5850288,D,S,C,2024-08-27,2000000.00,3.735683,102.353515625
16:06:43,91282CLD1,TSRYS5850288,D,B,C,2024-08-27,2000000.00,3.735683,102.353515625
16:06:43,91282CLD1,TSRYS5850288,D,S,T,2024-08-27,1000000.00,3.736001,102.3515625
16:06:46,91282CLD1,TSRYS5850288,D,S,T,2024-08-27,1000000.00,3.736001,102.3515625
16:06:47,91282CLD1,TSRYS5850288,D,B,C,2024-08-27,88550000.00,3.8344,101.75
16:06:47,91282CLD1,TSRYS5850288,D,B,C,2024-08-27,9850000.00,3.8344,101.75
16:06:49,91282CLD1,TSRYS5850288,D,B,C,2024-08-27,2000000.00,3.734091,102.36328125
16:06:49,91282CLD1,TSRYS5850288,D,S,T,2024-08-27,2000000.00,3.734728,102.359375
16:06:49,91282CLD1,TSRYS5850288,D,S,T,2024-08-27,2000000.00,3.734728,102.359375
16:06:49,91282CLD1,TSRYS5850288,D,S,C,2024-08-27,1000000.00,3.734728,102.359375
16:06:49,91282CLD1,TSRYS5850288,D,S,C,2024-08-27,1000000.00,3.734728,102.359375
16:06:50,91282CLD1,TSRYS5850288,D,S,T,2024-08-27,2000000.00,3.734728,102.359375
16:06:50,91282CLD1,TSRYS5850288,D,S,T,2024-08-27,2000000.00,3.734728,102.359375
16:06:51,91282CLD1,TSRYS5850288,D,S,T,2024-08-27,1000000.00,3.734728,102.359375
16:06:53,91282CLD1,TSRYS5850288,D,S,T,2024-08-27,1000000.00,3.734728,102.359375
16:06:53,91282CLD1,TSRYS5850288,D,S,T,2024-08-27,2000000.00,3.734728,102.359375
16:06:53,91282CLD1,TSRYS5850288,D,S,T,2024-08-27,1000000.00,3.734728,102.359375
16:06:55,91282CLD1,TSRYS5850288,D,S,T,2024-08-27,2000000.00,3.734728,102.359375
16:06:55,91282CLD1,TSRYS5850288,D,S,T,2024-08-27,1000000.00,3.73476,102.359175
16:07:09,91282CLD1,TSRYS5850288,D,S,D,2024-08-27,1000000.00,3.736001,102.3515625
16:07:10,91282CLD1,TSRYS5850288,D,S,D,2024-08-27,1000000.00,3.734728,102.359375
16:07:10,91282CLD1,TSRYS5850288,D,B,C,2024-08-27,1000000.00,3.735046,102.35742187
16:07:10,91282CLD1,TSRYS5850288,D,S,A,2024-08-27,16093000.00,3.732181,102.375
16:07:12,91282CLD1,TSRYS5850288,D,S,T,2024-08-27,1000000.00,3.736001,102.3515625
16:07:12,91282CLD1,TSRYS5850288,D,S,T,2024-08-27,2000000.00,3.734728,102.359375
16:07:12,91282CLD1,TSRYS5850288,D,S,D,2024-08-27,1000000.00,3.736001,102.3515625
16:07:12,91282CLD1,TSRYS5850288,D,B,C,2024-08-27,1000000.00,3.736025,102.3514125
16:07:12,91282CLD1,TSRYS5850288,D,B,C,2024-08-27,1000000.00,3.735046,102.35742187
16:07:12,91282CLD1,TSRYS5850288,D,B,C,2024-08-27,1000000.00,3.736025,102.3514125
16:07:12,91282CLD1,TSRYS5850288,D,S,D,2024-08-27,1000000.00,3.736001,102.3515625
16:07:12,91282CLD1,TSRYS5850288,D,S,D,2024-08-27,1000000.00,3.736001,102.3515625
16:07:12,91282CLD1,TSRYS5850288,D,S,D,2024-08-27,1000000.00,3.734409,102.36132812
16:07:12,91282CLD1,TSRYS5850288,D,B,C,2024-08-27,1000000.00,3.735046,102.35742187
16:07:12,91282CLD1,TSRYS5850288,D,S,C,2024-08-27,2000000.00,3.734728,102.359375
16:07:12,91282CLD1,TSRYS5850288,D,S,T,2024-08-27,1000000.00,3.734728,102.359375
16:07:12,91282CLD1,TSRYS5850288,D,B,C,2024-08-27,1000000.00,3.735046,102.35742187
16:07:12,91282CLD1,TSRYS5850288,D,B,C,2024-08-27,1000000.00,3.735046,102.35742187
16:07:14,91282CLD1,TSRYS5850288,D,S,T,2024-08-27,1000000.00,3.734728,102.359375
16:07:14,91282CLD1,TSRYS5850288,D,B,C,2024-08-27,1000000.00,3.735046,102.35742187
16:07:14,91282CLD1,TSRYS5850288,D,S,T,2024-08-27,1000000.00,3.734728,102.359375
16:07:14,91282CLD1,TSRYS5850288,D,S,D,2024-08-27,2000000.00,3.734728,102.359375
16:07:16,91282CLD1,TSRYS5850288,D,S,D,2024-08-27,2000000.00,3.734728,102.359375
16:07:16,91282CLD1,TSRYS5850288,D,S,T,2024-08-27,1000000.00,3.734728,102.359375
16:07:21,91282CLD1,TSRYS5850288,D,S,A,2024-08-27,16093000.00,3.732181,102.375
16:07:27,91282CLD1,TSRYS5850288,D,S,D,2024-08-27,1000000.00,3.736001,102.3515625
16:07:31,91282CLD1,TSRYS5850288,D,S,T,2024-08-27,1000000.00,3.734728,102.359375
16:07:34,91282CLD1,TSRYS5850288,D,S,T,2024-08-27,3000000.00,3.734728,102.359375
16:07:34,91282CLD1,TSRYS5850288,D,S,T,2024-08-27,2000000.00,3.734728,102.359375
16:07:37,91282CLD1,TSRYS5850288,D,S,T,2024-08-27,1000000.00,3.736001,102.3515625
16:07:42,91282CLD1,TSRYS5850288,D,S,D,2024-08-27,1000000.00,3.736001,102.3515625
16:07:42,91282CLD1,TSRYS5850288,D,S,D,2024-08-27,1000000.00,3.736001,102.3515625
16:07:42,91282CLD1,TSRYS5850288,D,B,C,2024-08-27,1000000.00,3.736001,102.3515625
16:07:42,91282CLD1,TSRYS5850288,D,B,C,2024-08-27,1000000.00,3.736001,102.3515625
16:07:42,91282CLD1,TSRYS5850288,D,S,D,2024-08-27,1000000.00,3.736001,102.3515625
16:07:42,91282CLD1,TSRYS5850288,D,S,D,2024-08-27,1000000.00,3.736001,102.3515625
16:07:42,91282CLD1,TSRYS5850288,D,B,C,2024-08-27,2000000.00,3.736017,102.3514625
16:07:44,91282CLD1,TSRYS5850288,D,B,C,2024-08-27,1000000.00,3.736001,102.3515625
16:07:49,91282CLD1,TSRYS5850288,D,S,C,2024-08-27,1000000.00,3.736001,102.3515625
16:07:49,91282CLD1,TSRYS5850288,D,B,C,2024-08-27,1000000.00,3.736001,102.3515625
16:07:49,91282CLD1,TSRYS5850288,D,S,D,2024-08-27,1000000.00,3.736001,102.3515625
16:07:51,91282CLD1,TSRYS5850288,D,S,D,2024-08-27,9850000.00,3.8344,101.75
16:07:52,91282CLD1,TSRYS5850288,D,S,D,2024-08-27,14750000.00,3.8344,101.75
16:07:52,91282CLD1,TSRYS5850288,D,S,T,2024-08-27,2000000.00,3.736319,102.349609375
16:07:52,91282CLD1,TSRYS5850288,D,S,T,2024-08-27,1000000.00,3.736638,102.34765625
16:07:52,91282CLD1,TSRYS5850288,D,S,C,2024-08-27,1000000.00,3.736956,102.345703125
16:07:53,91282CLD1,TSRYS5850288,D,S,C,2024-08-27,2000000.00,3.736319,102.349609375
16:07:53,91282CLD1,TSRYS5850288,D,S,D,2024-08-27,1000000.00,3.736956,102.345703125
16:07:54,91282CLD1,TSRYS5850288,D,S,D,2024-08-27,88550000.00,3.8344,101.75
16:07:54,91282CLD1,TSRYS5850288,D,B,C,2024-08-27,1000000.00,3.736956,102.345703125
16:07:54,91282CLD1,TSRYS5850288,D,B,C,2024-08-27,1000000.00,3.735683,102.35351562
16:07:54,91282CLD1,TSRYS5850288,D,S,D,2024-08-27,9850000.00,3.8344,101.75
16:07:54,91282CLD1,TSRYS5850288,D,B,C,2024-08-27,1000000.00,3.736989,102.345503125
16:07:54,91282CLD1,TSRYS5850288,D,S,C,2024-08-27,1000000.00,3.736956,102.345703125
16:07:55,91282CLD1,TSRYS5850288,D,S,T,2024-08-27,19680000.00,3.8344,101.75
16:07:55,91282CLD1,TSRYS5850288,D,B,C,2024-08-27,2000000.00,3.736638,102.34765625
16:07:55,91282CLD1,TSRYS5850288,D,S,C,2024-08-27,2000000.00,3.736638,102.34765625
16:07:55,91282CLD1,TSRYS5850288,D,S,D,2024-08-27,24600000.00,3.8344,101.75
16:07:55,91282CLD1,TSRYS5850288,D,S,D,2024-08-27,9850000.00,3.8344,101.75
16:07:55,91282CLD1,TSRYS5850288,D,S,D,2024-08-27,14750000.00,3.8344,101.75
16:07:57,91282CLD1,TSRYS5850288,D,B,C,2024-08-27,2000000.00,3.736956,102.345703125
16:07:57,91282CLD1,TSRYS5850288,D,S,C,2024-08-27,3000000.00,3.736956,102.345703125
16:07:57,91282CLD1,TSRYS5850288,D,B,C,2024-08-27,1000000.00,3.736956,102.345703125
16:07:57,91282CLD1,TSRYS5850288,D,S,C,2024-08-27,1000000.00,3.736638,102.34765625
16:07:57,91282CLD1,TSRYS5850288,D,S,D,2024-08-27,1000000.00,3.736956,102.345703125
16:07:58,91282CLD1,TSRYS5850288,D,S,D,2024-08-27,3000000.00,3.736001,102.3515625
16:07:58,91282CLD1,TSRYS5850288,D,S,D,2024-08-27,2000000.00,3.736001,102.3515625
16:07:58,91282CLD1,TSRYS5850288,D,B,C,2024-08-27,3000000.00,3.736001,102.3515625
16:07:58,91282CLD1,TSRYS5850288,D,S,C,2024-08-27,1000000.00,3.73596,102.3518125
16:07:58,91282CLD1,TSRYS5850288,D,S,D,2024-08-27,1000000.00,3.736001,102.3515625
16:07:58,91282CLD1,TSRYS5850288,D,S,C,2024-08-27,1000000.00,3.736001,102.3515625
16:07:58,91282CLD1,TSRYS5850288,D,S,D,2024-08-27,2000000.00,3.736001,102.3515625
16:07:58,91282CLD1,TSRYS5850288,D,S,D,2024-08-27,2000000.00,3.736001,102.3515625
16:07:58,91282CLD1,TSRYS5850288,D,S,D,2024-08-27,1000000.00,3.736001,102.3515625
16:07:58,91282CLD1,TSRYS5850288,D,S,D,2024-08-27,9850000.00,3.8344,101.75
16:07:59,91282CLD1,TSRYS5850288,D,S,D,2024-08-27,1000000.00,3.736956,102.345703125
16:08:00,91282CLD1,TSRYS5850288,D,S,D,2024-08-27,24600000.00,3.8344,101.75
16:08:03,91282CLD1,TSRYS5850288,D,S,C,2024-08-27,1000000.00,3.736001,102.3515625
16:08:03,91282CLD1,TSRYS5850288,D,S,C,2024-08-27,1000000.00,3.735046,102.35742187
16:08:09,91282CLD1,TSRYS5850288,D,S,C,2024-08-27,1000000.00,3.736319,102.34960937
16:08:13,91282CLD1,TSRYS5850288,D,S,D,2024-08-27,1000000.00,3.736001,102.3515625
16:08:32,91282CLD1,TSRYS5850288,D,S,D,2024-08-27,1000000.00,3.736956,102.34570312
16:08:33,91282CLD1,TSRYS5850288,D,S,T,2024-08-27,1000000.00,3.736956,102.34570312
16:08:33,91282CLD1,TSRYS5850288,D,S,D,2024-08-27,1000000.00,3.736956,102.34570312
16:08:33,91282CLD1,TSRYS5850288,D,S,C,2024-08-27,1000000.00,3.736956,102.34570312
16:08:38,91282CLD1,TSRYS5850288,D,S,T,2024-08-27,1000000.00,3.737275,102.34375
16:08:38,91282CLD1,TSRYS5850288,D,S,T,2024-08-27,1000000.00,3.737275,102.34375
16:08:38,91282CLD1,TSRYS5850288,D,S,T,2024-08-27,1000000.00,3.737275,102.34375
16:08:39,91282CLD1,TSRYS5850288,D,S,D,2024-08-27,1000000.00,3.736956,102.34570312
16:08:39,91282CLD1,TSRYS5850288,D,S,D,2024-08-27,1000000.00,3.736956,102.34570312
16:08:40,91282CLD1,TSRYS5850288,D,S,T,2024-08-27,1000000.00,3.737275,102.34375
16:08:40,91282CLD1,TSRYS5850288,D,S,C,2024-08-27,3000000.00,3.736956,102.34570312
16:08:41,91282CLD1,TSRYS5850288,D,S,D,2024-08-27,1000000.00,3.737254,102.343875
16:08:41,91282CLD1,TSRYS5850288,D,S,C,2024-08-27,1000000.00,3.737275,102.34375
16:08:41,91282CLD1,TSRYS5850288,D,S,C,2024-08-27,1000000.00,3.737275,102.34375
16:08:41,91282CLD1,TSRYS5850288,D,S,C,2024-08-27,1000000.00,3.737275,102.34375
16:08:43,91282CLD1,TSRYS5850288,D,S,D,2024-08-27,1000000.00,3.737275,102.34375
16:08:43,91282CLD1,TSRYS5850288,D,B,C,2024-08-27,1000000.00,3.737275,102.34375
16:08:43,91282CLD1,TSRYS5850288,D,S,D,2024-08-27,1000000.00,3.737275,102.34375
16:08:52,91282CLD1,TSRYS5850288,D,S,D,2024-08-27,1000000.00,3.737275,102.34375
16:08:52,91282CLD1,TSRYS5850288,D,S,D,2024-08-27,1000000.00,3.737275,102.34375
16:08:54,91282CLD1,TSRYS5850288,D,S,D,2024-08-27,1000000.00,3.736956,102.34570312
16:08:57,91282CLD1,TSRYS5850288,D,S,D,2024-08-27,1000000.00,3.737275,102.34375
16:08:59,91282CLD1,TSRYS5850288,D,S,T,2024-08-27,1000000.00,3.737275,102.34375
16:09:24,91282CLD1,TSRYS5850288,D,S,T,2024-08-27,1000000.00,3.737275,102.34375
16:09:26,91282CLD1,TSRYS5850288,D,S,C,2024-08-27,20000000.00,3.737911,102.33984375
16:09:35,91282CLD1,TSRYS5850288,D,S,C,2024-08-27,400000.00,3.738548,102.3359375
16:09:44,91282CLD1,TSRYS5850288,D,B,C,2024-08-27,20000000.00,3.737911,102.33984375
16:09:48,91282CLD1,TSRYS5850288,D,S,D,2024-08-27,1000000.00,3.737275,102.34375
16:09:49,91282CLD1,TSRYS5850288,D,S,D,2024-08-27,1465000.00,3.733454,102.3671875
16:09:49,91282CLD1,TSRYS5850288,D,S,C,2024-08-27,1465000.00,3.733454,102.3671875
16:09:49,91282CLD1,TSRYS5850288,D,S,T,2024-08-27,2000000.00,3.737593,102.341796875
16:09:49,91282CLD1,TSRYS5850288,D,S,T,2024-08-27,1000000.00,3.737593,102.341796875
16:09:49,91282CLD1,TSRYS5850288,D,S,T,2024-08-27,2000000.00,3.737593,102.341796875
16:09:49,91282CLD1,TSRYS5850288,D,S,T,2024-08-27,1000000.00,3.737593,102.341796875
16:09:50,91282CLD1,TSRYS5850288,D,S,T,2024-08-27,1000000.00,3.737275,102.34375
16:09:54,91282CLD1,TSRYS5850288,D,S,D,2024-08-27,3000000.00,3.737593,102.341796875
16:09:54,91282CLD1,TSRYS5850288,D,S,D,2024-08-27,2000000.00,3.737593,102.341796875
16:09:54,91282CLD1,TSRYS5850288,D,S,D,2024-08-27,1000000.00,3.737593,102.341796875
16:09:54,91282CLD1,TSRYS5850288,D,B,C,2024-08-27,1000000.00,3.737593,102.341796875
16:09:54,91282CLD1,TSRYS5850288,D,S,D,2024-08-27,1000000.00,3.737593,102.341796875
16:09:54,91282CLD1,TSRYS5850288,D,S,D,2024-08-27,1000000.00,3.737593,102.341796875
16:09:54,91282CLD1,TSRYS5850288,D,B,C,2024-08-27,1000000.00,3.737593,102.341796875
16:10:02,91282CLD1,TSRYS5850288,D,S,D,2024-08-27,1000000.00,3.737275,102.34375
16:10:04,91282CLD1,TSRYS5850288,D,S,T,2024-08-27,1000000.00,3.737275,102.34375
16:10:12,91282CLD1,TSRYS5850288,D,S,D,2024-08-27,1000000.00,3.737275,102.34375
16:10:12,91282CLD1,TSRYS5850288,D,B,C,2024-08-27,1000000.00,3.737275,102.34375
16:10:16,91282CLD1,TSRYS5850288,D,B,C,2024-08-27,3000000.00,3.737593,102.34179687
16:10:16,91282CLD1,TSRYS5850288,D,B,C,2024-08-27,3000000.00,3.737593,102.34179687
16:10:16,91282CLD1,TSRYS5850288,D,B,C,2024-08-27,3000000.00,3.737593,102.34179687
16:10:18,91282CLD1,TSRYS5850288,D,B,C,2024-08-27,3000000.00,3.737593,102.34179687
16:10:18,91282CLD1,TSRYS5850288,D,B,C,2024-08-27,1000000.00,3.737593,102.34179687
16:10:18,91282CLD1,TSRYS5850288,D,B,C,2024-08-27,1000000.00,3.737593,102.34179687
16:10:18,91282CLD1,TSRYS5850288,D,B,C,2024-08-27,1000000.00,3.737593,102.34179687
16:10:21,91282CLD1,TSRYS5850288,D,S,D,2024-08-27,1000000.00,3.737275,102.34375
16:10:23,91282CLD1,TSRYS5850288,D,S,D,2024-08-27,1000000.00,3.736956,102.345703125
16:10:23,91282CLD1,TSRYS5850288,D,S,D,2024-08-27,1000000.00,3.737275,102.34375
16:10:24,91282CLD1,TSRYS5850288,D,S,D,2024-08-27,1000000.00,3.737275,102.34375
16:10:24,91282CLD1,TSRYS5850288,D,S,D,2024-08-27,1000000.00,3.736638,102.34765625
16:10:24,91282CLD1,TSRYS5850288,D,S,D,2024-08-27,1000000.00,3.736956,102.345703125
16:10:24,91282CLD1,TSRYS5850288,D,S,D,2024-08-27,1000000.00,3.736638,102.34765625
16:10:25,91282CLD1,TSRYS5850288,D,S,T,2024-08-27,1000000.00,3.736956,102.345703125
16:10:26,91282CLD1,TSRYS5850288,D,S,C,2024-08-27,1000000.00,3.736956,102.345703125
16:10:26,91282CLD1,TSRYS5850288,D,S,D,2024-08-27,1000000.00,3.737275,102.34375
16:10:26,91282CLD1,TSRYS5850288,D,S,D,2024-08-27,1000000.00,3.737275,102.34375
16:10:26,91282CLD1,TSRYS5850288,D,S,D,2024-08-27,1000000.00,3.737275,102.34375
16:10:28,91282CLD1,TSRYS5850288,D,S,D,2024-08-27,1000000.00,3.736638,102.34765625
16:10:28,91282CLD1,TSRYS5850288,D,S,D,2024-08-27,1000000.00,3.736956,102.345703125
16:10:28,91282CLD1,TSRYS5850288,D,S,D,2024-08-27,1000000.00,3.736956,102.345703125
16:10:28,91282CLD1,TSRYS5850288,D,S,D,2024-08-27,1000000.00,3.736956,102.345703125
16:10:28,91282CLD1,TSRYS5850288,D,S,D,2024-08-27,1000000.00,3.736638,102.34765625
16:10:28,91282CLD1,TSRYS5850288,D,S,D,2024-08-27,1000000.00,3.736956,102.345703125
16:10:28,91282CLD1,TSRYS5850288,D,S,D,2024-08-27,1000000.00,3.736956,102.345703125
16:10:28,91282CLD1,TSRYS5850288,D,S,D,2024-08-27,1000000.00,3.736956,102.345703125
16:10:28,91282CLD1,TSRYS5850288,D,S,D,2024-08-27,1000000.00,3.736638,102.34765625
16:10:28,91282CLD1,TSRYS5850288,D,S,D,2024-08-27,1000000.00,3.736956,102.345703125
16:10:28,91282CLD1,TSRYS5850288,D,S,D,2024-08-27,1000000.00,3.736956,102.345703125
16:10:28,91282CLD1,TSRYS5850288,D,S,D,2024-08-27,1000000.00,3.736956,102.345703125
16:10:28,91282CLD1,TSRYS5850288,D,S,D,2024-08-27,1000000.00,3.736956,102.345703125
16:10:29,91282CLD1,TSRYS5850288,D,S,D,2024-08-27,1000000.00,3.736956,102.345703125
16:10:29,91282CLD1,TSRYS5850288,D,S,D,2024-08-27,1000000.00,3.736956,102.345703125
16:10:29,91282CLD1,TSRYS5850288,D,S,D,2024-08-27,2000000.00,3.736956,102.345703125
16:10:29,91282CLD1,TSRYS5850288,D,S,D,2024-08-27,2000000.00,3.736956,102.345703125
16:10:29,91282CLD1,TSRYS5850288,D,S,D,2024-08-27,1000000.00,3.736956,102.345703125
16:10:29,91282CLD1,TSRYS5850288,D,S,D,2024-08-27,1000000.00,3.736956,102.345703125
16:10:29,91282CLD1,TSRYS5850288,D,S,D,2024-08-27,1000000.00,3.736956,102.345703125
16:10:29,91282CLD1,TSRYS5850288,D,S,D,2024-08-27,1000000.00,3.736956,102.345703125
16:10:29,91282CLD1,TSRYS5850288,D,S,D,2024-08-27,1000000.00,3.736956,102.345703125
16:10:29,91282CLD1,TSRYS5850288,D,S,D,2024-08-27,1000000.00,3.736956,102.345703125
16:10:29,91282CLD1,TSRYS5850288,D,S,D,2024-08-27,1000000.00,3.736956,102.345703125
16:10:29,91282CLD1,TSRYS5850288,D,S,D,2024-08-27,1000000.00,3.736956,102.345703125
16:10:29,91282CLD1,TSRYS5850288,D,S,D,2024-08-27,1000000.00,3.736956,102.345703125
16:10:29,91282CLD1,TSRYS5850288,D,S,D,2024-08-27,1000000.00,3.736956,102.345703125
16:10:29,91282CLD1,TSRYS5850288,D,S,D,2024-08-27,1000000.00,3.736956,102.345703125
16:10:29,91282CLD1,TSRYS5850288,D,S,D,2024-08-27,1000000.00,3.736956,102.345703125
16:10:29,91282CLD1,TSRYS5850288,D,S,D,2024-08-27,1000000.00,3.736956,102.345703125
16:10:29,91282CLD1,TSRYS5850288,D,S,D,2024-08-27,1000000.00,3.736956,102.345703125
16:10:30,91282CLD1,TSRYS5850288,D,S,D,2024-08-27,1000000.00,3.736956,102.345703125
16:10:30,91282CLD1,TSRYS5850288,D,S,D,2024-08-27,1000000.00,3.736956,102.345703125
16:10:31,91282CLD1,TSRYS5850288,D,S,D,2024-08-27,1000000.00,3.737593,102.341796875
16:10:31,91282CLD1,TSRYS5850288,D,S,T,2024-08-27,1000000.00,3.737593,102.341796875
16:10:31,91282CLD1,TSRYS5850288,D,S,T,2024-08-27,1000000.00,3.737593,102.341796875
16:10:31,91282CLD1,TSRYS5850288,D,S,C,2024-08-27,1000000.00,3.737593,102.341796875
16:10:32,91282CLD1,TSRYS5850288,D,S,C,2024-08-27,1000000.00,3.737593,102.341796875
16:10:32,91282CLD1,TSRYS5850288,D,S,T,2024-08-27,1000000.00,3.737593,102.341796875
16:10:32,91282CLD1,TSRYS5850288,D,S,T,2024-08-27,1000000.00,3.737593,102.341796875
16:10:32,91282CLD1,TSRYS5850288,D,S,T,2024-08-27,1000000.00,3.737593,102.341796875
16:10:32,91282CLD1,TSRYS5850288,D,S,T,2024-08-27,1000000.00,3.737593,102.341796875
16:10:32,91282CLD1,TSRYS5850288,D,S,D,2024-08-27,1000000.00,3.737593,102.341796875
16:10:32,91282CLD1,TSRYS5850288,D,S,D,2024-08-27,1000000.00,3.737593,102.341796875
16:10:32,91282CLD1,TSRYS5850288,D,S,D,2024-08-27,1000000.00,3.737593,102.341796875
16:10:32,91282CLD1,TSRYS5850288,D,S,D,2024-08-27,1000000.00,3.737593,102.341796875
16:10:35,91282CLD1,TSRYS5850288,D,S,T,2024-08-27,1000000.00,3.737275,102.34375
16:10:35,91282CLD1,TSRYS5850288,D,S,T,2024-08-27,1000000.00,3.736956,102.345703125
16:10:35,91282CLD1,TSRYS5850288,D,S,T,2024-08-27,1000000.00,3.737275,102.34375
16:10:35,91282CLD1,TSRYS5850288,D,S,T,2024-08-27,1000000.00,3.737275,102.34375
16:10:35,91282CLD1,TSRYS5850288,D,S,T,2024-08-27,1000000.00,3.737275,102.34375
16:10:35,91282CLD1,TSRYS5850288,D,S,T,2024-08-27,1000000.00,3.737275,102.34375
16:10:35,91282CLD1,TSRYS5850288,D,S,T,2024-08-27,1000000.00,3.737275,102.34375
16:10:35,91282CLD1,TSRYS5850288,D,S,T,2024-08-27,1000000.00,3.737275,102.34375
16:10:35,91282CLD1,TSRYS5850288,D,S,T,2024-08-27,1000000.00,3.737275,102.34375
16:10:37,91282CLD1,TSRYS5850288,D,S,D,2024-08-27,1000000.00,3.737593,102.341796875
16:10:37,91282CLD1,TSRYS5850288,D,S,D,2024-08-27,1000000.00,3.737593,102.341796875
16:10:37,91282CLD1,TSRYS5850288,D,S,D,2024-08-27,1000000.00,3.737593,102.341796875
16:10:37,91282CLD1,TSRYS5850288,D,S,D,2024-08-27,1000000.00,3.737593,102.341796875
16:10:42,91282CLD1,TSRYS5850288,D,S,D,2024-08-27,1000000.00,3.736956,102.34570312
16:10:42,91282CLD1,TSRYS5850288,D,S,D,2024-08-27,1000000.00,3.736956,102.34570312
16:10:42,91282CLD1,TSRYS5850288,D,S,T,2024-08-27,1000000.00,3.736956,102.34570312
16:10:42,91282CLD1,TSRYS5850288,D,S,D,2024-08-27,1000000.00,3.736956,102.34570312
16:10:58,91282CLD1,TSRYS5850288,D,S,T,2024-08-27,1000000.00,3.737593,102.341796875
16:10:58,91282CLD1,TSRYS5850288,D,S,D,2024-08-27,1000000.00,3.737593,102.341796875
16:10:58,91282CLD1,TSRYS5850288,D,B,C,2024-08-27,1000000.00,3.737275,102.34375
16:10:58,91282CLD1,TSRYS5850288,D,S,C,2024-08-27,1000000.00,3.737275,102.34375
16:10:58,91282CLD1,TSRYS5850288,D,S,T,2024-08-27,1000000.00,3.737593,102.341796875
16:10:58,91282CLD1,TSRYS5850288,D,S,T,2024-08-27,1000000.00,3.737593,102.341796875
16:10:58,91282CLD1,TSRYS5850288,D,S,D,2024-08-27,1000000.00,3.737275,102.34375
16:10:58,91282CLD1,TSRYS5850288,D,S,C,2024-08-27,1000000.00,3.737275,102.34375
16:10:58,91282CLD1,TSRYS5850288,D,B,C,2024-08-27,1000000.00,3.737275,102.34375
16:10:58,91282CLD1,TSRYS5850288,D,S,D,2024-08-27,1000000.00,3.737593,102.341796875
16:10:58,91282CLD1,TSRYS5850288,D,S,C,2024-08-27,1000000.00,3.737593,102.341796875
16:10:58,91282CLD1,TSRYS5850288,D,S,C,2024-08-27,1000000.00,3.737593,102.341796875
16:10:58,91282CLD1,TSRYS5850288,D,B,C,2024-08-27,1000000.00,3.737593,102.341796875
16:10:59,91282CLD1,TSRYS5850288,D,S,T,2024-08-27,1000000.00,3.737593,102.341796875
16:10:59,91282CLD1,TSRYS5850288,D,S,C,2024-08-27,1000000.00,3.737593,102.341796875
16:11:00,91282CLD1,TSRYS5850288,D,S,T,2024-08-27,1000000.00,3.737593,102.341796875
16:11:00,91282CLD1,TSRYS5850288,D,S,C,2024-08-27,1000000.00,3.737593,102.341796875
16:11:00,91282CLD1,TSRYS5850288,D,S,T,2024-08-27,1000000.00,3.737593,102.341796875
16:11:00,91282CLD1,TSRYS5850288,D,S,D,2024-08-27,1000000.00,3.737593,102.341796875
16:11:03,91282CLD1,TSRYS5850288,D,S,D,2024-08-27,1000000.00,3.736956,102.34570312
16:11:03,91282CLD1,TSRYS5850288,D,S,D,2024-08-27,1000000.00,3.736956,102.34570312
16:11:03,91282CLD1,TSRYS5850288,D,S,D,2024-08-27,1000000.00,3.736956,102.34570312
16:11:03,91282CLD1,TSRYS5850288,D,S,C,2024-08-27,1000000.00,3.737593,102.341796875
16:11:03,91282CLD1,TSRYS5850288,D,S,T,2024-08-27,1000000.00,3.736956,102.34570312
16:11:03,91282CLD1,TSRYS5850288,D,S,T,2024-08-27,1000000.00,3.737593,102.341796875
16:11:03,91282CLD1,TSRYS5850288,D,S,T,2024-08-27,1000000.00,3.737593,102.341796875
16:11:03,91282CLD1,TSRYS5850288,D,S,D,2024-08-27,1000000.00,3.737593,102.341796875
16:11:03,91282CLD1,TSRYS5850288,D,S,D,2024-08-27,1000000.00,3.736956,102.34570312
16:11:03,91282CLD1,TSRYS5850288,D,S,D,2024-08-27,1000000.00,3.736956,102.34570312
16:11:04,91282CLD1,TSRYS5850288,D,S,D,2024-08-27,1000000.00,3.737593,102.341796875
16:11:04,91282CLD1,TSRYS5850288,D,S,D,2024-08-27,1000000.00,3.736956,102.34570312
16:11:04,91282CLD1,TSRYS5850288,D,S,T,2024-08-27,1000000.00,3.736956,102.34570312
16:11:04,91282CLD1,TSRYS5850288,D,S,T,2024-08-27,1000000.00,3.736956,102.34570312
16:11:04,91282CLD1,TSRYS5850288,D,S,T,2024-08-27,1000000.00,3.736956,102.34570312
16:11:04,91282CLD1,TSRYS5850288,D,S,D,2024-08-27,1000000.00,3.737593,102.341796875
16:11:04,91282CLD1,TSRYS5850288,D,S,D,2024-08-27,1000000.00,3.737593,102.341796875
16:11:04,91282CLD1,TSRYS5850288,D,S,D,2024-08-27,1000000.00,3.737593,102.341796875
16:11:04,91282CLD1,TSRYS5850288,D,S,D,2024-08-27,1000000.00,3.737593,102.341796875
16:11:04,91282CLD1,TSRYS5850288,D,S,D,2024-08-27,1000000.00,3.737593,102.341796875
16:11:04,91282CLD1,TSRYS5850288,D,S,D,2024-08-27,1000000.00,3.737593,102.341796875
16:11:04,91282CLD1,TSRYS5850288,D,S,D,2024-08-27,1000000.00,3.737593,102.341796875
16:11:04,91282CLD1,TSRYS5850288,D,S,D,2024-08-27,1000000.00,3.737593,102.341796875
16:11:04,91282CLD1,TSRYS5850288,D,S,T,2024-08-27,1000000.00,3.737593,102.341796875
16:11:05,91282CLD1,TSRYS5850288,D,S,D,2024-08-27,1000000.00,3.737593,102.341796875
16:11:05,91282CLD1,TSRYS5850288,D,S,D,2024-08-27,2000000.00,3.737593,102.341796875
16:11:05,91282CLD1,TSRYS5850288,D,S,T,2024-08-27,1000000.00,3.737593,102.341796875
16:11:05,91282CLD1,TSRYS5850288,D,S,D,2024-08-27,1000000.00,3.737593,102.341796875
16:11:05,91282CLD1,TSRYS5850288,D,S,D,2024-08-27,1000000.00,3.737593,102.341796875
16:11:06,91282CLD1,TSRYS5850288,D,S,D,2024-08-27,1000000.00,3.736956,102.34570312
16:11:06,91282CLD1,TSRYS5850288,D,S,T,2024-08-27,1000000.00,3.736956,102.34570312
16:11:06,91282CLD1,TSRYS5850288,D,S,T,2024-08-27,1000000.00,3.736956,102.34570312
16:11:08,91282CLD1,TSRYS5850288,D,S,D,2024-08-27,1000000.00,3.737593,102.341796875
16:11:08,91282CLD1,TSRYS5850288,D,S,D,2024-08-27,1000000.00,3.737593,102.341796875
16:11:09,91282CLD1,TSRYS5850288,D,S,D,2024-08-27,1000000.00,3.736956,102.34570312
16:11:09,91282CLD1,TSRYS5850288,D,S,T,2024-08-27,1000000.00,3.736956,102.34570312
16:11:09,91282CLD1,TSRYS5850288,D,S,D,2024-08-27,1000000.00,3.736956,102.34570312
16:11:09,91282CLD1,TSRYS5850288,D,S,D,2024-08-27,1000000.00,3.737593,102.341796875
16:11:10,91282CLD1,TSRYS5850288,D,S,T,2024-08-27,1000000.00,3.736956,102.34570312
16:11:10,91282CLD1,TSRYS5850288,D,S,T,2024-08-27,1000000.00,3.736956,102.34570312
16:11:10,91282CLD1,TSRYS5850288,D,S,D,2024-08-27,1000000.00,3.737593,102.341796875
16:11:12,91282CLD1,TSRYS5850288,D,S,D,2024-08-27,1000000.00,3.736956,102.34570312
16:11:20,91282CLD1,TSRYS5850288,D,S,D,2024-08-27,1000000.00,3.736956,102.34570312
16:11:20,91282CLD1,TSRYS5850288,D,S,T,2024-08-27,1000000.00,3.736638,102.34765625
16:11:20,91282CLD1,TSRYS5850288,D,S,C,2024-08-27,1000000.00,3.736956,102.34570312
16:11:21,91282CLD1,TSRYS5850288,D,S,T,2024-08-27,1000000.00,3.736956,102.34570312
16:11:21,91282CLD1,TSRYS5850288,D,S,T,2024-08-27,1000000.00,3.736956,102.34570312
16:11:22,91282CLD1,TSRYS5850288,D,S,C,2024-08-27,1000000.00,3.736956,102.34570312
16:11:22,91282CLD1,TSRYS5850288,D,S,C,2024-08-27,2000000.00,3.736956,102.34570312
16:11:25,91282CLD1,TSRYS5850288,D,S,T,2024-08-27,1000000.00,3.736956,102.34570312
16:11:25,91282CLD1,TSRYS5850288,D,S,T,2024-08-27,1000000.00,3.736956,102.34570312
16:11:25,91282CLD1,TSRYS5850288,D,S,T,2024-08-27,1000000.00,3.736956,102.34570312
16:11:28,91282CLD1,TSRYS5850288,D,S,D,2024-08-27,1000000.00,3.737275,102.34375
16:11:28,91282CLD1,TSRYS5850288,D,S,D,2024-08-27,1000000.00,3.737275,102.34375
16:11:31,91282CLD1,TSRYS5850288,D,S,C,2024-08-27,1000000.00,3.736956,102.34570312
16:11:33,91282CLD1,TSRYS5850288,D,S,C,2024-08-27,2000000.00,3.736956,102.34570312
16:11:33,91282CLD1,TSRYS5850288,D,S,C,2024-08-27,2000000.00,3.736956,102.34570312
16:11:33,91282CLD1,TSRYS5850288,D,S,T,2024-08-27,1000000.00,3.736956,102.34570312
16:11:33,91282CLD1,TSRYS5850288,D,B,C,2024-08-27,1000000.00,3.737593,102.34179687
16:11:35,91282CLD1,TSRYS5850288,D,S,T,2024-08-27,1000000.00,3.736956,102.34570312
16:11:35,91282CLD1,TSRYS5850288,D,S,C,2024-08-27,2000000.00,3.736956,102.34570312
16:11:35,91282CLD1,TSRYS5850288,D,S,C,2024-08-27,1000000.00,3.736956,102.34570312
16:11:35,91282CLD1,TSRYS5850288,D,S,T,2024-08-27,1000000.00,3.736956,102.34570312
16:11:35,91282CLD1,TSRYS5850288,D,S,C,2024-08-27,1000000.00,3.736956,102.34570312
16:11:35,91282CLD1,TSRYS5850288,D,S,D,2024-08-27,1000000.00,3.736956,102.34570312
16:11:35,91282CLD1,TSRYS5850288,D,B,C,2024-08-27,2000000.00,3.737593,102.34179687
16:11:36,91282CLD1,TSRYS5850288,D,S,T,2024-08-27,1000000.00,3.737593,102.341796875
16:11:36,91282CLD1,TSRYS5850288,D,S,D,2024-08-27,2000000.00,3.737911,102.33984375
16:11:36,91282CLD1,TSRYS5850288,D,S,D,2024-08-27,1000000.00,3.737593,102.341796875
16:11:36,91282CLD1,TSRYS5850288,D,S,D,2024-08-27,1000000.00,3.737593,102.341796875
16:11:36,91282CLD1,TSRYS5850288,D,S,T,2024-08-27,1000000.00,3.737593,102.341796875
16:11:36,91282CLD1,TSRYS5850288,D,S,T,2024-08-27,1000000.00,3.737593,102.341796875
16:11:36,91282CLD1,TSRYS5850288,D,S,D,2024-08-27,1000000.00,3.737593,102.341796875
16:11:36,91282CLD1,TSRYS5850288,D,S,D,2024-08-27,1000000.00,3.737593,102.341796875
16:11:36,91282CLD1,TSRYS5850288,D,S,D,2024-08-27,1000000.00,3.737593,102.341796875
16:11:36,91282CLD1,TSRYS5850288,D,S,D,2024-08-27,1000000.00,3.737593,102.341796875
16:11:36,91282CLD1,TSRYS5850288,D,S,D,2024-08-27,1000000.00,3.737593,102.341796875
16:11:36,91282CLD1,TSRYS5850288,D,S,D,2024-08-27,1000000.00,3.737593,102.341796875
16:11:36,91282CLD1,TSRYS5850288,D,S,D,2024-08-27,1000000.00,3.737593,102.341796875
16:11:38,91282CLD1,TSRYS5850288,D,S,T,2024-08-27,1000000.00,3.736956,102.34570312
16:11:39,91282CLD1,TSRYS5850288,D,S,D,2024-08-27,2000000.00,3.736956,102.34570312
16:11:39,91282CLD1,TSRYS5850288,D,S,T,2024-08-27,1000000.00,3.736956,102.34570312
16:11:40,91282CLD1,TSRYS5850288,D,S,T,2024-08-27,2000000.00,3.736956,102.34570312
16:11:40,91282CLD1,TSRYS5850288,D,S,D,2024-08-27,1000000.00,3.736956,102.34570312
16:11:41,91282CLD1,TSRYS5850288,D,S,D,2024-08-27,1000000.00,3.73823,102.337890625
16:11:41,91282CLD1,TSRYS5850288,D,B,C,2024-08-27,1000000.00,3.73823,102.337890625
16:11:41,91282CLD1,TSRYS5850288,D,S,D,2024-08-27,1000000.00,3.73823,102.337890625
16:11:41,91282CLD1,TSRYS5850288,D,B,C,2024-08-27,1000000.00,3.73823,102.337890625
16:11:41,91282CLD1,TSRYS5850288,D,S,T,2024-08-27,2000000.00,3.736956,102.34570312
16:11:41,91282CLD1,TSRYS5850288,D,S,D,2024-08-27,1000000.00,3.736956,102.34570312
16:11:41,91282CLD1,TSRYS5850288,D,S,D,2024-08-27,1000000.00,3.737593,102.341796875
16:11:41,91282CLD1,TSRYS5850288,D,B,C,2024-08-27,1000000.00,3.737593,102.341796875
16:11:41,91282CLD1,TSRYS5850288,D,S,D,2024-08-27,1000000.00,3.737593,102.341796875
16:11:41,91282CLD1,TSRYS5850288,D,S,D,2024-08-27,1000000.00,3.737593,102.341796875
16:11:41,91282CLD1,TSRYS5850288,D,S,D,2024-08-27,1000000.00,3.737593,102.341796875
16:11:41,91282CLD1,TSRYS5850288,D,S,C,2024-08-27,1000000.00,3.737911,102.33984375
16:11:43,91282CLD1,TSRYS5850288,D,S,D,2024-08-27,1000000.00,3.736956,102.34570312
16:11:44,91282CLD1,TSRYS5850288,D,B,C,2024-08-27,2000000.00,3.737593,102.341796875
16:11:44,91282CLD1,TSRYS5850288,D,S,D,2024-08-27,2000000.00,3.737593,102.341796875
16:11:44,91282CLD1,TSRYS5850288,D,B,C,2024-08-27,2000000.00,3.737593,102.341796875
16:11:44,91282CLD1,TSRYS5850288,D,S,D,2024-08-27,2000000.00,3.737593,102.341796875
16:11:55,91282CLD1,TSRYS5850288,D,S,D,2024-08-27,1000000.00,3.736956,102.34570312
16:11:56,91282CLD1,TSRYS5850288,D,S,D,2024-08-27,1000000.00,3.736956,102.34570312
16:11:56,91282CLD1,TSRYS5850288,D,S,D,2024-08-27,1000000.00,3.736956,102.34570312
16:11:57,91282CLD1,TSRYS5850288,D,S,D,2024-08-27,1000000.00,3.737593,102.341796875
16:11:57,91282CLD1,TSRYS5850288,D,S,D,2024-08-27,1000000.00,3.737593,102.341796875
16:11:57,91282CLD1,TSRYS5850288,D,S,D,2024-08-27,1000000.00,3.737593,102.341796875
16:11:58,91282CLD1,TSRYS5850288,D,S,T,2024-08-27,1000000.00,3.736956,102.34570312
16:11:58,91282CLD1,TSRYS5850288,D,S,D,2024-08-27,1000000.00,3.737593,102.341796875
16:11:58,91282CLD1,TSRYS5850288,D,S,D,2024-08-27,1000000.00,3.737593,102.341796875
16:11:58,91282CLD1,TSRYS5850288,D,B,C,2024-08-27,1000000.00,3.737593,102.341796875
16:11:59,91282CLD1,TSRYS5850288,D,S,T,2024-08-27,1000000.00,3.736956,102.34570312
16:11:59,91282CLD1,TSRYS5850288,D,S,T,2024-08-27,1000000.00,3.736956,102.34570312
16:12:01,91282CLD1,TSRYS5850288,D,S,D,2024-08-27,1000000.00,3.736956,102.34570312
16:12:01,91282CLD1,TSRYS5850288,D,S,T,2024-08-27,1000000.00,3.736956,102.34570312
16:12:01,91282CLD1,TSRYS5850288,D,S,D,2024-08-27,1000000.00,3.736956,102.34570312
16:12:02,91282CLD1,TSRYS5850288,D,B,C,2024-08-27,2000000.00,3.737593,102.341796875
16:12:02,91282CLD1,TSRYS5850288,D,S,D,2024-08-27,2000000.00,3.737593,102.341796875
16:12:03,91282CLD1,TSRYS5850288,D,S,C,2024-08-27,1000000.00,3.736956,102.34570312
16:12:03,91282CLD1,TSRYS5850288,D,S,T,2024-08-27,1000000.00,3.736956,102.34570312
16:12:03,91282CLD1,TSRYS5850288,D,S,D,2024-08-27,1000000.00,3.736956,102.34570312
16:12:03,91282CLD1,TSRYS5850288,D,S,T,2024-08-27,1000000.00,3.736956,102.34570312
16:12:05,91282CLD1,TSRYS5850288,D,B,C,2024-08-27,29252000.00,3.737911,102.33984375
16:12:05,91282CLD1,TSRYS5850288,D,S,D,2024-08-27,1000000.00,3.736956,102.34570312
16:12:05,91282CLD1,TSRYS5850288,D,S,C,2024-08-27,1000000.00,3.736956,102.34570312
16:12:05,91282CLD1,TSRYS5850288,D,B,C,2024-08-27,1000000.00,3.737593,102.34179687
16:12:05,91282CLD1,TSRYS5850288,D,S,T,2024-08-27,1000000.00,3.736956,102.34570312
16:12:08,91282CLD1,TSRYS5850288,D,S,T,2024-08-27,1000000.00,3.736956,102.34570312
16:12:08,91282CLD1,TSRYS5850288,D,B,C,2024-08-27,1000000.00,3.737593,102.34179687
16:12:08,91282CLD1,TSRYS5850288,D,B,C,2024-08-27,1000000.00,3.737593,102.34179687
16:12:08,91282CLD1,TSRYS5850288,D,S,D,2024-08-27,17000.00,3.737911,102.33984375
16:12:09,91282CLD1,TSRYS5850288,D,B,C,2024-08-27,1000000.00,3.737593,102.34179687
16:12:09,91282CLD1,TSRYS5850288,D,B,C,2024-08-27,1000000.00,3.737593,102.34179687
16:12:09,91282CLD1,TSRYS5850288,D,B,C,2024-08-27,1000000.00,3.737593,102.34179687
16:12:09,91282CLD1,TSRYS5850288,D,B,C,2024-08-27,1000000.00,3.737593,102.34179687
16:12:11,91282CLD1,TSRYS5850288,D,B,C,2024-08-27,1000000.00,3.737593,102.34179687
16:12:11,91282CLD1,TSRYS5850288,D,B,C,2024-08-27,1000000.00,3.737593,102.34179687
16:12:11,91282CLD1,TSRYS5850288,D,B,C,2024-08-27,1000000.00,3.737593,102.34179687
16:12:15,91282CLD1,TSRYS5850288,D,S,D,2024-08-27,29252000.00,3.737911,102.33984375
16:12:17,91282CLD1,TSRYS5850288,D,B,C,2024-08-27,23000000.00,3.73413,102.36304
16:12:18,91282CLD1,TSRYS5850288,D,S,T,2024-08-27,1000000.00,3.737911,102.33984375
16:12:19,91282CLD1,TSRYS5850288,D,S,C,2024-08-27,9300000.00,3.8344,101.75
16:12:22,91282CLD1,TSRYS5850288,D,B,C,2024-08-27,3000000.00,3.737593,102.34179687
16:12:24,91282CLD1,TSRYS5850288,D,B,C,2024-08-27,3000000.00,3.737593,102.34179687
16:12:24,91282CLD1,TSRYS5850288,D,B,C,2024-08-27,3000000.00,3.737593,102.34179687
16:12:24,91282CLD1,TSRYS5850288,D,B,C,2024-08-27,3000000.00,3.737593,102.34179687
16:12:39,91282CLD1,TSRYS5850288,D,S,D,2024-08-27,9300000.00,3.8344,101.75
16:12:40,91282CLD1,TSRYS5850288,D,S,D,2024-08-27,1000000.00,3.737593,102.341796875
16:12:45,91282CLD1,TSRYS5850288,D,S,T,2024-08-27,1000000.00,3.737312,102.343523
16:12:45,91282CLD1,TSRYS5850288,D,S,T,2024-08-27,1000000.00,3.737312,102.343523
16:12:46,91282CLD1,TSRYS5850288,D,S,T,2024-08-27,1000000.00,3.737593,102.341796875
16:12:48,91282CLD1,TSRYS5850288,D,S,C,2024-08-27,150MM+,3.730908,102.3828125
16:12:55,91282CLD1,TSRYS5850288,D,S,T,2024-08-27,1000000.00,3.737312,102.343523
16:12:55,91282CLD1,TSRYS5850288,D,S,T,2024-08-27,1000000.00,3.737312,102.343523
16:12:55,91282CLD1,TSRYS5850288,D,S,T,2024-08-27,1000000.00,3.737312,102.343523
16:12:55,91282CLD1,TSRYS5850288,D,S,T,2024-08-27,1000000.00,3.737312,102.343523
16:12:55,91282CLD1,TSRYS5850288,D,S,T,2024-08-27,1000000.00,3.737312,102.343523
16:12:55,91282CLD1,TSRYS5850288,D,S,T,2024-08-27,1000000.00,3.737312,102.343523
16:12:57,91282CLD1,TSRYS5850288,D,S,D,2024-08-27,1000000.00,3.737593,102.341796875
16:13:01,91282CLD1,TSRYS5850288,D,S,D,2024-08-27,1000000.00,3.737593,102.341796875
16:13:02,91282CLD1,TSRYS5850288,D,S,D,2024-08-27,1000000.00,3.737593,102.341796875
16:13:02,91282CLD1,TSRYS5850288,D,B,C,2024-08-27,1000000.00,3.737593,102.341796875
16:13:05,91282CLD1,TSRYS5850288,D,S,D,2024-08-27,1000000.00,3.737275,102.34375
16:13:09,91282CLD1,TSRYS5850288,D,B,C,2024-08-27,1000000.00,3.737593,102.34179687
16:13:13,91282CLD1,TSRYS5850288,D,B,C,2024-08-27,1000000.00,3.737593,102.34179687
16:13:25,91282CLD1,TSRYS5850288,D,B,C,2024-08-27,2000000.00,3.737593,102.34179687
16:13:26,91282CLD1,TSRYS5850288,D,B,C,2024-08-27,1000000.00,3.737593,102.34179687
16:13:32,91282CLD1,TSRYS5850288,D,S,D,2024-08-27,1000000.00,3.737275,102.34375
16:13:32,91282CLD1,TSRYS5850288,D,S,D,2024-08-27,1000000.00,3.737275,102.34375
16:13:33,91282CLD1,TSRYS5850288,D,S,D,2024-08-27,1000000.00,3.737275,102.34375
16:13:33,91282CLD1,TSRYS5850288,D,S,D,2024-08-27,1000000.00,3.737275,102.34375
16:13:33,91282CLD1,TSRYS5850288,D,S,C,2024-08-27,1000000.00,3.737275,102.34375
16:13:33,91282CLD1,TSRYS5850288,D,S,D,2024-08-27,1000000.00,3.737275,102.34375
16:13:33,91282CLD1,TSRYS5850288,D,S,D,2024-08-27,1000000.00,3.737275,102.34375
16:13:33,91282CLD1,TSRYS5850288,D,S,T,2024-08-27,1000000.00,3.737275,102.34375
16:13:33,91282CLD1,TSRYS5850288,D,S,D,2024-08-27,1000000.00,3.737275,102.34375
16:13:33,91282CLD1,TSRYS5850288,D,S,T,2024-08-27,1000000.00,3.737275,102.34375
16:13:34,91282CLD1,TSRYS5850288,D,S,T,2024-08-27,1000000.00,3.737275,102.34375
16:13:34,91282CLD1,TSRYS5850288,D,S,D,2024-08-27,1000000.00,3.737275,102.34375
16:13:34,91282CLD1,TSRYS5850288,D,S,T,2024-08-27,1000000.00,3.737275,102.34375
16:13:34,91282CLD1,TSRYS5850288,D,S,T,2024-08-27,1000000.00,3.737275,102.34375
16:13:34,91282CLD1,TSRYS5850288,D,S,T,2024-08-27,1000000.00,3.737275,102.34375
16:13:34,91282CLD1,TSRYS5850288,D,S,T,2024-08-27,1000000.00,3.737275,102.34375
16:13:34,91282CLD1,TSRYS5850288,D,S,T,2024-08-27,1000000.00,3.737275,102.34375
16:13:34,91282CLD1,TSRYS5850288,D,S,T,2024-08-27,1000000.00,3.737275,102.34375
16:13:34,91282CLD1,TSRYS5850288,D,S,D,2024-08-27,1000000.00,3.737275,102.34375
16:13:35,91282CLD1,TSRYS5850288,D,S,T,2024-08-27,1000000.00,3.737275,102.34375
16:13:35,91282CLD1,TSRYS5850288,D,S,T,2024-08-27,1000000.00,3.737275,102.34375
16:13:35,91282CLD1,TSRYS5850288,D,S,T,2024-08-27,1000000.00,3.737275,102.34375
16:13:35,91282CLD1,TSRYS5850288,D,S,T,2024-08-27,1000000.00,3.737275,102.34375
16:13:35,91282CLD1,TSRYS5850288,D,S,T,2024-08-27,1000000.00,3.737275,102.34375
16:13:35,91282CLD1,TSRYS5850288,D,S,T,2024-08-27,1000000.00,3.737275,102.34375
16:13:35,91282CLD1,TSRYS5850288,D,S,T,2024-08-27,1000000.00,3.737275,102.34375
16:13:35,91282CLD1,TSRYS5850288,D,S,T,2024-08-27,1000000.00,3.737275,102.34375
16:13:35,91282CLD1,TSRYS5850288,D,S,T,2024-08-27,1000000.00,3.737275,102.34375
16:13:35,91282CLD1,TSRYS5850288,D,S,T,2024-08-27,1000000.00,3.737275,102.34375
16:13:35,91282CLD1,TSRYS5850288,D,S,T,2024-08-27,1000000.00,3.737275,102.34375
16:13:36,91282CLD1,TSRYS5850288,D,S,T,2024-08-27,1000000.00,3.737312,102.343523
16:13:36,91282CLD1,TSRYS5850288,D,S,T,2024-08-27,1000000.00,3.737312,102.343523
16:13:36,91282CLD1,TSRYS5850288,D,S,T,2024-08-27,1000000.00,3.737275,102.34375
16:13:37,91282CLD1,TSRYS5850288,D,S,D,2024-08-27,1000000.00,3.737275,102.34375
16:13:37,91282CLD1,TSRYS5850288,D,S,D,2024-08-27,1000000.00,3.737275,102.34375
16:13:38,91282CLD1,TSRYS5850288,D,S,C,2024-08-27,1000000.00,3.737275,102.34375
16:13:38,91282CLD1,TSRYS5850288,D,S,C,2024-08-27,1000000.00,3.737275,102.34375
16:13:42,91282CLD1,TSRYS5850288,D,S,T,2024-08-27,1000000.00,3.737275,102.34375
16:13:44,91282CLD1,TSRYS5850288,D,S,D,2024-08-27,1000000.00,3.737275,102.34375
16:13:44,91282CLD1,TSRYS5850288,D,S,D,2024-08-27,1000000.00,3.737275,102.34375
16:13:44,91282CLD1,TSRYS5850288,D,B,C,2024-08-27,1000000.00,3.737275,102.34375
16:13:44,91282CLD1,TSRYS5850288,D,S,C,2024-08-27,1000000.00,3.737275,102.34375
16:13:44,91282CLD1,TSRYS5850288,D,S,D,2024-08-27,1000000.00,3.737275,102.34375
16:13:44,91282CLD1,TSRYS5850288,D,S,D,2024-08-27,1000000.00,3.737275,102.34375
16:13:44,91282CLD1,TSRYS5850288,D,B,C,2024-08-27,1000000.00,3.737275,102.34375
16:13:44,91282CLD1,TSRYS5850288,D,S,D,2024-08-27,1000000.00,3.737275,102.34375
16:13:44,91282CLD1,TSRYS5850288,D,B,C,2024-08-27,1000000.00,3.737275,102.34375
16:13:44,91282CLD1,TSRYS5850288,D,S,C,2024-08-27,1000000.00,3.737275,102.34375
16:13:44,91282CLD1,TSRYS5850288,D,S,D,2024-08-27,1000000.00,3.737275,102.34375
16:13:44,91282CLD1,TSRYS5850288,D,S,D,2024-08-27,1000000.00,3.737275,102.34375
16:13:44,91282CLD1,TSRYS5850288,D,S,D,2024-08-27,1000000.00,3.737275,102.34375
16:13:44,91282CLD1,TSRYS5850288,D,S,D,2024-08-27,1000000.00,3.737275,102.34375
16:13:45,91282CLD1,TSRYS5850288,D,S,T,2024-08-27,1000000.00,3.737275,102.34375
16:13:45,91282CLD1,TSRYS5850288,D,S,T,2024-08-27,1000000.00,3.737275,102.34375
16:13:45,91282CLD1,TSRYS5850288,D,S,T,2024-08-27,1000000.00,3.737275,102.34375
16:13:45,91282CLD1,TSRYS5850288,D,S,T,2024-08-27,1000000.00,3.737275,102.34375
16:13:46,91282CLD1,TSRYS5850288,D,S,T,2024-08-27,1000000.00,3.737312,102.343523
16:13:46,91282CLD1,TSRYS5850288,D,S,T,2024-08-27,1000000.00,3.737312,102.343523
16:13:46,91282CLD1,TSRYS5850288,D,S,T,2024-08-27,1000000.00,3.737312,102.343523
16:13:46,91282CLD1,TSRYS5850288,D,S,T,2024-08-27,1000000.00,3.737312,102.343523
16:13:46,91282CLD1,TSRYS5850288,D,S,T,2024-08-27,1000000.00,3.737312,102.343523
16:13:46,91282CLD1,TSRYS5850288,D,S,T,2024-08-27,1000000.00,3.737312,102.343523
16:13:46,91282CLD1,TSRYS5850288,D,S,T,2024-08-27,1000000.00,3.737312,102.343523
16:13:46,91282CLD1,TSRYS5850288,D,S,T,2024-08-27,1000000.00,3.737312,102.343523
16:13:46,91282CLD1,TSRYS5850288,D,S,T,2024-08-27,1000000.00,3.737312,102.343523
16:13:46,91282CLD1,TSRYS5850288,D,S,T,2024-08-27,1000000.00,3.737312,102.343523
16:13:46,91282CLD1,TSRYS5850288,D,S,T,2024-08-27,1000000.00,3.737275,102.34375
16:13:48,91282CLD1,TSRYS5850288,D,S,C,2024-08-27,1000000.00,3.737275,102.34375
16:13:48,91282CLD1,TSRYS5850288,D,S,D,2024-08-27,1000000.00,3.737275,102.34375
16:13:48,91282CLD1,TSRYS5850288,D,S,C,2024-08-27,1000000.00,3.737275,102.34375
16:13:49,91282CLD1,TSRYS5850288,D,S,T,2024-08-27,9300000.00,3.8344,101.75
16:13:49,91282CLD1,TSRYS5850288,D,S,D,2024-08-27,1000000.00,3.737275,102.34375
16:13:50,91282CLD1,TSRYS5850288,D,S,T,2024-08-27,9300000.00,3.8344,101.75
16:13:53,91282CLD1,TSRYS5850288,D,S,C,2024-08-27,1000000.00,3.737911,102.33984375
16:13:55,91282CLD1,TSRYS5850288,D,S,D,2024-08-27,1000000.00,3.737275,102.34375
16:13:55,91282CLD1,TSRYS5850288,D,S,T,2024-08-27,1000000.00,3.737275,102.34375
16:13:59,91282CLD1,TSRYS5850288,D,S,C,2024-08-27,28000000.00,3.8344,101.75
16:14:14,91282CLD1,TSRYS5850288,D,S,C,2024-08-27,1000000.00,3.737275,102.34375
16:14:14,91282CLD1,TSRYS5850288,D,S,D,2024-08-27,1000000.00,3.737275,102.34375
16:14:14,91282CLD1,TSRYS5850288,D,S,D,2024-08-27,1000000.00,3.737275,102.34375
16:14:14,91282CLD1,TSRYS5850288,D,S,D,2024-08-27,1000000.00,3.737275,102.34375
16:14:14,91282CLD1,TSRYS5850288,D,S,D,2024-08-27,1000000.00,3.737275,102.34375
16:14:14,91282CLD1,TSRYS5850288,D,S,D,2024-08-27,1000000.00,3.737275,102.34375
16:14:14,91282CLD1,TSRYS5850288,D,S,C,2024-08-27,1000000.00,3.737258,102.34385
16:14:18,91282CLD1,TSRYS5850288,D,B,C,2024-08-27,1000000.00,3.737593,102.34179687
16:14:26,91282CLD1,TSRYS5850288,D,S,T,2024-08-27,1000000.00,3.737312,102.343523
16:14:28,91282CLD1,TSRYS5850288,D,S,C,2024-08-27,1000000.00,3.737275,102.34375
16:14:29,91282CLD1,TSRYS5850288,D,S,D,2024-08-27,1000000.00,3.737275,102.34375
16:14:29,91282CLD1,TSRYS5850288,D,S,D,2024-08-27,1000000.00,3.737275,102.34375
16:14:29,91282CLD1,TSRYS5850288,D,S,C,2024-08-27,1000000.00,3.737275,102.34375
16:14:29,91282CLD1,TSRYS5850288,D,S,C,2024-08-27,1000000.00,3.737275,102.34375
16:14:29,91282CLD1,TSRYS5850288,D,S,C,2024-08-27,1000000.00,3.737275,102.34375
16:14:29,91282CLD1,TSRYS5850288,D,S,C,2024-08-27,1000000.00,3.737275,102.34375
16:14:29,91282CLD1,TSRYS5850288,D,S,D,2024-08-27,1000000.00,3.737275,102.34375
16:14:29,91282CLD1,TSRYS5850288,D,S,D,2024-08-27,1000000.00,3.737275,102.34375
16:14:29,91282CLD1,TSRYS5850288,D,S,D,2024-08-27,1000000.00,3.737275,102.34375
16:14:29,91282CLD1,TSRYS5850288,D,S,D,2024-08-27,1000000.00,3.737275,102.34375
16:14:29,91282CLD1,TSRYS5850288,D,S,D,2024-08-27,1000000.00,3.737275,102.34375
16:14:29,91282CLD1,TSRYS5850288,D,S,D,2024-08-27,1000000.00,3.737275,102.34375
16:14:29,91282CLD1,TSRYS5850288,D,S,C,2024-08-27,1000000.00,3.737275,102.34375
16:14:29,91282CLD1,TSRYS5850288,D,S,D,2024-08-27,1000000.00,3.737275,102.34375
16:14:29,91282CLD1,TSRYS5850288,D,S,D,2024-08-27,1000000.00,3.737275,102.34375
16:14:29,91282CLD1,TSRYS5850288,D,S,C,2024-08-27,1000000.00,3.737275,102.34375
16:14:29,91282CLD1,TSRYS5850288,D,S,D,2024-08-27,1000000.00,3.737275,102.34375
16:14:29,91282CLD1,TSRYS5850288,D,S,C,2024-08-27,1000000.00,3.737275,102.34375
16:14:33,91282CLD1,TSRYS5850288,D,S,D,2024-08-27,1000000.00,3.737275,102.34375
16:14:44,91282CLD1,TSRYS5850288,D,S,C,2024-08-27,1000000.00,3.737275,102.34375
16:14:44,91282CLD1,TSRYS5850288,D,S,D,2024-08-27,1000000.00,3.737275,102.34375
16:14:44,91282CLD1,TSRYS5850288,D,S,D,2024-08-27,1000000.00,3.737275,102.34375
16:15:00,91282CLD1,TSRYS5850288,D,S,D,2024-08-27,1000000.00,3.737275,102.34375
16:15:02,91282CLD1,TSRYS5850288,D,S,T,2024-08-27,1000000.00,3.737295,102.343625
16:15:02,91282CLD1,TSRYS5850288,D,S,T,2024-08-27,1000000.00,3.737275,102.34375
16:15:03,91282CLD1,TSRYS5850288,D,S,T,2024-08-27,1000000.00,3.737275,102.34375
16:15:03,91282CLD1,TSRYS5850288,D,S,T,2024-08-27,1000000.00,3.737275,102.34375
16:15:04,91282CLD1,TSRYS5850288,D,S,T,2024-08-27,1000000.00,3.737275,102.34375
16:15:05,91282CLD1,TSRYS5850288,D,S,D,2024-08-27,1000000.00,3.737275,102.34375
16:15:05,91282CLD1,TSRYS5850288,D,S,D,2024-08-27,1000000.00,3.737275,102.34375
16:15:05,91282CLD1,TSRYS5850288,D,S,D,2024-08-27,1000000.00,3.737275,102.34375
16:15:05,91282CLD1,TSRYS5850288,D,S,D,2024-08-27,1000000.00,3.737275,102.34375
16:15:07,91282CLD1,TSRYS5850288,D,S,T,2024-08-27,1000000.00,3.737312,102.343523
16:15:07,91282CLD1,TSRYS5850288,D,S,T,2024-08-27,1000000.00,3.737312,102.343523
16:15:07,91282CLD1,TSRYS5850288,D,S,T,2024-08-27,1000000.00,3.737312,102.343523
16:15:11,91282CLD1,TSRYS5850288,D,B,C,2024-08-27,28100000.00,3.8344,101.75
16:15:14,91282CLD1,TSRYS5850288,D,S,D,2024-08-27,1000000.00,3.737275,102.34375
16:15:14,91282CLD1,TSRYS5850288,D,S,D,2024-08-27,1000000.00,3.737275,102.34375
16:15:16,91282CLD1,TSRYS5850288,D,S,C,2024-08-27,27950000.00,3.8344,101.75
16:15:16,91282CLD1,TSRYS5850288,D,B,C,2024-08-27,9300000.00,3.8344,101.75
16:15:19,91282CLD1,TSRYS5850288,D,S,D,2024-08-27,150MM+,3.735882,102.35229
16:15:23,91282CLD1,TSRYS5850288,D,S,C,2024-08-27,14000.00,3.738548,102.3359375
16:15:29,91282CLD1,TSRYS5850288,D,S,D,2024-08-27,1000000.00,3.737275,102.34375
16:16:07,91282CLD1,TSRYS5850288,D,S,T,2024-08-27,1000000.00,3.737312,102.343523
16:16:08,91282CLD1,TSRYS5850288,D,S,T,2024-08-27,1000000.00,3.736956,102.345703125
16:16:08,91282CLD1,TSRYS5850288,D,S,D,2024-08-27,1000000.00,3.736956,102.345703125
16:16:08,91282CLD1,TSRYS5850288,D,S,C,2024-08-27,1000000.00,3.737275,102.34375
16:16:08,91282CLD1,TSRYS5850288,D,S,D,2024-08-27,1000000.00,3.737275,102.34375
16:16:13,91282CLD1,TSRYS5850288,D,S,D,2024-08-27,1000000.00,3.736956,102.345703125
16:16:16,91282CLD1,TSRYS5850288,D,S,T,2024-08-27,1000000.00,3.737275,102.34375
16:16:16,91282CLD1,TSRYS5850288,D,S,C,2024-08-27,150MM+,3.732701,102.37181
16:16:17,91282CLD1,TSRYS5850288,D,S,T,2024-08-27,1000000.00,3.737275,102.34375
16:16:18,91282CLD1,TSRYS5850288,D,S,T,2024-08-27,1000000.00,3.736638,102.34765625
16:16:18,91282CLD1,TSRYS5850288,D,S,D,2024-08-27,1000000.00,3.736638,102.34765625
16:16:18,91282CLD1,TSRYS5850288,D,S,D,2024-08-27,1000000.00,3.736638,102.34765625
16:16:18,91282CLD1,TSRYS5850288,D,S,D,2024-08-27,1000000.00,3.736638,102.34765625
16:16:18,91282CLD1,TSRYS5850288,D,S,C,2024-08-27,1000000.00,3.736956,102.345703125
16:16:18,91282CLD1,TSRYS5850288,D,S,D,2024-08-27,1000000.00,3.736956,102.345703125
16:16:18,91282CLD1,TSRYS5850288,D,S,T,2024-08-27,1000000.00,3.736956,102.345703125
16:16:18,91282CLD1,TSRYS5850288,D,S,T,2024-08-27,1000000.00,3.736956,102.345703125
16:16:19,91282CLD1,TSRYS5850288,D,S,C,2024-08-27,1000000.00,3.737275,102.34375
16:16:20,91282CLD1,TSRYS5850288,D,S,D,2024-08-27,2000000.00,3.736638,102.34765625
16:16:20,91282CLD1,TSRYS5850288,D,S,T,2024-08-27,1000000.00,3.736956,102.345703125
16:16:21,91282CLD1,TSRYS5850288,D,S,D,2024-08-27,1000000.00,3.737275,102.34375
16:16:21,91282CLD1,TSRYS5850288,D,S,D,2024-08-27,1000000.00,3.737275,102.34375
16:16:22,91282CLD1,TSRYS5850288,D,S,D,2024-08-27,1000000.00,3.736638,102.34765625
16:16:22,91282CLD1,TSRYS5850288,D,S,D,2024-08-27,1000000.00,3.736638,102.34765625
16:16:23,91282CLD1,TSRYS5850288,D,S,T,2024-08-27,2000000.00,3.736638,102.34765625
16:16:24,91282CLD1,TSRYS5850288,D,S,D,2024-08-27,2000000.00,3.736638,102.34765625
16:16:24,91282CLD1,TSRYS5850288,D,S,D,2024-08-27,1000000.00,3.736638,102.34765625
16:16:25,91282CLD1,TSRYS5850288,D,S,T,2024-08-27,2000000.00,3.736638,102.34765625
16:16:28,91282CLD1,TSRYS5850288,D,S,C,2024-08-27,1000000.00,3.736956,102.345703125
16:16:28,91282CLD1,TSRYS5850288,D,S,C,2024-08-27,1000000.00,3.736956,102.345703125
16:16:28,91282CLD1,TSRYS5850288,D,S,T,2024-08-27,1000000.00,3.737275,102.34375
16:16:28,91282CLD1,TSRYS5850288,D,S,C,2024-08-27,2000000.00,3.736956,102.345703125
16:16:29,91282CLD1,TSRYS5850288,D,B,C,2024-08-27,2000000.00,3.736972,102.345603125
16:16:29,91282CLD1,TSRYS5850288,D,S,C,2024-08-27,1000000.00,3.737275,102.34375
16:16:29,91282CLD1,TSRYS5850288,D,S,D,2024-08-27,3000000.00,3.737275,102.34375
16:16:29,91282CLD1,TSRYS5850288,D,B,C,2024-08-27,3000000.00,3.737275,102.34375
16:16:45,91282CLD1,TSRYS5850288,D,S,C,2024-08-27,1000000.00,3.736638,102.34765625
16:16:47,91282CLD1,TSRYS5850288,D,S,C,2024-08-27,1000000.00,3.736638,102.34765625
16:16:48,91282CLD1,TSRYS5850288,D,S,T,2024-08-27,1000000.00,3.737312,102.343523
16:16:48,91282CLD1,TSRYS5850288,D,S,T,2024-08-27,1000000.00,3.737312,102.343523
16:16:48,91282CLD1,TSRYS5850288,D,S,T,2024-08-27,1000000.00,3.737312,102.343523
16:16:48,91282CLD1,TSRYS5850288,D,S,T,2024-08-27,1000000.00,3.737312,102.343523
16:16:55,91282CLD1,TSRYS5850288,D,S,D,2024-08-27,1000000.00,3.736638,102.34765625
16:16:55,91282CLD1,TSRYS5850288,D,S,C,2024-08-27,3000000.00,3.736638,102.34765625
16:16:55,91282CLD1,TSRYS5850288,D,S,D,2024-08-27,1000000.00,3.736638,102.34765625
16:17:01,91282CLD1,TSRYS5850288,D,S,C,2024-08-27,1000000.00,3.736956,102.34570312
16:17:08,91282CLD1,TSRYS5850288,D,S,T,2024-08-27,1000000.00,3.737275,102.34375
16:17:11,91282CLD1,TSRYS5850288,D,S,D,2024-08-27,1000000.00,3.736638,102.34765625
16:17:11,91282CLD1,TSRYS5850288,D,S,C,2024-08-27,2000000.00,3.736638,102.34765625
16:17:11,91282CLD1,TSRYS5850288,D,S,C,2024-08-27,1000000.00,3.736638,102.34765625
16:17:12,91282CLD1,TSRYS5850288,D,S,D,2024-08-27,1400000.00,3.736638,102.34765625
16:17:15,91282CLD1,TSRYS5850288,D,S,T,2024-08-27,1000000.00,3.736638,102.34765625
16:17:15,91282CLD1,TSRYS5850288,D,S,T,2024-08-27,1000000.00,3.736638,102.34765625
16:17:20,91282CLD1,TSRYS5850288,D,S,C,2024-08-27,1000000.00,3.736638,102.34765625
16:17:20,91282CLD1,TSRYS5850288,D,S,C,2024-08-27,1000000.00,3.736638,102.34765625
16:17:22,91282CLD1,TSRYS5850288,D,S,T,2024-08-27,1000000.00,3.737275,102.34375
16:17:22,91282CLD1,TSRYS5850288,D,S,D,2024-08-27,1000000.00,3.737275,102.34375
16:17:22,91282CLD1,TSRYS5850288,D,S,D,2024-08-27,1000000.00,3.737275,102.34375
16:17:22,91282CLD1,TSRYS5850288,D,S,C,2024-08-27,1000000.00,3.737593,102.341796875
16:17:22,91282CLD1,TSRYS5850288,D,S,C,2024-08-27,1000000.00,3.737275,102.34375
16:17:22,91282CLD1,TSRYS5850288,D,B,C,2024-08-27,1000000.00,3.737593,102.341796875
16:17:23,91282CLD1,TSRYS5850288,D,S,D,2024-08-27,1000000.00,3.737593,102.341796875
16:17:24,91282CLD1,TSRYS5850288,D,S,T,2024-08-27,18650000.00,3.8344,101.75
16:17:25,91282CLD1,TSRYS5850288,D,B,C,2024-08-27,1000000.00,3.737593,102.341796875
16:17:25,91282CLD1,TSRYS5850288,D,S,C,2024-08-27,1000000.00,3.737593,102.341796875
16:17:27,91282CLD1,TSRYS5850288,D,S,C,2024-08-27,1000000.00,3.737275,102.34375
16:17:27,91282CLD1,TSRYS5850288,D,B,C,2024-08-27,1000000.00,3.737275,102.34375
16:17:30,91282CLD1,TSRYS5850288,D,S,C,2024-08-27,1000000.00,3.737275,102.34375
16:17:30,91282CLD1,TSRYS5850288,D,S,D,2024-08-27,1000000.00,3.737275,102.34375
16:17:30,91282CLD1,TSRYS5850288,D,S,C,2024-08-27,1000000.00,3.737275,102.34375
16:17:30,91282CLD1,TSRYS5850288,D,S,D,2024-08-27,1000000.00,3.737275,102.34375
16:17:30,91282CLD1,TSRYS5850288,D,S,C,2024-08-27,1000000.00,3.737911,102.33984375
16:17:31,91282CLD1,TSRYS5850288,D,B,C,2024-08-27,520000.00,3.737275,102.34375
16:17:39,91282CLD1,TSRYS5850288,D,B,C,2024-08-27,1000000.00,3.736956,102.34570312
16:17:39,91282CLD1,TSRYS5850288,D,S,C,2024-08-27,2000000.00,3.736956,102.34570312
16:17:39,91282CLD1,TSRYS5850288,D,S,C,2024-08-27,1000000.00,3.736956,102.34570312
16:17:40,91282CLD1,TSRYS5850288,D,S,C,2024-08-27,3000000.00,3.736956,102.34570312
16:17:40,91282CLD1,TSRYS5850288,D,S,C,2024-08-27,2000000.00,3.736956,102.34570312
16:17:40,91282CLD1,TSRYS5850288,D,S,C,2024-08-27,1000000.00,3.736956,102.34570312
16:17:40,91282CLD1,TSRYS5850288,D,S,C,2024-08-27,2000000.00,3.736956,102.34570312
16:17:41,91282CLD1,TSRYS5850288,D,S,C,2024-08-27,1000000.00,3.736956,102.34570312
16:17:41,91282CLD1,TSRYS5850288,D,S,D,2024-08-27,2000000.00,3.736956,102.34570312
16:17:43,91282CLD1,TSRYS5850288,D,S,D,2024-08-27,1000000.00,3.736956,102.34570312
16:17:45,91282CLD1,TSRYS5850288,D,S,D,2024-08-27,1000000.00,3.737275,102.34375
16:17:48,91282CLD1,TSRYS5850288,D,S,D,2024-08-27,1000000.00,3.737911,102.33984375
16:17:49,91282CLD1,TSRYS5850288,D,S,C,2024-08-27,14000.00,3.737911,102.33984375
16:17:50,91282CLD1,TSRYS5850288,D,S,D,2024-08-27,100000.00,3.752566,102.25
16:17:51,91282CLD1,TSRYS5850288,D,S,C,2024-08-27,1000000.00,3.736638,102.34765625
16:17:51,91282CLD1,TSRYS5850288,D,S,D,2024-08-27,150MM+,3.733237,102.36852
16:17:53,91282CLD1,TSRYS5850288,D,S,T,2024-08-27,1000000.00,3.737275,102.34375
16:17:53,91282CLD1,TSRYS5850288,D,S,C,2024-08-27,1000000.00,3.737911,102.33984375
16:17:58,91282CLD1,TSRYS5850288,D,S,T,2024-08-27,1000000.00,3.737275,102.34375
16:17:58,91282CLD1,TSRYS5850288,D,S,T,2024-08-27,1000000.00,3.737275,102.34375
16:17:58,91282CLD1,TSRYS5850288,D,S,C,2024-08-27,1000000.00,3.737275,102.34375
16:17:58,91282CLD1,TSRYS5850288,D,S,C,2024-08-27,1000000.00,3.737911,102.33984375
16:17:58,91282CLD1,TSRYS5850288,D,S,D,2024-08-27,1000000.00,3.737275,102.34375
16:17:58,91282CLD1,TSRYS5850288,D,B,C,2024-08-27,1000000.00,3.737593,102.34179687
16:17:59,91282CLD1,TSRYS5850288,D,S,C,2024-08-27,2000000.00,3.737275,102.34375
16:17:59,91282CLD1,TSRYS5850288,D,S,C,2024-08-27,1000000.00,3.737275,102.34375
16:17:59,91282CLD1,TSRYS5850288,D,S,C,2024-08-27,1000000.00,3.737275,102.34375
16:17:59,91282CLD1,TSRYS5850288,D,S,D,2024-08-27,14000.00,,102.33984375
16:18:00,91282CLD1,TSRYS5850288,D,S,D,2024-08-27,1000000.00,3.737593,102.341796875
16:18:00,91282CLD1,TSRYS5850288,D,B,C,2024-08-27,2000000.00,3.737593,102.34179687
16:18:03,91282CLD1,TSRYS5850288,D,S,D,2024-08-27,1000000.00,3.737275,102.34375
16:18:04,91282CLD1,TSRYS5850288,D,S,T,2024-08-27,4000000.00,3.737275,102.34375
16:18:05,91282CLD1,TSRYS5850288,D,S,D,2024-08-27,1000000.00,3.736956,102.34570312
16:18:05,91282CLD1,TSRYS5850288,D,S,D,2024-08-27,2000000.00,3.736956,102.34570312
16:18:05,91282CLD1,TSRYS5850288,D,S,T,2024-08-27,1000000.00,3.737275,102.34375
16:18:21,91282CLD1,TSRYS5850288,D,B,C,2024-08-27,1000000.00,3.737593,102.34179687
16:18:26,91282CLD1,TSRYS5850288,D,B,C,2024-08-27,9850000.00,3.8344,101.75
16:18:26,91282CLD1,TSRYS5850288,D,B,C,2024-08-27,14750000.00,3.8344,101.75
16:18:27,91282CLD1,TSRYS5850288,D,S,T,2024-08-27,3000000.00,3.737911,102.33984375
16:18:28,91282CLD1,TSRYS5850288,D,S,T,2024-08-27,1000000.00,3.737911,102.33984375
16:18:28,91282CLD1,TSRYS5850288,D,S,D,2024-08-27,2000000.00,3.737911,102.33984375
16:18:28,91282CLD1,TSRYS5850288,D,S,D,2024-08-27,1000000.00,3.737911,102.33984375
16:18:28,91282CLD1,TSRYS5850288,D,S,D,2024-08-27,2000000.00,3.737911,102.33984375
16:18:28,91282CLD1,TSRYS5850288,D,S,T,2024-08-27,1000000.00,3.737911,102.33984375
16:18:28,91282CLD1,TSRYS5850288,D,S,D,2024-08-27,1000000.00,3.737911,102.33984375
16:18:28,91282CLD1,TSRYS5850288,D,S,D,2024-08-27,3000000.00,3.737895,102.33994375
16:18:29,91282CLD1,TSRYS5850288,D,S,D,2024-08-27,1000000.00,3.737895,102.33994375
16:18:30,91282CLD1,TSRYS5850288,D,S,T,2024-08-27,1000000.00,3.73823,102.337890625
16:18:30,91282CLD1,TSRYS5850288,D,S,T,2024-08-27,1000000.00,3.73823,102.337890625
16:18:30,91282CLD1,TSRYS5850288,D,S,T,2024-08-27,1000000.00,3.73823,102.337890625
16:18:30,91282CLD1,TSRYS5850288,D,S,D,2024-08-27,1000000.00,3.73823,102.337890625
16:18:32,91282CLD1,TSRYS5850288,D,S,D,2024-08-27,2000000.00,3.737275,102.34375
16:18:32,91282CLD1,TSRYS5850288,D,B,C,2024-08-27,2000000.00,3.737275,102.34375
16:18:32,91282CLD1,TSRYS5850288,D,S,C,2024-08-27,1000000.00,3.737242,102.34395
16:18:32,91282CLD1,TSRYS5850288,D,S,D,2024-08-27,1000000.00,3.737275,102.34375
16:18:32,91282CLD1,TSRYS5850288,D,B,C,2024-08-27,1000000.00,3.737275,102.34375
16:18:33,91282CLD1,TSRYS5850288,D,S,D,2024-08-27,1000000.00,3.737911,102.33984375
16:18:35,91282CLD1,TSRYS5850288,D,S,D,2024-08-27,1000000.00,3.73823,102.337890625
16:18:35,91282CLD1,TSRYS5850288,D,S,D,2024-08-27,1000000.00,3.73823,102.337890625
16:18:52,91282CLD1,TSRYS5850288,D,S,D,2024-08-27,1000000.00,3.737911,102.33984375
16:19:00,91282CLD1,TSRYS5850288,D,S,D,2024-08-27,1000000.00,3.737911,102.33984375
16:19:04,91282CLD1,TSRYS5850288,D,S,T,2024-08-27,2000000.00,3.73823,102.337890625
16:19:04,91282CLD1,TSRYS5850288,D,S,T,2024-08-27,2000000.00,3.73823,102.337890625
16:19:04,91282CLD1,TSRYS5850288,D,S,T,2024-08-27,2000000.00,3.73823,102.337890625
16:19:04,91282CLD1,TSRYS5850288,D,S,T,2024-08-27,2000000.00,3.73823,102.337890625
16:19:04,91282CLD1,TSRYS5850288,D,S,T,2024-08-27,1000000.00,3.737911,102.33984375
16:19:05,91282CLD1,TSRYS5850288,D,S,D,2024-08-27,1000000.00,3.73823,102.337890625
16:19:05,91282CLD1,TSRYS5850288,D,S,C,2024-08-27,1000000.00,3.737911,102.33984375
16:19:05,91282CLD1,TSRYS5850288,D,S,C,2024-08-27,1000000.00,3.73823,102.337890625
16:19:06,91282CLD1,TSRYS5850288,D,S,C,2024-08-27,2000000.00,3.73823,102.337890625
16:19:06,91282CLD1,TSRYS5850288,D,S,D,2024-08-27,1000000.00,3.737911,102.33984375
16:19:09,91282CLD1,TSRYS5850288,D,S,C,2024-08-27,1000000.00,3.737911,102.33984375
16:19:09,91282CLD1,TSRYS5850288,D,S,D,2024-08-27,2000000.00,3.73823,102.337890625
16:19:09,91282CLD1,TSRYS5850288,D,S,D,2024-08-27,2000000.00,3.73823,102.337890625
16:19:53,91282CLD1,TSRYS5850288,D,S,C,2024-08-27,1000000.00,3.73823,102.33789062
16:19:55,91282CLD1,TSRYS5850288,D,S,C,2024-08-27,1000000.00,3.73823,102.33789062
16:19:58,91282CLD1,TSRYS5850288,D,S,T,2024-08-27,1000000.00,3.737275,102.34375
16:19:58,91282CLD1,TSRYS5850288,D,S,T,2024-08-27,1000000.00,3.737275,102.34375
16:19:58,91282CLD1,TSRYS5850288,D,S,T,2024-08-27,1000000.00,3.737275,102.34375
16:19:58,91282CLD1,TSRYS5850288,D,S,T,2024-08-27,1000000.00,3.737275,102.34375
16:19:58,91282CLD1,TSRYS5850288,D,S,C,2024-08-27,1000000.00,3.737275,102.34375
16:19:58,91282CLD1,TSRYS5850288,D,S,C,2024-08-27,1000000.00,3.737275,102.34375
16:19:58,91282CLD1,TSRYS5850288,D,S,C,2024-08-27,1000000.00,3.737275,102.34375
16:19:58,91282CLD1,TSRYS5850288,D,S,T,2024-08-27,1000000.00,3.737275,102.34375
16:19:58,91282CLD1,TSRYS5850288,D,S,D,2024-08-27,1000000.00,3.737275,102.34375
16:19:59,91282CLD1,TSRYS5850288,D,S,D,2024-08-27,1000000.00,3.737275,102.34375
16:19:59,91282CLD1,TSRYS5850288,D,S,T,2024-08-27,2000000.00,3.737275,102.34375
16:19:59,91282CLD1,TSRYS5850288,D,S,D,2024-08-27,1000000.00,3.737275,102.34375
16:19:59,91282CLD1,TSRYS5850288,D,S,T,2024-08-27,1000000.00,3.737275,102.34375
16:19:59,91282CLD1,TSRYS5850288,D,S,D,2024-08-27,1000000.00,3.737275,102.34375
16:19:59,91282CLD1,TSRYS5850288,D,S,D,2024-08-27,1000000.00,3.737275,102.34375
16:20:00,91282CLD1,TSRYS5850288,D,S,D,2024-08-27,2000000.00,3.737275,102.34375
16:20:00,91282CLD1,TSRYS5850288,D,S,D,2024-08-27,1000000.00,3.737275,102.34375
16:20:00,91282CLD1,TSRYS5850288,D,S,T,2024-08-27,1000000.00,3.737275,102.34375
16:20:00,91282CLD1,TSRYS5850288,D,S,T,2024-08-27,1000000.00,3.737275,102.34375
16:20:00,91282CLD1,TSRYS5850288,D,S,D,2024-08-27,2000000.00,3.737275,102.34375
16:20:00,91282CLD1,TSRYS5850288,D,S,T,2024-08-27,1000000.00,3.737275,102.34375
16:20:00,91282CLD1,TSRYS5850288,D,S,T,2024-08-27,1000000.00,3.737275,102.34375
16:20:00,91282CLD1,TSRYS5850288,D,S,T,2024-08-27,1000000.00,3.737275,102.34375
16:20:00,91282CLD1,TSRYS5850288,D,S,C,2024-08-27,2000000.00,3.737242,102.34395
16:20:00,91282CLD1,TSRYS5850288,D,S,T,2024-08-27,1000000.00,3.737275,102.34375
16:20:00,91282CLD1,TSRYS5850288,D,S,T,2024-08-27,1000000.00,3.737275,102.34375
16:20:00,91282CLD1,TSRYS5850288,D,S,T,2024-08-27,1000000.00,3.737275,102.34375
16:20:00,91282CLD1,TSRYS5850288,D,S,D,2024-08-27,1000000.00,3.737275,102.34375
16:20:01,91282CLD1,TSRYS5850288,D,S,T,2024-08-27,1000000.00,3.737275,102.34375
16:20:01,91282CLD1,TSRYS5850288,D,S,D,2024-08-27,1000000.00,3.737275,102.34375
16:20:01,91282CLD1,TSRYS5850288,D,S,T,2024-08-27,1000000.00,3.737275,102.34375
16:20:01,91282CLD1,TSRYS5850288,D,S,T,2024-08-27,1000000.00,3.737275,102.34375
16:20:01,91282CLD1,TSRYS5850288,D,S,T,2024-08-27,1000000.00,3.737275,102.34375
16:20:01,91282CLD1,TSRYS5850288,D,S,D,2024-08-27,1000000.00,3.737275,102.34375
16:20:01,91282CLD1,TSRYS5850288,D,S,T,2024-08-27,1000000.00,3.737275,102.34375
16:20:02,91282CLD1,TSRYS5850288,D,S,T,2024-08-27,1000000.00,3.737275,102.34375
16:20:02,91282CLD1,TSRYS5850288,D,S,C,2024-08-27,1000000.00,3.737275,102.34375
16:20:02,91282CLD1,TSRYS5850288,D,S,C,2024-08-27,1000000.00,3.737275,102.34375
16:20:02,91282CLD1,TSRYS5850288,D,S,C,2024-08-27,1000000.00,3.737275,102.34375
16:20:02,91282CLD1,TSRYS5850288,D,S,C,2024-08-27,1000000.00,3.73823,102.33789062
16:20:02,91282CLD1,TSRYS5850288,D,S,T,2024-08-27,1000000.00,3.737275,102.34375
16:20:02,91282CLD1,TSRYS5850288,D,S,T,2024-08-27,1000000.00,3.737275,102.34375
16:20:02,91282CLD1,TSRYS5850288,D,S,C,2024-08-27,2000000.00,3.737275,102.34375
16:20:03,91282CLD1,TSRYS5850288,D,S,T,2024-08-27,1000000.00,3.737275,102.34375
16:20:03,91282CLD1,TSRYS5850288,D,S,C,2024-08-27,1000000.00,3.737275,102.34375
16:20:03,91282CLD1,TSRYS5850288,D,S,T,2024-08-27,1000000.00,3.737275,102.34375
16:20:03,91282CLD1,TSRYS5850288,D,S,C,2024-08-27,1000000.00,3.737275,102.34375
16:20:03,91282CLD1,TSRYS5850288,D,S,T,2024-08-27,3000000.00,3.737275,102.34375
16:20:03,91282CLD1,TSRYS5850288,D,S,C,2024-08-27,3000000.00,3.737275,102.34375
16:20:03,91282CLD1,TSRYS5850288,D,S,T,2024-08-27,1000000.00,3.737275,102.34375
16:20:03,91282CLD1,TSRYS5850288,D,S,C,2024-08-27,1000000.00,3.737275,102.34375
16:20:03,91282CLD1,TSRYS5850288,D,B,C,2024-08-27,3000000.00,3.737275,102.34375
16:20:03,91282CLD1,TSRYS5850288,D,S,C,2024-08-27,3000000.00,3.737275,102.34375
16:20:03,91282CLD1,TSRYS5850288,D,B,C,2024-08-27,1000000.00,3.737275,102.34375
16:20:03,91282CLD1,TSRYS5850288,D,S,D,2024-08-27,1000000.00,3.737275,102.34375
16:20:03,91282CLD1,TSRYS5850288,D,S,D,2024-08-27,1000000.00,3.737275,102.34375
16:20:03,91282CLD1,TSRYS5850288,D,S,D,2024-08-27,1000000.00,3.737275,102.34375
16:20:03,91282CLD1,TSRYS5850288,D,B,C,2024-08-27,1000000.00,3.737275,102.34375
16:20:03,91282CLD1,TSRYS5850288,D,S,D,2024-08-27,1000000.00,3.737275,102.34375
16:20:03,91282CLD1,TSRYS5850288,D,S,D,2024-08-27,1000000.00,3.737275,102.34375
16:20:03,91282CLD1,TSRYS5850288,D,S,D,2024-08-27,1000000.00,3.737275,102.34375
16:20:03,91282CLD1,TSRYS5850288,D,S,C,2024-08-27,1000000.00,3.737275,102.34375
16:20:03,91282CLD1,TSRYS5850288,D,S,C,2024-08-27,2000000.00,3.737275,102.34375
16:20:03,91282CLD1,TSRYS5850288,D,S,C,2024-08-27,1000000.00,3.737275,102.34375
16:20:03,91282CLD1,TSRYS5850288,D,S,T,2024-08-27,1000000.00,3.737275,102.34375
16:20:03,91282CLD1,TSRYS5850288,D,S,C,2024-08-27,1000000.00,3.737275,102.34375
16:20:03,91282CLD1,TSRYS5850288,D,B,C,2024-08-27,1000000.00,3.737275,102.34375
16:20:04,91282CLD1,TSRYS5850288,D,S,T,2024-08-27,1000000.00,3.737275,102.34375
16:20:04,91282CLD1,TSRYS5850288,D,S,C,2024-08-27,1000000.00,3.737275,102.34375
16:20:04,91282CLD1,TSRYS5850288,D,S,T,2024-08-27,1000000.00,3.737275,102.34375
16:20:04,91282CLD1,TSRYS5850288,D,S,T,2024-08-27,1000000.00,3.737275,102.34375
16:20:04,91282CLD1,TSRYS5850288,D,S,T,2024-08-27,1000000.00,3.737275,102.34375
16:20:04,91282CLD1,TSRYS5850288,D,S,C,2024-08-27,1000000.00,3.737275,102.34375
16:20:04,91282CLD1,TSRYS5850288,D,S,T,2024-08-27,1000000.00,3.737275,102.34375
16:20:04,91282CLD1,TSRYS5850288,D,S,T,2024-08-27,1000000.00,3.737275,102.34375
16:20:04,91282CLD1,TSRYS5850288,D,S,C,2024-08-27,1000000.00,3.737275,102.34375
16:20:04,91282CLD1,TSRYS5850288,D,S,T,2024-08-27,2000000.00,3.737275,102.34375
16:20:04,91282CLD1,TSRYS5850288,D,S,T,2024-08-27,1000000.00,3.737275,102.34375
16:20:04,91282CLD1,TSRYS5850288,D,S,T,2024-08-27,1000000.00,3.737275,102.34375
16:20:04,91282CLD1,TSRYS5850288,D,S,T,2024-08-27,1000000.00,3.737275,102.34375
16:20:04,91282CLD1,TSRYS5850288,D,S,T,2024-08-27,1000000.00,3.737275,102.34375
16:20:04,91282CLD1,TSRYS5850288,D,S,C,2024-08-27,1000000.00,3.737275,102.34375
16:20:04,91282CLD1,TSRYS5850288,D,S,C,2024-08-27,1000000.00,3.737275,102.34375
16:20:04,91282CLD1,TSRYS5850288,D,B,C,2024-08-27,1000000.00,3.737275,102.34375
16:20:04,91282CLD1,TSRYS5850288,D,S,T,2024-08-27,1000000.00,3.737275,102.34375
16:20:04,91282CLD1,TSRYS5850288,D,S,C,2024-08-27,2000000.00,3.737275,102.34375
16:20:05,91282CLD1,TSRYS5850288,D,S,T,2024-08-27,1000000.00,3.737275,102.34375
16:20:05,91282CLD1,TSRYS5850288,D,S,T,2024-08-27,1000000.00,3.737275,102.34375
16:20:05,91282CLD1,TSRYS5850288,D,S,T,2024-08-27,2000000.00,3.737275,102.34375
16:20:05,91282CLD1,TSRYS5850288,D,S,T,2024-08-27,1000000.00,3.737275,102.34375
16:20:05,91282CLD1,TSRYS5850288,D,S,T,2024-08-27,1000000.00,3.737275,102.34375
16:20:05,91282CLD1,TSRYS5850288,D,S,C,2024-08-27,1000000.00,3.737275,102.34375
16:20:05,91282CLD1,TSRYS5850288,D,S,T,2024-08-27,2000000.00,3.737275,102.34375
16:20:05,91282CLD1,TSRYS5850288,D,S,T,2024-08-27,1000000.00,3.737275,102.34375
16:20:05,91282CLD1,TSRYS5850288,D,S,C,2024-08-27,2000000.00,3.737275,102.34375
16:20:05,91282CLD1,TSRYS5850288,D,S,T,2024-08-27,1000000.00,3.737275,102.34375
16:20:05,91282CLD1,TSRYS5850288,D,S,T,2024-08-27,2000000.00,3.737275,102.34375
16:20:05,91282CLD1,TSRYS5850288,D,S,T,2024-08-27,1000000.00,3.737275,102.34375
16:20:05,91282CLD1,TSRYS5850288,D,S,C,2024-08-27,1000000.00,3.737275,102.34375
16:20:06,91282CLD1,TSRYS5850288,D,S,T,2024-08-27,1000000.00,3.737275,102.34375
16:20:06,91282CLD1,TSRYS5850288,D,S,C,2024-08-27,1000000.00,3.737275,102.34375
16:20:06,91282CLD1,TSRYS5850288,D,S,T,2024-08-27,1000000.00,3.737275,102.34375
16:20:06,91282CLD1,TSRYS5850288,D,S,T,2024-08-27,1000000.00,3.737275,102.34375
16:20:06,91282CLD1,TSRYS5850288,D,S,C,2024-08-27,2000000.00,3.737275,102.34375
16:20:06,91282CLD1,TSRYS5850288,D,S,T,2024-08-27,1000000.00,3.737275,102.34375
16:20:06,91282CLD1,TSRYS5850288,D,S,T,2024-08-27,1000000.00,3.737275,102.34375
16:20:06,91282CLD1,TSRYS5850288,D,S,C,2024-08-27,1000000.00,3.737275,102.34375
16:20:06,91282CLD1,TSRYS5850288,D,S,D,2024-08-27,1000000.00,3.73823,102.33789062
16:20:06,91282CLD1,TSRYS5850288,D,S,C,2024-08-27,1000000.00,3.73823,102.33789062
16:20:06,91282CLD1,TSRYS5850288,D,S,C,2024-08-27,3200000.00,3.740459,102.32421875
16:20:08,91282CLD1,TSRYS5850288,D,S,T,2024-08-27,1000000.00,3.737275,102.34375
16:20:08,91282CLD1,TSRYS5850288,D,S,T,2024-08-27,1000000.00,3.737275,102.34375
16:20:08,91282CLD1,TSRYS5850288,D,S,T,2024-08-27,1000000.00,3.737275,102.34375
16:20:08,91282CLD1,TSRYS5850288,D,S,D,2024-08-27,1000000.00,3.737275,102.34375
16:20:08,91282CLD1,TSRYS5850288,D,S,D,2024-08-27,1000000.00,3.737275,102.34375
16:20:12,91282CLD1,TSRYS5850288,D,S,T,2024-08-27,1000000.00,3.737275,102.34375
16:20:12,91282CLD1,TSRYS5850288,D,S,T,2024-08-27,1000000.00,3.737275,102.34375
16:20:12,91282CLD1,TSRYS5850288,D,S,T,2024-08-27,1000000.00,3.737275,102.34375
16:20:13,91282CLD1,TSRYS5850288,D,S,C,2024-08-27,1000000.00,3.737275,102.34375
16:20:13,91282CLD1,TSRYS5850288,D,S,C,2024-08-27,1000000.00,3.737275,102.34375
16:20:15,91282CLD1,TSRYS5850288,D,S,C,2024-08-27,1000000.00,3.737275,102.34375
16:20:15,91282CLD1,TSRYS5850288,D,S,T,2024-08-27,1000000.00,3.737275,102.34375
16:20:15,91282CLD1,TSRYS5850288,D,S,T,2024-08-27,1000000.00,3.737275,102.34375
16:20:15,91282CLD1,TSRYS5850288,D,S,C,2024-08-27,1000000.00,3.737275,102.34375
16:20:15,91282CLD1,TSRYS5850288,D,S,T,2024-08-27,1000000.00,3.737275,102.34375
16:20:15,91282CLD1,TSRYS5850288,D,S,D,2024-08-27,1000000.00,3.737275,102.34375
16:20:15,91282CLD1,TSRYS5850288,D,S,T,2024-08-27,1000000.00,3.737275,102.34375
16:20:15,91282CLD1,TSRYS5850288,D,S,C,2024-08-27,2000000.00,3.737275,102.34375
16:20:16,91282CLD1,TSRYS5850288,D,S,C,2024-08-27,3000000.00,3.737275,102.34375
16:20:16,91282CLD1,TSRYS5850288,D,S,D,2024-08-27,1000000.00,3.737275,102.34375
16:20:16,91282CLD1,TSRYS5850288,D,S,C,2024-08-27,1000000.00,3.737275,102.34375
16:20:17,91282CLD1,TSRYS5850288,D,S,C,2024-08-27,1000000.00,3.737275,102.34375
16:20:17,91282CLD1,TSRYS5850288,D,S,T,2024-08-27,1000000.00,3.737275,102.34375
16:20:17,91282CLD1,TSRYS5850288,D,S,C,2024-08-27,1000000.00,3.737275,102.34375
16:20:17,91282CLD1,TSRYS5850288,D,S,T,2024-08-27,1000000.00,3.737275,102.34375
16:20:17,91282CLD1,TSRYS5850288,D,B,C,2024-08-27,1000000.00,3.737291,102.34365
16:20:17,91282CLD1,TSRYS5850288,D,S,T,2024-08-27,1000000.00,3.737275,102.34375
16:20:17,91282CLD1,TSRYS5850288,D,S,T,2024-08-27,1000000.00,3.737275,102.34375
16:20:17,91282CLD1,TSRYS5850288,D,S,T,2024-08-27,1000000.00,3.737275,102.34375
16:20:17,91282CLD1,TSRYS5850288,D,S,C,2024-08-27,1000000.00,3.737275,102.34375
16:20:17,91282CLD1,TSRYS5850288,D,S,T,2024-08-27,2000000.00,3.737275,102.34375
16:20:18,91282CLD1,TSRYS5850288,D,S,C,2024-08-27,2000000.00,3.737275,102.34375
16:20:18,91282CLD1,TSRYS5850288,D,S,T,2024-08-27,2000000.00,3.737275,102.34375
16:20:18,91282CLD1,TSRYS5850288,D,S,T,2024-08-27,1000000.00,3.737275,102.34375
16:20:18,91282CLD1,TSRYS5850288,D,S,T,2024-08-27,1000000.00,3.737275,102.34375
16:20:18,91282CLD1,TSRYS5850288,D,S,C,2024-08-27,1000000.00,3.737275,102.34375
16:20:18,91282CLD1,TSRYS5850288,D,S,T,2024-08-27,1000000.00,3.737275,102.34375
16:20:18,91282CLD1,TSRYS5850288,D,S,T,2024-08-27,1000000.00,3.737275,102.34375
16:20:18,91282CLD1,TSRYS5850288,D,S,T,2024-08-27,1000000.00,3.737275,102.34375
16:20:18,91282CLD1,TSRYS5850288,D,S,T,2024-08-27,1000000.00,3.737275,102.34375
16:20:18,91282CLD1,TSRYS5850288,D,S,C,2024-08-27,1000000.00,3.737275,102.34375
16:20:18,91282CLD1,TSRYS5850288,D,S,T,2024-08-27,1000000.00,3.737275,102.34375
16:20:18,91282CLD1,TSRYS5850288,D,S,C,2024-08-27,1000000.00,3.737275,102.34375
16:20:18,91282CLD1,TSRYS5850288,D,B,C,2024-08-27,1000000.00,3.737275,102.34375
16:20:18,91282CLD1,TSRYS5850288,D,S,C,2024-08-27,1000000.00,3.737275,102.34375
16:20:18,91282CLD1,TSRYS5850288,D,S,T,2024-08-27,1000000.00,3.737275,102.34375
16:20:19,91282CLD1,TSRYS5850288,D,S,T,2024-08-27,1000000.00,3.737275,102.34375
16:20:19,91282CLD1,TSRYS5850288,D,S,D,2024-08-27,1000000.00,3.737275,102.34375
16:20:19,91282CLD1,TSRYS5850288,D,S,C,2024-08-27,1000000.00,3.737275,102.34375
16:20:19,91282CLD1,TSRYS5850288,D,S,T,2024-08-27,1000000.00,3.737275,102.34375
16:20:19,91282CLD1,TSRYS5850288,D,S,T,2024-08-27,2000000.00,3.737275,102.34375
16:20:19,91282CLD1,TSRYS5850288,D,S,C,2024-08-27,1000000.00,3.737275,102.34375
16:20:19,91282CLD1,TSRYS5850288,D,S,T,2024-08-27,1000000.00,3.737275,102.34375
16:20:19,91282CLD1,TSRYS5850288,D,S,T,2024-08-27,2000000.00,3.737275,102.34375
16:20:19,91282CLD1,TSRYS5850288,D,S,C,2024-08-27,1000000.00,3.737275,102.34375
16:20:19,91282CLD1,TSRYS5850288,D,S,T,2024-08-27,1000000.00,3.737275,102.34375
16:20:19,91282CLD1,TSRYS5850288,D,S,C,2024-08-27,1000000.00,3.737275,102.34375
16:20:19,91282CLD1,TSRYS5850288,D,S,T,2024-08-27,1000000.00,3.737275,102.34375
16:20:19,91282CLD1,TSRYS5850288,D,S,C,2024-08-27,1000000.00,3.737275,102.34375
16:20:20,91282CLD1,TSRYS5850288,D,S,C,2024-08-27,1000000.00,3.737275,102.34375
16:20:20,91282CLD1,TSRYS5850288,D,S,C,2024-08-27,1000000.00,3.737275,102.34375
16:20:20,91282CLD1,TSRYS5850288,D,S,D,2024-08-27,1000000.00,3.737275,102.34375
16:20:20,91282CLD1,TSRYS5850288,D,S,D,2024-08-27,1000000.00,3.737275,102.34375
16:20:20,91282CLD1,TSRYS5850288,D,B,C,2024-08-27,1000000.00,3.737275,102.34375
16:20:20,91282CLD1,TSRYS5850288,D,S,D,2024-08-27,1000000.00,3.737275,102.34375
16:20:20,91282CLD1,TSRYS5850288,D,B,C,2024-08-27,1000000.00,3.737275,102.34375
16:20:20,91282CLD1,TSRYS5850288,D,S,C,2024-08-27,1000000.00,3.737275,102.34375
16:20:20,91282CLD1,TSRYS5850288,D,S,D,2024-08-27,1000000.00,3.737275,102.34375
16:20:20,91282CLD1,TSRYS5850288,D,B,C,2024-08-27,1000000.00,3.737275,102.34375
16:20:20,91282CLD1,TSRYS5850288,D,S,C,2024-08-27,1000000.00,3.73823,102.33789062
16:20:23,91282CLD1,TSRYS5850288,D,S,T,2024-08-27,1000000.00,3.737275,102.34375
16:20:25,91282CLD1,TSRYS5850288,D,B,C,2024-08-27,3000000.00,3.737275,102.34375
16:20:25,91282CLD1,TSRYS5850288,D,S,D,2024-08-27,5000000.00,3.726325,102.41094
16:20:30,91282CLD1,TSRYS5850288,D,S,D,2024-08-27,1000000.00,3.737275,102.34375
16:20:30,91282CLD1,TSRYS5850288,D,S,D,2024-08-27,1000000.00,3.737275,102.34375
16:20:30,91282CLD1,TSRYS5850288,D,S,C,2024-08-27,1000000.00,3.737275,102.34375
16:20:30,91282CLD1,TSRYS5850288,D,S,C,2024-08-27,1000000.00,3.737275,102.34375
16:20:30,91282CLD1,TSRYS5850288,D,S,D,2024-08-27,1000000.00,3.737275,102.34375
16:20:30,91282CLD1,TSRYS5850288,D,S,C,2024-08-27,1000000.00,3.737275,102.34375
16:20:30,91282CLD1,TSRYS5850288,D,S,D,2024-08-27,1000000.00,3.737275,102.34375
16:20:30,91282CLD1,TSRYS5850288,D,S,C,2024-08-27,1000000.00,3.737275,102.34375
16:20:30,91282CLD1,TSRYS5850288,D,S,C,2024-08-27,1000000.00,3.737258,102.34385
16:20:30,91282CLD1,TSRYS5850288,D,S,C,2024-08-27,1000000.00,3.737258,102.34385
16:20:30,91282CLD1,TSRYS5850288,D,S,C,2024-08-27,1000000.00,3.737275,102.34375
16:20:30,91282CLD1,TSRYS5850288,D,S,D,2024-08-27,1000000.00,3.737275,102.34375
16:20:30,91282CLD1,TSRYS5850288,D,S,D,2024-08-27,1000000.00,3.737275,102.34375
16:20:30,91282CLD1,TSRYS5850288,D,S,C,2024-08-27,1000000.00,3.737275,102.34375
16:20:30,91282CLD1,TSRYS5850288,D,S,C,2024-08-27,2000000.00,3.737275,102.34375
16:20:30,91282CLD1,TSRYS5850288,D,S,C,2024-08-27,1000000.00,3.737275,102.34375
16:20:31,91282CLD1,TSRYS5850288,D,S,C,2024-08-27,1000000.00,3.737275,102.34375
16:20:39,91282CLD1,TSRYS5850288,D,S,C,2024-08-27,150MM+,3.737275,102.34375
16:20:48,91282CLD1,TSRYS5850288,D,S,C,2024-08-27,1000000.00,3.737275,102.34375
16:20:48,91282CLD1,TSRYS5850288,D,S,C,2024-08-27,1000000.00,3.737275,102.34375
16:20:48,91282CLD1,TSRYS5850288,D,S,D,2024-08-27,1000000.00,3.737275,102.34375
16:20:48,91282CLD1,TSRYS5850288,D,S,D,2024-08-27,1000000.00,3.737275,102.34375
16:20:48,91282CLD1,TSRYS5850288,D,S,D,2024-08-27,1000000.00,3.737275,102.34375
16:20:48,91282CLD1,TSRYS5850288,D,S,C,2024-08-27,1000000.00,3.737275,102.34375
16:20:48,91282CLD1,TSRYS5850288,D,S,D,2024-08-27,1000000.00,3.737275,102.34375
16:20:48,91282CLD1,TSRYS5850288,D,S,D,2024-08-27,1000000.00,3.737275,102.34375
16:20:48,91282CLD1,TSRYS5850288,D,S,D,2024-08-27,1000000.00,3.737275,102.34375
16:20:48,91282CLD1,TSRYS5850288,D,S,D,2024-08-27,1000000.00,3.737275,102.34375
16:20:48,91282CLD1,TSRYS5850288,D,S,D,2024-08-27,1000000.00,3.737242,102.34395
16:20:48,91282CLD1,TSRYS5850288,D,S,D,2024-08-27,1000000.00,3.737275,102.34375
16:20:48,91282CLD1,TSRYS5850288,D,S,D,2024-08-27,1000000.00,3.737275,102.34375
16:20:52,91282CLD1,TSRYS5850288,D,S,C,2024-08-27,1000000.00,3.736956,102.345703125
16:20:53,91282CLD1,TSRYS5850288,D,S,T,2024-08-27,3000000.00,3.736001,102.3515625
16:20:53,91282CLD1,TSRYS5850288,D,S,D,2024-08-27,1000000.00,3.73823,102.33789062
16:20:54,91282CLD1,TSRYS5850288,D,S,D,2024-08-27,2000000.00,3.736638,102.34765625
16:20:55,91282CLD1,TSRYS5850288,D,S,T,2024-08-27,1000000.00,3.736001,102.3515625
16:20:56,91282CLD1,TSRYS5850288,D,S,D,2024-08-27,1000000.00,3.736001,102.3515625
16:20:57,91282CLD1,TSRYS5850288,D,S,T,2024-08-27,1000000.00,3.736001,102.3515625
16:20:58,91282CLD1,TSRYS5850288,D,S,T,2024-08-27,1000000.00,3.736001,102.3515625
16:20:58,91282CLD1,TSRYS5850288,D,S,D,2024-08-27,1000000.00,3.736001,102.3515625
16:20:58,91282CLD1,TSRYS5850288,D,S,C,2024-08-27,3000000.00,3.736001,102.3515625
16:20:58,91282CLD1,TSRYS5850288,D,S,D,2024-08-27,1000000.00,3.736001,102.3515625
16:20:58,91282CLD1,TSRYS5850288,D,S,C,2024-08-27,1000000.00,3.736001,102.3515625
16:20:59,91282CLD1,TSRYS5850288,D,S,T,2024-08-27,1000000.00,3.736001,102.3515625
16:20:59,91282CLD1,TSRYS5850288,D,S,C,2024-08-27,1000000.00,3.736001,102.3515625
16:20:59,91282CLD1,TSRYS5850288,D,S,C,2024-08-27,1000000.00,3.736001,102.3515625
16:20:59,91282CLD1,TSRYS5850288,D,S,T,2024-08-27,1000000.00,3.735683,102.353515625
16:20:59,91282CLD1,TSRYS5850288,D,S,T,2024-08-27,1000000.00,3.736001,102.3515625
16:20:59,91282CLD1,TSRYS5850288,D,S,T,2024-08-27,1000000.00,3.736001,102.3515625
16:20:59,91282CLD1,TSRYS5850288,D,S,C,2024-08-27,1000000.00,3.735683,102.353515625
16:20:59,91282CLD1,TSRYS5850288,D,S,T,2024-08-27,1000000.00,3.736001,102.3515625
16:21:00,91282CLD1,TSRYS5850288,D,S,T,2024-08-27,1000000.00,3.736001,102.3515625
16:21:00,91282CLD1,TSRYS5850288,D,S,T,2024-08-27,1000000.00,3.736001,102.3515625
16:21:00,91282CLD1,TSRYS5850288,D,S,T,2024-08-27,1000000.00,3.736001,102.3515625
16:21:00,91282CLD1,TSRYS5850288,D,S,T,2024-08-27,1000000.00,3.736001,102.3515625
16:21:00,91282CLD1,TSRYS5850288,D,S,T,2024-08-27,1000000.00,3.736001,102.3515625
16:21:00,91282CLD1,TSRYS5850288,D,S,T,2024-08-27,1000000.00,3.736001,102.3515625
16:21:00,91282CLD1,TSRYS5850288,D,S,T,2024-08-27,1000000.00,3.736001,102.3515625
16:21:01,91282CLD1,TSRYS5850288,D,S,T,2024-08-27,1000000.00,3.736001,102.3515625
16:21:01,91282CLD1,TSRYS5850288,D,S,T,2024-08-27,1000000.00,3.736001,102.3515625
16:21:01,91282CLD1,TSRYS5850288,D,S,T,2024-08-27,1000000.00,3.736001,102.3515625
16:21:01,91282CLD1,TSRYS5850288,D,S,T,2024-08-27,1000000.00,3.736001,102.3515625
16:21:01,91282CLD1,TSRYS5850288,D,S,T,2024-08-27,1000000.00,3.736001,102.3515625
16:21:01,91282CLD1,TSRYS5850288,D,S,T,2024-08-27,1000000.00,3.736001,102.3515625
16:21:01,91282CLD1,TSRYS5850288,D,S,T,2024-08-27,1000000.00,3.736001,102.3515625
16:21:01,91282CLD1,TSRYS5850288,D,S,T,2024-08-27,1000000.00,3.736001,102.3515625
16:21:02,91282CLD1,TSRYS5850288,D,S,T,2024-08-27,1000000.00,3.736001,102.3515625
16:21:02,91282CLD1,TSRYS5850288,D,S,T,2024-08-27,1000000.00,3.736001,102.3515625
16:21:02,91282CLD1,TSRYS5850288,D,S,T,2024-08-27,1000000.00,3.736001,102.3515625
16:21:02,91282CLD1,TSRYS5850288,D,S,T,2024-08-27,1000000.00,3.736001,102.3515625
16:21:02,91282CLD1,TSRYS5850288,D,S,T,2024-08-27,1000000.00,3.736001,102.3515625
16:21:02,91282CLD1,TSRYS5850288,D,B,C,2024-08-27,1000000.00,3.736001,102.3515625
16:21:02,91282CLD1,TSRYS5850288,D,S,C,2024-08-27,1000000.00,3.736001,102.3515625
16:21:02,91282CLD1,TSRYS5850288,D,B,C,2024-08-27,1000000.00,3.736001,102.3515625
16:21:02,91282CLD1,TSRYS5850288,D,S,C,2024-08-27,1000000.00,3.736001,102.3515625
16:21:02,91282CLD1,TSRYS5850288,D,S,C,2024-08-27,1000000.00,3.736001,102.3515625
16:21:02,91282CLD1,TSRYS5850288,D,S,D,2024-08-27,1000000.00,3.736001,102.3515625
16:21:02,91282CLD1,TSRYS5850288,D,B,C,2024-08-27,1000000.00,3.736001,102.3515625
16:21:02,91282CLD1,TSRYS5850288,D,S,C,2024-08-27,1000000.00,3.736001,102.3515625
16:21:03,91282CLD1,TSRYS5850288,D,S,T,2024-08-27,2000000.00,3.736638,102.34765625
16:21:03,91282CLD1,TSRYS5850288,D,S,T,2024-08-27,1000000.00,3.736956,102.345703125
16:21:06,91282CLD1,TSRYS5850288,D,S,T,2024-08-27,1000000.00,3.736001,102.3515625
16:21:06,91282CLD1,TSRYS5850288,D,S,T,2024-08-27,1000000.00,3.736001,102.3515625
16:21:11,91282CLD1,TSRYS5850288,D,S,C,2024-08-27,1000000.00,3.73823,102.33789062
16:21:13,91282CLD1,TSRYS5850288,D,S,C,2024-08-27,1000000.00,3.73823,102.33789062
16:21:14,91282CLD1,TSRYS5850288,D,B,C,2024-08-27,1000000.00,3.735364,102.35546875
16:21:14,91282CLD1,TSRYS5850288,D,S,C,2024-08-27,1000000.00,3.735364,102.35546875
16:21:15,91282CLD1,TSRYS5850288,D,S,C,2024-08-27,1000000.00,3.736638,102.34765625
16:21:16,91282CLD1,TSRYS5850288,D,S,T,2024-08-27,1000000.00,3.735364,102.35546875
16:21:21,91282CLD1,TSRYS5850288,D,S,D,2024-08-27,1000000.00,3.735364,102.35546875
16:21:21,91282CLD1,TSRYS5850288,D,B,C,2024-08-27,1000000.00,3.735364,102.35546875
16:21:21,91282CLD1,TSRYS5850288,D,S,D,2024-08-27,1000000.00,3.735364,102.35546875
16:21:33,91282CLD1,TSRYS5850288,D,B,C,2024-08-27,1000000.00,3.736001,102.3515625
16:21:33,91282CLD1,TSRYS5850288,D,S,D,2024-08-27,1000000.00,3.736001,102.3515625
16:21:33,91282CLD1,TSRYS5850288,D,S,D,2024-08-27,1000000.00,3.736001,102.3515625
16:21:33,91282CLD1,TSRYS5850288,D,S,D,2024-08-27,1000000.00,3.735977,102.3517125
16:21:33,91282CLD1,TSRYS5850288,D,S,D,2024-08-27,1000000.00,3.735977,102.3517125
16:21:33,91282CLD1,TSRYS5850288,D,S,D,2024-08-27,1000000.00,3.735977,102.3517125
16:21:33,91282CLD1,TSRYS5850288,D,S,D,2024-08-27,1000000.00,3.735977,102.3517125
16:21:33,91282CLD1,TSRYS5850288,D,S,D,2024-08-27,1000000.00,3.735977,102.3517125
16:21:33,91282CLD1,TSRYS5850288,D,S,D,2024-08-27,1000000.00,3.735977,102.3517125
16:21:33,91282CLD1,TSRYS5850288,D,S,D,2024-08-27,1000000.00,3.735977,102.3517125
16:21:33,91282CLD1,TSRYS5850288,D,S,D,2024-08-27,1000000.00,3.735977,102.3517125
16:21:33,91282CLD1,TSRYS5850288,D,S,D,2024-08-27,1000000.00,3.735977,102.3517125
16:21:33,91282CLD1,TSRYS5850288,D,S,D,2024-08-27,1000000.00,3.735977,102.3517125
16:21:33,91282CLD1,TSRYS5850288,D,S,C,2024-08-27,1000000.00,3.735968,102.3517625
16:21:34,91282CLD1,TSRYS5850288,D,S,D,2024-08-27,1000000.00,3.735977,102.3517125
16:21:36,91282CLD1,TSRYS5850288,D,S,D,2024-08-27,1000000.00,3.73823,102.33789062
16:21:40,91282CLD1,TSRYS5850288,D,S,D,2024-08-27,15000000.00,3.735429,102.35506875
16:21:40,91282CLD1,TSRYS5850288,D,B,C,2024-08-27,15000000.00,3.735429,102.35506875
16:21:47,91282CLD1,TSRYS5850288,D,S,T,2024-08-27,2000000.00,3.735046,102.357421875
16:21:47,91282CLD1,TSRYS5850288,D,S,T,2024-08-27,1000000.00,3.734728,102.359375
16:21:47,91282CLD1,TSRYS5850288,D,S,T,2024-08-27,1000000.00,3.735046,102.357421875
16:21:47,91282CLD1,TSRYS5850288,D,S,T,2024-08-27,1000000.00,3.734728,102.359375
16:21:47,91282CLD1,TSRYS5850288,D,S,T,2024-08-27,1000000.00,3.734728,102.359375
16:21:47,91282CLD1,TSRYS5850288,D,S,D,2024-08-27,1000000.00,3.735046,102.357421875
16:21:47,91282CLD1,TSRYS5850288,D,S,D,2024-08-27,1000000.00,3.735046,102.357421875
16:21:47,91282CLD1,TSRYS5850288,D,S,D,2024-08-27,1000000.00,3.734728,102.359375
16:21:47,91282CLD1,TSRYS5850288,D,S,T,2024-08-27,3000000.00,3.734728,102.359375
16:21:48,91282CLD1,TSRYS5850288,D,B,C,2024-08-27,1000000.00,3.736001,102.3515625
16:21:48,91282CLD1,TSRYS5850288,D,S,D,2024-08-27,1000000.00,3.735977,102.3517125
16:21:48,91282CLD1,TSRYS5850288,D,S,C,2024-08-27,1000000.00,3.735968,102.3517625
16:21:48,91282CLD1,TSRYS5850288,D,S,D,2024-08-27,1000000.00,3.735977,102.3517125
16:21:48,91282CLD1,TSRYS5850288,D,S,D,2024-08-27,1000000.00,3.735977,102.3517125
16:21:49,91282CLD1,TSRYS5850288,D,S,D,2024-08-27,1000000.00,3.735977,102.3517125
16:21:49,91282CLD1,TSRYS5850288,D,S,D,2024-08-27,1000000.00,3.735977,102.3517125
16:21:49,91282CLD1,TSRYS5850288,D,S,D,2024-08-27,1000000.00,3.735977,102.3517125
16:21:49,91282CLD1,TSRYS5850288,D,S,D,2024-08-27,1000000.00,3.736001,102.3515625
16:21:49,91282CLD1,TSRYS5850288,D,S,D,2024-08-27,1000000.00,3.735977,102.3517125
16:21:49,91282CLD1,TSRYS5850288,D,B,C,2024-08-27,1000000.00,3.736001,102.3515625
16:21:49,91282CLD1,TSRYS5850288,D,S,D,2024-08-27,1000000.00,3.736001,102.3515625
16:21:51,91282CLD1,TSRYS5850288,D,S,T,2024-08-27,2000000.00,3.735046,102.357421875
16:21:52,91282CLD1,TSRYS5850288,D,S,D,2024-08-27,2000000.00,3.735046,102.357421875
16:21:52,91282CLD1,TSRYS5850288,D,S,D,2024-08-27,2000000.00,3.735046,102.357421875
16:21:52,91282CLD1,TSRYS5850288,D,B,C,2024-08-27,1000000.00,3.734728,102.359375
16:21:52,91282CLD1,TSRYS5850288,D,S,D,2024-08-27,1000000.00,3.734728,102.359375
16:21:52,91282CLD1,TSRYS5850288,D,S,D,2024-08-27,3000000.00,3.734728,102.359375
16:21:52,91282CLD1,TSRYS5850288,D,S,T,2024-08-27,1000000.00,3.735046,102.357421875
16:21:55,91282CLD1,TSRYS5850288,D,S,C,2024-08-27,820000.00,3.734439,102.359375
16:22:08,91282CLD1,TSRYS5850288,D,S,T,2024-08-27,1000000.00,3.735046,102.357421875
16:22:08,91282CLD1,TSRYS5850288,D,S,T,2024-08-27,1000000.00,3.735046,102.357421875
16:22:08,91282CLD1,TSRYS5850288,D,S,T,2024-08-27,1000000.00,3.735046,102.357421875
16:22:08,91282CLD1,TSRYS5850288,D,S,D,2024-08-27,1000000.00,3.735046,102.357421875
16:22:09,91282CLD1,TSRYS5850288,D,S,D,2024-08-27,1000000.00,3.734728,102.359375
16:22:09,91282CLD1,TSRYS5850288,D,S,D,2024-08-27,1000000.00,3.734728,102.359375
16:22:10,91282CLD1,TSRYS5850288,D,S,T,2024-08-27,1000000.00,3.734728,102.359375
16:22:13,91282CLD1,TSRYS5850288,D,S,D,2024-08-27,1000000.00,3.735046,102.357421875
16:22:13,91282CLD1,TSRYS5850288,D,S,D,2024-08-27,1000000.00,3.735046,102.357421875
16:22:14,91282CLD1,TSRYS5850288,D,S,T,2024-08-27,1000000.00,3.735046,102.357421875
16:22:14,91282CLD1,TSRYS5850288,D,S,T,2024-08-27,1000000.00,3.735046,102.357421875
16:22:14,91282CLD1,TSRYS5850288,D,S,T,2024-08-27,1000000.00,3.735046,102.357421875
16:22:14,91282CLD1,TSRYS5850288,D,S,T,2024-08-27,1000000.00,3.735046,102.357421875
16:22:14,91282CLD1,TSRYS5850288,D,S,T,2024-08-27,1000000.00,3.735046,102.357421875
16:22:14,91282CLD1,TSRYS5850288,D,S,T,2024-08-27,1000000.00,3.735046,102.357421875
16:22:14,91282CLD1,TSRYS5850288,D,S,D,2024-08-27,1000000.00,3.735046,102.357421875
16:22:14,91282CLD1,TSRYS5850288,D,S,T,2024-08-27,1000000.00,3.735046,102.357421875
16:22:14,91282CLD1,TSRYS5850288,D,S,D,2024-08-27,1000000.00,3.735046,102.357421875
16:22:16,91282CLD1,TSRYS5850288,D,S,T,2024-08-27,1000000.00,3.734728,102.359375
16:22:17,91282CLD1,TSRYS5850288,D,S,T,2024-08-27,1000000.00,3.735046,102.357421875
16:22:18,91282CLD1,TSRYS5850288,D,S,T,2024-08-27,1000000.00,3.734728,102.359375
16:22:18,91282CLD1,TSRYS5850288,D,S,D,2024-08-27,1000000.00,3.735046,102.357421875
16:22:18,91282CLD1,TSRYS5850288,D,S,D,2024-08-27,1000000.00,3.735046,102.357421875
16:22:18,91282CLD1,TSRYS5850288,D,S,D,2024-08-27,1000000.00,3.735046,102.357421875
16:22:18,91282CLD1,TSRYS5850288,D,S,D,2024-08-27,1000000.00,3.735046,102.357421875
16:22:19,91282CLD1,TSRYS5850288,D,S,D,2024-08-27,1000000.00,3.735046,102.357421875
16:22:19,91282CLD1,TSRYS5850288,D,S,D,2024-08-27,1000000.00,3.734728,102.359375
16:22:19,91282CLD1,TSRYS5850288,D,S,D,2024-08-27,1000000.00,3.735046,102.357421875
16:22:21,91282CLD1,TSRYS5850288,D,S,T,2024-08-27,1000000.00,3.735046,102.357421875
16:22:21,91282CLD1,TSRYS5850288,D,S,T,2024-08-27,2000000.00,3.734728,102.359375
16:22:21,91282CLD1,TSRYS5850288,D,S,T,2024-08-27,1000000.00,3.734728,102.359375
16:22:21,91282CLD1,TSRYS5850288,D,S,T,2024-08-27,1000000.00,3.734728,102.359375
16:22:21,91282CLD1,TSRYS5850288,D,S,T,2024-08-27,1000000.00,3.734728,102.359375
16:22:21,91282CLD1,TSRYS5850288,D,S,T,2024-08-27,1000000.00,3.734728,102.359375
16:22:21,91282CLD1,TSRYS5850288,D,S,T,2024-08-27,4000000.00,3.734728,102.359375
16:22:22,91282CLD1,TSRYS5850288,D,S,T,2024-08-27,1000000.00,3.734728,102.359375
16:22:23,91282CLD1,TSRYS5850288,D,S,T,2024-08-27,1000000.00,3.734728,102.359375
16:22:23,91282CLD1,TSRYS5850288,D,S,D,2024-08-27,1000000.00,3.734728,102.359375
16:22:23,91282CLD1,TSRYS5850288,D,S,T,2024-08-27,1000000.00,3.734728,102.359375
16:22:23,91282CLD1,TSRYS5850288,D,S,D,2024-08-27,1000000.00,3.734728,102.359375
16:22:23,91282CLD1,TSRYS5850288,D,S,T,2024-08-27,1000000.00,3.734728,102.359375
16:22:24,91282CLD1,TSRYS5850288,D,S,T,2024-08-27,1000000.00,3.734728,102.359375
16:22:24,91282CLD1,TSRYS5850288,D,S,T,2024-08-27,1000000.00,3.734728,102.359375
16:22:24,91282CLD1,TSRYS5850288,D,S,T,2024-08-27,1000000.00,3.734728,102.359375
16:22:24,91282CLD1,TSRYS5850288,D,S,T,2024-08-27,1000000.00,3.734728,102.359375
16:22:24,91282CLD1,TSRYS5850288,D,S,T,2024-08-27,1000000.00,3.734728,102.359375
16:22:25,91282CLD1,TSRYS5850288,D,S,T,2024-08-27,1000000.00,3.734728,102.359375
16:22:25,91282CLD1,TSRYS5850288,D,S,D,2024-08-27,1000000.00,3.734728,102.359375
16:22:25,91282CLD1,TSRYS5850288,D,S,D,2024-08-27,1000000.00,3.734728,102.359375
16:22:25,91282CLD1,TSRYS5850288,D,S,T,2024-08-27,1000000.00,3.734728,102.359375
16:22:25,91282CLD1,TSRYS5850288,D,S,C,2024-08-27,1000000.00,3.735046,102.357421875
16:22:25,91282CLD1,TSRYS5850288,D,B,C,2024-08-27,1000000.00,3.735078,102.357221875
16:22:25,91282CLD1,TSRYS5850288,D,S,T,2024-08-27,1000000.00,3.734728,102.359375
16:22:25,91282CLD1,TSRYS5850288,D,S,T,2024-08-27,1000000.00,3.734728,102.359375
16:22:25,91282CLD1,TSRYS5850288,D,S,T,2024-08-27,1000000.00,3.734728,102.359375
16:22:26,91282CLD1,TSRYS5850288,D,S,C,2024-08-27,1000000.00,3.735046,102.357421875
16:22:26,91282CLD1,TSRYS5850288,D,S,T,2024-08-27,1000000.00,3.734728,102.359375
16:22:26,91282CLD1,TSRYS5850288,D,S,T,2024-08-27,1000000.00,3.734728,102.359375
16:22:26,91282CLD1,TSRYS5850288,D,B,C,2024-08-27,1000000.00,3.735078,102.357221875
16:22:26,91282CLD1,TSRYS5850288,D,S,D,2024-08-27,4000000.00,3.734728,102.359375
16:22:26,91282CLD1,TSRYS5850288,D,B,C,2024-08-27,1000000.00,3.734728,102.359375
16:22:26,91282CLD1,TSRYS5850288,D,S,D,2024-08-27,1000000.00,3.734728,102.359375
16:22:26,91282CLD1,TSRYS5850288,D,S,T,2024-08-27,1000000.00,3.734728,102.359375
16:22:26,91282CLD1,TSRYS5850288,D,S,T,2024-08-27,1000000.00,3.734728,102.359375
16:22:26,91282CLD1,TSRYS5850288,D,B,C,2024-08-27,1000000.00,3.734728,102.359375
16:22:27,91282CLD1,TSRYS5850288,D,S,D,2024-08-27,1000000.00,3.734728,102.359375
16:22:27,91282CLD1,TSRYS5850288,D,S,D,2024-08-27,1000000.00,3.734728,102.359375
16:22:27,91282CLD1,TSRYS5850288,D,S,D,2024-08-27,1000000.00,3.734728,102.359375
16:22:27,91282CLD1,TSRYS5850288,D,S,D,2024-08-27,1000000.00,3.735046,102.357421875
16:22:27,91282CLD1,TSRYS5850288,D,S,D,2024-08-27,1000000.00,3.734728,102.359375
16:22:28,91282CLD1,TSRYS5850288,D,S,D,2024-08-27,1000000.00,3.734728,102.359375
16:22:28,91282CLD1,TSRYS5850288,D,S,D,2024-08-27,1000000.00,3.734728,102.359375
16:22:28,91282CLD1,TSRYS5850288,D,B,C,2024-08-27,1000000.00,3.734728,102.359375
16:22:28,91282CLD1,TSRYS5850288,D,S,D,2024-08-27,1000000.00,3.734728,102.359375
16:22:28,91282CLD1,TSRYS5850288,D,S,D,2024-08-27,2000000.00,3.734728,102.359375
16:22:28,91282CLD1,TSRYS5850288,D,S,D,2024-08-27,1000000.00,3.734728,102.359375
16:22:28,91282CLD1,TSRYS5850288,D,S,D,2024-08-27,1000000.00,3.734728,102.359375
16:22:28,91282CLD1,TSRYS5850288,D,S,D,2024-08-27,1000000.00,3.734728,102.359375
16:22:28,91282CLD1,TSRYS5850288,D,S,T,2024-08-27,1000000.00,3.734728,102.359375
16:22:29,91282CLD1,TSRYS5850288,D,S,T,2024-08-27,1000000.00,3.734728,102.359375
16:22:29,91282CLD1,TSRYS5850288,D,S,T,2024-08-27,1000000.00,3.734728,102.359375
16:22:34,91282CLD1,TSRYS5850288,D,S,D,2024-08-27,1000000.00,3.734728,102.359375
16:22:34,91282CLD1,TSRYS5850288,D,S,D,2024-08-27,1000000.00,3.734728,102.359375
16:22:34,91282CLD1,TSRYS5850288,D,B,C,2024-08-27,1000000.00,3.734744,102.359275
16:22:34,91282CLD1,TSRYS5850288,D,S,D,2024-08-27,1000000.00,3.734728,102.359375
16:22:34,91282CLD1,TSRYS5850288,D,B,C,2024-08-27,1000000.00,3.734768,102.359125
16:22:34,91282CLD1,TSRYS5850288,D,B,C,2024-08-27,1000000.00,3.734768,102.359125
16:22:34,91282CLD1,TSRYS5850288,D,S,D,2024-08-27,1000000.00,3.734728,102.359375
16:22:37,91282CLD1,TSRYS5850288,D,B,C,2024-08-27,29000000.00,3.750649,102.26175
16:22:46,91282CLD1,TSRYS5850288,D,S,D,2024-08-27,150MM+,3.736013,102.35149
16:22:54,91282CLD1,TSRYS5850288,D,S,T,2024-08-27,1000000.00,3.734728,102.359375
16:22:54,91282CLD1,TSRYS5850288,D,S,C,2024-08-27,3200000.00,3.734728,102.359375
16:22:59,91282CLD1,TSRYS5850288,D,S,C,2024-08-27,46000.00,3.736001,102.3515625
16:23:00,91282CLD1,TSRYS5850288,D,S,T,2024-08-27,1000000.00,3.735046,102.357421875
16:23:00,91282CLD1,TSRYS5850288,D,S,T,2024-08-27,1000000.00,3.735046,102.357421875
16:23:01,91282CLD1,TSRYS5850288,D,S,T,2024-08-27,1000000.00,3.735046,102.357421875
16:23:01,91282CLD1,TSRYS5850288,D,S,T,2024-08-27,1000000.00,3.735046,102.357421875
16:23:01,91282CLD1,TSRYS5850288,D,S,T,2024-08-27,1000000.00,3.735046,102.357421875
16:23:01,91282CLD1,TSRYS5850288,D,S,T,2024-08-27,1000000.00,3.735046,102.357421875
16:23:01,91282CLD1,TSRYS5850288,D,S,T,2024-08-27,1000000.00,3.735046,102.357421875
16:23:01,91282CLD1,TSRYS5850288,D,S,T,2024-08-27,1000000.00,3.735046,102.357421875
16:23:02,91282CLD1,TSRYS5850288,D,S,D,2024-08-27,1000000.00,3.735683,102.353515625
16:23:03,91282CLD1,TSRYS5850288,D,S,C,2024-08-27,1000000.00,3.735683,102.353515625
16:23:04,91282CLD1,TSRYS5850288,D,S,D,2024-08-27,1000000.00,3.734728,102.359375
16:23:04,91282CLD1,TSRYS5850288,D,S,D,2024-08-27,1000000.00,3.734728,102.359375
16:23:04,91282CLD1,TSRYS5850288,D,S,D,2024-08-27,1000000.00,3.734728,102.359375
16:23:04,91282CLD1,TSRYS5850288,D,S,D,2024-08-27,1000000.00,3.734728,102.359375
16:23:04,91282CLD1,TSRYS5850288,D,S,D,2024-08-27,1000000.00,3.734728,102.359375
16:23:04,91282CLD1,TSRYS5850288,D,S,D,2024-08-27,1000000.00,3.735046,102.357421875
16:23:05,91282CLD1,TSRYS5850288,D,S,D,2024-08-27,1000000.00,3.735046,102.357421875
16:23:05,91282CLD1,TSRYS5850288,D,S,D,2024-08-27,1000000.00,3.735046,102.357421875
16:23:06,91282CLD1,TSRYS5850288,D,S,D,2024-08-27,1000000.00,3.735046,102.357421875
16:23:06,91282CLD1,TSRYS5850288,D,S,D,2024-08-27,1000000.00,3.735046,102.357421875
16:23:06,91282CLD1,TSRYS5850288,D,S,D,2024-08-27,1000000.00,3.735046,102.357421875
16:23:06,91282CLD1,TSRYS5850288,D,S,D,2024-08-27,1000000.00,3.735046,102.357421875
16:23:06,91282CLD1,TSRYS5850288,D,S,D,2024-08-27,1000000.00,3.735046,102.357421875
16:23:08,91282CLD1,TSRYS5850288,D,S,C,2024-08-27,25000000.00,3.737372,102.34315
16:23:19,91282CLD1,TSRYS5850288,D,S,D,2024-08-27,1000000.00,3.734728,102.359375
16:23:30,91282CLD1,TSRYS5850288,D,S,T,2024-08-27,1000000.00,3.735046,102.357421875
16:23:30,91282CLD1,TSRYS5850288,D,S,T,2024-08-27,1000000.00,3.735046,102.357421875
16:23:30,91282CLD1,TSRYS5850288,D,S,T,2024-08-27,1000000.00,3.734728,102.359375
16:23:30,91282CLD1,TSRYS5850288,D,S,T,2024-08-27,1000000.00,3.735046,102.357421875
16:23:30,91282CLD1,TSRYS5850288,D,S,T,2024-08-27,1000000.00,3.735046,102.357421875
16:23:35,91282CLD1,TSRYS5850288,D,S,D,2024-08-27,1000000.00,3.735046,102.357421875
16:23:35,91282CLD1,TSRYS5850288,D,S,D,2024-08-27,1000000.00,3.735046,102.357421875
16:23:35,91282CLD1,TSRYS5850288,D,S,D,2024-08-27,1000000.00,3.735046,102.357421875
16:23:35,91282CLD1,TSRYS5850288,D,S,D,2024-08-27,1000000.00,3.735046,102.357421875
16:23:35,91282CLD1,TSRYS5850288,D,S,D,2024-08-27,1000000.00,3.734728,102.359375
16:23:40,91282CLD1,TSRYS5850288,D,S,T,2024-08-27,1000000.00,3.735364,102.35546875
16:23:40,91282CLD1,TSRYS5850288,D,S,T,2024-08-27,1000000.00,3.735364,102.35546875
16:23:41,91282CLD1,TSRYS5850288,D,S,T,2024-08-27,1000000.00,3.735364,102.35546875
16:23:41,91282CLD1,TSRYS5850288,D,S,D,2024-08-27,1000000.00,3.735364,102.35546875
16:23:43,91282CLD1,TSRYS5850288,D,S,C,2024-08-27,1000000.00,3.735364,102.35546875
16:23:45,91282CLD1,TSRYS5850288,D,S,T,2024-08-27,1000000.00,3.735046,102.357421875
16:23:45,91282CLD1,TSRYS5850288,D,S,T,2024-08-27,1000000.00,3.735046,102.357421875
16:23:45,91282CLD1,TSRYS5850288,D,S,T,2024-08-27,1000000.00,3.735046,102.357421875
16:23:45,91282CLD1,TSRYS5850288,D,S,D,2024-08-27,1000000.00,3.735364,102.35546875
16:23:45,91282CLD1,TSRYS5850288,D,S,D,2024-08-27,1000000.00,3.735364,102.35546875
16:23:46,91282CLD1,TSRYS5850288,D,S,D,2024-08-27,1000000.00,3.735046,102.357421875
16:23:46,91282CLD1,TSRYS5850288,D,S,C,2024-08-27,1000000.00,3.735364,102.35546875
16:23:46,91282CLD1,TSRYS5850288,D,S,D,2024-08-27,1000000.00,3.735046,102.357421875
16:23:46,91282CLD1,TSRYS5850288,D,S,D,2024-08-27,1000000.00,3.734728,102.359375
16:23:46,91282CLD1,TSRYS5850288,D,B,C,2024-08-27,1000000.00,3.734728,102.359375
16:23:46,91282CLD1,TSRYS5850288,D,S,D,2024-08-27,1000000.00,3.734728,102.359375
16:23:47,91282CLD1,TSRYS5850288,D,S,D,2024-08-27,1000000.00,3.734728,102.359375
16:23:47,91282CLD1,TSRYS5850288,D,S,D,2024-08-27,1000000.00,3.734728,102.359375
16:23:47,91282CLD1,TSRYS5850288,D,S,D,2024-08-27,1000000.00,3.734728,102.359375
16:23:50,91282CLD1,TSRYS5850288,D,S,D,2024-08-27,1000000.00,3.735046,102.357421875
16:23:50,91282CLD1,TSRYS5850288,D,S,D,2024-08-27,1000000.00,3.735046,102.357421875
16:23:50,91282CLD1,TSRYS5850288,D,S,D,2024-08-27,2000000.00,3.735046,102.357421875
16:23:50,91282CLD1,TSRYS5850288,D,S,D,2024-08-27,1000000.00,3.735046,102.357421875
16:23:51,91282CLD1,TSRYS5850288,D,S,T,2024-08-27,2000000.00,3.735046,102.357421875
16:23:51,91282CLD1,TSRYS5850288,D,S,T,2024-08-27,1000000.00,3.735046,102.357421875
16:23:51,91282CLD1,TSRYS5850288,D,S,T,2024-08-27,1000000.00,3.735046,102.357421875
16:23:58,91282CLD1,TSRYS5850288,D,S,C,2024-08-27,1000000.00,3.735364,102.35546875
16:24:05,91282CLD1,TSRYS5850288,D,S,C,2024-08-27,1000000.00,3.734728,102.359375
16:24:05,91282CLD1,TSRYS5850288,D,S,D,2024-08-27,3000000.00,3.734728,102.359375
16:24:05,91282CLD1,TSRYS5850288,D,S,D,2024-08-27,1000000.00,3.734728,102.359375
16:24:05,91282CLD1,TSRYS5850288,D,B,C,2024-08-27,3000000.00,3.734728,102.359375
16:24:06,91282CLD1,TSRYS5850288,D,S,T,2024-08-27,1000000.00,3.735364,102.35546875
16:24:06,91282CLD1,TSRYS5850288,D,S,D,2024-08-27,1000000.00,3.735364,102.35546875
16:24:07,91282CLD1,TSRYS5850288,D,S,T,2024-08-27,1000000.00,3.735046,102.357421875
16:24:07,91282CLD1,TSRYS5850288,D,S,T,2024-08-27,1000000.00,3.735046,102.357421875
16:24:07,91282CLD1,TSRYS5850288,D,S,T,2024-08-27,1000000.00,3.735046,102.357421875
16:24:07,91282CLD1,TSRYS5850288,D,S,T,2024-08-27,1000000.00,3.735046,102.357421875
16:24:07,91282CLD1,TSRYS5850288,D,S,T,2024-08-27,1000000.00,3.735046,102.357421875
16:24:07,91282CLD1,TSRYS5850288,D,S,T,2024-08-27,1000000.00,3.735046,102.357421875
16:24:07,91282CLD1,TSRYS5850288,D,S,T,2024-08-27,1000000.00,3.735046,102.357421875
16:24:07,91282CLD1,TSRYS5850288,D,S,D,2024-08-27,1000000.00,3.735046,102.357421875
16:24:07,91282CLD1,TSRYS5850288,D,S,D,2024-08-27,1000000.00,3.735046,102.357421875
16:24:11,91282CLD1,TSRYS5850288,D,S,T,2024-08-27,2000000.00,3.735046,102.357421875
16:24:11,91282CLD1,TSRYS5850288,D,S,T,2024-08-27,1000000.00,3.735046,102.357421875
16:24:11,91282CLD1,TSRYS5850288,D,S,D,2024-08-27,1000000.00,3.735046,102.357421875
16:24:11,91282CLD1,TSRYS5850288,D,S,D,2024-08-27,3000000.00,3.735046,102.357421875
16:24:11,91282CLD1,TSRYS5850288,D,S,D,2024-08-27,1000000.00,3.735046,102.357421875
16:24:11,91282CLD1,TSRYS5850288,D,S,D,2024-08-27,3000000.00,3.735046,102.357421875
16:24:12,91282CLD1,TSRYS5850288,D,S,D,2024-08-27,1000000.00,3.735046,102.357421875
16:24:12,91282CLD1,TSRYS5850288,D,S,T,2024-08-27,1000000.00,3.735046,102.357421875
16:24:12,91282CLD1,TSRYS5850288,D,S,D,2024-08-27,1000000.00,3.735046,102.357421875
16:24:12,91282CLD1,TSRYS5850288,D,S,T,2024-08-27,3000000.00,3.735046,102.357421875
16:24:12,91282CLD1,TSRYS5850288,D,S,D,2024-08-27,1000000.00,3.735046,102.357421875
16:24:12,91282CLD1,TSRYS5850288,D,S,D,2024-08-27,1000000.00,3.735046,102.357421875
16:24:12,91282CLD1,TSRYS5850288,D,S,D,2024-08-27,1000000.00,3.735046,102.357421875
16:24:15,91282CLD1,TSRYS5850288,D,S,T,2024-08-27,1000000.00,3.735046,102.357421875
16:24:20,91282CLD1,TSRYS5850288,D,S,D,2024-08-27,1000000.00,3.734728,102.359375
16:24:20,91282CLD1,TSRYS5850288,D,S,D,2024-08-27,1000000.00,3.734728,102.359375
16:24:20,91282CLD1,TSRYS5850288,D,S,D,2024-08-27,1000000.00,3.734728,102.359375
16:24:29,91282CLD1,TSRYS5850288,D,S,D,2024-08-27,1000000.00,3.735364,102.35546875
16:24:29,91282CLD1,TSRYS5850288,D,S,C,2024-08-27,1000000.00,3.735364,102.35546875
16:24:34,91282CLD1,TSRYS5850288,D,S,T,2024-08-27,1000000.00,3.735364,102.35546875
16:24:34,91282CLD1,TSRYS5850288,D,S,T,2024-08-27,2000000.00,3.735364,102.35546875
16:24:34,91282CLD1,TSRYS5850288,D,S,D,2024-08-27,1000000.00,3.735364,102.35546875
16:24:39,91282CLD1,TSRYS5850288,D,S,D,2024-08-27,2000000.00,3.735364,102.35546875
16:24:57,91282CLD1,TSRYS5850288,D,S,D,2024-08-27,1000000.00,3.735683,102.35351562
16:25:00,91282CLD1,TSRYS5850288,D,S,C,2024-08-27,11000000.00,3.739644,102.32922
16:25:19,91282CLD1,TSRYS5850288,D,S,C,2024-08-27,1000000.00,3.735683,102.35351562
16:25:46,91282CLD1,TSRYS5850288,D,S,T,2024-08-27,1000000.00,3.734728,102.359375
16:25:46,91282CLD1,TSRYS5850288,D,S,T,2024-08-27,1000000.00,3.734728,102.359375
16:25:46,91282CLD1,TSRYS5850288,D,S,D,2024-08-27,1000000.00,3.734728,102.359375
16:25:46,91282CLD1,TSRYS5850288,D,S,D,2024-08-27,1000000.00,3.734728,102.359375
16:25:48,91282CLD1,TSRYS5850288,D,S,T,2024-08-27,1000000.00,3.734728,102.359375
16:25:49,91282CLD1,TSRYS5850288,D,S,T,2024-08-27,1000000.00,3.734728,102.359375
16:25:49,91282CLD1,TSRYS5850288,D,S,D,2024-08-27,9000000.00,3.734728,102.359375
16:25:49,91282CLD1,TSRYS5850288,D,B,C,2024-08-27,2000000.00,3.753842,102.2421875
16:25:49,91282CLD1,TSRYS5850288,D,S,T,2024-08-27,1000000.00,3.734728,102.359375
16:25:51,91282CLD1,TSRYS5850288,D,B,C,2024-08-27,4000000.00,3.734728,102.359375
16:25:51,91282CLD1,TSRYS5850288,D,S,D,2024-08-27,4000000.00,3.734728,102.359375
16:25:51,91282CLD1,TSRYS5850288,D,B,C,2024-08-27,1000000.00,3.734728,102.359375
16:25:51,91282CLD1,TSRYS5850288,D,B,C,2024-08-27,1000000.00,3.734728,102.359375
16:25:51,91282CLD1,TSRYS5850288,D,S,D,2024-08-27,1000000.00,3.734728,102.359375
16:25:51,91282CLD1,TSRYS5850288,D,S,D,2024-08-27,1000000.00,3.734728,102.359375
16:25:56,91282CLD1,TSRYS5850288,D,S,T,2024-08-27,2000000.00,3.734728,102.359375
16:25:58,91282CLD1,TSRYS5850288,D,S,T,2024-08-27,1000000.00,3.734728,102.359375
16:26:01,91282CLD1,TSRYS5850288,D,S,D,2024-08-27,2000000.00,3.734728,102.359375
16:26:01,91282CLD1,TSRYS5850288,D,B,C,2024-08-27,1000000.00,3.734728,102.359375
16:26:01,91282CLD1,TSRYS5850288,D,S,D,2024-08-27,1000000.00,3.734728,102.359375
16:26:01,91282CLD1,TSRYS5850288,D,S,D,2024-08-27,1000000.00,3.734728,102.359375
16:26:04,91282CLD1,TSRYS5850288,D,S,D,2024-08-27,6000000.00,3.734728,102.359375
16:26:10,91282CLD1,TSRYS5850288,D,S,D,2024-08-27,25000000.00,3.735299,102.35586875
16:26:15,91282CLD1,TSRYS5850288,D,S,T,2024-08-27,1000000.00,3.736001,102.3515625
16:26:15,91282CLD1,TSRYS5850288,D,S,T,2024-08-27,2000000.00,3.735046,102.357421875
16:26:15,91282CLD1,TSRYS5850288,D,S,T,2024-08-27,2000000.00,3.735046,102.357421875
16:26:15,91282CLD1,TSRYS5850288,D,S,T,2024-08-27,1000000.00,3.734728,102.359375
16:26:15,91282CLD1,TSRYS5850288,D,S,T,2024-08-27,2000000.00,3.735046,102.357421875
16:26:15,91282CLD1,TSRYS5850288,D,S,D,2024-08-27,2000000.00,3.735046,102.357421875
16:26:17,91282CLD1,TSRYS5850288,D,S,T,2024-08-27,1000000.00,3.734728,102.359375
16:26:20,91282CLD1,TSRYS5850288,D,S,D,2024-08-27,2000000.00,3.735046,102.357421875
16:26:20,91282CLD1,TSRYS5850288,D,S,D,2024-08-27,2000000.00,3.735046,102.357421875
16:26:20,91282CLD1,TSRYS5850288,D,S,D,2024-08-27,1000000.00,3.734728,102.359375
16:26:35,91282CLD1,TSRYS5850288,D,S,D,2024-08-27,1000000.00,3.734728,102.359375
16:26:35,91282CLD1,TSRYS5850288,D,S,D,2024-08-27,3000000.00,3.734728,102.359375
16:26:35,91282CLD1,TSRYS5850288,D,S,D,2024-08-27,1000000.00,3.734728,102.359375
16:26:35,91282CLD1,TSRYS5850288,D,B,C,2024-08-27,3000000.00,3.734728,102.359375
16:26:35,91282CLD1,TSRYS5850288,D,S,D,2024-08-27,1000000.00,3.734728,102.359375
16:26:35,91282CLD1,TSRYS5850288,D,S,D,2024-08-27,1000000.00,3.734728,102.359375
16:26:35,91282CLD1,TSRYS5850288,D,B,C,2024-08-27,1000000.00,3.734728,102.359375
16:26:35,91282CLD1,TSRYS5850288,D,B,C,2024-08-27,1000000.00,3.734728,102.359375
16:26:35,91282CLD1,TSRYS5850288,D,S,D,2024-08-27,1000000.00,3.734728,102.359375
16:26:35,91282CLD1,TSRYS5850288,D,S,D,2024-08-27,1000000.00,3.734728,102.359375
16:26:35,91282CLD1,TSRYS5850288,D,B,C,2024-08-27,1000000.00,3.734768,102.359125
16:26:36,91282CLD1,TSRYS5850288,D,S,C,2024-08-27,1000000.00,3.734728,102.359375
16:26:36,91282CLD1,TSRYS5850288,D,S,C,2024-08-27,1000000.00,3.734728,102.359375
16:26:36,91282CLD1,TSRYS5850288,D,S,T,2024-08-27,1000000.00,3.734728,102.359375
16:26:36,91282CLD1,TSRYS5850288,D,S,D,2024-08-27,1000000.00,3.734728,102.359375
16:26:36,91282CLD1,TSRYS5850288,D,S,T,2024-08-27,1000000.00,3.734728,102.359375
16:26:36,91282CLD1,TSRYS5850288,D,S,T,2024-08-27,1000000.00,3.734728,102.359375
16:26:36,91282CLD1,TSRYS5850288,D,S,D,2024-08-27,1000000.00,3.734728,102.359375
16:26:36,91282CLD1,TSRYS5850288,D,S,T,2024-08-27,1000000.00,3.734728,102.359375
16:26:37,91282CLD1,TSRYS5850288,D,S,T,2024-08-27,1000000.00,3.734728,102.359375
16:26:40,91282CLD1,TSRYS5850288,D,B,C,2024-08-27,1000000.00,3.734728,102.359375
16:26:40,91282CLD1,TSRYS5850288,D,S,D,2024-08-27,1000000.00,3.734728,102.359375
16:26:59,91282CLD1,TSRYS5850288,D,S,C,2024-08-27,1000000.00,3.734728,102.359375
16:26:59,91282CLD1,TSRYS5850288,D,S,C,2024-08-27,1000000.00,3.734728,102.359375
16:26:59,91282CLD1,TSRYS5850288,D,S,C,2024-08-27,1000000.00,3.734728,102.359375
16:27:02,91282CLD1,TSRYS5850288,D,S,D,2024-08-27,1000000.00,3.734728,102.359375
16:27:02,91282CLD1,TSRYS5850288,D,S,D,2024-08-27,1000000.00,3.735977,102.3517125
16:27:07,91282CLD1,TSRYS5850288,D,B,C,2024-08-27,17000000.00,3.729284,102.39278
16:27:20,91282CLD1,TSRYS5850288,D,S,D,2024-08-27,1000000.00,3.734728,102.359375
16:27:20,91282CLD1,TSRYS5850288,D,S,D,2024-08-27,1000000.00,3.734728,102.359375
16:27:20,91282CLD1,TSRYS5850288,D,B,C,2024-08-27,1000000.00,3.734728,102.359375
16:28:00,91282CLD1,TSRYS5850288,D,S,C,2024-08-27,10441000.00,3.735299,102.35586875
16:28:15,91282CLD1,TSRYS5850288,D,S,T,2024-08-27,2000000.00,3.735046,102.357421875
16:28:15,91282CLD1,TSRYS5850288,D,S,T,2024-08-27,2000000.00,3.735046,102.357421875
16:28:15,91282CLD1,TSRYS5850288,D,S,T,2024-08-27,1000000.00,3.735046,102.357421875
16:28:16,91282CLD1,TSRYS5850288,D,S,D,2024-08-27,1000000.00,3.735046,102.357421875
16:28:20,91282CLD1,TSRYS5850288,D,S,D,2024-08-27,2000000.00,3.735046,102.357421875
16:28:20,91282CLD1,TSRYS5850288,D,S,D,2024-08-27,2000000.00,3.735046,102.357421875
16:28:21,91282CLD1,TSRYS5850288,D,S,D,2024-08-27,1000000.00,3.735046,102.357421875
16:28:21,91282CLD1,TSRYS5850288,D,S,D,2024-08-27,1000000.00,3.735046,102.357421875
16:28:22,91282CLD1,TSRYS5850288,D,S,T,2024-08-27,2000000.00,3.735046,102.357421875
16:28:22,91282CLD1,TSRYS5850288,D,S,D,2024-08-27,2000000.00,3.735046,102.357421875
16:28:23,91282CLD1,TSRYS5850288,D,B,C,2024-08-27,1000000.00,3.735046,102.357421875
16:28:23,91282CLD1,TSRYS5850288,D,S,D,2024-08-27,1000000.00,3.735046,102.357421875
16:28:24,91282CLD1,TSRYS5850288,D,S,D,2024-08-27,1000000.00,3.735046,102.357421875
16:28:24,91282CLD1,TSRYS5850288,D,S,D,2024-08-27,2000000.00,3.735046,102.357421875
16:28:24,91282CLD1,TSRYS5850288,D,S,D,2024-08-27,2000000.00,3.735046,102.357421875
16:28:29,91282CLD1,TSRYS5850288,D,S,D,2024-08-27,1000000.00,3.734728,102.359375
16:28:29,91282CLD1,TSRYS5850288,D,S,D,2024-08-27,2000000.00,3.735046,102.357421875
16:28:42,91282CLD1,TSRYS5850288,D,S,C,2024-08-27,9966000.00,3.774193,102.1175875
16:28:45,91282CLD1,TSRYS5850288,D,S,D,2024-08-27,9966000.00,3.774193,102.1175875
16:28:48,91282CLD1,TSRYS5850288,D,S,D,2024-08-27,1000000.00,3.734728,102.359375
16:28:48,91282CLD1,TSRYS5850288,D,B,C,2024-08-27,1000000.00,3.734728,102.359375
16:28:48,91282CLD1,TSRYS5850288,D,B,C,2024-08-27,1000000.00,3.734728,102.359375
16:28:48,91282CLD1,TSRYS5850288,D,S,D,2024-08-27,1000000.00,3.734728,102.359375
16:29:03,91282CLD1,TSRYS5850288,D,B,C,2024-08-27,1000000.00,3.735046,102.35742187
16:29:03,91282CLD1,TSRYS5850288,D,B,C,2024-08-27,1000000.00,3.735046,102.35742187
16:29:04,91282CLD1,TSRYS5850288,D,B,C,2024-08-27,1000000.00,3.735046,102.35742187
16:29:06,91282CLD1,TSRYS5850288,D,B,C,2024-08-27,2000000.00,3.735046,102.35742187
16:29:06,91282CLD1,TSRYS5850288,D,B,C,2024-08-27,1000000.00,3.735046,102.35742187
16:29:08,91282CLD1,TSRYS5850288,D,B,C,2024-08-27,2000000.00,3.735046,102.35742187
16:29:08,91282CLD1,TSRYS5850288,D,B,C,2024-08-27,1000000.00,3.735046,102.35742187
16:29:09,91282CLD1,TSRYS5850288,D,B,C,2024-08-27,2000000.00,3.735046,102.35742187
16:29:09,91282CLD1,TSRYS5850288,D,B,C,2024-08-27,1000000.00,3.735046,102.35742187
16:29:11,91282CLD1,TSRYS5850288,D,B,C,2024-08-27,1000000.00,3.735046,102.35742187
16:29:18,91282CLD1,TSRYS5850288,D,B,C,2024-08-27,1000000.00,3.736001,102.3515625
16:29:18,91282CLD1,TSRYS5850288,D,S,C,2024-08-27,1000000.00,3.736001,102.3515625
16:30:04,91282CLD1,TSRYS5850288,D,S,C,2024-08-27,1000000.00,3.736001,102.3515625
16:30:04,91282CLD1,TSRYS5850288,D,B,C,2024-08-27,1000000.00,3.736001,102.3515625
16:30:11,91282CLD1,TSRYS5850288,D,S,C,2024-08-27,1000000.00,3.735046,102.35742187
16:30:28,91282CLD1,TSRYS5850288,D,S,D,2024-08-27,1000000.00,3.734728,102.359375
16:30:28,91282CLD1,TSRYS5850288,D,S,D,2024-08-27,1000000.00,3.734728,102.359375
16:30:29,91282CLD1,TSRYS5850288,D,S,T,2024-08-27,1000000.00,3.734728,102.359375
16:30:29,91282CLD1,TSRYS5850288,D,S,T,2024-08-27,1000000.00,3.734728,102.359375
16:30:31,91282CLD1,TSRYS5850288,D,S,D,2024-08-27,1000000.00,3.734728,102.359375
16:30:31,91282CLD1,TSRYS5850288,D,S,D,2024-08-27,1000000.00,3.734728,102.359375
16:30:32,91282CLD1,TSRYS5850288,D,S,T,2024-08-27,1000000.00,3.734728,102.359375
16:30:32,91282CLD1,TSRYS5850288,D,S,T,2024-08-27,1000000.00,3.734728,102.359375
16:30:34,91282CLD1,TSRYS5850288,D,B,A,2024-08-27,300000.00,3.735364,102.35547
16:30:34,91282CLD1,TSRYS5850288,D,S,T,2024-08-27,1000000.00,3.734728,102.359375
16:30:34,91282CLD1,TSRYS5850288,D,S,T,2024-08-27,2000000.00,3.734409,102.361328125
16:30:34,91282CLD1,TSRYS5850288,D,S,T,2024-08-27,1000000.00,3.734091,102.36328125
16:30:34,91282CLD1,TSRYS5850288,D,S,T,2024-08-27,1000000.00,3.733454,102.3671875
16:30:34,91282CLD1,TSRYS5850288,D,B,A,2024-08-27,300000.00,3.735364,102.35547
16:30:35,91282CLD1,TSRYS5850288,D,S,D,2024-08-27,2000000.00,3.734409,102.361328125
16:30:35,91282CLD1,TSRYS5850288,D,B,C,2024-08-27,1000000.00,3.734091,102.36328125
16:30:35,91282CLD1,TSRYS5850288,D,S,D,2024-08-27,1000000.00,3.734091,102.36328125
16:30:35,91282CLD1,TSRYS5850288,D,S,D,2024-08-27,1000000.00,3.734091,102.36328125
16:30:39,91282CLD1,TSRYS5850288,D,S,T,2024-08-27,1000000.00,3.734728,102.359375
16:30:39,91282CLD1,TSRYS5850288,D,S,T,2024-08-27,1000000.00,3.734728,102.359375
16:30:39,91282CLD1,TSRYS5850288,D,S,D,2024-08-27,2000000.00,3.734409,102.361328125
16:30:39,91282CLD1,TSRYS5850288,D,B,C,2024-08-27,1000000.00,3.734728,102.359375
16:30:39,91282CLD1,TSRYS5850288,D,S,D,2024-08-27,1000000.00,3.734728,102.359375
16:30:39,91282CLD1,TSRYS5850288,D,S,D,2024-08-27,1000000.00,3.734728,102.359375
16:30:39,91282CLD1,TSRYS5850288,D,B,C,2024-08-27,1000000.00,3.734091,102.36328125
16:30:39,91282CLD1,TSRYS5850288,D,S,D,2024-08-27,1000000.00,3.734091,102.36328125
16:30:51,91282CLD1,TSRYS5850288,D,S,D,2024-08-27,2000000.00,3.732818,102.37109375
16:30:51,91282CLD1,TSRYS5850288,D,S,D,2024-08-27,2000000.00,3.732818,102.37109375
16:30:57,91282CLD1,TSRYS5850288,D,S,D,2024-08-27,1000000.00,3.733136,102.369140625
16:31:04,91282CLD1,TSRYS5850288,D,B,C,2024-08-27,7000000.00,3.732181,102.375
16:31:05,91282CLD1,TSRYS5850288,D,S,D,2024-08-27,1000000.00,3.734728,102.359375
16:31:08,91282CLD1,TSRYS5850288,D,S,T,2024-08-27,1000000.00,3.733136,102.369140625
16:31:09,91282CLD1,TSRYS5850288,D,S,D,2024-08-27,1000000.00,3.734728,102.359375
16:31:09,91282CLD1,TSRYS5850288,D,S,D,2024-08-27,1000000.00,3.734728,102.359375
16:31:14,91282CLD1,TSRYS5850288,D,S,D,2024-08-27,3000000.00,3.733454,102.3671875
16:31:17,91282CLD1,TSRYS5850288,D,S,C,2024-08-27,2200000.00,3.737275,102.34375
16:31:20,91282CLD1,TSRYS5850288,D,B,C,2024-08-27,1000000.00,3.734728,102.359375
16:31:20,91282CLD1,TSRYS5850288,D,S,D,2024-08-27,1000000.00,3.734728,102.359375
16:31:20,91282CLD1,TSRYS5850288,D,B,C,2024-08-27,1000000.00,3.734728,102.359375
16:31:20,91282CLD1,TSRYS5850288,D,S,D,2024-08-27,1000000.00,3.734728,102.359375
16:31:20,91282CLD1,TSRYS5850288,D,S,D,2024-08-27,1000000.00,3.734728,102.359375
16:31:20,91282CLD1,TSRYS5850288,D,S,D,2024-08-27,1000000.00,3.734728,102.359375
16:31:20,91282CLD1,TSRYS5850288,D,B,C,2024-08-27,1000000.00,3.734728,102.359375
16:31:20,91282CLD1,TSRYS5850288,D,B,C,2024-08-27,1000000.00,3.734728,102.359375
16:31:20,91282CLD1,TSRYS5850288,D,S,D,2024-08-27,1000000.00,3.734728,102.359375
16:31:20,91282CLD1,TSRYS5850288,D,B,C,2024-08-27,2000000.00,3.733454,102.3671875
16:31:20,91282CLD1,TSRYS5850288,D,S,D,2024-08-27,2000000.00,3.733454,102.3671875
16:31:20,91282CLD1,TSRYS5850288,D,S,D,2024-08-27,1000000.00,3.73343,102.3673375
16:31:20,91282CLD1,TSRYS5850288,D,B,C,2024-08-27,1000000.00,3.733454,102.3671875
16:31:20,91282CLD1,TSRYS5850288,D,B,C,2024-08-27,1000000.00,3.733454,102.3671875
16:31:20,91282CLD1,TSRYS5850288,D,S,C,2024-08-27,1000000.00,3.733454,102.3671875
16:31:20,91282CLD1,TSRYS5850288,D,B,C,2024-08-27,1000000.00,3.733454,102.3671875
16:31:20,91282CLD1,TSRYS5850288,D,S,D,2024-08-27,1000000.00,3.733454,102.3671875
16:31:35,91282CLD1,TSRYS5850288,D,S,D,2024-08-27,1000000.00,3.733454,102.3671875
16:31:36,91282CLD1,TSRYS5850288,D,B,C,2024-08-27,3000000.00,3.733454,102.3671875
16:31:36,91282CLD1,TSRYS5850288,D,S,D,2024-08-27,3000000.00,3.733454,102.3671875
16:31:37,91282CLD1,TSRYS5850288,D,S,C,2024-08-27,1000000.00,3.733454,102.3671875
16:31:41,91282CLD1,TSRYS5850288,D,S,D,2024-08-27,15000000.00,3.735023,102.35756
16:31:43,91282CLD1,TSRYS5850288,D,S,D,2024-08-27,2000000.00,3.733136,102.369140625
16:31:43,91282CLD1,TSRYS5850288,D,S,D,2024-08-27,1000000.00,3.733454,102.3671875
16:31:43,91282CLD1,TSRYS5850288,D,S,D,2024-08-27,1000000.00,3.733454,102.3671875
16:31:43,91282CLD1,TSRYS5850288,D,S,D,2024-08-27,2000000.00,3.733136,102.369140625
16:31:44,91282CLD1,TSRYS5850288,D,S,D,2024-08-27,1000000.00,3.733454,102.3671875
16:31:44,91282CLD1,TSRYS5850288,D,S,D,2024-08-27,1000000.00,3.733136,102.369140625
16:31:44,91282CLD1,TSRYS5850288,D,S,D,2024-08-27,2000000.00,3.733454,102.3671875
16:31:44,91282CLD1,TSRYS5850288,D,S,D,2024-08-27,1000000.00,3.733454,102.3671875
16:31:49,91282CLD1,TSRYS5850288,D,S,T,2024-08-27,1000000.00,3.733454,102.3671875
16:31:49,91282CLD1,TSRYS5850288,D,S,T,2024-08-27,2000000.00,3.733454,102.3671875
16:31:53,91282CLD1,TSRYS5850288,D,S,T,2024-08-27,1000000.00,3.733136,102.369140625
16:31:53,91282CLD1,TSRYS5850288,D,S,T,2024-08-27,1000000.00,3.733454,102.3671875
16:31:53,91282CLD1,TSRYS5850288,D,S,T,2024-08-27,1000000.00,3.733454,102.3671875
16:31:53,91282CLD1,TSRYS5850288,D,S,T,2024-08-27,1000000.00,3.733454,102.3671875
16:31:54,91282CLD1,TSRYS5850288,D,S,D,2024-08-27,2000000.00,3.733454,102.3671875
16:31:55,91282CLD1,TSRYS5850288,D,S,C,2024-08-27,1000000.00,3.735046,102.35742187
16:32:01,91282CLD1,TSRYS5850288,D,S,D,2024-08-27,49700000.00,3.8344,101.75
16:32:02,91282CLD1,TSRYS5850288,D,S,D,2024-08-27,1000000.00,3.733454,102.3671875
16:32:06,91282CLD1,TSRYS5850288,D,S,D,2024-08-27,2000000.00,3.733454,102.3671875
16:32:06,91282CLD1,TSRYS5850288,D,B,C,2024-08-27,2000000.00,3.733454,102.3671875
16:32:06,91282CLD1,TSRYS5850288,D,B,C,2024-08-27,3000000.00,3.733454,102.3671875
16:32:06,91282CLD1,TSRYS5850288,D,S,D,2024-08-27,3000000.00,3.733454,102.3671875
16:32:07,91282CLD1,TSRYS5850288,D,S,T,2024-08-27,1000000.00,3.733454,102.3671875
16:32:21,91282CLD1,TSRYS5850288,D,S,T,2024-08-27,1000000.00,3.733454,102.3671875
16:32:21,91282CLD1,TSRYS5850288,D,S,D,2024-08-27,2000000.00,3.733136,102.369140625
16:32:21,91282CLD1,TSRYS5850288,D,S,T,2024-08-27,1000000.00,3.733454,102.3671875
16:32:21,91282CLD1,TSRYS5850288,D,S,T,2024-08-27,1000000.00,3.733454,102.3671875
16:32:21,91282CLD1,TSRYS5850288,D,S,T,2024-08-27,1000000.00,3.733454,102.3671875
16:32:21,91282CLD1,TSRYS5850288,D,S,T,2024-08-27,1000000.00,3.733454,102.3671875
16:32:21,91282CLD1,TSRYS5850288,D,S,T,2024-08-27,1000000.00,3.733454,102.3671875
16:32:21,91282CLD1,TSRYS5850288,D,S,D,2024-08-27,2000000.00,3.733136,102.369140625
16:32:21,91282CLD1,TSRYS5850288,D,S,D,2024-08-27,1000000.00,3.733454,102.3671875
16:32:21,91282CLD1,TSRYS5850288,D,S,D,2024-08-27,2000000.00,3.733136,102.369140625
16:32:21,91282CLD1,TSRYS5850288,D,S,D,2024-08-27,2000000.00,3.733136,102.369140625
16:32:22,91282CLD1,TSRYS5850288,D,S,D,2024-08-27,1000000.00,3.733454,102.3671875
16:32:22,91282CLD1,TSRYS5850288,D,S,D,2024-08-27,1000000.00,3.733454,102.3671875
16:32:23,91282CLD1,TSRYS5850288,D,S,D,2024-08-27,1000000.00,3.733136,102.369140625
16:32:26,91282CLD1,TSRYS5850288,D,S,C,2024-08-27,1000000.00,3.733454,102.3671875
16:32:26,91282CLD1,TSRYS5850288,D,S,C,2024-08-27,1000000.00,3.733454,102.3671875
16:32:26,91282CLD1,TSRYS5850288,D,S,D,2024-08-27,1000000.00,3.733454,102.3671875
16:32:29,91282CLD1,TSRYS5850288,D,S,D,2024-08-27,3000000.00,3.733454,102.3671875
16:32:29,91282CLD1,TSRYS5850288,D,S,D,2024-08-27,1000000.00,3.733454,102.3671875
16:32:30,91282CLD1,TSRYS5850288,D,S,T,2024-08-27,1000000.00,3.733454,102.3671875
16:32:30,91282CLD1,TSRYS5850288,D,S,T,2024-08-27,1000000.00,3.733454,102.3671875
16:32:30,91282CLD1,TSRYS5850288,D,S,T,2024-08-27,1000000.00,3.733136,102.369140625
16:32:37,91282CLD1,TSRYS5850288,D,B,C,2024-08-27,1000000.00,3.733454,102.3671875
16:32:37,91282CLD1,TSRYS5850288,D,S,C,2024-08-27,1000000.00,3.733454,102.3671875
16:32:46,91282CLD1,TSRYS5850288,D,S,D,2024-08-27,1000000.00,3.733454,102.3671875
16:32:52,91282CLD1,TSRYS5850288,D,B,C,2024-08-27,3000000.00,3.733454,102.3671875
16:32:52,91282CLD1,TSRYS5850288,D,S,D,2024-08-27,3000000.00,3.733454,102.3671875
16:32:52,91282CLD1,TSRYS5850288,D,S,D,2024-08-27,1000000.00,3.733454,102.3671875
16:32:52,91282CLD1,TSRYS5850288,D,B,C,2024-08-27,1000000.00,3.733454,102.3671875
16:32:52,91282CLD1,TSRYS5850288,D,S,C,2024-08-27,1000000.00,3.733454,102.3671875
16:32:52,91282CLD1,TSRYS5850288,D,B,C,2024-08-27,1000000.00,3.733454,102.3671875
16:32:52,91282CLD1,TSRYS5850288,D,B,C,2024-08-27,1000000.00,3.733454,102.3671875
16:32:52,91282CLD1,TSRYS5850288,D,S,C,2024-08-27,1000000.00,3.733454,102.3671875
16:32:52,91282CLD1,TSRYS5850288,D,S,C,2024-08-27,1000000.00,3.733413,102.3674375
16:32:52,91282CLD1,TSRYS5850288,D,S,C,2024-08-27,1000000.00,3.733454,102.3671875
16:32:52,91282CLD1,TSRYS5850288,D,S,D,2024-08-27,1000000.00,3.73343,102.3673375
16:32:52,91282CLD1,TSRYS5850288,D,S,D,2024-08-27,1000000.00,3.73343,102.3673375
16:32:52,91282CLD1,TSRYS5850288,D,B,C,2024-08-27,1000000.00,3.733454,102.3671875
16:32:52,91282CLD1,TSRYS5850288,D,S,D,2024-08-27,550000.00,3.732818,102.37109375
16:32:53,91282CLD1,TSRYS5850288,D,S,D,2024-08-27,80000.00,3.732818,102.37109375
16:32:53,91282CLD1,TSRYS5850288,D,S,D,2024-08-27,300000.00,3.732818,102.37109375
16:32:53,91282CLD1,TSRYS5850288,D,S,D,2024-08-27,630000.00,3.732818,102.37109375
16:32:53,91282CLD1,TSRYS5850288,D,S,D,2024-08-27,190000.00,3.732818,102.37109375
16:32:53,91282CLD1,TSRYS5850288,D,S,D,2024-08-27,60000.00,3.732818,102.37109375
16:32:54,91282CLD1,TSRYS5850288,D,S,T,2024-08-27,630000.00,3.732818,102.37109375
16:32:55,91282CLD1,TSRYS5850288,D,S,D,2024-08-27,80000.00,3.732818,102.37109375
16:33:09,91282CLD1,TSRYS5850288,D,B,C,2024-08-27,7000000.00,3.731042,102.38199029
16:33:23,91282CLD1,TSRYS5850288,D,S,D,2024-08-27,150000.00,3.732818,102.37109375
16:33:41,91282CLD1,TSRYS5850288,D,S,T,2024-08-27,1000000.00,3.733454,102.3671875
16:33:41,91282CLD1,TSRYS5850288,D,S,T,2024-08-27,1000000.00,3.733454,102.3671875
16:33:41,91282CLD1,TSRYS5850288,D,S,T,2024-08-27,1000000.00,3.733454,102.3671875
16:33:41,91282CLD1,TSRYS5850288,D,S,T,2024-08-27,1000000.00,3.733454,102.3671875
16:33:41,91282CLD1,TSRYS5850288,D,S,T,2024-08-27,1000000.00,3.733454,102.3671875
16:33:41,91282CLD1,TSRYS5850288,D,S,T,2024-08-27,1000000.00,3.733454,102.3671875
16:33:41,91282CLD1,TSRYS5850288,D,S,T,2024-08-27,1000000.00,3.733454,102.3671875
16:33:42,91282CLD1,TSRYS5850288,D,B,C,2024-08-27,2000000.00,3.733454,102.3671875
16:33:42,91282CLD1,TSRYS5850288,D,B,C,2024-08-27,1000000.00,3.733454,102.3671875
16:33:42,91282CLD1,TSRYS5850288,D,S,D,2024-08-27,1000000.00,3.733136,102.369140625
16:33:42,91282CLD1,TSRYS5850288,D,S,D,2024-08-27,2000000.00,3.733454,102.3671875
16:33:42,91282CLD1,TSRYS5850288,D,S,D,2024-08-27,1000000.00,3.733454,102.3671875
16:33:42,91282CLD1,TSRYS5850288,D,S,D,2024-08-27,1000000.00,3.733136,102.369140625
16:33:42,91282CLD1,TSRYS5850288,D,S,D,2024-08-27,1000000.00,3.733136,102.369140625
16:33:42,91282CLD1,TSRYS5850288,D,S,D,2024-08-27,1000000.00,3.733454,102.3671875
16:33:42,91282CLD1,TSRYS5850288,D,S,D,2024-08-27,1000000.00,3.734091,102.36328125
16:33:43,91282CLD1,TSRYS5850288,D,S,D,2024-08-27,1000000.00,3.733136,102.369140625
16:33:43,91282CLD1,TSRYS5850288,D,B,C,2024-08-27,1000000.00,3.733136,102.369140625
16:33:43,91282CLD1,TSRYS5850288,D,S,D,2024-08-27,1000000.00,3.733136,102.369140625
16:33:43,91282CLD1,TSRYS5850288,D,B,C,2024-08-27,1000000.00,3.733136,102.369140625
16:33:44,91282CLD1,TSRYS5850288,D,S,D,2024-08-27,1000000.00,3.733136,102.369140625
16:33:44,91282CLD1,TSRYS5850288,D,B,C,2024-08-27,1000000.00,3.733136,102.369140625
16:33:44,91282CLD1,TSRYS5850288,D,S,D,2024-08-27,1000000.00,3.733454,102.3671875
16:33:45,91282CLD1,TSRYS5850288,D,B,C,2024-08-27,1000000.00,3.733454,102.3671875
16:33:45,91282CLD1,TSRYS5850288,D,S,T,2024-08-27,1000000.00,3.734091,102.36328125
16:33:45,91282CLD1,TSRYS5850288,D,S,D,2024-08-27,1000000.00,3.733136,102.369140625
16:33:45,91282CLD1,TSRYS5850288,D,S,T,2024-08-27,2000000.00,3.733454,102.3671875
16:33:45,91282CLD1,TSRYS5850288,D,B,C,2024-08-27,1000000.00,3.733136,102.369140625
16:33:46,91282CLD1,TSRYS5850288,D,S,D,2024-08-27,1000000.00,3.732818,102.37109375
16:33:46,91282CLD1,TSRYS5850288,D,S,C,2024-08-27,1000000.00,3.733454,102.3671875
16:33:46,91282CLD1,TSRYS5850288,D,S,C,2024-08-27,1000000.00,3.733454,102.3671875
16:33:46,91282CLD1,TSRYS5850288,D,S,D,2024-08-27,1000000.00,3.733454,102.3671875
16:33:46,91282CLD1,TSRYS5850288,D,B,C,2024-08-27,1000000.00,3.733454,102.3671875
16:33:46,91282CLD1,TSRYS5850288,D,S,D,2024-08-27,1000000.00,3.733454,102.3671875
16:33:46,91282CLD1,TSRYS5850288,D,B,C,2024-08-27,1000000.00,3.733454,102.3671875
16:33:46,91282CLD1,TSRYS5850288,D,S,D,2024-08-27,1000000.00,3.733454,102.3671875
16:33:51,91282CLD1,TSRYS5850288,D,S,T,2024-08-27,1000000.00,3.732818,102.37109375
16:33:54,91282CLD1,TSRYS5850288,D,S,D,2024-08-27,1000000.00,3.732181,102.375
16:33:55,91282CLD1,TSRYS5850288,D,S,D,2024-08-27,1000000.00,3.732181,102.375
16:33:56,91282CLD1,TSRYS5850288,D,S,T,2024-08-27,1000000.00,3.732181,102.375
16:33:56,91282CLD1,TSRYS5850288,D,S,T,2024-08-27,1000000.00,3.732181,102.375
16:34:13,91282CLD1,TSRYS5850288,D,S,D,2024-08-27,1000000.00,3.732181,102.375
16:34:14,91282CLD1,TSRYS5850288,D,S,D,2024-08-27,1000000.00,3.732181,102.375
16:34:14,91282CLD1,TSRYS5850288,D,S,T,2024-08-27,1000000.00,3.732181,102.375
16:34:14,91282CLD1,TSRYS5850288,D,S,T,2024-08-27,1000000.00,3.732181,102.375
16:34:14,91282CLD1,TSRYS5850288,D,S,T,2024-08-27,1000000.00,3.732181,102.375
16:34:15,91282CLD1,TSRYS5850288,D,S,T,2024-08-27,1000000.00,3.732181,102.375
16:34:15,91282CLD1,TSRYS5850288,D,S,T,2024-08-27,1000000.00,3.732181,102.375
16:34:15,91282CLD1,TSRYS5850288,D,S,T,2024-08-27,1000000.00,3.732181,102.375
16:34:17,91282CLD1,TSRYS5850288,D,B,C,2024-08-27,1000000.00,3.732181,102.375
16:34:17,91282CLD1,TSRYS5850288,D,S,D,2024-08-27,1000000.00,3.732181,102.375
16:34:17,91282CLD1,TSRYS5850288,D,S,D,2024-08-27,1000000.00,3.732181,102.375
16:34:27,91282CLD1,TSRYS5850288,D,S,D,2024-08-27,1000000.00,3.732499,102.373046875
16:34:27,91282CLD1,TSRYS5850288,D,B,C,2024-08-27,1000000.00,3.732499,102.373046875
16:34:37,91282CLD1,TSRYS5850288,D,S,D,2024-08-27,1000000.00,3.733454,102.3671875
16:34:37,91282CLD1,TSRYS5850288,D,S,D,2024-08-27,1000000.00,3.733454,102.3671875
16:34:37,91282CLD1,TSRYS5850288,D,B,C,2024-08-27,1000000.00,3.733454,102.3671875
16:34:37,91282CLD1,TSRYS5850288,D,S,D,2024-08-27,1000000.00,3.733454,102.3671875
16:34:37,91282CLD1,TSRYS5850288,D,B,C,2024-08-27,1000000.00,3.733487,102.3669875
16:34:37,91282CLD1,TSRYS5850288,D,B,C,2024-08-27,1000000.00,3.733454,102.3671875
16:34:37,91282CLD1,TSRYS5850288,D,B,C,2024-08-27,1000000.00,3.732197,102.3749
16:34:37,91282CLD1,TSRYS5850288,D,S,D,2024-08-27,1000000.00,3.732181,102.375
16:34:50,91282CLD1,TSRYS5850288,D,S,D,2024-08-27,1000000.00,3.733454,102.3671875
16:34:50,91282CLD1,TSRYS5850288,D,S,D,2024-08-27,1000000.00,3.733454,102.3671875
16:34:50,91282CLD1,TSRYS5850288,D,S,D,2024-08-27,1000000.00,3.733454,102.3671875
16:34:50,91282CLD1,TSRYS5850288,D,S,D,2024-08-27,1000000.00,3.733454,102.3671875
16:34:50,91282CLD1,TSRYS5850288,D,B,C,2024-08-27,1000000.00,3.733454,102.3671875
16:34:50,91282CLD1,TSRYS5850288,D,B,C,2024-08-27,1000000.00,3.733454,102.3671875
16:34:50,91282CLD1,TSRYS5850288,D,S,D,2024-08-27,1000000.00,3.733454,102.3671875
16:34:50,91282CLD1,TSRYS5850288,D,S,D,2024-08-27,2000000.00,3.733454,102.3671875
16:34:50,91282CLD1,TSRYS5850288,D,S,D,2024-08-27,2000000.00,3.733454,102.3671875
16:34:50,91282CLD1,TSRYS5850288,D,B,C,2024-08-27,1000000.00,3.733479,102.3670375
16:34:50,91282CLD1,TSRYS5850288,D,B,C,2024-08-27,1000000.00,3.733479,102.3670375
16:34:50,91282CLD1,TSRYS5850288,D,B,C,2024-08-27,2000000.00,3.733495,102.3669375
16:34:50,91282CLD1,TSRYS5850288,D,S,D,2024-08-27,1000000.00,3.732181,102.375
16:34:50,91282CLD1,TSRYS5850288,D,B,C,2024-08-27,1000000.00,3.732181,102.375
16:34:50,91282CLD1,TSRYS5850288,D,S,D,2024-08-27,1000000.00,3.732181,102.375
16:34:50,91282CLD1,TSRYS5850288,D,S,D,2024-08-27,1000000.00,3.732181,102.375
16:34:50,91282CLD1,TSRYS5850288,D,S,D,2024-08-27,1000000.00,3.732181,102.375
16:34:55,91282CLD1,TSRYS5850288,D,S,D,2024-08-27,100000.00,3.735364,102.35546875
16:35:05,91282CLD1,TSRYS5850288,D,S,D,2024-08-27,1000000.00,3.733454,102.3671875
16:35:05,91282CLD1,TSRYS5850288,D,B,C,2024-08-27,1000000.00,3.73347,102.3670875
16:35:06,91282CLD1,TSRYS5850288,D,S,D,2024-08-27,1000000.00,3.733454,102.3671875
16:35:06,91282CLD1,TSRYS5850288,D,B,C,2024-08-27,1000000.00,3.733479,102.3670375
16:35:21,91282CLD1,TSRYS5850288,D,S,D,2024-08-27,1000000.00,3.73343,102.3673375
16:35:21,91282CLD1,TSRYS5850288,D,S,D,2024-08-27,1000000.00,3.733454,102.3671875
16:35:36,91282CLD1,TSRYS5850288,D,S,D,2024-08-27,1000000.00,3.733454,102.3671875
16:35:36,91282CLD1,TSRYS5850288,D,B,C,2024-08-27,1000000.00,3.733495,102.3669375
16:35:36,91282CLD1,TSRYS5850288,D,B,C,2024-08-27,1000000.00,3.733454,102.3671875
16:35:36,91282CLD1,TSRYS5850288,D,S,D,2024-08-27,1000000.00,3.733454,102.3671875
16:35:36,91282CLD1,TSRYS5850288,D,S,D,2024-08-27,1000000.00,3.733454,102.3671875
16:35:36,91282CLD1,TSRYS5850288,D,S,D,2024-08-27,1000000.00,3.733454,102.3671875
16:35:36,91282CLD1,TSRYS5850288,D,B,C,2024-08-27,1000000.00,3.733454,102.3671875
16:35:36,91282CLD1,TSRYS5850288,D,S,D,2024-08-27,1000000.00,3.733454,102.3671875
16:35:36,91282CLD1,TSRYS5850288,D,S,D,2024-08-27,1000000.00,3.733454,102.3671875
16:35:36,91282CLD1,TSRYS5850288,D,B,C,2024-08-27,1000000.00,3.733454,102.3671875
16:35:36,91282CLD1,TSRYS5850288,D,B,C,2024-08-27,1000000.00,3.733454,102.3671875
16:35:36,91282CLD1,TSRYS5850288,D,B,C,2024-08-27,1000000.00,3.733454,102.3671875
16:35:36,91282CLD1,TSRYS5850288,D,B,C,2024-08-27,1000000.00,3.733454,102.3671875
16:35:36,91282CLD1,TSRYS5850288,D,S,D,2024-08-27,1000000.00,3.733454,102.3671875
16:35:48,91282CLD1,TSRYS5850288,D,S,C,2024-08-27,1000000.00,3.733422,102.3673875
16:35:48,91282CLD1,TSRYS5850288,D,B,C,2024-08-27,1000000.00,3.733454,102.3671875
16:35:51,91282CLD1,TSRYS5850288,D,S,D,2024-08-27,1000000.00,3.733454,102.3671875
16:35:51,91282CLD1,TSRYS5850288,D,B,C,2024-08-27,1000000.00,3.733487,102.3669875
16:35:51,91282CLD1,TSRYS5850288,D,S,D,2024-08-27,1000000.00,3.733454,102.3671875
16:35:51,91282CLD1,TSRYS5850288,D,B,C,2024-08-27,1000000.00,3.733454,102.3671875
16:35:51,91282CLD1,TSRYS5850288,D,S,D,2024-08-27,1000000.00,3.733454,102.3671875
16:35:52,91282CLD1,TSRYS5850288,D,S,C,2024-08-27,1000000.00,3.733454,102.3671875
16:35:52,91282CLD1,TSRYS5850288,D,S,C,2024-08-27,1000000.00,3.733454,102.3671875
16:35:52,91282CLD1,TSRYS5850288,D,S,D,2024-08-27,1000000.00,3.733454,102.3671875
16:35:52,91282CLD1,TSRYS5850288,D,S,D,2024-08-27,1000000.00,3.733454,102.3671875
16:35:52,91282CLD1,TSRYS5850288,D,S,T,2024-08-27,1000000.00,3.733454,102.3671875
16:35:52,91282CLD1,TSRYS5850288,D,S,T,2024-08-27,1000000.00,3.733454,102.3671875
16:35:53,91282CLD1,TSRYS5850288,D,S,C,2024-08-27,1000000.00,3.733454,102.3671875
16:35:53,91282CLD1,TSRYS5850288,D,S,C,2024-08-27,1000000.00,3.733454,102.3671875
16:35:53,91282CLD1,TSRYS5850288,D,S,D,2024-08-27,1000000.00,3.733454,102.3671875
16:35:53,91282CLD1,TSRYS5850288,D,B,C,2024-08-27,1000000.00,3.733454,102.3671875
16:35:54,91282CLD1,TSRYS5850288,D,S,T,2024-08-27,1000000.00,3.733454,102.3671875
16:35:54,91282CLD1,TSRYS5850288,D,S,T,2024-08-27,1000000.00,3.733454,102.3671875
16:35:54,91282CLD1,TSRYS5850288,D,S,T,2024-08-27,1000000.00,3.733454,102.3671875
16:35:54,91282CLD1,TSRYS5850288,D,S,T,2024-08-27,1000000.00,3.733454,102.3671875
16:35:54,91282CLD1,TSRYS5850288,D,S,T,2024-08-27,1000000.00,3.733454,102.3671875
16:35:54,91282CLD1,TSRYS5850288,D,S,T,2024-08-27,1000000.00,3.733454,102.3671875
16:35:55,91282CLD1,TSRYS5850288,D,S,T,2024-08-27,1000000.00,3.733454,102.3671875
16:35:55,91282CLD1,TSRYS5850288,D,S,T,2024-08-27,1000000.00,3.733454,102.3671875
16:35:56,91282CLD1,TSRYS5850288,D,S,T,2024-08-27,1000000.00,3.733454,102.3671875
16:35:57,91282CLD1,TSRYS5850288,D,S,T,2024-08-27,1000000.00,3.733454,102.3671875
16:35:57,91282CLD1,TSRYS5850288,D,S,T,2024-08-27,1000000.00,3.733454,102.3671875
16:35:57,91282CLD1,TSRYS5850288,D,S,T,2024-08-27,2000000.00,3.733454,102.3671875
16:35:57,91282CLD1,TSRYS5850288,D,S,T,2024-08-27,1000000.00,3.733454,102.3671875
16:35:59,91282CLD1,TSRYS5850288,D,S,T,2024-08-27,1000000.00,3.733454,102.3671875
16:35:59,91282CLD1,TSRYS5850288,D,S,T,2024-08-27,2000000.00,3.733454,102.3671875
16:35:59,91282CLD1,TSRYS5850288,D,S,D,2024-08-27,1000000.00,3.733454,102.3671875
16:35:59,91282CLD1,TSRYS5850288,D,S,D,2024-08-27,2000000.00,3.733454,102.3671875
16:36:02,91282CLD1,TSRYS5850288,D,S,T,2024-08-27,1000000.00,3.733454,102.3671875
16:36:02,91282CLD1,TSRYS5850288,D,S,T,2024-08-27,1000000.00,3.733454,102.3671875
16:36:04,91282CLD1,TSRYS5850288,D,S,T,2024-08-27,1000000.00,3.733454,102.3671875
16:36:04,91282CLD1,TSRYS5850288,D,S,T,2024-08-27,1000000.00,3.733454,102.3671875
16:36:04,91282CLD1,TSRYS5850288,D,B,C,2024-08-27,1000000.00,3.733454,102.3671875
16:36:04,91282CLD1,TSRYS5850288,D,S,D,2024-08-27,1000000.00,3.733454,102.3671875
16:36:04,91282CLD1,TSRYS5850288,D,B,C,2024-08-27,1000000.00,3.733454,102.3671875
16:36:04,91282CLD1,TSRYS5850288,D,S,D,2024-08-27,1000000.00,3.733454,102.3671875
16:36:04,91282CLD1,TSRYS5850288,D,B,C,2024-08-27,2000000.00,3.733136,102.369140625
16:36:04,91282CLD1,TSRYS5850288,D,S,D,2024-08-27,2000000.00,3.733136,102.369140625
16:36:09,91282CLD1,TSRYS5850288,D,S,D,2024-08-27,2000000.00,3.733136,102.369140625
16:36:18,91282CLD1,TSRYS5850288,D,S,D,2024-08-27,1000000.00,3.733454,102.3671875
16:36:32,91282CLD1,TSRYS5850288,D,S,C,2024-08-27,1000000.00,3.732785,102.37129375
16:36:36,91282CLD1,TSRYS5850288,D,S,D,2024-08-27,1000000.00,3.73343,102.3673375
16:36:36,91282CLD1,TSRYS5850288,D,S,D,2024-08-27,1000000.00,3.733454,102.3671875
16:36:36,91282CLD1,TSRYS5850288,D,S,C,2024-08-27,1000000.00,3.733454,102.3671875
16:36:36,91282CLD1,TSRYS5850288,D,S,D,2024-08-27,2000000.00,3.733454,102.3671875
16:36:36,91282CLD1,TSRYS5850288,D,S,C,2024-08-27,1000000.00,3.733454,102.3671875
16:36:36,91282CLD1,TSRYS5850288,D,S,C,2024-08-27,1000000.00,3.733454,102.3671875
16:36:37,91282CLD1,TSRYS5850288,D,S,D,2024-08-27,1000000.00,3.733454,102.3671875
16:36:37,91282CLD1,TSRYS5850288,D,S,T,2024-08-27,1000000.00,3.732818,102.37109375
16:36:43,91282CLD1,TSRYS5850288,D,S,T,2024-08-27,1000000.00,3.732499,102.373046875
16:36:43,91282CLD1,TSRYS5850288,D,S,C,2024-08-27,1000000.00,3.732499,102.373046875
16:36:49,91282CLD1,TSRYS5850288,D,S,T,2024-08-27,1000000.00,3.732181,102.375
16:36:49,91282CLD1,TSRYS5850288,D,S,T,2024-08-27,1000000.00,3.732181,102.375
16:36:49,91282CLD1,TSRYS5850288,D,S,T,2024-08-27,1000000.00,3.732181,102.375
16:36:49,91282CLD1,TSRYS5850288,D,S,T,2024-08-27,1000000.00,3.732181,102.375
16:36:50,91282CLD1,TSRYS5850288,D,S,D,2024-08-27,1000000.00,3.732181,102.375
16:36:50,91282CLD1,TSRYS5850288,D,B,C,2024-08-27,1000000.00,3.732214,102.3748
16:36:51,91282CLD1,TSRYS5850288,D,S,D,2024-08-27,1000000.00,3.731863,102.376953125
16:36:54,91282CLD1,TSRYS5850288,D,S,C,2024-08-27,1000000.00,3.733454,102.3671875
16:36:54,91282CLD1,TSRYS5850288,D,S,C,2024-08-27,1000000.00,3.733454,102.3671875
16:36:54,91282CLD1,TSRYS5850288,D,S,C,2024-08-27,1000000.00,3.733454,102.3671875
16:36:54,91282CLD1,TSRYS5850288,D,S,C,2024-08-27,1000000.00,3.733454,102.3671875
16:36:54,91282CLD1,TSRYS5850288,D,S,C,2024-08-27,2000000.00,3.733413,102.3674375
16:36:55,91282CLD1,TSRYS5850288,D,S,D,2024-08-27,1000000.00,3.733454,102.3671875
16:36:55,91282CLD1,TSRYS5850288,D,B,C,2024-08-27,1000000.00,3.733454,102.3671875
16:36:55,91282CLD1,TSRYS5850288,D,S,C,2024-08-27,1000000.00,3.733454,102.3671875
16:36:55,91282CLD1,TSRYS5850288,D,S,D,2024-08-27,1000000.00,3.733454,102.3671875
16:36:59,91282CLD1,TSRYS5850288,D,S,D,2024-08-27,1000000.00,3.732181,102.375
16:36:59,91282CLD1,TSRYS5850288,D,S,D,2024-08-27,1000000.00,3.732181,102.375
16:36:59,91282CLD1,TSRYS5850288,D,S,D,2024-08-27,1000000.00,3.732181,102.375
16:37:02,91282CLD1,TSRYS5850288,D,S,D,2024-08-27,1000000.00,3.732181,102.375
16:37:07,91282CLD1,TSRYS5850288,D,B,C,2024-08-27,1000000.00,3.733454,102.3671875
16:37:07,91282CLD1,TSRYS5850288,D,S,D,2024-08-27,1000000.00,3.733454,102.3671875
16:37:07,91282CLD1,TSRYS5850288,D,S,D,2024-08-27,2000000.00,3.733454,102.3671875
16:37:07,91282CLD1,TSRYS5850288,D,B,C,2024-08-27,1000000.00,3.733454,102.3671875
16:37:07,91282CLD1,TSRYS5850288,D,S,D,2024-08-27,1000000.00,3.733454,102.3671875
16:37:07,91282CLD1,TSRYS5850288,D,S,D,2024-08-27,1000000.00,3.733454,102.3671875
16:37:07,91282CLD1,TSRYS5850288,D,S,D,2024-08-27,5000000.00,3.733454,102.3671875
16:37:07,91282CLD1,TSRYS5850288,D,B,C,2024-08-27,2000000.00,3.733479,102.3670375
16:37:25,91282CLD1,TSRYS5850288,D,B,C,2024-08-27,5000000.00,3.733454,102.3671875
16:37:25,91282CLD1,TSRYS5850288,D,S,C,2024-08-27,1000000.00,3.732148,102.3752
16:37:33,91282CLD1,TSRYS5850288,D,S,C,2024-08-27,1000000.00,3.732785,102.37129375
16:37:38,91282CLD1,TSRYS5850288,D,B,C,2024-08-27,1000000.00,3.732181,102.375
16:37:38,91282CLD1,TSRYS5850288,D,S,D,2024-08-27,1000000.00,3.732181,102.375
16:37:38,91282CLD1,TSRYS5850288,D,S,C,2024-08-27,1000000.00,3.732181,102.375
16:37:38,91282CLD1,TSRYS5850288,D,S,D,2024-08-27,1000000.00,3.732181,102.375
16:37:38,91282CLD1,TSRYS5850288,D,S,D,2024-08-27,1000000.00,3.732181,102.375
16:37:38,91282CLD1,TSRYS5850288,D,S,C,2024-08-27,1000000.00,3.732181,102.375
16:37:38,91282CLD1,TSRYS5850288,D,B,C,2024-08-27,1000000.00,3.732181,102.375
16:37:38,91282CLD1,TSRYS5850288,D,B,C,2024-08-27,1000000.00,3.732181,102.375
16:37:38,91282CLD1,TSRYS5850288,D,S,C,2024-08-27,1000000.00,3.732181,102.375
16:37:42,91282CLD1,TSRYS5850288,D,S,T,2024-08-27,1000000.00,3.732818,102.37109375
16:37:43,91282CLD1,TSRYS5850288,D,S,D,2024-08-27,1000000.00,3.731863,102.37695312
16:37:44,91282CLD1,TSRYS5850288,D,S,D,2024-08-27,150MM+,3.733454,102.3671875
16:37:44,91282CLD1,TSRYS5850288,D,B,C,2024-08-27,150MM+,3.733454,102.3671875
16:37:45,91282CLD1,TSRYS5850288,D,S,D,2024-08-27,1000000.00,3.731863,102.37695312
16:37:45,91282CLD1,TSRYS5850288,D,S,T,2024-08-27,1000000.00,3.731863,102.37695312
16:37:49,91282CLD1,TSRYS5850288,D,S,T,2024-08-27,1000000.00,3.732818,102.37109375
16:37:49,91282CLD1,TSRYS5850288,D,S,C,2024-08-27,1000000.00,3.732818,102.37109375
16:37:54,91282CLD1,TSRYS5850288,D,S,T,2024-08-27,1000000.00,3.732181,102.375
16:37:55,91282CLD1,TSRYS5850288,D,S,C,2024-08-27,3000000.00,3.732181,102.375
16:37:55,91282CLD1,TSRYS5850288,D,S,D,2024-08-27,3000000.00,3.732181,102.375
16:37:55,91282CLD1,TSRYS5850288,D,S,T,2024-08-27,1000000.00,3.732181,102.375
16:37:56,91282CLD1,TSRYS5850288,D,S,D,2024-08-27,3000000.00,3.732181,102.375
16:37:56,91282CLD1,TSRYS5850288,D,S,D,2024-08-27,1000000.00,3.732181,102.375
16:37:56,91282CLD1,TSRYS5850288,D,S,D,2024-08-27,1000000.00,3.732181,102.375
16:37:56,91282CLD1,TSRYS5850288,D,S,D,2024-08-27,1000000.00,3.732181,102.375
16:37:56,91282CLD1,TSRYS5850288,D,S,D,2024-08-27,1000000.00,3.732181,102.375
16:37:56,91282CLD1,TSRYS5850288,D,S,T,2024-08-27,1000000.00,3.732181,102.375
16:37:57,91282CLD1,TSRYS5850288,D,S,C,2024-08-27,3800000.00,3.733454,102.3671875
16:37:57,91282CLD1,TSRYS5850288,D,S,C,2024-08-27,1000000.00,3.732181,102.375
16:37:57,91282CLD1,TSRYS5850288,D,S,T,2024-08-27,1000000.00,3.732181,102.375
16:37:57,91282CLD1,TSRYS5850288,D,S,C,2024-08-27,1000000.00,3.732181,102.375
16:37:57,91282CLD1,TSRYS5850288,D,S,C,2024-08-27,1000000.00,3.732181,102.375
16:37:57,91282CLD1,TSRYS5850288,D,S,T,2024-08-27,1000000.00,3.732181,102.375
16:37:58,91282CLD1,TSRYS5850288,D,S,C,2024-08-27,1000000.00,3.732181,102.375
16:37:58,91282CLD1,TSRYS5850288,D,S,C,2024-08-27,1000000.00,3.732181,102.375
16:37:58,91282CLD1,TSRYS5850288,D,S,T,2024-08-27,1000000.00,3.732181,102.375
16:37:58,91282CLD1,TSRYS5850288,D,S,T,2024-08-27,1000000.00,3.732181,102.375
16:37:58,91282CLD1,TSRYS5850288,D,S,T,2024-08-27,1000000.00,3.732181,102.375
16:37:58,91282CLD1,TSRYS5850288,D,S,T,2024-08-27,1000000.00,3.732181,102.375
16:37:58,91282CLD1,TSRYS5850288,D,S,T,2024-08-27,1000000.00,3.732181,102.375
16:37:59,91282CLD1,TSRYS5850288,D,S,T,2024-08-27,1000000.00,3.732181,102.375
16:37:59,91282CLD1,TSRYS5850288,D,S,C,2024-08-27,1000000.00,3.732148,102.3752
16:37:59,91282CLD1,TSRYS5850288,D,S,T,2024-08-27,1000000.00,3.732181,102.375
16:37:59,91282CLD1,TSRYS5850288,D,S,T,2024-08-27,1000000.00,3.732181,102.375
16:37:59,91282CLD1,TSRYS5850288,D,S,T,2024-08-27,1000000.00,3.732181,102.375
16:37:59,91282CLD1,TSRYS5850288,D,S,D,2024-08-27,2000000.00,3.732181,102.375
16:37:59,91282CLD1,TSRYS5850288,D,S,D,2024-08-27,1000000.00,3.732181,102.375
16:37:59,91282CLD1,TSRYS5850288,D,S,T,2024-08-27,1000000.00,3.732181,102.375
16:37:59,91282CLD1,TSRYS5850288,D,S,D,2024-08-27,1000000.00,3.732181,102.375
16:37:59,91282CLD1,TSRYS5850288,D,S,T,2024-08-27,1000000.00,3.732181,102.375
16:37:59,91282CLD1,TSRYS5850288,D,S,T,2024-08-27,1000000.00,3.732181,102.375
16:37:59,91282CLD1,TSRYS5850288,D,S,D,2024-08-27,1000000.00,3.732181,102.375
16:38:00,91282CLD1,TSRYS5850288,D,S,D,2024-08-27,1000000.00,3.732181,102.375
16:38:00,91282CLD1,TSRYS5850288,D,S,T,2024-08-27,1000000.00,3.732181,102.375
16:38:00,91282CLD1,TSRYS5850288,D,S,T,2024-08-27,1000000.00,3.732181,102.375
16:38:00,91282CLD1,TSRYS5850288,D,S,C,2024-08-27,1000000.00,3.732181,102.375
16:38:00,91282CLD1,TSRYS5850288,D,S,T,2024-08-27,1000000.00,3.732181,102.375
16:38:00,91282CLD1,TSRYS5850288,D,S,T,2024-08-27,1000000.00,3.732181,102.375
16:38:00,91282CLD1,TSRYS5850288,D,S,C,2024-08-27,1000000.00,3.732181,102.375
16:38:00,91282CLD1,TSRYS5850288,D,S,T,2024-08-27,1000000.00,3.732181,102.375
16:38:00,91282CLD1,TSRYS5850288,D,S,T,2024-08-27,1000000.00,3.732181,102.375
16:38:00,91282CLD1,TSRYS5850288,D,S,T,2024-08-27,1000000.00,3.732181,102.375
16:38:00,91282CLD1,TSRYS5850288,D,S,T,2024-08-27,1000000.00,3.731544,102.37890625
16:38:00,91282CLD1,TSRYS5850288,D,S,T,2024-08-27,1000000.00,3.732181,102.375
16:38:00,91282CLD1,TSRYS5850288,D,B,C,2024-08-27,1000000.00,3.732181,102.375
16:38:00,91282CLD1,TSRYS5850288,D,S,D,2024-08-27,1000000.00,3.732181,102.375
16:38:00,91282CLD1,TSRYS5850288,D,S,D,2024-08-27,1000000.00,3.732181,102.375
16:38:00,91282CLD1,TSRYS5850288,D,S,C,2024-08-27,1000000.00,3.732181,102.375
16:38:00,91282CLD1,TSRYS5850288,D,B,C,2024-08-27,1000000.00,3.732181,102.375
16:38:00,91282CLD1,TSRYS5850288,D,S,C,2024-08-27,1000000.00,3.732181,102.375
16:38:00,91282CLD1,TSRYS5850288,D,S,C,2024-08-27,1000000.00,3.731544,102.37890625
16:38:00,91282CLD1,TSRYS5850288,D,S,T,2024-08-27,1000000.00,3.732181,102.375
16:38:00,91282CLD1,TSRYS5850288,D,S,T,2024-08-27,1000000.00,3.732181,102.375
16:38:00,91282CLD1,TSRYS5850288,D,S,C,2024-08-27,1000000.00,3.732181,102.375
16:38:00,91282CLD1,TSRYS5850288,D,S,C,2024-08-27,1000000.00,3.732181,102.375
16:38:01,91282CLD1,TSRYS5850288,D,S,T,2024-08-27,1000000.00,3.732181,102.375
16:38:01,91282CLD1,TSRYS5850288,D,S,T,2024-08-27,1000000.00,3.732181,102.375
16:38:01,91282CLD1,TSRYS5850288,D,S,T,2024-08-27,1000000.00,3.732181,102.375
16:38:01,91282CLD1,TSRYS5850288,D,S,D,2024-08-27,1000000.00,3.731863,102.376953125
16:38:01,91282CLD1,TSRYS5850288,D,S,D,2024-08-27,1000000.00,3.731863,102.376953125
16:38:01,91282CLD1,TSRYS5850288,D,S,T,2024-08-27,1000000.00,3.732181,102.375
16:38:01,91282CLD1,TSRYS5850288,D,S,T,2024-08-27,1000000.00,3.732181,102.375
16:38:02,91282CLD1,TSRYS5850288,D,S,T,2024-08-27,1000000.00,3.732181,102.375
16:38:02,91282CLD1,TSRYS5850288,D,S,T,2024-08-27,1000000.00,3.732181,102.375
16:38:02,91282CLD1,TSRYS5850288,D,S,T,2024-08-27,1000000.00,3.732181,102.375
16:38:02,91282CLD1,TSRYS5850288,D,S,T,2024-08-27,1000000.00,3.732181,102.375
16:38:02,91282CLD1,TSRYS5850288,D,S,T,2024-08-27,1000000.00,3.732181,102.375
16:38:02,91282CLD1,TSRYS5850288,D,S,T,2024-08-27,1000000.00,3.731544,102.37890625
16:38:03,91282CLD1,TSRYS5850288,D,S,T,2024-08-27,1000000.00,3.732181,102.375
16:38:03,91282CLD1,TSRYS5850288,D,S,T,2024-08-27,1000000.00,3.732181,102.375
16:38:03,91282CLD1,TSRYS5850288,D,S,C,2024-08-27,1000000.00,3.731544,102.37890625
16:38:03,91282CLD1,TSRYS5850288,D,S,T,2024-08-27,1000000.00,3.732181,102.375
16:38:03,91282CLD1,TSRYS5850288,D,S,T,2024-08-27,1000000.00,3.732181,102.375
16:38:03,91282CLD1,TSRYS5850288,D,S,T,2024-08-27,1000000.00,3.732214,102.3748
16:38:03,91282CLD1,TSRYS5850288,D,S,T,2024-08-27,1000000.00,3.732181,102.375
16:38:03,91282CLD1,TSRYS5850288,D,S,D,2024-08-27,2000000.00,3.731863,102.376953125
16:38:03,91282CLD1,TSRYS5850288,D,S,T,2024-08-27,1000000.00,3.732181,102.375
16:38:03,91282CLD1,TSRYS5850288,D,S,T,2024-08-27,1000000.00,3.732181,102.375
16:38:03,91282CLD1,TSRYS5850288,D,S,C,2024-08-27,2000000.00,3.732181,102.375
16:38:03,91282CLD1,TSRYS5850288,D,S,T,2024-08-27,1000000.00,3.732181,102.375
16:38:03,91282CLD1,TSRYS5850288,D,S,T,2024-08-27,1000000.00,3.731863,102.376953125
16:38:04,91282CLD1,TSRYS5850288,D,S,C,2024-08-27,1000000.00,3.732181,102.375
16:38:04,91282CLD1,TSRYS5850288,D,S,D,2024-08-27,1000000.00,3.732181,102.375
16:38:04,91282CLD1,TSRYS5850288,D,S,T,2024-08-27,1000000.00,3.732181,102.375
16:38:04,91282CLD1,TSRYS5850288,D,S,T,2024-08-27,1000000.00,3.732181,102.375
16:38:04,91282CLD1,TSRYS5850288,D,S,D,2024-08-27,1000000.00,3.732181,102.375
16:38:04,91282CLD1,TSRYS5850288,D,S,D,2024-08-27,1000000.00,3.732181,102.375
16:38:04,91282CLD1,TSRYS5850288,D,S,D,2024-08-27,1000000.00,3.732181,102.375
16:38:04,91282CLD1,TSRYS5850288,D,S,C,2024-08-27,3000000.00,3.732181,102.375
16:38:04,91282CLD1,TSRYS5850288,D,S,T,2024-08-27,1000000.00,3.732181,102.375
16:38:04,91282CLD1,TSRYS5850288,D,S,D,2024-08-27,2000000.00,3.732181,102.375
16:38:04,91282CLD1,TSRYS5850288,D,S,T,2024-08-27,1000000.00,3.732181,102.375
16:38:05,91282CLD1,TSRYS5850288,D,S,D,2024-08-27,2000000.00,3.732181,102.375
16:38:05,91282CLD1,TSRYS5850288,D,S,T,2024-08-27,1000000.00,3.732181,102.375
16:38:05,91282CLD1,TSRYS5850288,D,S,T,2024-08-27,1000000.00,3.732181,102.375
16:38:05,91282CLD1,TSRYS5850288,D,S,T,2024-08-27,1000000.00,3.732181,102.375
16:38:05,91282CLD1,TSRYS5850288,D,S,D,2024-08-27,1000000.00,3.732181,102.375
16:38:06,91282CLD1,TSRYS5850288,D,S,C,2024-08-27,1000000.00,3.731863,102.376953125
16:38:08,91282CLD1,TSRYS5850288,D,S,C,2024-08-27,1000000.00,3.732181,102.375
16:38:08,91282CLD1,TSRYS5850288,D,S,C,2024-08-27,1000000.00,3.732181,102.375
16:38:08,91282CLD1,TSRYS5850288,D,S,T,2024-08-27,3000000.00,3.732181,102.375
16:38:09,91282CLD1,TSRYS5850288,D,S,T,2024-08-27,2000000.00,3.732181,102.375
16:38:09,91282CLD1,TSRYS5850288,D,S,C,2024-08-27,1000000.00,3.731226,102.380859375
16:38:09,91282CLD1,TSRYS5850288,D,S,D,2024-08-27,1000000.00,3.731226,102.380859375
16:38:09,91282CLD1,TSRYS5850288,D,S,C,2024-08-27,1000000.00,3.731226,102.380859375
16:38:09,91282CLD1,TSRYS5850288,D,S,C,2024-08-27,1000000.00,3.731226,102.380859375
16:38:09,91282CLD1,TSRYS5850288,D,S,T,2024-08-27,1000000.00,3.732181,102.375
16:38:09,91282CLD1,TSRYS5850288,D,S,C,2024-08-27,1000000.00,3.731226,102.380859375
16:38:09,91282CLD1,TSRYS5850288,D,S,T,2024-08-27,2000000.00,3.732181,102.375
16:38:09,91282CLD1,TSRYS5850288,D,S,T,2024-08-27,2000000.00,3.732181,102.375
16:38:09,91282CLD1,TSRYS5850288,D,S,T,2024-08-27,1000000.00,3.732181,102.375
16:38:09,91282CLD1,TSRYS5850288,D,B,C,2024-08-27,1000000.00,3.731226,102.380859375
16:38:10,91282CLD1,TSRYS5850288,D,B,C,2024-08-27,1000000.00,3.731226,102.380859375
16:38:10,91282CLD1,TSRYS5850288,D,S,T,2024-08-27,1000000.00,3.732181,102.375
16:38:10,91282CLD1,TSRYS5850288,D,S,T,2024-08-27,2000000.00,3.731863,102.376953125
16:38:10,91282CLD1,TSRYS5850288,D,S,T,2024-08-27,2000000.00,3.732181,102.375
16:38:10,91282CLD1,TSRYS5850288,D,S,T,2024-08-27,1000000.00,3.732181,102.375
16:38:10,91282CLD1,TSRYS5850288,D,S,D,2024-08-27,1000000.00,3.731226,102.380859375
16:38:10,91282CLD1,TSRYS5850288,D,S,T,2024-08-27,3000000.00,3.732181,102.375
16:38:10,91282CLD1,TSRYS5850288,D,S,T,2024-08-27,1000000.00,3.732181,102.375
16:38:10,91282CLD1,TSRYS5850288,D,S,D,2024-08-27,1000000.00,3.731226,102.380859375
16:38:10,91282CLD1,TSRYS5850288,D,S,T,2024-08-27,1000000.00,3.732181,102.375
16:38:10,91282CLD1,TSRYS5850288,D,S,T,2024-08-27,1000000.00,3.732181,102.375
16:38:11,91282CLD1,TSRYS5850288,D,S,T,2024-08-27,1000000.00,3.732181,102.375
16:38:11,91282CLD1,TSRYS5850288,D,B,C,2024-08-27,1000000.00,3.731226,102.380859375
16:38:11,91282CLD1,TSRYS5850288,D,S,T,2024-08-27,1000000.00,3.732181,102.375
16:38:11,91282CLD1,TSRYS5850288,D,S,D,2024-08-27,1000000.00,3.731226,102.380859375
16:38:12,91282CLD1,TSRYS5850288,D,S,T,2024-08-27,1000000.00,3.731544,102.37890625
16:38:12,91282CLD1,TSRYS5850288,D,S,C,2024-08-27,1000000.00,3.731544,102.37890625
16:38:18,91282CLD1,TSRYS5850288,D,S,D,2024-08-27,1000000.00,3.732181,102.375
16:38:24,91282CLD1,TSRYS5850288,D,S,D,2024-08-27,1000000.00,3.731863,102.37695312
16:38:24,91282CLD1,TSRYS5850288,D,S,D,2024-08-27,1000000.00,3.731863,102.37695312
16:38:25,91282CLD1,TSRYS5850288,D,S,T,2024-08-27,1000000.00,3.731863,102.37695312
16:38:25,91282CLD1,TSRYS5850288,D,S,T,2024-08-27,1000000.00,3.731863,102.37695312
16:38:26,91282CLD1,TSRYS5850288,D,S,D,2024-08-27,1000000.00,3.731863,102.37695312
16:38:26,91282CLD1,TSRYS5850288,D,S,D,2024-08-27,1000000.00,3.731863,102.37695312
16:38:26,91282CLD1,TSRYS5850288,D,S,D,2024-08-27,1000000.00,3.731863,102.37695312
16:38:26,91282CLD1,TSRYS5850288,D,S,D,2024-08-27,1000000.00,3.731863,102.37695312
16:38:31,91282CLD1,TSRYS5850288,D,S,C,2024-08-27,16650000.00,3.731544,102.37890625
16:38:32,91282CLD1,TSRYS5850288,D,S,D,2024-08-27,16650000.00,3.731544,102.37890625
16:38:38,91282CLD1,TSRYS5850288,D,S,D,2024-08-27,1000000.00,3.732181,102.375
16:38:38,91282CLD1,TSRYS5850288,D,S,D,2024-08-27,1000000.00,3.732181,102.375
16:38:38,91282CLD1,TSRYS5850288,D,S,D,2024-08-27,1000000.00,3.732181,102.375
16:38:38,91282CLD1,TSRYS5850288,D,S,C,2024-08-27,1000000.00,3.732181,102.375
16:38:38,91282CLD1,TSRYS5850288,D,S,C,2024-08-27,1000000.00,3.73214,102.37525
16:38:38,91282CLD1,TSRYS5850288,D,S,C,2024-08-27,1000000.00,3.732181,102.375
16:38:38,91282CLD1,TSRYS5850288,D,S,C,2024-08-27,1000000.00,3.732181,102.375
16:38:38,91282CLD1,TSRYS5850288,D,S,D,2024-08-27,1000000.00,3.732181,102.375
16:38:38,91282CLD1,TSRYS5850288,D,S,C,2024-08-27,1000000.00,3.732181,102.375
16:38:38,91282CLD1,TSRYS5850288,D,S,C,2024-08-27,1000000.00,3.732181,102.375
16:38:38,91282CLD1,TSRYS5850288,D,S,C,2024-08-27,1000000.00,3.73214,102.37525
16:38:39,91282CLD1,TSRYS5850288,D,S,D,2024-08-27,3000000.00,3.732181,102.375
16:38:43,91282CLD1,TSRYS5850288,D,S,D,2024-08-27,1000000.00,3.731544,102.37890625
16:38:43,91282CLD1,TSRYS5850288,D,S,C,2024-08-27,2000000.00,3.731863,102.376953125
16:38:43,91282CLD1,TSRYS5850288,D,S,D,2024-08-27,1000000.00,3.731863,102.376953125
16:38:43,91282CLD1,TSRYS5850288,D,S,C,2024-08-27,1000000.00,3.731863,102.376953125
16:38:44,91282CLD1,TSRYS5850288,D,S,C,2024-08-27,1000000.00,3.732181,102.375
16:38:44,91282CLD1,TSRYS5850288,D,S,C,2024-08-27,2000000.00,3.732181,102.375
16:38:44,91282CLD1,TSRYS5850288,D,S,D,2024-08-27,1000000.00,3.732181,102.375
16:38:44,91282CLD1,TSRYS5850288,D,S,T,2024-08-27,3000000.00,3.732181,102.375
16:38:44,91282CLD1,TSRYS5850288,D,S,C,2024-08-27,3000000.00,3.732181,102.375
16:38:45,91282CLD1,TSRYS5850288,D,S,D,2024-08-27,5000000.00,3.732181,102.375
16:38:45,91282CLD1,TSRYS5850288,D,S,T,2024-08-27,1000000.00,3.732181,102.375
16:38:45,91282CLD1,TSRYS5850288,D,S,T,2024-08-27,1000000.00,3.731544,102.37890625
16:38:45,91282CLD1,TSRYS5850288,D,S,T,2024-08-27,2000000.00,3.732181,102.375
16:38:45,91282CLD1,TSRYS5850288,D,S,T,2024-08-27,2000000.00,3.731863,102.376953125
16:38:45,91282CLD1,TSRYS5850288,D,S,T,2024-08-27,5000000.00,3.732181,102.375
16:38:45,91282CLD1,TSRYS5850288,D,S,T,2024-08-27,2000000.00,3.731863,102.376953125
16:38:45,91282CLD1,TSRYS5850288,D,S,C,2024-08-27,2000000.00,3.731863,102.376953125
16:38:45,91282CLD1,TSRYS5850288,D,S,T,2024-08-27,1000000.00,3.731863,102.376953125
16:38:45,91282CLD1,TSRYS5850288,D,S,T,2024-08-27,1000000.00,3.732181,102.375
16:38:45,91282CLD1,TSRYS5850288,D,S,T,2024-08-27,1000000.00,3.732181,102.375
16:38:46,91282CLD1,TSRYS5850288,D,S,T,2024-08-27,1000000.00,3.732181,102.375
16:38:46,91282CLD1,TSRYS5850288,D,S,T,2024-08-27,1000000.00,3.732181,102.375
16:38:46,91282CLD1,TSRYS5850288,D,S,T,2024-08-27,1000000.00,3.732181,102.375
16:38:46,91282CLD1,TSRYS5850288,D,S,T,2024-08-27,1000000.00,3.732181,102.375
16:38:46,91282CLD1,TSRYS5850288,D,S,T,2024-08-27,1000000.00,3.732181,102.375
16:38:46,91282CLD1,TSRYS5850288,D,S,T,2024-08-27,1000000.00,3.732181,102.375
16:38:46,91282CLD1,TSRYS5850288,D,S,T,2024-08-27,1000000.00,3.732181,102.375
16:38:46,91282CLD1,TSRYS5850288,D,S,T,2024-08-27,1000000.00,3.731863,102.376953125
16:38:50,91282CLD1,TSRYS5850288,D,B,A,2024-08-27,50000.00,3.732181,102.375
16:38:54,91282CLD1,TSRYS5850288,D,S,C,2024-08-27,1000000.00,3.732181,102.375
16:38:54,91282CLD1,TSRYS5850288,D,S,C,2024-08-27,1000000.00,3.732181,102.375
16:38:54,91282CLD1,TSRYS5850288,D,S,C,2024-08-27,1000000.00,3.732181,102.375
16:38:54,91282CLD1,TSRYS5850288,D,S,C,2024-08-27,1000000.00,3.732181,102.375
16:38:54,91282CLD1,TSRYS5850288,D,S,C,2024-08-27,1000000.00,3.732181,102.375
16:38:54,91282CLD1,TSRYS5850288,D,S,D,2024-08-27,1000000.00,3.732181,102.375
16:38:54,91282CLD1,TSRYS5850288,D,S,C,2024-08-27,1000000.00,3.73214,102.37525
16:38:54,91282CLD1,TSRYS5850288,D,S,C,2024-08-27,1000000.00,3.732181,102.375
16:38:54,91282CLD1,TSRYS5850288,D,S,C,2024-08-27,1000000.00,3.73214,102.37525
16:38:54,91282CLD1,TSRYS5850288,D,S,C,2024-08-27,1000000.00,3.732165,102.3751
16:39:01,91282CLD1,TSRYS5850288,D,S,D,2024-08-27,3800000.00,3.731544,102.37890625
16:39:01,91282CLD1,TSRYS5850288,D,S,D,2024-08-27,3800000.00,3.731544,102.37890625
16:39:01,91282CLD1,TSRYS5850288,D,B,C,2024-08-27,8000000.00,3.73161,102.37850625
16:39:01,91282CLD1,TSRYS5850288,D,S,D,2024-08-27,3800000.00,3.731544,102.37890625
16:39:02,91282CLD1,TSRYS5850288,D,S,D,2024-08-27,8000000.00,3.73161,102.37850625
16:39:09,91282CLD1,TSRYS5850288,D,S,C,2024-08-27,1000000.00,3.732165,102.3751
16:39:09,91282CLD1,TSRYS5850288,D,S,C,2024-08-27,50000000.00,3.732181,102.375
16:39:09,91282CLD1,TSRYS5850288,D,S,C,2024-08-27,1000000.00,3.732181,102.375
16:39:09,91282CLD1,TSRYS5850288,D,S,C,2024-08-27,1000000.00,3.732181,102.375
16:39:09,91282CLD1,TSRYS5850288,D,S,D,2024-08-27,1000000.00,3.732181,102.375
16:39:09,91282CLD1,TSRYS5850288,D,S,D,2024-08-27,1000000.00,3.732181,102.375
16:39:09,91282CLD1,TSRYS5850288,D,S,D,2024-08-27,1000000.00,3.732181,102.375
16:39:09,91282CLD1,TSRYS5850288,D,S,D,2024-08-27,1000000.00,3.732181,102.375
16:39:09,91282CLD1,TSRYS5850288,D,S,C,2024-08-27,1000000.00,3.732181,102.375
16:39:09,91282CLD1,TSRYS5850288,D,S,D,2024-08-27,1000000.00,3.732181,102.375
16:39:09,91282CLD1,TSRYS5850288,D,S,C,2024-08-27,1000000.00,3.732181,102.375
16:39:09,91282CLD1,TSRYS5850288,D,S,C,2024-08-27,1000000.00,3.732181,102.375
16:39:09,91282CLD1,TSRYS5850288,D,S,C,2024-08-27,1000000.00,3.732181,102.375
16:39:09,91282CLD1,TSRYS5850288,D,S,D,2024-08-27,1000000.00,3.732181,102.375
16:39:09,91282CLD1,TSRYS5850288,D,S,D,2024-08-27,1000000.00,3.732181,102.375
16:39:22,91282CLD1,TSRYS5850288,D,S,T,2024-08-27,1000000.00,3.732181,102.375
16:39:22,91282CLD1,TSRYS5850288,D,S,T,2024-08-27,1000000.00,3.732181,102.375
16:39:22,91282CLD1,TSRYS5850288,D,S,T,2024-08-27,1000000.00,3.731863,102.376953125
16:39:22,91282CLD1,TSRYS5850288,D,S,T,2024-08-27,1000000.00,3.732181,102.375
16:39:22,91282CLD1,TSRYS5850288,D,S,T,2024-08-27,1000000.00,3.732181,102.375
16:39:22,91282CLD1,TSRYS5850288,D,S,T,2024-08-27,1000000.00,3.732181,102.375
16:39:22,91282CLD1,TSRYS5850288,D,S,C,2024-08-27,1000000.00,3.731863,102.376953125
16:39:22,91282CLD1,TSRYS5850288,D,S,D,2024-08-27,1000000.00,3.732173,102.37505
16:39:23,91282CLD1,TSRYS5850288,D,S,C,2024-08-27,1000000.00,3.732181,102.375
16:39:23,91282CLD1,TSRYS5850288,D,B,C,2024-08-27,1000000.00,3.732181,102.375
16:39:23,91282CLD1,TSRYS5850288,D,S,D,2024-08-27,1000000.00,3.732181,102.375
16:39:24,91282CLD1,TSRYS5850288,D,S,C,2024-08-27,1000000.00,3.732148,102.3752
16:39:24,91282CLD1,TSRYS5850288,D,S,D,2024-08-27,1000000.00,3.732181,102.375
16:39:24,91282CLD1,TSRYS5850288,D,S,C,2024-08-27,1000000.00,3.73214,102.37525
16:39:24,91282CLD1,TSRYS5850288,D,S,T,2024-08-27,1000000.00,3.729953,102.388671875
16:39:24,91282CLD1,TSRYS5850288,D,S,T,2024-08-27,1000000.00,3.730908,102.3828125
16:39:24,91282CLD1,TSRYS5850288,D,S,T,2024-08-27,2000000.00,3.73059,102.384765625
16:39:24,91282CLD1,TSRYS5850288,D,S,C,2024-08-27,1000000.00,3.732181,102.375
16:39:24,91282CLD1,TSRYS5850288,D,S,C,2024-08-27,2000000.00,3.73214,102.37525
16:39:24,91282CLD1,TSRYS5850288,D,S,T,2024-08-27,2000000.00,3.73059,102.384765625
16:39:24,91282CLD1,TSRYS5850288,D,S,T,2024-08-27,1000000.00,3.73059,102.384765625
16:39:24,91282CLD1,TSRYS5850288,D,S,T,2024-08-27,2000000.00,3.730908,102.3828125
16:39:25,91282CLD1,TSRYS5850288,D,S,T,2024-08-27,1000000.00,3.730908,102.3828125
16:39:25,91282CLD1,TSRYS5850288,D,S,T,2024-08-27,1000000.00,3.730908,102.3828125
16:39:25,91282CLD1,TSRYS5850288,D,S,D,2024-08-27,1000000.00,3.73059,102.384765625
16:39:25,91282CLD1,TSRYS5850288,D,B,C,2024-08-27,1000000.00,3.73059,102.384765625
16:39:25,91282CLD1,TSRYS5850288,D,S,T,2024-08-27,1000000.00,3.730908,102.3828125
16:39:27,91282CLD1,TSRYS5850288,D,S,D,2024-08-27,1000000.00,3.732181,102.375
16:39:27,91282CLD1,TSRYS5850288,D,S,T,2024-08-27,1000000.00,3.730908,102.3828125
16:39:28,91282CLD1,TSRYS5850288,D,S,T,2024-08-27,1000000.00,3.730908,102.3828125
16:39:28,91282CLD1,TSRYS5850288,D,B,C,2024-08-27,39000000.00,3.733535,102.36669
16:39:29,91282CLD1,TSRYS5850288,D,S,C,2024-08-27,1000000.00,3.73059,102.384765625
16:39:30,91282CLD1,TSRYS5850288,D,S,T,2024-08-27,1000000.00,3.732181,102.375
16:39:30,91282CLD1,TSRYS5850288,D,S,T,2024-08-27,1000000.00,3.730908,102.3828125
16:39:30,91282CLD1,TSRYS5850288,D,S,T,2024-08-27,2000000.00,3.73059,102.384765625
16:39:30,91282CLD1,TSRYS5850288,D,S,T,2024-08-27,2000000.00,3.730271,102.38671875
16:39:31,91282CLD1,TSRYS5850288,D,S,C,2024-08-27,2000000.00,3.73059,102.384765625
16:39:31,91282CLD1,TSRYS5850288,D,S,C,2024-08-27,1000000.00,3.73059,102.384765625
16:39:31,91282CLD1,TSRYS5850288,D,S,D,2024-08-27,1000000.00,3.730908,102.3828125
16:39:31,91282CLD1,TSRYS5850288,D,S,D,2024-08-27,1000000.00,3.730908,102.3828125
16:39:32,91282CLD1,TSRYS5850288,D,S,T,2024-08-27,1000000.00,3.730908,102.3828125
16:39:34,91282CLD1,TSRYS5850288,D,S,T,2024-08-27,1000000.00,3.730908,102.3828125
16:39:35,91282CLD1,TSRYS5850288,D,S,T,2024-08-27,1000000.00,3.73059,102.384765625
16:39:35,91282CLD1,TSRYS5850288,D,S,T,2024-08-27,1000000.00,3.73059,102.384765625
16:39:36,91282CLD1,TSRYS5850288,D,B,C,2024-08-27,1000000.00,3.73059,102.384765625
16:39:36,91282CLD1,TSRYS5850288,D,S,C,2024-08-27,1000000.00,3.73059,102.384765625
16:39:36,91282CLD1,TSRYS5850288,D,B,C,2024-08-27,1000000.00,3.730908,102.3828125
16:39:36,91282CLD1,TSRYS5850288,D,S,C,2024-08-27,1000000.00,3.730908,102.3828125
16:39:36,91282CLD1,TSRYS5850288,D,S,C,2024-08-27,1000000.00,3.729953,102.388671875
16:39:37,91282CLD1,TSRYS5850288,D,S,D,2024-08-27,2000000.00,3.730908,102.3828125
16:39:37,91282CLD1,TSRYS5850288,D,B,C,2024-08-27,2000000.00,3.730908,102.3828125
16:39:37,91282CLD1,TSRYS5850288,D,S,D,2024-08-27,2000000.00,3.730908,102.3828125
16:39:37,91282CLD1,TSRYS5850288,D,B,C,2024-08-27,2000000.00,3.730908,102.3828125
16:39:37,91282CLD1,TSRYS5850288,D,S,D,2024-08-27,1000000.00,3.731226,102.380859375
16:39:37,91282CLD1,TSRYS5850288,D,B,C,2024-08-27,1000000.00,3.731226,102.380859375
16:39:39,91282CLD1,TSRYS5850288,D,S,T,2024-08-27,1000000.00,3.729635,102.390625
16:39:39,91282CLD1,TSRYS5850288,D,S,C,2024-08-27,1000000.00,3.732181,102.375
16:39:39,91282CLD1,TSRYS5850288,D,S,C,2024-08-27,1000000.00,3.732181,102.375
16:39:39,91282CLD1,TSRYS5850288,D,S,C,2024-08-27,1000000.00,3.732181,102.375
16:39:39,91282CLD1,TSRYS5850288,D,S,C,2024-08-27,1000000.00,3.732165,102.3751
16:39:39,91282CLD1,TSRYS5850288,D,S,C,2024-08-27,1000000.00,3.732181,102.375
16:39:39,91282CLD1,TSRYS5850288,D,S,C,2024-08-27,1000000.00,3.732181,102.375
16:39:39,91282CLD1,TSRYS5850288,D,S,C,2024-08-27,1000000.00,3.732181,102.375
16:39:39,91282CLD1,TSRYS5850288,D,S,C,2024-08-27,1000000.00,3.73214,102.37525
16:39:39,91282CLD1,TSRYS5850288,D,S,C,2024-08-27,1000000.00,3.732181,102.375
16:39:39,91282CLD1,TSRYS5850288,D,S,C,2024-08-27,1000000.00,3.732181,102.375
16:39:39,91282CLD1,TSRYS5850288,D,S,T,2024-08-27,2000000.00,3.730908,102.3828125
16:39:40,91282CLD1,TSRYS5850288,D,S,T,2024-08-27,1000000.00,3.729317,102.392578125
16:39:42,91282CLD1,TSRYS5850288,D,S,D,2024-08-27,1000000.00,3.729953,102.388671875
16:39:45,91282CLD1,TSRYS5850288,D,B,C,2024-08-27,1000000.00,3.729317,102.392578125
16:39:45,91282CLD1,TSRYS5850288,D,S,C,2024-08-27,1000000.00,3.729317,102.392578125
16:39:45,91282CLD1,TSRYS5850288,D,S,C,2024-08-27,1000000.00,3.729317,102.392578125
16:39:46,91282CLD1,TSRYS5850288,D,S,D,2024-08-27,1000000.00,3.729953,102.388671875
16:39:47,91282CLD1,TSRYS5850288,D,S,T,2024-08-27,1000000.00,3.729635,102.390625
16:39:47,91282CLD1,TSRYS5850288,D,S,C,2024-08-27,1000000.00,3.730908,102.3828125
16:39:47,91282CLD1,TSRYS5850288,D,S,T,2024-08-27,2000000.00,3.730271,102.38671875
16:39:47,91282CLD1,TSRYS5850288,D,S,T,2024-08-27,1000000.00,3.730271,102.38671875
16:39:47,91282CLD1,TSRYS5850288,D,S,D,2024-08-27,1000000.00,3.729953,102.388671875
16:39:47,91282CLD1,TSRYS5850288,D,S,C,2024-08-27,1000000.00,3.73059,102.384765625
16:39:48,91282CLD1,TSRYS5850288,D,S,C,2024-08-27,2000000.00,3.73059,102.384765625
16:39:48,91282CLD1,TSRYS5850288,D,S,D,2024-08-27,1000000.00,3.729953,102.388671875
16:39:48,91282CLD1,TSRYS5850288,D,S,C,2024-08-27,1000000.00,3.73059,102.384765625
16:39:49,91282CLD1,TSRYS5850288,D,S,D,2024-08-27,1000000.00,3.730908,102.3828125
16:39:50,91282CLD1,TSRYS5850288,D,S,C,2024-08-27,2000000.00,3.73059,102.384765625
16:39:51,91282CLD1,TSRYS5850288,D,S,C,2024-08-27,2000000.00,3.730271,102.38671875
16:39:54,91282CLD1,TSRYS5850288,D,S,D,2024-08-27,1000000.00,3.730908,102.3828125
16:39:54,91282CLD1,TSRYS5850288,D,S,D,2024-08-27,1000000.00,3.730908,102.3828125
16:39:55,91282CLD1,TSRYS5850288,D,S,D,2024-08-27,1000000.00,3.730908,102.3828125
16:39:55,91282CLD1,TSRYS5850288,D,S,D,2024-08-27,1000000.00,3.730908,102.3828125
16:39:55,91282CLD1,TSRYS5850288,D,S,C,2024-08-27,1000000.00,3.730908,102.3828125
16:39:55,91282CLD1,TSRYS5850288,D,S,C,2024-08-27,1000000.00,3.730908,102.3828125
16:39:56,91282CLD1,TSRYS5850288,D,S,D,2024-08-27,1000000.00,3.731226,102.380859375
16:39:56,91282CLD1,TSRYS5850288,D,B,C,2024-08-27,1000000.00,3.731226,102.380859375
16:39:56,91282CLD1,TSRYS5850288,D,S,C,2024-08-27,1000000.00,3.731226,102.380859375
16:39:56,91282CLD1,TSRYS5850288,D,S,D,2024-08-27,1000000.00,3.731226,102.380859375
16:39:56,91282CLD1,TSRYS5850288,D,S,D,2024-08-27,1000000.00,3.731226,102.380859375
16:39:57,91282CLD1,TSRYS5850288,D,S,C,2024-08-27,2000000.00,3.730271,102.38671875
16:39:57,91282CLD1,TSRYS5850288,D,S,C,2024-08-27,1000000.00,3.730271,102.38671875
16:39:59,91282CLD1,TSRYS5850288,D,S,D,2024-08-27,1000000.00,3.730908,102.3828125
16:40:07,91282CLD1,TSRYS5850288,D,S,C,2024-08-27,1000000.00,3.73059,102.38476562
16:40:08,91282CLD1,TSRYS5850288,D,S,T,2024-08-27,1000000.00,3.730908,102.3828125
16:40:08,91282CLD1,TSRYS5850288,D,S,C,2024-08-27,2000000.00,3.730875,102.3830125
16:40:08,91282CLD1,TSRYS5850288,D,B,C,2024-08-27,1000000.00,3.730908,102.3828125
16:40:08,91282CLD1,TSRYS5850288,D,S,D,2024-08-27,1000000.00,3.730908,102.3828125
16:40:08,91282CLD1,TSRYS5850288,D,S,C,2024-08-27,1000000.00,3.730908,102.3828125
16:40:08,91282CLD1,TSRYS5850288,D,S,D,2024-08-27,1000000.00,3.730908,102.3828125
16:40:08,91282CLD1,TSRYS5850288,D,B,C,2024-08-27,1000000.00,3.730949,102.3825625
16:40:08,91282CLD1,TSRYS5850288,D,S,C,2024-08-27,1000000.00,3.730908,102.3828125
16:40:08,91282CLD1,TSRYS5850288,D,B,C,2024-08-27,1000000.00,3.730908,102.3828125
16:40:08,91282CLD1,TSRYS5850288,D,S,C,2024-08-27,1000000.00,3.730908,102.3828125
16:40:09,91282CLD1,TSRYS5850288,D,S,C,2024-08-27,1000000.00,3.730883,102.3829625
16:40:10,91282CLD1,TSRYS5850288,D,S,D,2024-08-27,1000000.00,3.730908,102.3828125
16:40:24,91282CLD1,TSRYS5850288,D,S,C,2024-08-27,1000000.00,3.730908,102.3828125
16:40:32,91282CLD1,TSRYS5850288,D,S,C,2024-08-27,1000000.00,3.731226,102.38085937
16:40:32,91282CLD1,TSRYS5850288,D,S,D,2024-08-27,1000000.00,3.730908,102.3828125
16:40:32,91282CLD1,TSRYS5850288,D,S,D,2024-08-27,1000000.00,3.730908,102.3828125
16:40:33,91282CLD1,TSRYS5850288,D,S,D,2024-08-27,1000000.00,3.730908,102.3828125
16:40:37,91282CLD1,TSRYS5850288,D,S,C,2024-08-27,1000000.00,3.731226,102.38085937
16:40:38,91282CLD1,TSRYS5850288,D,S,T,2024-08-27,1000000.00,3.730908,102.3828125
16:40:40,91282CLD1,TSRYS5850288,D,S,C,2024-08-27,1000000.00,3.732181,102.375
16:40:40,91282CLD1,TSRYS5850288,D,S,C,2024-08-27,1000000.00,3.73214,102.37525
16:40:40,91282CLD1,TSRYS5850288,D,S,D,2024-08-27,1000000.00,3.732181,102.375
16:40:40,91282CLD1,TSRYS5850288,D,S,C,2024-08-27,1000000.00,3.730908,102.3828125
16:40:40,91282CLD1,TSRYS5850288,D,S,D,2024-08-27,1000000.00,3.73059,102.384765625
16:40:40,91282CLD1,TSRYS5850288,D,S,D,2024-08-27,1000000.00,3.73059,102.384765625
16:40:40,91282CLD1,TSRYS5850288,D,S,D,2024-08-27,1000000.00,3.73059,102.384765625
16:40:41,91282CLD1,TSRYS5850288,D,S,D,2024-08-27,1000000.00,3.729635,102.390625
16:40:41,91282CLD1,TSRYS5850288,D,S,C,2024-08-27,1000000.00,3.730908,102.3828125
16:40:41,91282CLD1,TSRYS5850288,D,S,C,2024-08-27,1000000.00,3.730908,102.3828125
16:40:41,91282CLD1,TSRYS5850288,D,S,C,2024-08-27,1000000.00,3.730908,102.3828125
16:40:43,91282CLD1,TSRYS5850288,D,S,D,2024-08-27,1000000.00,3.730908,102.3828125
16:40:43,91282CLD1,TSRYS5850288,D,S,T,2024-08-27,1000000.00,3.730908,102.3828125
16:40:43,91282CLD1,TSRYS5850288,D,S,T,2024-08-27,2000000.00,3.731226,102.380859375
16:40:43,91282CLD1,TSRYS5850288,D,S,D,2024-08-27,1000000.00,3.730908,102.3828125
16:40:45,91282CLD1,TSRYS5850288,D,S,T,2024-08-27,1000000.00,3.730908,102.3828125
16:40:45,91282CLD1,TSRYS5850288,D,S,T,2024-08-27,1000000.00,3.730908,102.3828125
16:40:46,91282CLD1,TSRYS5850288,D,S,D,2024-08-27,1000000.00,3.730908,102.3828125
16:40:46,91282CLD1,TSRYS5850288,D,S,T,2024-08-27,1000000.00,3.730908,102.3828125
16:40:48,91282CLD1,TSRYS5850288,D,S,T,2024-08-27,1000000.00,3.730908,102.3828125
16:40:49,91282CLD1,TSRYS5850288,D,S,D,2024-08-27,2000000.00,3.731226,102.380859375
16:40:49,91282CLD1,TSRYS5850288,D,S,C,2024-08-27,1000000.00,3.730908,102.3828125
16:40:49,91282CLD1,TSRYS5850288,D,S,D,2024-08-27,2000000.00,3.730908,102.3828125
16:40:52,91282CLD1,TSRYS5850288,D,S,T,2024-08-27,1000000.00,3.730908,102.3828125
16:40:53,91282CLD1,TSRYS5850288,D,S,T,2024-08-27,1000000.00,3.731226,102.38085937
16:40:53,91282CLD1,TSRYS5850288,D,S,T,2024-08-27,1000000.00,3.731226,102.38085937
16:40:53,91282CLD1,TSRYS5850288,D,S,C,2024-08-27,1000000.00,3.730908,102.3828125
16:40:53,91282CLD1,TSRYS5850288,D,S,T,2024-08-27,1000000.00,3.731226,102.38085937
16:40:53,91282CLD1,TSRYS5850288,D,B,C,2024-08-27,1000000.00,3.730949,102.3825625
16:40:53,91282CLD1,TSRYS5850288,D,S,D,2024-08-27,1000000.00,3.732181,102.375
16:40:53,91282CLD1,TSRYS5850288,D,B,C,2024-08-27,1000000.00,3.732222,102.37475
16:40:54,91282CLD1,TSRYS5850288,D,B,C,2024-08-27,1000000.00,3.732222,102.37475
16:40:54,91282CLD1,TSRYS5850288,D,S,D,2024-08-27,1000000.00,3.732181,102.375
16:40:54,91282CLD1,TSRYS5850288,D,S,C,2024-08-27,1000000.00,3.730908,102.3828125
16:40:54,91282CLD1,TSRYS5850288,D,B,C,2024-08-27,1000000.00,3.73094,102.3826125
16:40:54,91282CLD1,TSRYS5850288,D,S,D,2024-08-27,1000000.00,3.732181,102.375
16:40:54,91282CLD1,TSRYS5850288,D,S,C,2024-08-27,1000000.00,3.730908,102.3828125
16:40:54,91282CLD1,TSRYS5850288,D,S,C,2024-08-27,1000000.00,3.730908,102.3828125
16:40:55,91282CLD1,TSRYS5850288,D,S,T,2024-08-27,1000000.00,3.730908,102.3828125
16:40:55,91282CLD1,TSRYS5850288,D,S,D,2024-08-27,1000000.00,3.731226,102.38085937
16:40:56,91282CLD1,TSRYS5850288,D,S,D,2024-08-27,1000000.00,3.731226,102.38085937
16:41:02,91282CLD1,TSRYS5850288,D,S,D,2024-08-27,1000000.00,3.731226,102.38085937
16:41:06,91282CLD1,TSRYS5850288,D,S,T,2024-08-27,1000000.00,3.730908,102.3828125
16:41:10,91282CLD1,TSRYS5850288,D,S,D,2024-08-27,1000000.00,3.730908,102.3828125
16:41:11,91282CLD1,TSRYS5850288,D,S,T,2024-08-27,1000000.00,3.73059,102.384765625
16:41:11,91282CLD1,TSRYS5850288,D,S,T,2024-08-27,1000000.00,3.73059,102.384765625
16:41:11,91282CLD1,TSRYS5850288,D,S,D,2024-08-27,1000000.00,3.73059,102.384765625
16:41:11,91282CLD1,TSRYS5850288,D,S,D,2024-08-27,1000000.00,3.73059,102.384765625
16:41:11,91282CLD1,TSRYS5850288,D,S,D,2024-08-27,1000000.00,3.73059,102.384765625
16:41:12,91282CLD1,TSRYS5850288,D,S,T,2024-08-27,1000000.00,3.73059,102.384765625
16:41:16,91282CLD1,TSRYS5850288,D,S,D,2024-08-27,1000000.00,3.730908,102.3828125
16:41:16,91282CLD1,TSRYS5850288,D,S,D,2024-08-27,900000.00,3.733454,102.3671875
16:41:16,91282CLD1,TSRYS5850288,D,B,C,2024-08-27,900000.00,3.733454,102.3671875
16:41:16,91282CLD1,TSRYS5850288,D,S,T,2024-08-27,1000000.00,3.730908,102.3828125
16:41:16,91282CLD1,TSRYS5850288,D,S,D,2024-08-27,1000000.00,3.73059,102.384765625
16:41:16,91282CLD1,TSRYS5850288,D,S,D,2024-08-27,1000000.00,3.73059,102.384765625
16:41:17,91282CLD1,TSRYS5850288,D,S,D,2024-08-27,1000000.00,3.73059,102.384765625
16:41:17,91282CLD1,TSRYS5850288,D,S,T,2024-08-27,1000000.00,3.730908,102.3828125
16:41:17,91282CLD1,TSRYS5850288,D,S,T,2024-08-27,4000000.00,3.730908,102.3828125
16:41:17,91282CLD1,TSRYS5850288,D,S,T,2024-08-27,1000000.00,3.730908,102.3828125
16:41:18,91282CLD1,TSRYS5850288,D,S,T,2024-08-27,1000000.00,3.730908,102.3828125
16:41:18,91282CLD1,TSRYS5850288,D,S,T,2024-08-27,1000000.00,3.73059,102.384765625
16:41:18,91282CLD1,TSRYS5850288,D,S,C,2024-08-27,1000000.00,3.731544,102.37890625
16:41:19,91282CLD1,TSRYS5850288,D,S,T,2024-08-27,1000000.00,3.730908,102.3828125
16:41:19,91282CLD1,TSRYS5850288,D,S,T,2024-08-27,1000000.00,3.730908,102.3828125
16:41:19,91282CLD1,TSRYS5850288,D,S,T,2024-08-27,8000000.00,3.730908,102.3828125
16:41:19,91282CLD1,TSRYS5850288,D,S,T,2024-08-27,5000000.00,3.730908,102.3828125
16:41:19,91282CLD1,TSRYS5850288,D,S,T,2024-08-27,1000000.00,3.730908,102.3828125
16:41:19,91282CLD1,TSRYS5850288,D,S,T,2024-08-27,1000000.00,3.730908,102.3828125
16:41:20,91282CLD1,TSRYS5850288,D,S,T,2024-08-27,1000000.00,3.730908,102.3828125
16:41:20,91282CLD1,TSRYS5850288,D,S,D,2024-08-27,1000000.00,3.731226,102.38085937
16:41:23,91282CLD1,TSRYS5850288,D,S,C,2024-08-27,1000000.00,3.729953,102.38867187
16:41:23,91282CLD1,TSRYS5850288,D,S,D,2024-08-27,1000000.00,3.730908,102.3828125
16:41:23,91282CLD1,TSRYS5850288,D,S,D,2024-08-27,1000000.00,3.73059,102.384765625
16:41:24,91282CLD1,TSRYS5850288,D,S,T,2024-08-27,1000000.00,3.73094,102.3826125
16:41:25,91282CLD1,TSRYS5850288,D,S,C,2024-08-27,1000000.00,3.730908,102.3828125
16:41:26,91282CLD1,TSRYS5850288,D,S,T,2024-08-27,1000000.00,3.73094,102.3826125
16:41:26,91282CLD1,TSRYS5850288,D,S,T,2024-08-27,1000000.00,3.73094,102.3826125
16:41:32,91282CLD1,TSRYS5850288,D,S,D,2024-08-27,1000000.00,3.730908,102.3828125
16:41:35,91282CLD1,TSRYS5850288,D,S,T,2024-08-27,1000000.00,3.729953,102.38867187
16:41:35,91282CLD1,TSRYS5850288,D,S,C,2024-08-27,1000000.00,3.729953,102.38867187
16:41:39,91282CLD1,TSRYS5850288,D,S,T,2024-08-27,1000000.00,3.730908,102.3828125
16:41:39,91282CLD1,TSRYS5850288,D,S,T,2024-08-27,1000000.00,3.730908,102.3828125
16:41:39,91282CLD1,TSRYS5850288,D,S,T,2024-08-27,1000000.00,3.730908,102.3828125
16:41:41,91282CLD1,TSRYS5850288,D,S,C,2024-08-27,1000000.00,3.730908,102.3828125
16:41:41,91282CLD1,TSRYS5850288,D,S,C,2024-08-27,1000000.00,3.730908,102.3828125
16:41:41,91282CLD1,TSRYS5850288,D,S,C,2024-08-27,5000000.00,3.730867,102.3830625
16:41:41,91282CLD1,TSRYS5850288,D,S,D,2024-08-27,1000000.00,3.730908,102.3828125
16:41:42,91282CLD1,TSRYS5850288,D,S,T,2024-08-27,1000000.00,3.732181,102.375
16:41:44,91282CLD1,TSRYS5850288,D,S,D,2024-08-27,1000000.00,3.730908,102.3828125
16:41:47,91282CLD1,TSRYS5850288,D,S,C,2024-08-27,1000000.00,3.731544,102.37890625
16:41:53,91282CLD1,TSRYS5850288,D,B,C,2024-08-27,3000000.00,3.730932,102.3826625
16:41:53,91282CLD1,TSRYS5850288,D,S,D,2024-08-27,3000000.00,3.730908,102.3828125
16:41:54,91282CLD1,TSRYS5850288,D,S,C,2024-08-27,1000000.00,3.730908,102.3828125
16:41:54,91282CLD1,TSRYS5850288,D,S,C,2024-08-27,4000000.00,3.730867,102.3830625
16:41:54,91282CLD1,TSRYS5850288,D,S,C,2024-08-27,1000000.00,3.730908,102.3828125
16:41:54,91282CLD1,TSRYS5850288,D,S,D,2024-08-27,1000000.00,3.730908,102.3828125
16:41:54,91282CLD1,TSRYS5850288,D,S,C,2024-08-27,1000000.00,3.730908,102.3828125
16:41:54,91282CLD1,TSRYS5850288,D,S,C,2024-08-27,1000000.00,3.730908,102.3828125
16:41:54,91282CLD1,TSRYS5850288,D,S,C,2024-08-27,8000000.00,3.730875,102.3830125
16:41:54,91282CLD1,TSRYS5850288,D,B,C,2024-08-27,1000000.00,3.730908,102.3828125
16:41:54,91282CLD1,TSRYS5850288,D,B,C,2024-08-27,1000000.00,3.730908,102.3828125
16:41:54,91282CLD1,TSRYS5850288,D,S,C,2024-08-27,1000000.00,3.730908,102.3828125
16:41:54,91282CLD1,TSRYS5850288,D,S,D,2024-08-27,1000000.00,3.730908,102.3828125
16:41:54,91282CLD1,TSRYS5850288,D,B,C,2024-08-27,3000000.00,3.730932,102.3826625
16:41:54,91282CLD1,TSRYS5850288,D,S,D,2024-08-27,3000000.00,3.730908,102.3828125
16:42:00,91282CLD1,TSRYS5850288,D,S,C,2024-08-27,1000000.00,3.731544,102.37890625
16:42:05,91282CLD1,TSRYS5850288,D,S,D,2024-08-27,1000000.00,3.729953,102.38867187
16:42:11,91282CLD1,TSRYS5850288,D,S,D,2024-08-27,1000000.00,3.730908,102.3828125
16:42:12,91282CLD1,TSRYS5850288,D,S,C,2024-08-27,1000000.00,3.730908,102.3828125
16:42:12,91282CLD1,TSRYS5850288,D,S,D,2024-08-27,1000000.00,3.730908,102.3828125
16:42:13,91282CLD1,TSRYS5850288,D,S,C,2024-08-27,1000000.00,3.730271,102.38671875
16:42:13,91282CLD1,TSRYS5850288,D,B,C,2024-08-27,1000000.00,3.730271,102.38671875
16:42:13,91282CLD1,TSRYS5850288,D,S,D,2024-08-27,1000000.00,3.730271,102.38671875
16:42:17,91282CLD1,TSRYS5850288,D,S,T,2024-08-27,1000000.00,3.729969,102.388571875
16:42:18,91282CLD1,TSRYS5850288,D,S,C,2024-08-27,1000000.00,3.729953,102.388671875
16:42:18,91282CLD1,TSRYS5850288,D,B,C,2024-08-27,1000000.00,3.730271,102.38671875
16:42:18,91282CLD1,TSRYS5850288,D,S,C,2024-08-27,1000000.00,3.730271,102.38671875
16:42:18,91282CLD1,TSRYS5850288,D,B,C,2024-08-27,1000000.00,3.730271,102.38671875
16:42:18,91282CLD1,TSRYS5850288,D,S,C,2024-08-27,1000000.00,3.730271,102.38671875
16:42:18,91282CLD1,TSRYS5850288,D,B,C,2024-08-27,1000000.00,3.729953,102.388671875
16:42:18,91282CLD1,TSRYS5850288,D,S,T,2024-08-27,2000000.00,3.729635,102.390625
16:42:18,91282CLD1,TSRYS5850288,D,S,C,2024-08-27,1000000.00,3.729953,102.388671875
16:42:18,91282CLD1,TSRYS5850288,D,B,C,2024-08-27,1000000.00,3.729953,102.388671875
16:42:18,91282CLD1,TSRYS5850288,D,S,T,2024-08-27,1000000.00,3.729635,102.390625
16:42:18,91282CLD1,TSRYS5850288,D,S,C,2024-08-27,1000000.00,3.729953,102.388671875
16:42:18,91282CLD1,TSRYS5850288,D,S,T,2024-08-27,1000000.00,3.729635,102.390625
16:42:18,91282CLD1,TSRYS5850288,D,B,C,2024-08-27,1000000.00,3.729953,102.388671875
16:42:19,91282CLD1,TSRYS5850288,D,S,C,2024-08-27,1000000.00,3.731544,102.37890625
16:42:19,91282CLD1,TSRYS5850288,D,S,D,2024-08-27,1000000.00,3.729635,102.390625
16:42:19,91282CLD1,TSRYS5850288,D,S,D,2024-08-27,1000000.00,3.729635,102.390625
16:42:19,91282CLD1,TSRYS5850288,D,S,T,2024-08-27,1000000.00,3.729635,102.390625
16:42:19,91282CLD1,TSRYS5850288,D,S,D,2024-08-27,1000000.00,3.729953,102.388671875
16:42:21,91282CLD1,TSRYS5850288,D,B,C,2024-08-27,1000000.00,3.729953,102.388671875
16:42:21,91282CLD1,TSRYS5850288,D,S,C,2024-08-27,1000000.00,3.729953,102.388671875
16:42:21,91282CLD1,TSRYS5850288,D,B,C,2024-08-27,1000000.00,3.729953,102.388671875
16:42:21,91282CLD1,TSRYS5850288,D,S,C,2024-08-27,1000000.00,3.729953,102.388671875
16:42:21,91282CLD1,TSRYS5850288,D,S,D,2024-08-27,1000000.00,3.729635,102.390625
16:42:22,91282CLD1,TSRYS5850288,D,S,C,2024-08-27,2000000.00,3.729635,102.390625
16:42:22,91282CLD1,TSRYS5850288,D,S,D,2024-08-27,1000000.00,3.729953,102.388671875
16:42:22,91282CLD1,TSRYS5850288,D,S,D,2024-08-27,1000000.00,3.729953,102.388671875
16:42:22,91282CLD1,TSRYS5850288,D,S,D,2024-08-27,1000000.00,3.729953,102.388671875
16:42:23,91282CLD1,TSRYS5850288,D,S,C,2024-08-27,1000000.00,3.729953,102.388671875
16:42:24,91282CLD1,TSRYS5850288,D,S,D,2024-08-27,1000000.00,3.729953,102.38867187
16:42:26,91282CLD1,TSRYS5850288,D,S,D,2024-08-27,1000000.00,3.729953,102.388671875
16:42:26,91282CLD1,TSRYS5850288,D,B,C,2024-08-27,1000000.00,3.729953,102.388671875
16:42:26,91282CLD1,TSRYS5850288,D,S,C,2024-08-27,1000000.00,3.729953,102.388671875
16:42:37,91282CLD1,TSRYS5850288,D,S,T,2024-08-27,1000000.00,3.729953,102.38867187
16:42:40,91282CLD1,TSRYS5850288,D,S,T,2024-08-27,1000000.00,3.730271,102.38671875
16:42:40,91282CLD1,TSRYS5850288,D,S,T,2024-08-27,2000000.00,3.730271,102.38671875
16:42:40,91282CLD1,TSRYS5850288,D,S,T,2024-08-27,1000000.00,3.730271,102.38671875
16:42:40,91282CLD1,TSRYS5850288,D,S,C,2024-08-27,1000000.00,3.730271,102.38671875
16:42:41,91282CLD1,TSRYS5850288,D,B,C,2024-08-27,1000000.00,3.730271,102.38671875
16:42:41,91282CLD1,TSRYS5850288,D,S,C,2024-08-27,1000000.00,3.730271,102.38671875
16:42:41,91282CLD1,TSRYS5850288,D,B,C,2024-08-27,1000000.00,3.730271,102.38671875
16:42:42,91282CLD1,TSRYS5850288,D,S,T,2024-08-27,1000000.00,3.732206,102.374848
16:42:42,91282CLD1,TSRYS5850288,D,S,T,2024-08-27,1000000.00,3.732206,102.374848
16:42:42,91282CLD1,TSRYS5850288,D,S,T,2024-08-27,1000000.00,3.732206,102.374848
16:42:42,91282CLD1,TSRYS5850288,D,S,T,2024-08-27,2000000.00,3.732206,102.374848
16:42:45,91282CLD1,TSRYS5850288,D,S,C,2024-08-27,1000000.00,3.730271,102.38671875
16:42:45,91282CLD1,TSRYS5850288,D,S,C,2024-08-27,2000000.00,3.730271,102.38671875
16:42:45,91282CLD1,TSRYS5850288,D,S,C,2024-08-27,1000000.00,3.730271,102.38671875
16:42:49,91282CLD1,TSRYS5850288,D,S,T,2024-08-27,1000000.00,3.73059,102.384765625
16:42:50,91282CLD1,TSRYS5850288,D,S,C,2024-08-27,1000000.00,3.73059,102.384765625
16:42:57,91282CLD1,TSRYS5850288,D,S,D,2024-08-27,1000000.00,3.729953,102.38867187
16:42:57,91282CLD1,TSRYS5850288,D,S,D,2024-08-27,1000000.00,3.729635,102.390625
16:42:59,91282CLD1,TSRYS5850288,D,S,C,2024-08-27,1000000.00,3.729953,102.38867187
16:43:01,91282CLD1,TSRYS5850288,D,S,D,2024-08-27,1000000.00,3.730271,102.38671875
16:43:03,91282CLD1,TSRYS5850288,D,S,D,2024-08-27,1000000.00,3.729953,102.38867187
16:43:04,91282CLD1,TSRYS5850288,D,S,C,2024-08-27,1000000.00,3.73059,102.384765625
16:43:04,91282CLD1,TSRYS5850288,D,S,T,2024-08-27,1000000.00,3.73059,102.384765625
16:43:04,91282CLD1,TSRYS5850288,D,S,D,2024-08-27,1000000.00,3.729953,102.38867187
16:43:07,91282CLD1,TSRYS5850288,D,S,T,2024-08-27,1000000.00,3.729953,102.38867187
16:43:07,91282CLD1,TSRYS5850288,D,S,C,2024-08-27,1000000.00,3.729953,102.38867187
16:43:07,91282CLD1,TSRYS5850288,D,S,D,2024-08-27,1000000.00,3.729953,102.38867187
16:43:07,91282CLD1,TSRYS5850288,D,S,C,2024-08-27,1000000.00,3.729953,102.38867187
16:43:10,91282CLD1,TSRYS5850288,D,S,T,2024-08-27,1000000.00,3.729953,102.38867187
16:43:12,91282CLD1,TSRYS5850288,D,S,T,2024-08-27,1000000.00,3.730908,102.3828125
16:43:14,91282CLD1,TSRYS5850288,D,S,T,2024-08-27,1000000.00,3.729953,102.38867187
16:43:19,91282CLD1,TSRYS5850288,D,S,T,2024-08-27,1000000.00,3.729953,102.38867187
16:43:19,91282CLD1,TSRYS5850288,D,S,T,2024-08-27,1000000.00,3.729953,102.388671875
16:43:20,91282CLD1,TSRYS5850288,D,B,C,2024-08-27,1000000.00,3.729635,102.390625
16:43:20,91282CLD1,TSRYS5850288,D,S,C,2024-08-27,1000000.00,3.729635,102.390625
16:43:22,91282CLD1,TSRYS5850288,D,S,D,2024-08-27,1000000.00,3.729635,102.390625
16:43:22,91282CLD1,TSRYS5850288,D,S,T,2024-08-27,1000000.00,3.729635,102.390625
16:43:22,91282CLD1,TSRYS5850288,D,S,T,2024-08-27,1000000.00,3.729635,102.390625
16:43:23,91282CLD1,TSRYS5850288,D,B,C,2024-08-27,1000000.00,3.730271,102.38671875
16:43:23,91282CLD1,TSRYS5850288,D,S,C,2024-08-27,1000000.00,3.730271,102.38671875
16:43:23,91282CLD1,TSRYS5850288,D,B,C,2024-08-27,1000000.00,3.730271,102.38671875
16:43:23,91282CLD1,TSRYS5850288,D,S,C,2024-08-27,1000000.00,3.730271,102.38671875
16:43:23,91282CLD1,TSRYS5850288,D,S,T,2024-08-27,1000000.00,3.729635,102.390625
16:43:23,91282CLD1,TSRYS5850288,D,S,T,2024-08-27,1000000.00,3.729953,102.388671875
16:43:24,91282CLD1,TSRYS5850288,D,S,T,2024-08-27,3000000.00,3.730271,102.38671875
16:43:24,91282CLD1,TSRYS5850288,D,S,T,2024-08-27,1000000.00,3.730271,102.38671875
16:43:24,91282CLD1,TSRYS5850288,D,S,T,2024-08-27,2000000.00,3.730271,102.38671875
16:43:24,91282CLD1,TSRYS5850288,D,S,T,2024-08-27,1000000.00,3.729635,102.390625
16:43:24,91282CLD1,TSRYS5850288,D,S,C,2024-08-27,1000000.00,3.729953,102.388671875
16:43:24,91282CLD1,TSRYS5850288,D,S,T,2024-08-27,1000000.00,3.729635,102.390625
16:43:24,91282CLD1,TSRYS5850288,D,S,T,2024-08-27,1000000.00,3.729635,102.390625
16:43:24,91282CLD1,TSRYS5850288,D,S,T,2024-08-27,1000000.00,3.729635,102.390625
16:43:24,91282CLD1,TSRYS5850288,D,S,D,2024-08-27,1000000.00,3.729635,102.390625
16:43:25,91282CLD1,TSRYS5850288,D,S,T,2024-08-27,1000000.00,3.729635,102.390625
16:43:25,91282CLD1,TSRYS5850288,D,S,D,2024-08-27,2000000.00,3.729635,102.390625
16:43:25,91282CLD1,TSRYS5850288,D,S,T,2024-08-27,1000000.00,3.729635,102.390625
16:43:25,91282CLD1,TSRYS5850288,D,S,T,2024-08-27,1000000.00,3.729635,102.390625
16:43:25,91282CLD1,TSRYS5850288,D,S,T,2024-08-27,1000000.00,3.729635,102.390625
16:43:25,91282CLD1,TSRYS5850288,D,S,T,2024-08-27,1000000.00,3.729635,102.390625
16:43:25,91282CLD1,TSRYS5850288,D,S,T,2024-08-27,1000000.00,3.729635,102.390625
16:43:26,91282CLD1,TSRYS5850288,D,S,D,2024-08-27,1000000.00,3.729953,102.388671875
16:43:26,91282CLD1,TSRYS5850288,D,S,D,2024-08-27,1000000.00,3.729953,102.388671875
16:43:26,91282CLD1,TSRYS5850288,D,S,C,2024-08-27,2000000.00,3.730271,102.38671875
16:43:26,91282CLD1,TSRYS5850288,D,S,C,2024-08-27,1000000.00,3.730271,102.38671875
16:43:26,91282CLD1,TSRYS5850288,D,S,C,2024-08-27,1000000.00,3.730271,102.38671875
16:43:27,91282CLD1,TSRYS5850288,D,S,C,2024-08-27,2000000.00,3.730271,102.38671875
16:43:27,91282CLD1,TSRYS5850288,D,S,C,2024-08-27,1000000.00,3.729635,102.390625
16:43:27,91282CLD1,TSRYS5850288,D,B,C,2024-08-27,1000000.00,3.729635,102.390625
16:43:27,91282CLD1,TSRYS5850288,D,S,C,2024-08-27,1000000.00,3.729635,102.390625
16:43:28,91282CLD1,TSRYS5850288,D,S,D,2024-08-27,1000000.00,3.729953,102.388671875
16:43:29,91282CLD1,TSRYS5850288,D,S,T,2024-08-27,1000000.00,3.729953,102.38867187
16:43:29,91282CLD1,TSRYS5850288,D,B,C,2024-08-27,1000000.00,3.730271,102.38671875
16:43:29,91282CLD1,TSRYS5850288,D,B,C,2024-08-27,1000000.00,3.730271,102.38671875
16:43:31,91282CLD1,TSRYS5850288,D,S,T,2024-08-27,1000000.00,3.729953,102.38867187
16:43:34,91282CLD1,TSRYS5850288,D,S,D,2024-08-27,1000000.00,3.729635,102.390625
16:43:36,91282CLD1,TSRYS5850288,D,S,T,2024-08-27,1000000.00,3.729635,102.390625
16:43:37,91282CLD1,TSRYS5850288,D,S,T,2024-08-27,1000000.00,3.729635,102.390625
16:43:40,91282CLD1,TSRYS5850288,D,S,D,2024-08-27,1000000.00,3.729635,102.390625
16:43:43,91282CLD1,TSRYS5850288,D,S,T,2024-08-27,1000000.00,3.729953,102.38867187
16:43:45,91282CLD1,TSRYS5850288,D,S,D,2024-08-27,1000000.00,3.729635,102.390625
16:43:45,91282CLD1,TSRYS5850288,D,S,D,2024-08-27,1000000.00,3.729635,102.390625
16:43:54,91282CLD1,TSRYS5850288,D,S,D,2024-08-27,1000000.00,3.729953,102.38867187
16:43:54,91282CLD1,TSRYS5850288,D,S,D,2024-08-27,1000000.00,3.729953,102.38867187
16:43:55,91282CLD1,TSRYS5850288,D,S,T,2024-08-27,1000000.00,3.729635,102.390625
16:43:55,91282CLD1,TSRYS5850288,D,S,D,2024-08-27,1000000.00,3.729618,102.390725
16:43:55,91282CLD1,TSRYS5850288,D,S,D,2024-08-27,1000000.00,3.730908,102.3828125
16:43:55,91282CLD1,TSRYS5850288,D,S,D,2024-08-27,1000000.00,3.729635,102.390625
16:43:55,91282CLD1,TSRYS5850288,D,S,C,2024-08-27,1000000.00,3.729635,102.390625
16:43:55,91282CLD1,TSRYS5850288,D,S,D,2024-08-27,1000000.00,3.729635,102.390625
16:43:55,91282CLD1,TSRYS5850288,D,S,C,2024-08-27,1000000.00,3.729635,102.390625
16:43:55,91282CLD1,TSRYS5850288,D,S,C,2024-08-27,1000000.00,3.729635,102.390625
16:43:56,91282CLD1,TSRYS5850288,D,S,D,2024-08-27,1000000.00,3.729635,102.390625
16:43:58,91282CLD1,TSRYS5850288,D,S,T,2024-08-27,1000000.00,3.729635,102.390625
16:43:59,91282CLD1,TSRYS5850288,D,S,D,2024-08-27,1000000.00,3.729953,102.38867187
16:44:06,91282CLD1,TSRYS5850288,D,S,T,2024-08-27,1000000.00,3.729953,102.388671875
16:44:07,91282CLD1,TSRYS5850288,D,S,D,2024-08-27,1000000.00,3.729953,102.388671875
16:44:13,91282CLD1,TSRYS5850288,D,S,D,2024-08-27,1000000.00,3.729635,102.390625
16:44:13,91282CLD1,TSRYS5850288,D,S,C,2024-08-27,1000000.00,3.729635,102.390625
16:44:13,91282CLD1,TSRYS5850288,D,B,C,2024-08-27,93400000.00,3.730271,102.38671875
16:44:14,91282CLD1,TSRYS5850288,D,S,T,2024-08-27,1000000.00,3.73059,102.384765625
16:44:14,91282CLD1,TSRYS5850288,D,S,T,2024-08-27,1000000.00,3.73059,102.384765625
16:44:15,91282CLD1,TSRYS5850288,D,S,C,2024-08-27,1000000.00,3.73059,102.384765625
16:44:15,91282CLD1,TSRYS5850288,D,S,C,2024-08-27,1000000.00,3.730271,102.38671875
16:44:15,91282CLD1,TSRYS5850288,D,S,D,2024-08-27,1000000.00,3.730271,102.38671875
16:44:15,91282CLD1,TSRYS5850288,D,B,C,2024-08-27,1000000.00,3.730271,102.38671875
16:44:15,91282CLD1,TSRYS5850288,D,S,T,2024-08-27,1000000.00,3.73059,102.384765625
16:44:16,91282CLD1,TSRYS5850288,D,S,T,2024-08-27,1000000.00,3.73059,102.384765625
16:44:16,91282CLD1,TSRYS5850288,D,S,T,2024-08-27,1000000.00,3.73059,102.384765625
16:44:17,91282CLD1,TSRYS5850288,D,S,C,2024-08-27,1000000.00,3.73059,102.384765625
16:44:17,91282CLD1,TSRYS5850288,D,S,D,2024-08-27,1000000.00,3.730271,102.38671875
16:44:17,91282CLD1,TSRYS5850288,D,B,C,2024-08-27,1000000.00,3.730271,102.38671875
16:44:17,91282CLD1,TSRYS5850288,D,S,C,2024-08-27,1000000.00,3.73059,102.384765625
16:44:20,91282CLD1,TSRYS5850288,D,S,C,2024-08-27,1000000.00,3.73059,102.384765625
16:44:21,91282CLD1,TSRYS5850288,D,S,C,2024-08-27,1000000.00,3.73059,102.384765625
16:44:23,91282CLD1,TSRYS5850288,D,S,D,2024-08-27,1000000.00,3.730271,102.38671875
16:44:23,91282CLD1,TSRYS5850288,D,S,C,2024-08-27,1000000.00,3.730271,102.38671875
16:44:25,91282CLD1,TSRYS5850288,D,S,D,2024-08-27,20000000.00,3.731206,102.38098
16:44:26,91282CLD1,TSRYS5850288,D,S,D,2024-08-27,1000000.00,3.729635,102.390625
16:44:28,91282CLD1,TSRYS5850288,D,S,D,2024-08-27,1000000.00,3.730271,102.38671875
16:44:34,91282CLD1,TSRYS5850288,D,S,D,2024-08-27,1000000.00,3.729953,102.38867187
16:44:39,91282CLD1,TSRYS5850288,D,S,C,2024-08-27,50000000.00,3.729635,102.390625
16:44:39,91282CLD1,TSRYS5850288,D,S,D,2024-08-27,1000000.00,3.730271,102.38671875
16:44:48,91282CLD1,TSRYS5850288,D,S,D,2024-08-27,1000000.00,3.730271,102.38671875
16:44:52,91282CLD1,TSRYS5850288,D,S,D,2024-08-27,1000000.00,3.730271,102.38671875
16:44:52,91282CLD1,TSRYS5850288,D,S,T,2024-08-27,1000000.00,3.729635,102.390625
16:44:54,91282CLD1,TSRYS5850288,D,S,T,2024-08-27,1000000.00,3.729953,102.38867187
16:44:56,91282CLD1,TSRYS5850288,D,S,D,2024-08-27,1000000.00,3.730271,102.38671875
16:44:57,91282CLD1,TSRYS5850288,D,S,T,2024-08-27,1000000.00,3.730908,102.3828125
16:45:00,91282CLD1,TSRYS5850288,D,S,D,2024-08-27,1000000.00,3.729635,102.390625
16:45:01,91282CLD1,TSRYS5850288,D,S,D,2024-08-27,1000000.00,3.729635,102.390625
16:45:01,91282CLD1,TSRYS5850288,D,S,T,2024-08-27,1000000.00,3.729635,102.390625
16:45:01,91282CLD1,TSRYS5850288,D,S,D,2024-08-27,1000000.00,3.729635,102.390625
16:45:01,91282CLD1,TSRYS5850288,D,S,T,2024-08-27,1000000.00,3.729635,102.390625
16:45:01,91282CLD1,TSRYS5850288,D,S,T,2024-08-27,1000000.00,3.729635,102.390625
16:45:01,91282CLD1,TSRYS5850288,D,S,D,2024-08-27,1000000.00,3.729635,102.390625
16:45:01,91282CLD1,TSRYS5850288,D,S,T,2024-08-27,1000000.00,3.729635,102.390625
16:45:03,91282CLD1,TSRYS5850288,D,S,T,2024-08-27,1000000.00,3.729953,102.388671875
16:45:03,91282CLD1,TSRYS5850288,D,S,T,2024-08-27,1000000.00,3.729953,102.388671875
16:45:04,91282CLD1,TSRYS5850288,D,S,T,2024-08-27,1000000.00,3.729635,102.390625
16:45:04,91282CLD1,TSRYS5850288,D,S,T,2024-08-27,3000000.00,3.729635,102.390625
16:45:04,91282CLD1,TSRYS5850288,D,S,T,2024-08-27,1000000.00,3.729635,102.390625
16:45:05,91282CLD1,TSRYS5850288,D,S,T,2024-08-27,1000000.00,3.729635,102.390625
16:45:05,91282CLD1,TSRYS5850288,D,S,T,2024-08-27,1000000.00,3.729635,102.390625
16:45:05,91282CLD1,TSRYS5850288,D,S,D,2024-08-27,1000000.00,3.729635,102.390625
16:45:05,91282CLD1,TSRYS5850288,D,S,T,2024-08-27,1000000.00,3.729635,102.390625
16:45:06,91282CLD1,TSRYS5850288,D,B,C,2024-08-27,5000.00,3.729953,102.388671875
16:45:08,91282CLD1,TSRYS5850288,D,S,D,2024-08-27,1000000.00,3.729953,102.388671875
16:45:08,91282CLD1,TSRYS5850288,D,S,D,2024-08-27,1000000.00,3.729953,102.388671875
16:45:11,91282CLD1,TSRYS5850288,D,S,D,2024-08-27,1000000.00,3.730271,102.38671875
16:45:16,91282CLD1,TSRYS5850288,D,S,D,2024-08-27,1000000.00,3.730271,102.38671875
16:45:19,91282CLD1,TSRYS5850288,D,S,D,2024-08-27,1000000.00,3.730271,102.38671875
16:45:20,91282CLD1,TSRYS5850288,D,S,D,2024-08-27,1000000.00,3.729635,102.390625
16:45:21,91282CLD1,TSRYS5850288,D,S,T,2024-08-27,1000000.00,3.729635,102.390625
16:45:21,91282CLD1,TSRYS5850288,D,S,D,2024-08-27,1000000.00,3.729635,102.390625
16:45:23,91282CLD1,TSRYS5850288,D,S,C,2024-08-27,1000000.00,3.729635,102.390625
16:45:23,91282CLD1,TSRYS5850288,D,S,C,2024-08-27,1000000.00,3.729635,102.390625
16:45:23,91282CLD1,TSRYS5850288,D,S,T,2024-08-27,1000000.00,3.729635,102.390625
16:45:23,91282CLD1,TSRYS5850288,D,S,T,2024-08-27,1000000.00,3.729635,102.390625
16:45:23,91282CLD1,TSRYS5850288,D,S,C,2024-08-27,1000000.00,3.729635,102.390625
16:45:23,91282CLD1,TSRYS5850288,D,S,T,2024-08-27,1000000.00,3.729635,102.390625
16:45:23,91282CLD1,TSRYS5850288,D,S,T,2024-08-27,1000000.00,3.729635,102.390625
16:45:23,91282CLD1,TSRYS5850288,D,S,C,2024-08-27,1000000.00,3.729635,102.390625
16:45:23,91282CLD1,TSRYS5850288,D,S,T,2024-08-27,1000000.00,3.729635,102.390625
16:45:23,91282CLD1,TSRYS5850288,D,S,T,2024-08-27,1000000.00,3.729635,102.390625
16:45:24,91282CLD1,TSRYS5850288,D,S,T,2024-08-27,1000000.00,3.729635,102.390625
16:45:24,91282CLD1,TSRYS5850288,D,S,T,2024-08-27,1000000.00,3.729635,102.390625
16:45:24,91282CLD1,TSRYS5850288,D,S,T,2024-08-27,1000000.00,3.729635,102.390625
16:45:24,91282CLD1,TSRYS5850288,D,S,T,2024-08-27,1000000.00,3.729635,102.390625
16:45:24,91282CLD1,TSRYS5850288,D,S,T,2024-08-27,2000000.00,3.729635,102.390625
16:45:24,91282CLD1,TSRYS5850288,D,S,T,2024-08-27,1000000.00,3.729635,102.390625
16:45:26,91282CLD1,TSRYS5850288,D,S,D,2024-08-27,1000000.00,3.729635,102.390625
16:45:30,91282CLD1,TSRYS5850288,D,B,C,2024-08-27,1000000.00,3.73094,102.3826125
16:45:30,91282CLD1,TSRYS5850288,D,S,C,2024-08-27,1000000.00,3.730908,102.3828125
16:45:30,91282CLD1,TSRYS5850288,D,S,C,2024-08-27,1000000.00,3.730867,102.3830625
16:45:31,91282CLD1,TSRYS5850288,D,S,T,2024-08-27,3000000.00,3.729635,102.390625
16:45:31,91282CLD1,TSRYS5850288,D,S,T,2024-08-27,1000000.00,3.729635,102.390625
16:45:31,91282CLD1,TSRYS5850288,D,S,T,2024-08-27,1000000.00,3.729635,102.390625
16:45:32,91282CLD1,TSRYS5850288,D,S,D,2024-08-27,3000000.00,3.729635,102.390625
16:45:33,91282CLD1,TSRYS5850288,D,S,T,2024-08-27,1000000.00,3.729635,102.390625
16:45:33,91282CLD1,TSRYS5850288,D,S,T,2024-08-27,2000000.00,3.729635,102.390625
16:45:33,91282CLD1,TSRYS5850288,D,S,D,2024-08-27,1000000.00,3.730271,102.38671875
16:45:33,91282CLD1,TSRYS5850288,D,S,D,2024-08-27,1000000.00,3.729953,102.38867187
16:45:33,91282CLD1,TSRYS5850288,D,S,T,2024-08-27,1000000.00,3.729635,102.390625
16:45:33,91282CLD1,TSRYS5850288,D,S,T,2024-08-27,8000000.00,3.729635,102.390625
16:45:35,91282CLD1,TSRYS5850288,D,S,C,2024-08-27,1000000.00,3.730271,102.38671875
16:45:36,91282CLD1,TSRYS5850288,D,S,D,2024-08-27,1000000.00,3.729635,102.390625
16:45:36,91282CLD1,TSRYS5850288,D,B,C,2024-08-27,1000000.00,3.729635,102.390625
16:45:36,91282CLD1,TSRYS5850288,D,S,D,2024-08-27,4000000.00,3.729635,102.390625
16:45:36,91282CLD1,TSRYS5850288,D,B,C,2024-08-27,1000000.00,3.729635,102.390625
16:45:36,91282CLD1,TSRYS5850288,D,B,C,2024-08-27,2000000.00,3.729635,102.390625
16:45:36,91282CLD1,TSRYS5850288,D,S,D,2024-08-27,1000000.00,3.729635,102.390625
16:45:36,91282CLD1,TSRYS5850288,D,B,C,2024-08-27,1000000.00,3.729635,102.390625
16:45:36,91282CLD1,TSRYS5850288,D,S,D,2024-08-27,3000000.00,3.729635,102.390625
16:45:36,91282CLD1,TSRYS5850288,D,B,C,2024-08-27,2000000.00,3.729635,102.390625
16:45:36,91282CLD1,TSRYS5850288,D,S,D,2024-08-27,1000000.00,3.729635,102.390625
16:45:36,91282CLD1,TSRYS5850288,D,B,C,2024-08-27,1000000.00,3.729635,102.390625
16:45:36,91282CLD1,TSRYS5850288,D,S,D,2024-08-27,1000000.00,3.729635,102.390625
16:45:36,91282CLD1,TSRYS5850288,D,S,D,2024-08-27,3000000.00,3.729635,102.390625
16:45:36,91282CLD1,TSRYS5850288,D,S,D,2024-08-27,1000000.00,3.729635,102.390625
16:45:40,91282CLD1,TSRYS5850288,D,S,D,2024-08-27,1000000.00,3.729635,102.390625
16:45:40,91282CLD1,TSRYS5850288,D,S,D,2024-08-27,3000000.00,3.729635,102.390625
16:45:40,91282CLD1,TSRYS5850288,D,S,C,2024-08-27,1000000.00,3.729635,102.390625
16:45:40,91282CLD1,TSRYS5850288,D,S,D,2024-08-27,1000000.00,3.729635,102.390625
16:45:41,91282CLD1,TSRYS5850288,D,B,C,2024-08-27,1000000.00,3.73094,102.3826125
16:45:41,91282CLD1,TSRYS5850288,D,B,C,2024-08-27,1000000.00,3.73094,102.3826125
16:45:41,91282CLD1,TSRYS5850288,D,S,C,2024-08-27,1000000.00,3.730867,102.3830625
16:45:41,91282CLD1,TSRYS5850288,D,B,C,2024-08-27,1000000.00,3.73094,102.3826125
16:45:41,91282CLD1,TSRYS5850288,D,S,C,2024-08-27,1000000.00,3.730871,102.3830375
16:45:41,91282CLD1,TSRYS5850288,D,B,C,2024-08-27,1000000.00,3.73094,102.3826125
16:45:41,91282CLD1,TSRYS5850288,D,S,C,2024-08-27,1000000.00,3.730867,102.3830625
16:45:41,91282CLD1,TSRYS5850288,D,S,C,2024-08-27,1000000.00,3.730871,102.3830375
16:45:41,91282CLD1,TSRYS5850288,D,S,T,2024-08-27,3000000.00,3.729635,102.390625
16:45:41,91282CLD1,TSRYS5850288,D,S,D,2024-08-27,2000000.00,3.729635,102.390625
16:45:41,91282CLD1,TSRYS5850288,D,B,C,2024-08-27,2000000.00,3.729635,102.390625
16:45:41,91282CLD1,TSRYS5850288,D,S,C,2024-08-27,1000000.00,3.729635,102.390625
16:45:41,91282CLD1,TSRYS5850288,D,S,C,2024-08-27,1000000.00,3.729635,102.390625
16:45:41,91282CLD1,TSRYS5850288,D,S,C,2024-08-27,1000000.00,3.729602,102.390825
16:45:41,91282CLD1,TSRYS5850288,D,S,C,2024-08-27,3000000.00,3.72961,102.390775
16:45:41,91282CLD1,TSRYS5850288,D,S,C,2024-08-27,1000000.00,3.729602,102.390825
16:45:41,91282CLD1,TSRYS5850288,D,S,D,2024-08-27,1000000.00,3.729635,102.390625
16:45:41,91282CLD1,TSRYS5850288,D,B,C,2024-08-27,1000000.00,3.729635,102.390625
16:45:41,91282CLD1,TSRYS5850288,D,S,T,2024-08-27,2000000.00,3.729635,102.390625
16:45:41,91282CLD1,TSRYS5850288,D,S,T,2024-08-27,1000000.00,3.729635,102.390625
16:45:41,91282CLD1,TSRYS5850288,D,S,T,2024-08-27,1000000.00,3.729635,102.390625
16:45:42,91282CLD1,TSRYS5850288,D,S,T,2024-08-27,2000000.00,3.729635,102.390625
16:45:42,91282CLD1,TSRYS5850288,D,S,T,2024-08-27,1000000.00,3.729635,102.390625
16:45:43,91282CLD1,TSRYS5850288,D,S,D,2024-08-27,1000000.00,3.729635,102.390625
16:45:44,91282CLD1,TSRYS5850288,D,S,C,2024-08-27,1000000.00,3.729953,102.38867187
16:45:44,91282CLD1,TSRYS5850288,D,S,T,2024-08-27,1000000.00,3.730271,102.38671875
16:45:44,91282CLD1,TSRYS5850288,D,S,T,2024-08-27,1000000.00,3.729635,102.390625
16:45:44,91282CLD1,TSRYS5850288,D,S,T,2024-08-27,1000000.00,3.729635,102.390625
16:45:44,91282CLD1,TSRYS5850288,D,S,T,2024-08-27,1000000.00,3.729635,102.390625
16:45:45,91282CLD1,TSRYS5850288,D,S,D,2024-08-27,2000000.00,3.729635,102.390625
16:45:45,91282CLD1,TSRYS5850288,D,S,T,2024-08-27,1000000.00,3.729635,102.390625
16:45:45,91282CLD1,TSRYS5850288,D,S,T,2024-08-27,1000000.00,3.729635,102.390625
16:45:45,91282CLD1,TSRYS5850288,D,S,T,2024-08-27,1000000.00,3.729635,102.390625
16:45:45,91282CLD1,TSRYS5850288,D,S,T,2024-08-27,2000000.00,3.729635,102.390625
16:45:45,91282CLD1,TSRYS5850288,D,S,T,2024-08-27,1000000.00,3.729635,102.390625
16:45:46,91282CLD1,TSRYS5850288,D,S,T,2024-08-27,1000000.00,3.729635,102.390625
16:45:48,91282CLD1,TSRYS5850288,D,S,C,2024-08-27,1000000.00,3.729635,102.390625
16:45:48,91282CLD1,TSRYS5850288,D,S,D,2024-08-27,2000000.00,3.729635,102.390625
16:45:48,91282CLD1,TSRYS5850288,D,S,D,2024-08-27,1000000.00,3.729635,102.390625
16:45:48,91282CLD1,TSRYS5850288,D,S,D,2024-08-27,1000000.00,3.729635,102.390625
16:45:50,91282CLD1,TSRYS5850288,D,S,T,2024-08-27,1000000.00,3.729953,102.38867187
16:45:54,91282CLD1,TSRYS5850288,D,S,D,2024-08-27,1000000.00,3.729635,102.390625
16:45:56,91282CLD1,TSRYS5850288,D,S,C,2024-08-27,1000000.00,3.729953,102.38867187
16:45:56,91282CLD1,TSRYS5850288,D,S,C,2024-08-27,1000000.00,3.729635,102.390625
16:45:56,91282CLD1,TSRYS5850288,D,S,C,2024-08-27,1000000.00,3.729635,102.390625
16:45:56,91282CLD1,TSRYS5850288,D,S,D,2024-08-27,8000000.00,3.729635,102.390625
16:46:06,91282CLD1,TSRYS5850288,D,S,T,2024-08-27,1000000.00,3.730271,102.38671875
16:46:08,91282CLD1,TSRYS5850288,D,B,C,2024-08-27,3000000.00,3.752805,102.24854
16:46:09,91282CLD1,TSRYS5850288,D,S,T,2024-08-27,1000000.00,3.729635,102.390625
16:46:10,91282CLD1,TSRYS5850288,D,S,C,2024-08-27,1000000.00,3.730271,102.38671875
16:46:11,91282CLD1,TSRYS5850288,D,S,T,2024-08-27,2000000.00,3.729635,102.390625
16:46:11,91282CLD1,TSRYS5850288,D,S,T,2024-08-27,1000000.00,3.729635,102.390625
16:46:11,91282CLD1,TSRYS5850288,D,S,T,2024-08-27,1000000.00,3.729635,102.390625
16:46:11,91282CLD1,TSRYS5850288,D,S,T,2024-08-27,1000000.00,3.729635,102.390625
16:46:11,91282CLD1,TSRYS5850288,D,S,D,2024-08-27,5000000.00,3.729635,102.390625
16:46:11,91282CLD1,TSRYS5850288,D,S,T,2024-08-27,1000000.00,3.729635,102.390625
16:46:11,91282CLD1,TSRYS5850288,D,S,T,2024-08-27,1000000.00,3.729635,102.390625
16:46:11,91282CLD1,TSRYS5850288,D,S,C,2024-08-27,1000000.00,3.729635,102.390625
16:46:11,91282CLD1,TSRYS5850288,D,S,C,2024-08-27,1000000.00,3.729635,102.390625
16:46:11,91282CLD1,TSRYS5850288,D,S,D,2024-08-27,2000000.00,3.729635,102.390625
16:46:11,91282CLD1,TSRYS5850288,D,S,C,2024-08-27,1000000.00,3.72961,102.390775
16:46:11,91282CLD1,TSRYS5850288,D,S,C,2024-08-27,1000000.00,3.72961,102.390775
16:46:11,91282CLD1,TSRYS5850288,D,B,C,2024-08-27,1000000.00,3.729635,102.390625
16:46:11,91282CLD1,TSRYS5850288,D,S,C,2024-08-27,1000000.00,3.72961,102.390775
16:46:11,91282CLD1,TSRYS5850288,D,S,D,2024-08-27,1000000.00,3.729635,102.390625
16:46:11,91282CLD1,TSRYS5850288,D,S,D,2024-08-27,4000000.00,3.729635,102.390625
16:46:11,91282CLD1,TSRYS5850288,D,B,C,2024-08-27,4000000.00,3.729635,102.390625
16:46:11,91282CLD1,TSRYS5850288,D,S,D,2024-08-27,1000000.00,3.729635,102.390625
16:46:11,91282CLD1,TSRYS5850288,D,S,D,2024-08-27,2000000.00,3.729635,102.390625
16:46:11,91282CLD1,TSRYS5850288,D,S,D,2024-08-27,1000000.00,3.729635,102.390625
16:46:11,91282CLD1,TSRYS5850288,D,S,D,2024-08-27,5000000.00,3.729635,102.390625
16:46:14,91282CLD1,TSRYS5850288,D,S,C,2024-08-27,1880000.00,3.730908,102.3828125
16:46:16,91282CLD1,TSRYS5850288,D,S,D,2024-08-27,1000000.00,3.729635,102.390625
16:46:16,91282CLD1,TSRYS5850288,D,S,C,2024-08-27,1000000.00,3.729635,102.390625
16:46:17,91282CLD1,TSRYS5850288,D,S,D,2024-08-27,1000000.00,3.730271,102.38671875
16:46:23,91282CLD1,TSRYS5850288,D,S,C,2024-08-27,1000000.00,3.730271,102.38671875
16:46:29,91282CLD1,TSRYS5850288,D,B,C,2024-08-27,1000000.00,3.729635,102.390625
16:46:29,91282CLD1,TSRYS5850288,D,S,D,2024-08-27,1000000.00,3.729635,102.390625
16:46:29,91282CLD1,TSRYS5850288,D,S,D,2024-08-27,1000000.00,3.729635,102.390625
16:46:29,91282CLD1,TSRYS5850288,D,S,D,2024-08-27,1000000.00,3.729635,102.390625
16:46:29,91282CLD1,TSRYS5850288,D,S,D,2024-08-27,1000000.00,3.729635,102.390625
16:46:35,91282CLD1,TSRYS5850288,D,S,D,2024-08-27,1000000.00,3.731648,102.37827
16:46:41,91282CLD1,TSRYS5850288,D,S,D,2024-08-27,1000000.00,3.729635,102.390625
16:46:41,91282CLD1,TSRYS5850288,D,S,D,2024-08-27,1000000.00,3.729635,102.390625
16:46:42,91282CLD1,TSRYS5850288,D,S,D,2024-08-27,1000000.00,3.729635,102.390625
16:46:42,91282CLD1,TSRYS5850288,D,S,D,2024-08-27,1000000.00,3.729635,102.390625
16:46:42,91282CLD1,TSRYS5850288,D,S,D,2024-08-27,1000000.00,3.729635,102.390625
16:46:50,91282CLD1,TSRYS5850288,D,B,C,2024-08-27,15000000.00,3.731861,102.37696
16:46:52,91282CLD1,TSRYS5850288,D,S,C,2024-08-27,1000000.00,3.730271,102.38671875
16:46:57,91282CLD1,TSRYS5850288,D,B,C,2024-08-27,1000000.00,3.729635,102.390625
16:46:57,91282CLD1,TSRYS5850288,D,S,D,2024-08-27,1000000.00,3.729635,102.390625
16:46:57,91282CLD1,TSRYS5850288,D,B,C,2024-08-27,1000000.00,3.729635,102.390625
16:46:57,91282CLD1,TSRYS5850288,D,S,D,2024-08-27,1000000.00,3.729635,102.390625
16:46:57,91282CLD1,TSRYS5850288,D,S,D,2024-08-27,1000000.00,3.729635,102.390625
16:46:57,91282CLD1,TSRYS5850288,D,S,D,2024-08-27,1000000.00,3.729635,102.390625
16:46:57,91282CLD1,TSRYS5850288,D,S,D,2024-08-27,1000000.00,3.729635,102.390625
16:46:57,91282CLD1,TSRYS5850288,D,S,D,2024-08-27,1000000.00,3.729635,102.390625
16:46:57,91282CLD1,TSRYS5850288,D,S,D,2024-08-27,2000000.00,3.729635,102.390625
16:46:59,91282CLD1,TSRYS5850288,D,S,D,2024-08-27,1000000.00,3.730271,102.38671875
16:46:59,91282CLD1,TSRYS5850288,D,S,C,2024-08-27,1000000.00,3.730271,102.38671875
16:47:00,91282CLD1,TSRYS5850288,D,S,C,2024-08-27,1000000.00,3.730271,102.38671875
16:47:02,91282CLD1,TSRYS5850288,D,S,C,2024-08-27,1000000.00,3.730271,102.38671875
16:47:03,91282CLD1,TSRYS5850288,D,S,C,2024-08-27,1000000.00,3.730271,102.38671875
16:47:03,91282CLD1,TSRYS5850288,D,S,C,2024-08-27,1000000.00,3.730271,102.38671875
16:47:04,91282CLD1,TSRYS5850288,D,S,D,2024-08-27,1000000.00,3.729635,102.390625
16:47:15,91282CLD1,TSRYS5850288,D,B,C,2024-08-27,2000000.00,3.729635,102.390625
16:47:17,91282CLD1,TSRYS5850288,D,S,D,2024-08-27,260000.00,3.72868,102.396484375
16:47:39,91282CLD1,TSRYS5850288,D,B,C,2024-08-27,1000000.00,3.729317,102.39257812
16:47:45,91282CLD1,TSRYS5850288,D,S,D,2024-08-27,260000.00,3.728362,102.3984375
16:47:49,91282CLD1,TSRYS5850288,D,S,D,2024-08-27,1000000.00,3.730271,102.38671875
16:47:50,91282CLD1,TSRYS5850288,D,S,D,2024-08-27,5000000.00,3.730253,102.38683
16:47:57,91282CLD1,TSRYS5850288,D,B,C,2024-08-27,849000.00,3.729953,102.388671875
16:48:05,91282CLD1,TSRYS5850288,D,S,T,2024-08-27,1000000.00,3.730271,102.38671875
16:48:08,91282CLD1,TSRYS5850288,D,B,C,2024-08-27,14000000.00,3.745706,102.29205
16:48:28,91282CLD1,TSRYS5850288,D,S,D,2024-08-27,1000000.00,3.729635,102.390625
16:48:30,91282CLD1,TSRYS5850288,D,B,C,2024-08-27,93400000.00,3.733576,102.36644
16:48:33,91282CLD1,TSRYS5850288,D,S,T,2024-08-27,1000000.00,3.729635,102.390625
16:49:27,91282CLD1,TSRYS5850288,D,S,C,2024-08-27,1000000.00,3.728998,102.39453125
16:49:27,91282CLD1,TSRYS5850288,D,S,C,2024-08-27,1000000.00,3.729618,102.390725
16:49:27,91282CLD1,TSRYS5850288,D,B,C,2024-08-27,1000000.00,3.729635,102.390625
16:49:28,91282CLD1,TSRYS5850288,D,B,C,2024-08-27,1000000.00,3.728998,102.39453125
16:49:28,91282CLD1,TSRYS5850288,D,S,C,2024-08-27,1000000.00,3.728998,102.39453125
16:49:28,91282CLD1,TSRYS5850288,D,S,C,2024-08-27,2000000.00,3.728998,102.39453125
16:49:29,91282CLD1,TSRYS5850288,D,S,C,2024-08-27,1000000.00,3.728998,102.39453125
16:49:34,91282CLD1,TSRYS5850288,D,S,T,2024-08-27,1000000.00,3.727089,102.40625
16:49:37,91282CLD1,TSRYS5850288,D,S,D,2024-08-27,98400000.00,3.8344,101.75
16:49:47,91282CLD1,TSRYS5850288,D,B,C,2024-08-27,1000000.00,3.72868,102.39648437
16:49:47,91282CLD1,TSRYS5850288,D,B,C,2024-08-27,1000000.00,3.72868,102.39648437
16:49:47,91282CLD1,TSRYS5850288,D,B,C,2024-08-27,1000000.00,3.72868,102.39648437
16:49:54,91282CLD1,TSRYS5850288,D,S,C,2024-08-27,500000.00,3.727725,102.40234375
16:49:56,91282CLD1,TSRYS5850288,D,S,D,2024-08-27,1000000.00,3.730271,102.38671875
16:49:58,91282CLD1,TSRYS5850288,D,B,C,2024-08-27,1000000.00,3.728362,102.3984375
16:50:13,91282CLD1,TSRYS5850288,D,S,C,2024-08-27,1000000.00,3.728337,102.3985875
16:50:13,91282CLD1,TSRYS5850288,D,S,D,2024-08-27,1000000.00,3.727089,102.40625
16:50:30,91282CLD1,TSRYS5850288,D,B,C,2024-08-27,2000000.00,3.727407,102.40429687
16:50:33,91282CLD1,TSRYS5850288,D,B,C,2024-08-27,1000000.00,3.727725,102.40234375
16:50:34,91282CLD1,TSRYS5850288,D,B,C,2024-08-27,1000000.00,3.727725,102.40234375
16:51:17,91282CLD1,TSRYS5850288,D,S,T,2024-08-27,1000000.00,3.727089,102.40625
16:51:20,91282CLD1,TSRYS5850288,D,S,D,2024-08-27,1000000.00,3.730271,102.38671875
16:51:25,91282CLD1,TSRYS5850288,D,B,C,2024-08-27,108000000.00,3.732789,102.37127
16:51:35,91282CLD1,TSRYS5850288,D,S,C,2024-08-27,1000000.00,3.727089,102.40625
16:51:45,91282CLD1,TSRYS5850288,D,S,D,2024-08-27,1000000.00,3.727089,102.40625
16:52:01,91282CLD1,TSRYS5850288,D,B,C,2024-08-27,1000000.00,3.726803,102.408003125
16:52:01,91282CLD1,TSRYS5850288,D,S,D,2024-08-27,1000000.00,3.726771,102.408203125
16:52:02,91282CLD1,TSRYS5850288,D,S,T,2024-08-27,1000000.00,3.725816,102.4140625
16:52:02,91282CLD1,TSRYS5850288,D,S,T,2024-08-27,1000000.00,3.725816,102.4140625
16:52:02,91282CLD1,TSRYS5850288,D,S,T,2024-08-27,1000000.00,3.725816,102.4140625
16:52:02,91282CLD1,TSRYS5850288,D,S,D,2024-08-27,1000000.00,3.725816,102.4140625
16:52:03,91282CLD1,TSRYS5850288,D,S,D,2024-08-27,1000000.00,3.725816,102.4140625
16:52:06,91282CLD1,TSRYS5850288,D,S,T,2024-08-27,1000000.00,3.725816,102.4140625
16:52:06,91282CLD1,TSRYS5850288,D,S,T,2024-08-27,1000000.00,3.725816,102.4140625
16:52:07,91282CLD1,TSRYS5850288,D,S,T,2024-08-27,1000000.00,3.725816,102.4140625
16:52:08,91282CLD1,TSRYS5850288,D,S,T,2024-08-27,4000000.00,3.725816,102.4140625
16:52:08,91282CLD1,TSRYS5850288,D,S,T,2024-08-27,1000000.00,3.725816,102.4140625
16:52:08,91282CLD1,TSRYS5850288,D,S,T,2024-08-27,1000000.00,3.725816,102.4140625
16:52:09,91282CLD1,TSRYS5850288,D,S,T,2024-08-27,1000000.00,3.725498,102.416015625
16:52:10,91282CLD1,TSRYS5850288,D,S,C,2024-08-27,1000000.00,3.725498,102.416015625
16:52:10,91282CLD1,TSRYS5850288,D,B,C,2024-08-27,1000000.00,3.725498,102.416015625
16:52:10,91282CLD1,TSRYS5850288,D,S,C,2024-08-27,1000000.00,3.725498,102.416015625
16:52:21,91282CLD1,TSRYS5850288,D,S,C,2024-08-27,1000000.00,3.725816,102.4140625
16:52:27,91282CLD1,TSRYS5850288,D,S,D,2024-08-27,20000.00,3.72518,102.41796875
16:52:43,91282CLD1,TSRYS5850288,D,S,C,2024-08-27,1000000.00,3.72578,102.4142875
16:52:43,91282CLD1,TSRYS5850288,D,S,C,2024-08-27,1000000.00,3.72578,102.4142875
16:52:49,91282CLD1,TSRYS5850288,D,S,D,2024-08-27,1000000.00,3.726135,102.412109375
16:52:50,91282CLD1,TSRYS5850288,D,S,T,2024-08-27,1000000.00,3.726135,102.412109375
16:52:50,91282CLD1,TSRYS5850288,D,S,T,2024-08-27,1000000.00,3.726135,102.412109375
16:52:52,91282CLD1,TSRYS5850288,D,S,D,2024-08-27,2000000.00,3.725816,102.4140625
16:52:52,91282CLD1,TSRYS5850288,D,S,D,2024-08-27,2000000.00,3.725816,102.4140625
16:52:52,91282CLD1,TSRYS5850288,D,S,D,2024-08-27,6000000.00,3.725816,102.4140625
16:52:53,91282CLD1,TSRYS5850288,D,S,D,2024-08-27,6000000.00,3.725816,102.4140625
16:52:53,91282CLD1,TSRYS5850288,D,S,T,2024-08-27,4000000.00,3.725816,102.4140625
16:52:53,91282CLD1,TSRYS5850288,D,S,T,2024-08-27,6000000.00,3.725816,102.4140625
16:52:53,91282CLD1,TSRYS5850288,D,S,D,2024-08-27,2000000.00,3.725816,102.4140625
16:52:54,91282CLD1,TSRYS5850288,D,S,D,2024-08-27,6000000.00,3.725816,102.4140625
16:52:54,91282CLD1,TSRYS5850288,D,S,D,2024-08-27,1000000.00,3.726135,102.412109375
16:52:54,91282CLD1,TSRYS5850288,D,S,D,2024-08-27,1000000.00,3.726135,102.412109375
16:52:55,91282CLD1,TSRYS5850288,D,B,C,2024-08-27,1000000.00,3.72518,102.41796875
16:52:56,91282CLD1,TSRYS5850288,D,S,C,2024-08-27,1000000.00,3.72518,102.41796875
16:52:57,91282CLD1,TSRYS5850288,D,S,D,2024-08-27,4000000.00,3.725816,102.4140625
16:52:57,91282CLD1,TSRYS5850288,D,S,D,2024-08-27,6000000.00,3.725816,102.4140625
16:52:59,91282CLD1,TSRYS5850288,D,S,T,2024-08-27,7900000.00,3.8344,101.75
16:53:01,91282CLD1,TSRYS5850288,D,S,C,2024-08-27,1000000.00,3.72578,102.4142875
16:53:01,91282CLD1,TSRYS5850288,D,S,C,2024-08-27,1000000.00,3.72578,102.4142875
16:53:01,91282CLD1,TSRYS5850288,D,B,C,2024-08-27,1000000.00,3.725816,102.4140625
16:53:01,91282CLD1,TSRYS5850288,D,S,D,2024-08-27,1000000.00,3.725816,102.4140625
16:53:01,91282CLD1,TSRYS5850288,D,S,D,2024-08-27,1000000.00,3.725816,102.4140625
16:53:01,91282CLD1,TSRYS5850288,D,S,D,2024-08-27,1000000.00,3.725816,102.4140625
16:53:01,91282CLD1,TSRYS5850288,D,B,C,2024-08-27,1000000.00,3.725816,102.4140625
16:53:01,91282CLD1,TSRYS5850288,D,B,C,2024-08-27,1000000.00,3.725816,102.4140625
16:53:11,91282CLD1,TSRYS5850288,D,B,C,2024-08-27,2000000.00,3.725816,102.4140625
16:53:14,91282CLD1,TSRYS5850288,D,S,D,2024-08-27,4000000.00,3.725816,102.4140625
16:53:14,91282CLD1,TSRYS5850288,D,S,D,2024-08-27,1000000.00,3.725816,102.4140625
16:53:14,91282CLD1,TSRYS5850288,D,S,D,2024-08-27,1000000.00,3.725816,102.4140625
16:53:17,91282CLD1,TSRYS5850288,D,S,D,2024-08-27,2000000.00,3.725816,102.4140625
16:53:17,91282CLD1,TSRYS5850288,D,S,D,2024-08-27,2000000.00,3.725816,102.4140625
16:53:17,91282CLD1,TSRYS5850288,D,S,D,2024-08-27,1000000.00,3.725816,102.4140625
16:53:17,91282CLD1,TSRYS5850288,D,S,D,2024-08-27,1000000.00,3.725816,102.4140625
16:53:17,91282CLD1,TSRYS5850288,D,S,D,2024-08-27,2000000.00,3.725816,102.4140625
16:53:17,91282CLD1,TSRYS5850288,D,S,T,2024-08-27,2000000.00,3.725816,102.4140625
16:53:17,91282CLD1,TSRYS5850288,D,S,D,2024-08-27,1000000.00,3.725816,102.4140625
16:53:17,91282CLD1,TSRYS5850288,D,S,D,2024-08-27,1000000.00,3.725816,102.4140625
16:53:17,91282CLD1,TSRYS5850288,D,S,T,2024-08-27,2000000.00,3.725816,102.4140625
16:53:17,91282CLD1,TSRYS5850288,D,S,D,2024-08-27,2000000.00,3.725816,102.4140625
16:53:17,91282CLD1,TSRYS5850288,D,S,D,2024-08-27,1000000.00,3.725816,102.4140625
16:53:17,91282CLD1,TSRYS5850288,D,S,D,2024-08-27,2000000.00,3.725816,102.4140625
16:53:21,91282CLD1,TSRYS5850288,D,S,D,2024-08-27,2000000.00,3.725816,102.4140625
16:53:21,91282CLD1,TSRYS5850288,D,S,T,2024-08-27,1000000.00,3.725816,102.4140625
16:53:21,91282CLD1,TSRYS5850288,D,S,D,2024-08-27,2000000.00,3.725816,102.4140625
16:53:22,91282CLD1,TSRYS5850288,D,S,D,2024-08-27,2000000.00,3.725816,102.4140625
16:53:24,91282CLD1,TSRYS5850288,D,S,D,2024-08-27,1000000.00,3.725816,102.4140625
16:53:24,91282CLD1,TSRYS5850288,D,S,T,2024-08-27,1000000.00,3.725816,102.4140625
16:53:24,91282CLD1,TSRYS5850288,D,S,T,2024-08-27,1000000.00,3.725816,102.4140625
16:53:24,91282CLD1,TSRYS5850288,D,S,T,2024-08-27,1000000.00,3.725816,102.4140625
16:53:24,91282CLD1,TSRYS5850288,D,S,T,2024-08-27,1000000.00,3.725816,102.4140625
16:53:24,91282CLD1,TSRYS5850288,D,B,C,2024-08-27,1000000.00,3.725816,102.4140625
16:53:24,91282CLD1,TSRYS5850288,D,S,D,2024-08-27,1000000.00,3.725816,102.4140625
16:53:24,91282CLD1,TSRYS5850288,D,S,D,2024-08-27,1000000.00,3.72518,102.41796875
16:53:24,91282CLD1,TSRYS5850288,D,S,D,2024-08-27,1000000.00,3.725816,102.4140625
16:53:29,91282CLD1,TSRYS5850288,D,S,D,2024-08-27,1000000.00,3.725816,102.4140625
16:53:29,91282CLD1,TSRYS5850288,D,S,D,2024-08-27,1000000.00,3.725816,102.4140625
16:53:29,91282CLD1,TSRYS5850288,D,S,D,2024-08-27,2000000.00,3.725816,102.4140625
16:53:29,91282CLD1,TSRYS5850288,D,B,C,2024-08-27,2000000.00,3.725845,102.4138875
16:53:44,91282CLD1,TSRYS5850288,D,S,D,2024-08-27,4000000.00,3.725816,102.4140625
16:53:44,91282CLD1,TSRYS5850288,D,B,C,2024-08-27,4000000.00,3.725845,102.4138875
16:53:44,91282CLD1,TSRYS5850288,D,S,D,2024-08-27,4000000.00,3.725792,102.4142125
16:53:44,91282CLD1,TSRYS5850288,D,B,C,2024-08-27,4000000.00,3.725845,102.4138875
16:53:46,91282CLD1,TSRYS5850288,D,S,D,2024-08-27,1000000.00,3.72518,102.41796875
16:53:46,91282CLD1,TSRYS5850288,D,S,T,2024-08-27,1000000.00,3.72518,102.41796875
16:53:46,91282CLD1,TSRYS5850288,D,S,T,2024-08-27,1000000.00,3.72518,102.41796875
16:53:47,91282CLD1,TSRYS5850288,D,S,D,2024-08-27,1000000.00,3.72518,102.41796875
16:53:50,91282CLD1,TSRYS5850288,D,B,C,2024-08-27,2000000.00,3.72518,102.41796875
16:53:59,91282CLD1,TSRYS5850288,D,B,C,2024-08-27,2000000.00,3.725816,102.4140625
16:53:59,91282CLD1,TSRYS5850288,D,S,D,2024-08-27,2000000.00,3.725792,102.4142125
16:54:04,91282CLD1,TSRYS5850288,D,S,C,2024-08-27,150MM+,,102.4326438
16:54:17,91282CLD1,TSRYS5850288,D,S,D,2024-08-27,1000000.00,3.725816,102.4140625
16:54:17,91282CLD1,TSRYS5850288,D,S,D,2024-08-27,1000000.00,3.725792,102.4142125
16:54:17,91282CLD1,TSRYS5850288,D,S,D,2024-08-27,1000000.00,3.725816,102.4140625
16:54:20,91282CLD1,TSRYS5850288,D,S,T,2024-08-27,1000000.00,3.725498,102.416015625
16:54:20,91282CLD1,TSRYS5850288,D,S,T,2024-08-27,1000000.00,3.725498,102.416015625
16:54:20,91282CLD1,TSRYS5850288,D,S,T,2024-08-27,1000000.00,3.72518,102.41796875
16:54:21,91282CLD1,TSRYS5850288,D,S,D,2024-08-27,1000000.00,3.725498,102.416015625
16:54:21,91282CLD1,TSRYS5850288,D,S,D,2024-08-27,1000000.00,3.725498,102.416015625
16:54:22,91282CLD1,TSRYS5850288,D,S,D,2024-08-27,1000000.00,3.72518,102.41796875
16:54:25,91282CLD1,TSRYS5850288,D,S,D,2024-08-27,1000000.00,3.725816,102.4140625
16:54:30,91282CLD1,TSRYS5850288,D,B,C,2024-08-27,4000000.00,3.725845,102.4138875
16:54:30,91282CLD1,TSRYS5850288,D,S,D,2024-08-27,4000000.00,3.725816,102.4140625
16:54:30,91282CLD1,TSRYS5850288,D,B,C,2024-08-27,5000000.00,3.725845,102.4138875
16:54:30,91282CLD1,TSRYS5850288,D,S,D,2024-08-27,1000000.00,3.725816,102.4140625
16:54:30,91282CLD1,TSRYS5850288,D,S,D,2024-08-27,5000000.00,3.725816,102.4140625
16:54:30,91282CLD1,TSRYS5850288,D,B,C,2024-08-27,1000000.00,3.725845,102.4138875
16:54:31,91282CLD1,TSRYS5850288,D,S,T,2024-08-27,1000000.00,3.72518,102.41796875
16:54:31,91282CLD1,TSRYS5850288,D,S,D,2024-08-27,1000000.00,3.72518,102.41796875
16:54:41,91282CLD1,TSRYS5850288,D,S,D,2024-08-27,1000000.00,3.726135,102.412109375
16:54:41,91282CLD1,TSRYS5850288,D,B,C,2024-08-27,1000000.00,3.726135,102.412109375
16:54:44,91282CLD1,TSRYS5850288,D,S,D,2024-08-27,2000000.00,3.725816,102.4140625
16:54:45,91282CLD1,TSRYS5850288,D,S,D,2024-08-27,2000000.00,3.725816,102.4140625
16:54:45,91282CLD1,TSRYS5850288,D,S,D,2024-08-27,2000000.00,3.725816,102.4140625
16:54:48,91282CLD1,TSRYS5850288,D,S,C,2024-08-27,7900000.00,3.8344,101.75
16:54:49,91282CLD1,TSRYS5850288,D,S,D,2024-08-27,2000000.00,3.725816,102.4140625
16:54:49,91282CLD1,TSRYS5850288,D,S,T,2024-08-27,1000000.00,3.725816,102.4140625
16:54:54,91282CLD1,TSRYS5850288,D,S,C,2024-08-27,1000000.00,3.725816,102.4140625
16:54:54,91282CLD1,TSRYS5850288,D,B,C,2024-08-27,1000000.00,3.725816,102.4140625
16:54:54,91282CLD1,TSRYS5850288,D,S,C,2024-08-27,1000000.00,3.725816,102.4142625
16:54:54,91282CLD1,TSRYS5850288,D,S,D,2024-08-27,1000000.00,3.725498,102.416015625
16:54:54,91282CLD1,TSRYS5850288,D,B,C,2024-08-27,1000000.00,3.725498,102.416015625
16:54:56,91282CLD1,TSRYS5850288,D,S,D,2024-08-27,1000000.00,3.72518,102.41796875
16:54:56,91282CLD1,TSRYS5850288,D,B,C,2024-08-27,1000000.00,3.724894,102.419721875
16:54:56,91282CLD1,TSRYS5850288,D,S,D,2024-08-27,1000000.00,3.724862,102.419921875
16:55:08,91282CLD1,TSRYS5850288,D,S,C,2024-08-27,8250000.00,3.8344,101.75
16:55:08,91282CLD1,TSRYS5850288,D,S,C,2024-08-27,12350000.00,3.8344,101.75
16:55:09,91282CLD1,TSRYS5850288,D,S,D,2024-08-27,1000000.00,3.72518,102.41796875
16:55:09,91282CLD1,TSRYS5850288,D,B,C,2024-08-27,1000000.00,3.72518,102.41796875
16:55:09,91282CLD1,TSRYS5850288,D,S,D,2024-08-27,1000000.00,3.72518,102.41796875
16:55:09,91282CLD1,TSRYS5850288,D,B,C,2024-08-27,1000000.00,3.72518,102.41796875
16:55:11,91282CLD1,TSRYS5850288,D,B,C,2024-08-27,3200000.00,3.727089,102.40625
16:55:14,91282CLD1,TSRYS5850288,D,B,C,2024-08-27,4000000.00,3.725845,102.4138875
16:55:14,91282CLD1,TSRYS5850288,D,S,D,2024-08-27,4000000.00,3.725816,102.4140625
16:55:14,91282CLD1,TSRYS5850288,D,B,C,2024-08-27,1000000.00,3.725845,102.4138875
16:55:14,91282CLD1,TSRYS5850288,D,S,D,2024-08-27,1000000.00,3.725816,102.4140625
16:55:14,91282CLD1,TSRYS5850288,D,B,C,2024-08-27,2000000.00,3.72518,102.41796875
16:55:14,91282CLD1,TSRYS5850288,D,S,D,2024-08-27,2000000.00,3.72518,102.41796875
16:55:14,91282CLD1,TSRYS5850288,D,B,C,2024-08-27,2000000.00,3.72518,102.41796875
16:55:14,91282CLD1,TSRYS5850288,D,S,D,2024-08-27,2000000.00,3.72518,102.41796875
16:55:18,91282CLD1,TSRYS5850288,D,B,C,2024-08-27,2000000.00,3.72518,102.41796875
16:55:18,91282CLD1,TSRYS5850288,D,S,D,2024-08-27,2000000.00,3.72518,102.41796875
16:55:19,91282CLD1,TSRYS5850288,D,B,C,2024-08-27,1000000.00,3.72518,102.41796875
16:55:19,91282CLD1,TSRYS5850288,D,S,D,2024-08-27,1000000.00,3.72518,102.41796875
16:55:20,91282CLD1,TSRYS5850288,D,B,C,2024-08-27,1000000.00,3.72518,102.41796875
16:55:20,91282CLD1,TSRYS5850288,D,S,D,2024-08-27,1000000.00,3.72518,102.41796875
16:55:25,91282CLD1,TSRYS5850288,D,S,C,2024-08-27,1000000.00,3.725498,102.416015625
16:55:27,91282CLD1,TSRYS5850288,D,S,T,2024-08-27,1000000.00,3.725498,102.416015625
16:55:32,91282CLD1,TSRYS5850288,D,S,T,2024-08-27,1000000.00,3.72518,102.41796875
16:55:32,91282CLD1,TSRYS5850288,D,S,T,2024-08-27,1000000.00,3.72518,102.41796875
16:55:32,91282CLD1,TSRYS5850288,D,S,C,2024-08-27,1000000.00,3.72518,102.41796875
16:55:32,91282CLD1,TSRYS5850288,D,S,C,2024-08-27,1000000.00,3.72518,102.41796875
16:55:36,91282CLD1,TSRYS5850288,D,S,T,2024-08-27,1000000.00,3.725816,102.4140625
16:55:37,91282CLD1,TSRYS5850288,D,S,C,2024-08-27,1000000.00,3.72518,102.41796875
16:55:37,91282CLD1,TSRYS5850288,D,S,C,2024-08-27,1000000.00,3.72518,102.41796875
16:55:37,91282CLD1,TSRYS5850288,D,B,C,2024-08-27,1000000.00,3.72518,102.41796875
16:55:39,91282CLD1,TSRYS5850288,D,S,T,2024-08-27,1000000.00,3.72518,102.41796875
16:55:40,91282CLD1,TSRYS5850288,D,S,C,2024-08-27,42000000.00,3.732302,102.37426
16:55:41,91282CLD1,TSRYS5850288,D,S,T,2024-08-27,1000000.00,3.725816,102.4140625
16:55:41,91282CLD1,TSRYS5850288,D,S,T,2024-08-27,1000000.00,3.725816,102.4140625
16:55:41,91282CLD1,TSRYS5850288,D,S,T,2024-08-27,1000000.00,3.725833,102.4139625
16:55:41,91282CLD1,TSRYS5850288,D,S,C,2024-08-27,1000000.00,3.725498,102.416015625
16:55:41,91282CLD1,TSRYS5850288,D,S,T,2024-08-27,1000000.00,3.725833,102.4139625
16:55:41,91282CLD1,TSRYS5850288,D,B,C,2024-08-27,1000000.00,3.725498,102.416015625
16:55:41,91282CLD1,TSRYS5850288,D,S,D,2024-08-27,1000000.00,3.725816,102.4140625
16:55:41,91282CLD1,TSRYS5850288,D,S,D,2024-08-27,1000000.00,3.725816,102.4140625
16:55:41,91282CLD1,TSRYS5850288,D,S,C,2024-08-27,1000000.00,3.725816,102.4140625
16:55:41,91282CLD1,TSRYS5850288,D,S,C,2024-08-27,1000000.00,3.725816,102.4140625
16:55:41,91282CLD1,TSRYS5850288,D,S,C,2024-08-27,2000000.00,3.725816,102.4140625
16:55:41,91282CLD1,TSRYS5850288,D,S,C,2024-08-27,1000000.00,3.725816,102.4140625
16:55:41,91282CLD1,TSRYS5850288,D,S,C,2024-08-27,1000000.00,3.725816,102.4140625
16:55:41,91282CLD1,TSRYS5850288,D,S,C,2024-08-27,1000000.00,3.725816,102.4140625
16:55:41,91282CLD1,TSRYS5850288,D,S,C,2024-08-27,1000000.00,3.725816,102.4140625
16:55:41,91282CLD1,TSRYS5850288,D,S,D,2024-08-27,2000000.00,3.725816,102.4140625
16:55:41,91282CLD1,TSRYS5850288,D,S,D,2024-08-27,1000000.00,3.725816,102.4140625
16:55:41,91282CLD1,TSRYS5850288,D,S,D,2024-08-27,1000000.00,3.725816,102.4140625
16:55:42,91282CLD1,TSRYS5850288,D,S,D,2024-08-27,1000000.00,3.725816,102.4140625
16:55:42,91282CLD1,TSRYS5850288,D,S,D,2024-08-27,1000000.00,3.725816,102.4140625
16:55:42,91282CLD1,TSRYS5850288,D,S,T,2024-08-27,1000000.00,3.725816,102.4140625
16:55:42,91282CLD1,TSRYS5850288,D,S,D,2024-08-27,1000000.00,3.725816,102.4140625
16:55:42,91282CLD1,TSRYS5850288,D,S,C,2024-08-27,1000000.00,3.725816,102.4140625
16:55:42,91282CLD1,TSRYS5850288,D,S,D,2024-08-27,1000000.00,3.725816,102.4140625
16:55:42,91282CLD1,TSRYS5850288,D,B,C,2024-08-27,1000000.00,3.724862,102.41992187
16:55:42,91282CLD1,TSRYS5850288,D,B,C,2024-08-27,2000000.00,3.724862,102.41992187
16:55:42,91282CLD1,TSRYS5850288,D,B,C,2024-08-27,1000000.00,3.724862,102.41992187
16:55:43,91282CLD1,TSRYS5850288,D,S,C,2024-08-27,1000000.00,3.725816,102.4140625
16:55:43,91282CLD1,TSRYS5850288,D,B,C,2024-08-27,1000000.00,3.725816,102.4140625
16:55:43,91282CLD1,TSRYS5850288,D,S,D,2024-08-27,2000000.00,3.725816,102.4140625
16:55:43,91282CLD1,TSRYS5850288,D,S,C,2024-08-27,1000000.00,3.725816,102.4140625
16:55:44,91282CLD1,TSRYS5850288,D,B,C,2024-08-27,2000000.00,3.724862,102.41992187
16:55:44,91282CLD1,TSRYS5850288,D,S,D,2024-08-27,1000000.00,3.725816,102.4140625
16:55:44,91282CLD1,TSRYS5850288,D,S,T,2024-08-27,1000000.00,3.725816,102.4140625
16:55:44,91282CLD1,TSRYS5850288,D,S,T,2024-08-27,1000000.00,3.725816,102.4140625
16:55:44,91282CLD1,TSRYS5850288,D,S,T,2024-08-27,1000000.00,3.725816,102.4140625
16:55:44,91282CLD1,TSRYS5850288,D,S,T,2024-08-27,1000000.00,3.725816,102.4140625
16:55:44,91282CLD1,TSRYS5850288,D,B,C,2024-08-27,5000000.00,3.725845,102.4138875
16:55:44,91282CLD1,TSRYS5850288,D,S,C,2024-08-27,5000000.00,3.725792,102.4142125
16:55:44,91282CLD1,TSRYS5850288,D,S,D,2024-08-27,1000000.00,3.725816,102.4140625
16:55:44,91282CLD1,TSRYS5850288,D,B,C,2024-08-27,1000000.00,3.725816,102.4140625
16:55:45,91282CLD1,TSRYS5850288,D,B,C,2024-08-27,1000000.00,3.725849,102.4138625
16:55:45,91282CLD1,TSRYS5850288,D,S,D,2024-08-27,1000000.00,3.725792,102.4142125
16:55:45,91282CLD1,TSRYS5850288,D,B,C,2024-08-27,1000000.00,3.724862,102.41992187
16:55:45,91282CLD1,TSRYS5850288,D,S,D,2024-08-27,1000000.00,3.725816,102.4140625
16:55:46,91282CLD1,TSRYS5850288,D,S,D,2024-08-27,1000000.00,3.725816,102.4140625
16:55:46,91282CLD1,TSRYS5850288,D,S,D,2024-08-27,1000000.00,3.725816,102.4140625
16:55:46,91282CLD1,TSRYS5850288,D,S,D,2024-08-27,1000000.00,3.725816,102.4140625
16:55:46,91282CLD1,TSRYS5850288,D,S,C,2024-08-27,1000000.00,3.725816,102.4140625
16:55:46,91282CLD1,TSRYS5850288,D,S,C,2024-08-27,1000000.00,3.725816,102.4140625
16:55:46,91282CLD1,TSRYS5850288,D,S,D,2024-08-27,1000000.00,3.725816,102.4140625
16:55:47,91282CLD1,TSRYS5850288,D,S,T,2024-08-27,1000000.00,3.725816,102.4140625
16:55:47,91282CLD1,TSRYS5850288,D,S,T,2024-08-27,3000000.00,3.725816,102.4140625
16:55:47,91282CLD1,TSRYS5850288,D,S,T,2024-08-27,1000000.00,3.725816,102.4140625
16:55:49,91282CLD1,TSRYS5850288,D,S,T,2024-08-27,1000000.00,3.725816,102.4140625
16:56:05,91282CLD1,TSRYS5850288,D,B,C,2024-08-27,1000000.00,3.725816,102.4140625
16:56:05,91282CLD1,TSRYS5850288,D,S,D,2024-08-27,1000000.00,3.725816,102.4140625
16:56:15,91282CLD1,TSRYS5850288,D,S,C,2024-08-27,1000000.00,3.725816,102.4140625
16:56:15,91282CLD1,TSRYS5850288,D,S,D,2024-08-27,1000000.00,3.725816,102.4140625
16:56:15,91282CLD1,TSRYS5850288,D,B,C,2024-08-27,1000000.00,3.725816,102.4140625
16:56:16,91282CLD1,TSRYS5850288,D,S,D,2024-08-27,3000000.00,3.725816,102.4140625
16:56:16,91282CLD1,TSRYS5850288,D,S,D,2024-08-27,1000000.00,3.725816,102.4140625
16:56:16,91282CLD1,TSRYS5850288,D,S,D,2024-08-27,1000000.00,3.725816,102.4140625
16:56:16,91282CLD1,TSRYS5850288,D,S,D,2024-08-27,1000000.00,3.725816,102.4140625
16:56:16,91282CLD1,TSRYS5850288,D,S,D,2024-08-27,1000000.00,3.725816,102.4140625
16:56:16,91282CLD1,TSRYS5850288,D,S,D,2024-08-27,1000000.00,3.725816,102.4140625
16:56:19,91282CLD1,TSRYS5850288,D,S,T,2024-08-27,1000000.00,3.72518,102.41796875
16:56:19,91282CLD1,TSRYS5850288,D,S,T,2024-08-27,1000000.00,3.72518,102.41796875
16:56:20,91282CLD1,TSRYS5850288,D,S,C,2024-08-27,1000000.00,3.72518,102.41796875
16:56:23,91282CLD1,TSRYS5850288,D,S,D,2024-08-27,18000000.00,3.724975,102.41923
16:56:24,91282CLD1,TSRYS5850288,D,S,C,2024-08-27,1000000.00,3.72518,102.41796875
16:56:29,91282CLD1,TSRYS5850288,D,B,C,2024-08-27,8000000.00,3.732818,102.37109375
16:56:34,91282CLD1,TSRYS5850288,D,S,D,2024-08-27,1000000.00,3.725816,102.4140625
16:56:34,91282CLD1,TSRYS5850288,D,S,D,2024-08-27,1000000.00,3.725792,102.4142125
16:56:34,91282CLD1,TSRYS5850288,D,B,C,2024-08-27,1000000.00,3.725816,102.4140625
16:56:34,91282CLD1,TSRYS5850288,D,B,C,2024-08-27,2000000.00,3.725816,102.4140625
16:56:34,91282CLD1,TSRYS5850288,D,S,D,2024-08-27,2000000.00,3.725792,102.4142125
16:56:34,91282CLD1,TSRYS5850288,D,S,D,2024-08-27,1000000.00,3.725792,102.4142125
16:56:34,91282CLD1,TSRYS5850288,D,B,C,2024-08-27,1000000.00,3.725816,102.4140625
16:56:48,91282CLD1,TSRYS5850288,D,S,C,2024-08-27,1000000.00,3.725816,102.4140625
16:56:48,91282CLD1,TSRYS5850288,D,S,T,2024-08-27,1000000.00,3.72518,102.41796875
16:56:48,91282CLD1,TSRYS5850288,D,S,T,2024-08-27,1000000.00,3.724226,102.423828125
16:56:48,91282CLD1,TSRYS5850288,D,S,T,2024-08-27,1000000.00,3.723908,102.42578125
16:56:48,91282CLD1,TSRYS5850288,D,S,T,2024-08-27,1000000.00,3.724544,102.421875
16:56:48,91282CLD1,TSRYS5850288,D,S,T,2024-08-27,3000000.00,3.723271,102.4296875
16:56:48,91282CLD1,TSRYS5850288,D,S,T,2024-08-27,1000000.00,3.722317,102.435546875
16:56:48,91282CLD1,TSRYS5850288,D,S,T,2024-08-27,1000000.00,3.721999,102.4375
16:56:48,91282CLD1,TSRYS5850288,D,S,T,2024-08-27,1000000.00,3.721681,102.439453125
16:56:48,91282CLD1,TSRYS5850288,D,B,C,2024-08-27,1000000.00,3.723271,102.4296875
16:56:48,91282CLD1,TSRYS5850288,D,S,D,2024-08-27,1000000.00,3.723271,102.4296875
16:56:48,91282CLD1,TSRYS5850288,D,B,C,2024-08-27,1000000.00,3.722635,102.43359375
16:56:48,91282CLD1,TSRYS5850288,D,S,D,2024-08-27,1000000.00,3.722635,102.43359375
16:56:48,91282CLD1,TSRYS5850288,D,B,C,2024-08-27,1000000.00,3.722635,102.43359375
16:56:48,91282CLD1,TSRYS5850288,D,S,D,2024-08-27,1000000.00,3.722635,102.43359375
16:56:49,91282CLD1,TSRYS5850288,D,S,T,2024-08-27,1000000.00,3.721681,102.439453125
16:56:49,91282CLD1,TSRYS5850288,D,S,T,2024-08-27,2000000.00,3.721681,102.439453125
16:56:49,91282CLD1,TSRYS5850288,D,S,D,2024-08-27,1000000.00,3.72518,102.41796875
16:56:49,91282CLD1,TSRYS5850288,D,S,D,2024-08-27,1000000.00,3.724544,102.421875
16:56:49,91282CLD1,TSRYS5850288,D,B,C,2024-08-27,1000000.00,3.724226,102.423828125
16:56:49,91282CLD1,TSRYS5850288,D,B,C,2024-08-27,1000000.00,3.724242,102.423728125
16:56:50,91282CLD1,TSRYS5850288,D,S,D,2024-08-27,3000000.00,3.724226,102.423828125
16:56:50,91282CLD1,TSRYS5850288,D,S,D,2024-08-27,1000000.00,3.723908,102.42578125
16:56:51,91282CLD1,TSRYS5850288,D,S,T,2024-08-27,1000000.00,3.721999,102.4375
16:56:51,91282CLD1,TSRYS5850288,D,S,T,2024-08-27,1000000.00,3.724544,102.421875
16:56:53,91282CLD1,TSRYS5850288,D,B,C,2024-08-27,1000000.00,3.724544,102.421875
16:56:53,91282CLD1,TSRYS5850288,D,S,D,2024-08-27,1000000.00,3.724544,102.421875
16:56:53,91282CLD1,TSRYS5850288,D,B,C,2024-08-27,1000000.00,3.724544,102.421875
16:56:53,91282CLD1,TSRYS5850288,D,S,D,2024-08-27,1000000.00,3.724544,102.421875
16:56:53,91282CLD1,TSRYS5850288,D,B,C,2024-08-27,1000000.00,3.724544,102.421875
16:56:53,91282CLD1,TSRYS5850288,D,S,D,2024-08-27,1000000.00,3.724544,102.421875
16:56:53,91282CLD1,TSRYS5850288,D,B,C,2024-08-27,1000000.00,3.723271,102.4296875
16:56:53,91282CLD1,TSRYS5850288,D,S,D,2024-08-27,1000000.00,3.723271,102.4296875
16:56:53,91282CLD1,TSRYS5850288,D,B,C,2024-08-27,1000000.00,3.723271,102.4295125
16:56:53,91282CLD1,TSRYS5850288,D,S,T,2024-08-27,1000000.00,3.721999,102.4375
16:56:53,91282CLD1,TSRYS5850288,D,S,T,2024-08-27,1000000.00,3.721999,102.4375
16:56:53,91282CLD1,TSRYS5850288,D,S,C,2024-08-27,1000000.00,3.723271,102.4296875
16:56:54,91282CLD1,TSRYS5850288,D,S,T,2024-08-27,1000000.00,3.723271,102.4296875
16:56:54,91282CLD1,TSRYS5850288,D,S,T,2024-08-27,1000000.00,3.723271,102.4296875
16:56:54,91282CLD1,TSRYS5850288,D,S,C,2024-08-27,1000000.00,3.721999,102.4375
16:56:54,91282CLD1,TSRYS5850288,D,B,C,2024-08-27,1000000.00,3.721999,102.4375
16:56:54,91282CLD1,TSRYS5850288,D,S,D,2024-08-27,1000000.00,3.72518,102.41796875
16:56:56,91282CLD1,TSRYS5850288,D,B,C,2024-08-27,1000000.00,3.722651,102.43349375
16:56:56,91282CLD1,TSRYS5850288,D,S,D,2024-08-27,1000000.00,3.722635,102.43359375
16:56:57,91282CLD1,TSRYS5850288,D,S,D,2024-08-27,1000000.00,3.723271,102.4296875
16:56:57,91282CLD1,TSRYS5850288,D,B,C,2024-08-27,1000000.00,3.723271,102.4296875
16:56:57,91282CLD1,TSRYS5850288,D,S,C,2024-08-27,1000000.00,3.722317,102.435546875
16:56:58,91282CLD1,TSRYS5850288,D,S,C,2024-08-27,1000000.00,3.721999,102.4375
16:56:58,91282CLD1,TSRYS5850288,D,S,C,2024-08-27,1000000.00,3.721999,102.4375
16:56:58,91282CLD1,TSRYS5850288,D,S,C,2024-08-27,1000000.00,3.721999,102.4375
16:56:58,91282CLD1,TSRYS5850288,D,S,C,2024-08-27,1000000.00,3.721999,102.4375
16:56:59,91282CLD1,TSRYS5850288,D,S,C,2024-08-27,1000000.00,3.721681,102.439453125
16:56:59,91282CLD1,TSRYS5850288,D,S,C,2024-08-27,2000000.00,3.721681,102.439453125
16:56:59,91282CLD1,TSRYS5850288,D,B,C,2024-08-27,2000000.00,3.721681,102.439453125
16:56:59,91282CLD1,TSRYS5850288,D,S,C,2024-08-27,1000000.00,3.721681,102.439453125
16:56:59,91282CLD1,TSRYS5850288,D,S,D,2024-08-27,1000000.00,3.724544,102.421875
16:56:59,91282CLD1,TSRYS5850288,D,S,D,2024-08-27,3000000.00,3.724226,102.423828125
16:56:59,91282CLD1,TSRYS5850288,D,S,C,2024-08-27,2000000.00,3.721681,102.439453125
16:57:00,91282CLD1,TSRYS5850288,D,S,D,2024-08-27,1000000.00,3.724544,102.421875
16:57:00,91282CLD1,TSRYS5850288,D,S,D,2024-08-27,1000000.00,3.723908,102.42578125
16:57:01,91282CLD1,TSRYS5850288,D,S,D,2024-08-27,1000000.00,3.721681,102.439453125
16:57:01,91282CLD1,TSRYS5850288,D,B,C,2024-08-27,1000000.00,3.721681,102.439453125
16:57:01,91282CLD1,TSRYS5850288,D,S,D,2024-08-27,1000000.00,3.721999,102.4375
16:57:01,91282CLD1,TSRYS5850288,D,B,C,2024-08-27,1000000.00,3.721999,102.4375
16:57:04,91282CLD1,TSRYS5850288,D,S,D,2024-08-27,1000000.00,3.724544,102.421875
16:57:04,91282CLD1,TSRYS5850288,D,S,D,2024-08-27,1000000.00,3.724544,102.421875
16:57:04,91282CLD1,TSRYS5850288,D,S,D,2024-08-27,1000000.00,3.724544,102.421875
16:57:04,91282CLD1,TSRYS5850288,D,S,D,2024-08-27,1000000.00,3.724544,102.421875
16:57:04,91282CLD1,TSRYS5850288,D,S,D,2024-08-27,1000000.00,3.724544,102.421875
16:57:04,91282CLD1,TSRYS5850288,D,S,D,2024-08-27,11000000.00,3.724544,102.421875
16:57:04,91282CLD1,TSRYS5850288,D,S,D,2024-08-27,3000000.00,3.724544,102.421875
16:57:04,91282CLD1,TSRYS5850288,D,S,D,2024-08-27,1000000.00,3.724544,102.421875
16:57:07,91282CLD1,TSRYS5850288,D,S,D,2024-08-27,1000000.00,3.721045,102.443359375
16:57:07,91282CLD1,TSRYS5850288,D,S,D,2024-08-27,1000000.00,3.721045,102.443359375
16:57:07,91282CLD1,TSRYS5850288,D,S,D,2024-08-27,1000000.00,3.721045,102.443359375
16:57:09,91282CLD1,TSRYS5850288,D,S,D,2024-08-27,1000000.00,3.724544,102.421875
16:57:10,91282CLD1,TSRYS5850288,D,S,D,2024-08-27,1000000.00,3.721045,102.443359375
16:57:10,91282CLD1,TSRYS5850288,D,S,D,2024-08-27,1000000.00,3.721045,102.443359375
16:57:16,91282CLD1,TSRYS5850288,D,S,T,2024-08-27,1000000.00,3.719455,102.453125
16:57:17,91282CLD1,TSRYS5850288,D,S,C,2024-08-27,2000000.00,3.723247,102.4298375
16:57:17,91282CLD1,TSRYS5850288,D,S,C,2024-08-27,1000000.00,3.723247,102.4298375
16:57:17,91282CLD1,TSRYS5850288,D,B,C,2024-08-27,2000000.00,3.723304,102.4294875
16:57:17,91282CLD1,TSRYS5850288,D,S,D,2024-08-27,1000000.00,3.721999,102.4375
16:57:17,91282CLD1,TSRYS5850288,D,S,D,2024-08-27,1000000.00,3.720091,102.44921875
16:57:18,91282CLD1,TSRYS5850288,D,S,D,2024-08-27,1000000.00,3.720409,102.447265625
16:57:18,91282CLD1,TSRYS5850288,D,S,D,2024-08-27,1000000.00,3.720727,102.4453125
16:57:19,91282CLD1,TSRYS5850288,D,S,T,2024-08-27,1000000.00,3.720409,102.447265625
16:57:19,91282CLD1,TSRYS5850288,D,S,T,2024-08-27,1000000.00,3.720727,102.4453125
16:57:19,91282CLD1,TSRYS5850288,D,S,T,2024-08-27,1000000.00,3.720091,102.44921875
16:57:19,91282CLD1,TSRYS5850288,D,S,T,2024-08-27,1000000.00,3.720727,102.4453125
16:57:20,91282CLD1,TSRYS5850288,D,B,A,2024-08-27,9345600.00,3.722569,102.434
16:57:21,91282CLD1,TSRYS5850288,D,S,D,2024-08-27,1000000.00,3.719455,102.453125
16:57:22,91282CLD1,TSRYS5850288,D,B,C,2024-08-27,1000000.00,3.719455,102.453125
16:57:22,91282CLD1,TSRYS5850288,D,S,D,2024-08-27,1000000.00,3.719455,102.453125
16:57:30,91282CLD1,TSRYS5850288,D,S,D,2024-08-27,1000000.00,3.719137,102.455078125
16:57:32,91282CLD1,TSRYS5850288,D,S,D,2024-08-27,2000000.00,3.721999,102.4375
16:57:32,91282CLD1,TSRYS5850288,D,B,C,2024-08-27,2000000.00,3.722036,102.437275
16:57:32,91282CLD1,TSRYS5850288,D,S,D,2024-08-27,4000000.00,3.721999,102.4375
16:57:32,91282CLD1,TSRYS5850288,D,B,C,2024-08-27,4000000.00,3.722036,102.437275
16:57:34,91282CLD1,TSRYS5850288,D,S,T,2024-08-27,1000000.00,3.720091,102.44921875
16:57:35,91282CLD1,TSRYS5850288,D,B,C,2024-08-27,1000000.00,3.719455,102.453125
16:57:35,91282CLD1,TSRYS5850288,D,B,C,2024-08-27,1000000.00,3.719455,102.453125
16:57:35,91282CLD1,TSRYS5850288,D,S,D,2024-08-27,1000000.00,3.719455,102.453125
16:57:35,91282CLD1,TSRYS5850288,D,S,D,2024-08-27,1000000.00,3.719455,102.453125
16:57:35,91282CLD1,TSRYS5850288,D,S,T,2024-08-27,1000000.00,3.720091,102.44921875
16:57:38,91282CLD1,TSRYS5850288,D,S,D,2024-08-27,1000000.00,3.720091,102.44921875
16:57:38,91282CLD1,TSRYS5850288,D,S,D,2024-08-27,1000000.00,3.720091,102.44921875
16:57:38,91282CLD1,TSRYS5850288,D,S,D,2024-08-27,1000000.00,3.720091,102.44921875
16:57:38,91282CLD1,TSRYS5850288,D,S,T,2024-08-27,1000000.00,3.720091,102.44921875
16:57:38,91282CLD1,TSRYS5850288,D,S,C,2024-08-27,1000000.00,3.720091,102.44921875
16:57:38,91282CLD1,TSRYS5850288,D,S,T,2024-08-27,1000000.00,3.720091,102.44921875
16:57:38,91282CLD1,TSRYS5850288,D,S,D,2024-08-27,1000000.00,3.720091,102.44921875
16:57:41,91282CLD1,TSRYS5850288,D,S,D,2024-08-27,1000000.00,3.721045,102.443359375
16:57:41,91282CLD1,TSRYS5850288,D,S,T,2024-08-27,1000000.00,3.721045,102.443359375
16:57:41,91282CLD1,TSRYS5850288,D,S,T,2024-08-27,1000000.00,3.721045,102.443359375
16:57:41,91282CLD1,TSRYS5850288,D,S,D,2024-08-27,1000000.00,3.721045,102.443359375
16:57:41,91282CLD1,TSRYS5850288,D,S,D,2024-08-27,1000000.00,3.721045,102.443359375
16:57:43,91282CLD1,TSRYS5850288,D,S,D,2024-08-27,1000000.00,3.721045,102.443359375
16:57:43,91282CLD1,TSRYS5850288,D,S,D,2024-08-27,1000000.00,3.721045,102.443359375
16:57:43,91282CLD1,TSRYS5850288,D,S,D,2024-08-27,1000000.00,3.721045,102.443359375
16:57:43,91282CLD1,TSRYS5850288,D,S,D,2024-08-27,1000000.00,3.721045,102.443359375
16:57:43,91282CLD1,TSRYS5850288,D,S,T,2024-08-27,1000000.00,3.721045,102.443359375
16:57:43,91282CLD1,TSRYS5850288,D,S,T,2024-08-27,1000000.00,3.721045,102.443359375
16:57:43,91282CLD1,TSRYS5850288,D,S,D,2024-08-27,5000000.00,3.721045,102.443359375
16:57:43,91282CLD1,TSRYS5850288,D,S,D,2024-08-27,1000000.00,3.720091,102.44921875
16:57:43,91282CLD1,TSRYS5850288,D,S,D,2024-08-27,1000000.00,3.721045,102.443359375
16:57:43,91282CLD1,TSRYS5850288,D,S,D,2024-08-27,1000000.00,3.721045,102.443359375
16:57:43,91282CLD1,TSRYS5850288,D,S,D,2024-08-27,3000000.00,3.721045,102.443359375
16:57:43,91282CLD1,TSRYS5850288,D,S,T,2024-08-27,2000000.00,3.721045,102.443359375
16:57:44,91282CLD1,TSRYS5850288,D,S,D,2024-08-27,2000000.00,3.721045,102.443359375
16:57:44,91282CLD1,TSRYS5850288,D,S,D,2024-08-27,1000000.00,3.721045,102.443359375
16:57:44,91282CLD1,TSRYS5850288,D,S,D,2024-08-27,1000000.00,3.721045,102.443359375
16:57:44,91282CLD1,TSRYS5850288,D,S,T,2024-08-27,1000000.00,3.721045,102.443359375
16:57:44,91282CLD1,TSRYS5850288,D,S,T,2024-08-27,1000000.00,3.721045,102.443359375
16:57:44,91282CLD1,TSRYS5850288,D,S,D,2024-08-27,2000000.00,3.721045,102.443359375
16:57:44,91282CLD1,TSRYS5850288,D,S,D,2024-08-27,1000000.00,3.721045,102.443359375
16:57:45,91282CLD1,TSRYS5850288,D,S,D,2024-08-27,1000000.00,3.721045,102.443359375
16:57:45,91282CLD1,TSRYS5850288,D,S,D,2024-08-27,1000000.00,3.721045,102.443359375
16:57:45,91282CLD1,TSRYS5850288,D,S,D,2024-08-27,1000000.00,3.721045,102.443359375
16:57:46,91282CLD1,TSRYS5850288,D,S,D,2024-08-27,1000000.00,3.721045,102.443359375
16:57:46,91282CLD1,TSRYS5850288,D,S,D,2024-08-27,1000000.00,3.721045,102.443359375
16:57:47,91282CLD1,TSRYS5850288,D,S,C,2024-08-27,3000000.00,3.723247,102.4298375
16:57:47,91282CLD1,TSRYS5850288,D,B,C,2024-08-27,1000000.00,3.721999,102.4375
16:57:48,91282CLD1,TSRYS5850288,D,B,C,2024-08-27,1000000.00,3.720727,102.4453125
16:57:48,91282CLD1,TSRYS5850288,D,S,D,2024-08-27,1000000.00,3.720727,102.4453125
16:57:48,91282CLD1,TSRYS5850288,D,B,C,2024-08-27,1000000.00,3.720727,102.4453125
16:57:48,91282CLD1,TSRYS5850288,D,S,D,2024-08-27,1000000.00,3.720727,102.4453125
16:57:48,91282CLD1,TSRYS5850288,D,S,D,2024-08-27,1000000.00,3.720727,102.4453125
16:57:48,91282CLD1,TSRYS5850288,D,S,D,2024-08-27,1000000.00,3.721045,102.443359375
16:57:48,91282CLD1,TSRYS5850288,D,S,D,2024-08-27,1000000.00,3.721045,102.443359375
16:57:48,91282CLD1,TSRYS5850288,D,S,D,2024-08-27,2000000.00,3.721045,102.443359375
16:57:48,91282CLD1,TSRYS5850288,D,S,D,2024-08-27,1000000.00,3.721045,102.443359375
16:57:48,91282CLD1,TSRYS5850288,D,S,D,2024-08-27,1000000.00,3.721045,102.443359375
16:57:49,91282CLD1,TSRYS5850288,D,S,D,2024-08-27,2000000.00,3.721045,102.443359375
16:57:49,91282CLD1,TSRYS5850288,D,S,T,2024-08-27,2000000.00,3.721045,102.443359375
16:57:49,91282CLD1,TSRYS5850288,D,S,D,2024-08-27,2000000.00,3.721045,102.443359375
16:57:49,91282CLD1,TSRYS5850288,D,S,D,2024-08-27,1000000.00,3.721045,102.443359375
16:57:49,91282CLD1,TSRYS5850288,D,S,D,2024-08-27,1000000.00,3.721045,102.443359375
16:57:49,91282CLD1,TSRYS5850288,D,S,D,2024-08-27,1000000.00,3.721045,102.443359375
16:57:50,91282CLD1,TSRYS5850288,D,S,D,2024-08-27,2000000.00,3.721045,102.443359375
16:57:50,91282CLD1,TSRYS5850288,D,S,T,2024-08-27,1000000.00,3.721045,102.443359375
16:57:50,91282CLD1,TSRYS5850288,D,S,T,2024-08-27,1000000.00,3.721045,102.443359375
16:57:50,91282CLD1,TSRYS5850288,D,S,D,2024-08-27,3000000.00,3.721045,102.443359375
16:57:50,91282CLD1,TSRYS5850288,D,S,D,2024-08-27,2000000.00,3.721045,102.443359375
16:57:50,91282CLD1,TSRYS5850288,D,S,D,2024-08-27,2000000.00,3.721045,102.443359375
16:57:50,91282CLD1,TSRYS5850288,D,S,D,2024-08-27,1000000.00,3.721045,102.443359375
16:57:50,91282CLD1,TSRYS5850288,D,S,D,2024-08-27,1000000.00,3.721045,102.443359375
16:57:51,91282CLD1,TSRYS5850288,D,S,D,2024-08-27,1000000.00,3.721045,102.443359375
16:57:51,91282CLD1,TSRYS5850288,D,B,C,2024-08-27,2000000.00,3.721045,102.443359375
16:57:51,91282CLD1,TSRYS5850288,D,S,D,2024-08-27,2000000.00,3.721045,102.443359375
16:57:53,91282CLD1,TSRYS5850288,D,S,D,2024-08-27,2000000.00,3.721045,102.443359375
16:57:53,91282CLD1,TSRYS5850288,D,S,D,2024-08-27,1000000.00,3.721045,102.443359375
16:57:53,91282CLD1,TSRYS5850288,D,S,D,2024-08-27,1000000.00,3.721045,102.443359375
16:57:53,91282CLD1,TSRYS5850288,D,S,D,2024-08-27,2000000.00,3.721045,102.443359375
16:57:53,91282CLD1,TSRYS5850288,D,S,D,2024-08-27,1000000.00,3.721045,102.443359375
16:57:54,91282CLD1,TSRYS5850288,D,S,D,2024-08-27,1000000.00,3.721045,102.443359375
16:57:54,91282CLD1,TSRYS5850288,D,S,T,2024-08-27,3000000.00,3.721045,102.443359375
16:57:54,91282CLD1,TSRYS5850288,D,S,T,2024-08-27,1000000.00,3.721045,102.443359375
16:57:54,91282CLD1,TSRYS5850288,D,S,D,2024-08-27,2000000.00,3.721045,102.443359375
16:57:54,91282CLD1,TSRYS5850288,D,S,D,2024-08-27,2000000.00,3.721045,102.443359375
16:57:55,91282CLD1,TSRYS5850288,D,S,D,2024-08-27,1000000.00,3.721045,102.443359375
16:57:55,91282CLD1,TSRYS5850288,D,S,D,2024-08-27,1000000.00,3.721045,102.443359375
16:57:55,91282CLD1,TSRYS5850288,D,S,D,2024-08-27,1000000.00,3.721045,102.443359375
16:57:55,91282CLD1,TSRYS5850288,D,S,D,2024-08-27,1000000.00,3.721045,102.443359375
16:57:58,91282CLD1,TSRYS5850288,D,S,D,2024-08-27,3000000.00,3.721045,102.443359375
16:57:58,91282CLD1,TSRYS5850288,D,S,D,2024-08-27,1000000.00,3.721045,102.443359375
16:58:03,91282CLD1,TSRYS5850288,D,S,D,2024-08-27,3000000.00,3.724544,102.421875
16:58:03,91282CLD1,TSRYS5850288,D,B,C,2024-08-27,3000000.00,3.724568,102.421725
16:58:03,91282CLD1,TSRYS5850288,D,B,C,2024-08-27,1000000.00,3.720727,102.4453125
16:58:03,91282CLD1,TSRYS5850288,D,S,D,2024-08-27,1000000.00,3.720727,102.4453125
16:58:03,91282CLD1,TSRYS5850288,D,B,C,2024-08-27,1000000.00,3.720759,102.4451125
16:58:03,91282CLD1,TSRYS5850288,D,S,D,2024-08-27,1000000.00,3.720727,102.4453125
16:58:03,91282CLD1,TSRYS5850288,D,S,D,2024-08-27,1000000.00,3.721045,102.443359375
16:58:03,91282CLD1,TSRYS5850288,D,S,D,2024-08-27,1000000.00,3.721045,102.443359375
16:58:03,91282CLD1,TSRYS5850288,D,B,C,2024-08-27,1000000.00,3.719487,102.452925
16:58:03,91282CLD1,TSRYS5850288,D,S,D,2024-08-27,2000000.00,3.721045,102.443359375
16:58:03,91282CLD1,TSRYS5850288,D,B,C,2024-08-27,3000000.00,3.719491,102.4529
16:58:03,91282CLD1,TSRYS5850288,D,S,D,2024-08-27,1000000.00,3.719455,102.453125
16:58:03,91282CLD1,TSRYS5850288,D,S,D,2024-08-27,3000000.00,3.719455,102.453125
16:58:03,91282CLD1,TSRYS5850288,D,S,D,2024-08-27,3000000.00,3.719455,102.453125
16:58:03,91282CLD1,TSRYS5850288,D,B,C,2024-08-27,3000000.00,3.719491,102.4529
16:58:03,91282CLD1,TSRYS5850288,D,S,D,2024-08-27,1000000.00,3.721045,102.443359375
16:58:04,91282CLD1,TSRYS5850288,D,S,D,2024-08-27,1000000.00,3.721045,102.443359375
16:58:04,91282CLD1,TSRYS5850288,D,S,D,2024-08-27,2000000.00,3.721045,102.443359375
16:58:04,91282CLD1,TSRYS5850288,D,S,T,2024-08-27,4000000.00,3.721045,102.443359375
16:58:04,91282CLD1,TSRYS5850288,D,S,D,2024-08-27,1000000.00,3.721045,102.443359375
16:58:05,91282CLD1,TSRYS5850288,D,S,D,2024-08-27,2000000.00,3.721045,102.443359375
16:58:05,91282CLD1,TSRYS5850288,D,S,D,2024-08-27,1000000.00,3.721045,102.443359375
16:58:06,91282CLD1,TSRYS5850288,D,B,C,2024-08-27,3000000.00,3.732968,102.37017
16:58:08,91282CLD1,TSRYS5850288,D,S,D,2024-08-27,4000000.00,3.721045,102.443359375
16:58:18,91282CLD1,TSRYS5850288,D,B,C,2024-08-27,1000000.00,3.723312,102.4294375
16:58:18,91282CLD1,TSRYS5850288,D,S,C,2024-08-27,2000000.00,3.724519,102.422025
16:58:18,91282CLD1,TSRYS5850288,D,S,C,2024-08-27,1000000.00,3.723247,102.4298375
16:58:18,91282CLD1,TSRYS5850288,D,B,C,2024-08-27,2000000.00,3.724544,102.421875
16:58:22,91282CLD1,TSRYS5850288,D,S,D,2024-08-27,1000000.00,3.721045,102.443359375
16:58:22,91282CLD1,TSRYS5850288,D,S,D,2024-08-27,1000000.00,3.721045,102.443359375
16:58:22,91282CLD1,TSRYS5850288,D,S,D,2024-08-27,1000000.00,3.721045,102.443359375
16:58:22,91282CLD1,TSRYS5850288,D,S,D,2024-08-27,1000000.00,3.721045,102.443359375
16:58:23,91282CLD1,TSRYS5850288,D,S,D,2024-08-27,1000000.00,3.721045,102.443359375
16:58:23,91282CLD1,TSRYS5850288,D,S,D,2024-08-27,1000000.00,3.721045,102.443359375
16:58:28,91282CLD1,TSRYS5850288,D,B,C,2024-08-27,3000000.00,3.721045,102.443359375
16:58:28,91282CLD1,TSRYS5850288,D,S,D,2024-08-27,3000000.00,3.721045,102.443359375
16:58:34,91282CLD1,TSRYS5850288,D,S,D,2024-08-27,1000000.00,3.724544,102.421875
16:58:34,91282CLD1,TSRYS5850288,D,B,C,2024-08-27,1000000.00,3.724572,102.4217
16:58:34,91282CLD1,TSRYS5850288,D,B,C,2024-08-27,1000000.00,3.724572,102.4217
16:58:34,91282CLD1,TSRYS5850288,D,S,D,2024-08-27,1000000.00,3.724544,102.421875
16:58:34,91282CLD1,TSRYS5850288,D,B,C,2024-08-27,1000000.00,3.724585,102.421625
16:58:34,91282CLD1,TSRYS5850288,D,B,C,2024-08-27,11000000.00,3.72458,102.42165
16:58:34,91282CLD1,TSRYS5850288,D,S,D,2024-08-27,11000000.00,3.724544,102.421875
16:58:34,91282CLD1,TSRYS5850288,D,S,D,2024-08-27,1000000.00,3.724544,102.421875
16:58:34,91282CLD1,TSRYS5850288,D,S,D,2024-08-27,1000000.00,3.724544,102.421875
16:58:34,91282CLD1,TSRYS5850288,D,B,C,2024-08-27,3000000.00,3.723296,102.4295375
16:58:34,91282CLD1,TSRYS5850288,D,S,C,2024-08-27,3000000.00,3.723247,102.4298375
16:58:35,91282CLD1,TSRYS5850288,D,S,D,2024-08-27,1000000.00,3.721045,102.443359375
16:58:36,91282CLD1,TSRYS5850288,D,S,D,2024-08-27,1000000.00,3.721045,102.443359375
16:58:36,91282CLD1,TSRYS5850288,D,S,D,2024-08-27,1000000.00,3.721045,102.443359375
16:58:36,91282CLD1,TSRYS5850288,D,S,D,2024-08-27,1000000.00,3.721045,102.443359375
16:58:36,91282CLD1,TSRYS5850288,D,S,D,2024-08-27,1000000.00,3.721999,102.4375
16:58:36,91282CLD1,TSRYS5850288,D,S,T,2024-08-27,2000000.00,3.721045,102.443359375
16:58:36,91282CLD1,TSRYS5850288,D,S,D,2024-08-27,4000000.00,3.721045,102.443359375
16:58:37,91282CLD1,TSRYS5850288,D,S,D,2024-08-27,1000000.00,3.721045,102.443359375
16:58:37,91282CLD1,TSRYS5850288,D,S,D,2024-08-27,3000000.00,3.721045,102.443359375
16:58:37,91282CLD1,TSRYS5850288,D,S,D,2024-08-27,1000000.00,3.721045,102.443359375
16:58:37,91282CLD1,TSRYS5850288,D,S,D,2024-08-27,1000000.00,3.721045,102.443359375
16:58:38,91282CLD1,TSRYS5850288,D,S,D,2024-08-27,3000000.00,3.721045,102.443359375
16:58:38,91282CLD1,TSRYS5850288,D,S,D,2024-08-27,3000000.00,3.721045,102.443359375
16:58:40,91282CLD1,TSRYS5850288,D,S,D,2024-08-27,2000000.00,3.721045,102.443359375
16:58:40,91282CLD1,TSRYS5850288,D,S,T,2024-08-27,2000000.00,3.721045,102.443359375
16:58:40,91282CLD1,TSRYS5850288,D,S,D,2024-08-27,5000000.00,3.721045,102.443359375
16:58:40,91282CLD1,TSRYS5850288,D,S,T,2024-08-27,2000000.00,3.721045,102.443359375
16:58:40,91282CLD1,TSRYS5850288,D,S,D,2024-08-27,1000000.00,3.721045,102.443359375
16:58:40,91282CLD1,TSRYS5850288,D,S,D,2024-08-27,3000000.00,3.721045,102.443359375
16:58:41,91282CLD1,TSRYS5850288,D,S,D,2024-08-27,2000000.00,3.721045,102.443359375
16:58:42,91282CLD1,TSRYS5850288,D,S,C,2024-08-27,1000000.00,3.721999,102.4375
16:58:42,91282CLD1,TSRYS5850288,D,B,C,2024-08-27,1000000.00,3.721999,102.4375
16:58:42,91282CLD1,TSRYS5850288,D,S,C,2024-08-27,1000000.00,3.721999,102.4375
16:58:42,91282CLD1,TSRYS5850288,D,B,C,2024-08-27,1000000.00,3.721999,102.4375
16:58:45,91282CLD1,TSRYS5850288,D,S,D,2024-08-27,2000000.00,3.721045,102.443359375
16:58:45,91282CLD1,TSRYS5850288,D,S,D,2024-08-27,2000000.00,3.721045,102.443359375
16:58:47,91282CLD1,TSRYS5850288,D,S,D,2024-08-27,2000000.00,3.721045,102.443359375
16:58:47,91282CLD1,TSRYS5850288,D,S,D,2024-08-27,1000000.00,3.721045,102.443359375
16:58:48,91282CLD1,TSRYS5850288,D,S,D,2024-08-27,2000000.00,3.721045,102.443359375
16:58:48,91282CLD1,TSRYS5850288,D,S,D,2024-08-27,1000000.00,3.721045,102.443359375
16:58:49,91282CLD1,TSRYS5850288,D,S,D,2024-08-27,2000000.00,3.721045,102.443359375
16:58:49,91282CLD1,TSRYS5850288,D,S,D,2024-08-27,1000000.00,3.721045,102.443359375
16:58:49,91282CLD1,TSRYS5850288,D,B,C,2024-08-27,1000000.00,3.722027,102.437325
16:58:49,91282CLD1,TSRYS5850288,D,S,D,2024-08-27,1000000.00,3.721999,102.4375
16:58:49,91282CLD1,TSRYS5850288,D,S,D,2024-08-27,1000000.00,3.723271,102.4296875
16:58:49,91282CLD1,TSRYS5850288,D,B,C,2024-08-27,1000000.00,3.7233,102.4295125
16:58:49,91282CLD1,TSRYS5850288,D,S,C,2024-08-27,1000000.00,3.723247,102.4298375
16:58:54,91282CLD1,TSRYS5850288,D,B,C,2024-08-27,8000000.00,3.725718,102.41466687
16:58:57,91282CLD1,TSRYS5850288,D,B,C,2024-08-27,2000000.00,3.721045,102.44335937
16:59:03,91282CLD1,TSRYS5850288,D,S,D,2024-08-27,2000000.00,3.721045,102.443359375
16:59:03,91282CLD1,TSRYS5850288,D,S,D,2024-08-27,2000000.00,3.721045,102.443359375
16:59:03,91282CLD1,TSRYS5850288,D,S,D,2024-08-27,2000000.00,3.721045,102.443359375
16:59:11,91282CLD1,TSRYS5850288,D,B,C,2024-08-27,1000000.00,3.720727,102.4453125
16:59:11,91282CLD1,TSRYS5850288,D,S,D,2024-08-27,1000000.00,3.720727,102.4453125
16:59:16,91282CLD1,TSRYS5850288,D,B,C,2024-08-27,3000000.00,3.722023,102.43735
16:59:16,91282CLD1,TSRYS5850288,D,S,D,2024-08-27,3000000.00,3.721999,102.4375
16:59:28,91282CLD1,TSRYS5850288,D,S,T,2024-08-27,1000000.00,3.720751,102.4451625
16:59:30,91282CLD1,TSRYS5850288,D,S,C,2024-08-27,1000000.00,3.721999,102.4375
16:59:30,91282CLD1,TSRYS5850288,D,S,C,2024-08-27,1000000.00,3.721999,102.4375
16:59:32,91282CLD1,TSRYS5850288,D,B,C,2024-08-27,1000000.00,3.721999,102.4375
16:59:32,91282CLD1,TSRYS5850288,D,S,D,2024-08-27,1000000.00,3.721999,102.4375
16:59:32,91282CLD1,TSRYS5850288,D,B,C,2024-08-27,2000000.00,3.721999,102.4375
16:59:32,91282CLD1,TSRYS5850288,D,S,D,2024-08-27,2000000.00,3.721999,102.4375
16:59:32,91282CLD1,TSRYS5850288,D,B,C,2024-08-27,1000000.00,3.720759,102.4451125
16:59:32,91282CLD1,TSRYS5850288,D,S,D,2024-08-27,1000000.00,3.720727,102.4453125
16:59:32,91282CLD1,TSRYS5850288,D,S,D,2024-08-27,1000000.00,3.720727,102.4453125
16:59:32,91282CLD1,TSRYS5850288,D,B,C,2024-08-27,1000000.00,3.720759,102.4451125
16:59:32,91282CLD1,TSRYS5850288,D,S,D,2024-08-27,1000000.00,3.720727,102.4453125
16:59:47,91282CLD1,TSRYS5850288,D,B,C,2024-08-27,1000000.00,3.722032,102.4373
16:59:47,91282CLD1,TSRYS5850288,D,S,D,2024-08-27,1000000.00,3.721999,102.4375
16:59:47,91282CLD1,TSRYS5850288,D,S,D,2024-08-27,4000000.00,3.720727,102.4453125
16:59:47,91282CLD1,TSRYS5850288,D,B,C,2024-08-27,1000000.00,3.720759,102.4451125
16:59:47,91282CLD1,TSRYS5850288,D,B,C,2024-08-27,4000000.00,3.720727,102.4453125
16:59:47,91282CLD1,TSRYS5850288,D,B,C,2024-08-27,1000000.00,3.720759,102.4451125
16:59:47,91282CLD1,TSRYS5850288,D,S,D,2024-08-27,1000000.00,3.720727,102.4453125
16:59:47,91282CLD1,TSRYS5850288,D,S,D,2024-08-27,1000000.00,3.720727,102.4453125
16:59:47,91282CLD1,TSRYS5850288,D,B,C,2024-08-27,1000000.00,3.720759,102.4451125
16:59:47,91282CLD1,TSRYS5850288,D,S,D,2024-08-27,1000000.00,3.720727,102.4453125
16:59:58,91282CLD1,TSRYS5850288,D,B,C,2024-08-27,1000000.00,3.721999,102.4375
16:59:58,91282CLD1,TSRYS5850288,D,S,D,2024-08-27,1000000.00,3.721999,102.4375
16:59:58,91282CLD1,TSRYS5850288,D,B,C,2024-08-27,1000000.00,3.721999,102.4375
16:59:58,91282CLD1,TSRYS5850288,D,S,D,2024-08-27,1000000.00,3.721999,102.4375
16:59:59,91282CLD1,TSRYS5850288,D,S,D,2024-08-27,1000000.00,3.721999,102.4375
16:59:59,91282CLD1,TSRYS5850288,D,S,D,2024-08-27,1000000.00,3.721999,102.4375
17:00:13,91282CLD1,TSRYS5850288,D,S,T,2024-08-27,1000000.00,3.722023,102.43735
17:00:14,91282CLD1,TSRYS5850288,D,B,C,2024-08-27,21000000.00,3.725665,102.41499
17:00:18,91282CLD1,TSRYS5850288,D,B,C,2024-08-27,1000000.00,3.721999,102.4375
17:00:18,91282CLD1,TSRYS5850288,D,S,D,2024-08-27,1000000.00,3.721999,102.4375
17:00:18,91282CLD1,TSRYS5850288,D,B,C,2024-08-27,2000000.00,3.721999,102.4375
17:00:18,91282CLD1,TSRYS5850288,D,S,C,2024-08-27,2000000.00,3.721958,102.43775
17:00:18,91282CLD1,TSRYS5850288,D,B,C,2024-08-27,1000000.00,3.721999,102.4375
17:00:18,91282CLD1,TSRYS5850288,D,S,D,2024-08-27,1000000.00,3.721975,102.43765
17:00:18,91282CLD1,TSRYS5850288,D,B,C,2024-08-27,1000000.00,3.721999,102.4375
17:00:18,91282CLD1,TSRYS5850288,D,S,C,2024-08-27,1000000.00,3.721962,102.437725
17:00:18,91282CLD1,TSRYS5850288,D,S,D,2024-08-27,1000000.00,3.721999,102.4375
17:00:18,91282CLD1,TSRYS5850288,D,B,C,2024-08-27,1000000.00,3.722032,102.4373
17:00:18,91282CLD1,TSRYS5850288,D,S,D,2024-08-27,1000000.00,3.721999,102.4375
17:00:18,91282CLD1,TSRYS5850288,D,S,D,2024-08-27,1000000.00,3.721999,102.4375
17:00:18,91282CLD1,TSRYS5850288,D,B,C,2024-08-27,1000000.00,3.72204,102.43725
17:00:33,91282CLD1,TSRYS5850288,D,B,C,2024-08-27,1000000.00,3.723308,102.4294625
17:00:33,91282CLD1,TSRYS5850288,D,S,D,2024-08-27,1000000.00,3.723271,102.4296875
17:00:34,91282CLD1,TSRYS5850288,D,S,C,2024-08-27,1000000.00,3.724226,102.423828125
17:00:34,91282CLD1,TSRYS5850288,D,S,D,2024-08-27,1000000.00,3.724226,102.423828125
17:00:39,91282CLD1,TSRYS5850288,D,S,D,2024-08-27,1000000.00,3.724226,102.423828125
17:00:43,91282CLD1,TSRYS5850288,D,B,C,2024-08-27,12000000.00,3.742576,102.3112368
17:00:43,91282CLD1,TSRYS5850288,D,S,C,2024-08-27,54000000.00,3.744951,102.2966738
17:01:18,91282CLD1,TSRYS5850288,D,S,C,2024-08-27,1000000.00,3.724507,102.4221
17:01:18,91282CLD1,TSRYS5850288,D,B,C,2024-08-27,1000000.00,3.72458,102.42165
17:01:24,91282CLD1,TSRYS5850288,D,B,C,2024-08-27,3000000.00,3.749758,102.26721
17:01:33,91282CLD1,TSRYS5850288,D,B,C,2024-08-27,14000000.00,3.746441,102.2875438
17:01:37,91282CLD1,TSRYS5850288,D,S,C,2024-08-27,14000000.00,,102.2875438
17:01:39,91282CLD1,TSRYS5850288,D,S,C,2024-08-27,48000000.00,3.728645,102.3967
17:02:42,91282CLD1,TSRYS5850288,D,S,T,2024-08-27,1000000.00,3.727089,102.40625
17:03:12,91282CLD1,TSRYS5850288,D,B,A,2024-08-27,93400000.00,3.733576,102.36644
17:03:18,91282CLD1,TSRYS5850288,D,B,C,2024-08-27,3000000.00,3.75021,102.26444
17:03:33,91282CLD1,TSRYS5850288,D,S,C,2024-08-27,1000000.00,3.727065,102.4064
17:03:40,91282CLD1,TSRYS5850288,D,S,D,2024-08-27,98400000.00,3.8344,101.75
17:03:42,91282CLD1,TSRYS5850288,D,S,D,2024-08-27,98400000.00,3.8344,101.75
17:03:46,91282CLD1,TSRYS5850288,D,S,C,2024-08-27,3000000.00,3.725932,102.41335
17:04:08,91282CLD1,TSRYS5850288,D,S,D,2024-08-27,3000000.00,3.732737,102.37159
17:04:18,91282CLD1,TSRYS5850288,D,B,C,2024-08-27,1000000.00,3.727126,102.406025
17:04:18,91282CLD1,TSRYS5850288,D,S,C,2024-08-27,1000000.00,3.727052,102.406475
17:04:18,91282CLD1,TSRYS5850288,D,S,C,2024-08-27,1000000.00,3.728325,102.3986625
17:04:18,91282CLD1,TSRYS5850288,D,B,C,2024-08-27,1000000.00,3.728398,102.3982125
17:04:18,91282CLD1,TSRYS5850288,D,B,C,2024-08-27,2000000.00,3.728398,102.3982125
17:04:18,91282CLD1,TSRYS5850288,D,S,C,2024-08-27,2000000.00,3.728325,102.3986625
17:04:18,91282CLD1,TSRYS5850288,D,B,C,2024-08-27,1000000.00,3.728398,102.3982125
17:04:18,91282CLD1,TSRYS5850288,D,S,C,2024-08-27,1000000.00,3.728325,102.3986625
17:04:36,91282CLD1,TSRYS5850288,D,S,C,2024-08-27,1000000.00,3.728333,102.3986125
17:04:36,91282CLD1,TSRYS5850288,D,B,C,2024-08-27,1000000.00,3.728398,102.3982125
17:04:36,91282CLD1,TSRYS5850288,D,S,D,2024-08-27,1000000.00,3.728362,102.3984375
17:04:36,91282CLD1,TSRYS5850288,D,B,C,2024-08-27,1000000.00,3.728398,102.3982125
17:04:42,91282CLD1,TSRYS5850288,D,S,D,2024-08-27,21000000.00,3.733242,102.36849
17:04:43,91282CLD1,TSRYS5850288,D,S,A,2024-08-27,5500000.00,3.733454,102.3671875
17:05:06,91282CLD1,TSRYS5850288,D,S,D,2024-08-27,14000000.00,3.727729,102.40232
17:05:10,91282CLD1,TSRYS5850288,D,S,C,2024-08-27,1000000.00,3.730271,102.38672
17:05:35,91282CLD1,TSRYS5850288,D,S,D,2024-08-27,1000000.00,3.727089,102.40625
17:05:35,91282CLD1,TSRYS5850288,D,B,C,2024-08-27,1000000.00,3.727126,102.406025
17:06:04,91282CLD1,TSRYS5850288,D,S,D,2024-08-27,150MM+,3.732181,102.375
17:08:12,91282CLD1,TSRYS5850288,D,B,C,2024-08-27,2000000.00,3.750838,102.26059
17:09:17,91282CLD1,TSRYS5850288,D,S,D,2024-08-27,98400000.00,3.8344,101.75
17:10:00,91282CLD1,TSRYS5850288,D,S,A,2024-08-27,45000000.00,3.72903,102.39433593
17:10:11,91282CLD1,TSRYS5850288,D,B,C,2024-08-27,1000000.00,3.725816,102.4138875
17:10:11,91282CLD1,TSRYS5850288,D,S,D,2024-08-27,1000000.00,3.725816,102.4140625
17:10:35,91282CLD1,TSRYS5850288,D,S,C,2024-08-27,1000000.00,3.727061,102.406425
17:10:35,91282CLD1,TSRYS5850288,D,B,C,2024-08-27,1000000.00,3.727126,102.406025
17:11:43,91282CLD1,TSRYS5850288,D,S,C,2024-08-27,130000000.00,3.730392,102.38598
17:11:59,91282CLD1,TSRYS5850288,D,S,A,2024-08-27,3351000.00,3.730271,102.38672
17:12:05,91282CLD1,TSRYS5850288,D,B,C,2024-08-27,12350000.00,3.8344,101.75
17:12:05,91282CLD1,TSRYS5850288,D,B,C,2024-08-27,8250000.00,3.8344,101.75
17:12:09,91282CLD1,TSRYS5850288,D,B,A,2024-08-27,33738000.00,3.730271,102.38672
17:13:11,91282CLD1,TSRYS5850288,D,S,C,2024-08-27,15000000.00,3.728362,102.3984375
17:13:14,91282CLD1,TSRYS5850288,D,S,T,2024-08-27,15000000.00,3.728362,102.3984375
17:14:38,91282CLD1,TSRYS5850288,D,S,D,2024-08-27,3000000.00,3.732165,102.3751
17:14:38,91282CLD1,TSRYS5850288,D,S,C,2024-08-27,1000000.00,3.733438,102.3672875
17:14:42,91282CLD1,TSRYS5850288,D,S,T,2024-08-27,1000000.00,3.733454,102.3671875
17:14:44,91282CLD1,TSRYS5850288,D,S,T,2024-08-27,1000000.00,3.729635,102.390625
17:14:44,91282CLD1,TSRYS5850288,D,S,T,2024-08-27,1000000.00,3.729635,102.390625
17:14:44,91282CLD1,TSRYS5850288,D,S,T,2024-08-27,1000000.00,3.727089,102.40625
17:14:44,91282CLD1,TSRYS5850288,D,S,T,2024-08-27,1000000.00,3.732181,102.375
17:14:44,91282CLD1,TSRYS5850288,D,S,T,2024-08-27,4000000.00,3.732181,102.375
17:14:44,91282CLD1,TSRYS5850288,D,S,T,2024-08-27,3000000.00,3.732181,102.375
17:14:44,91282CLD1,TSRYS5850288,D,S,T,2024-08-27,2000000.00,3.732181,102.375
17:14:44,91282CLD1,TSRYS5850288,D,S,T,2024-08-27,3000000.00,3.732181,102.375
17:14:44,91282CLD1,TSRYS5850288,D,S,T,2024-08-27,1000000.00,3.727089,102.40625
17:14:44,91282CLD1,TSRYS5850288,D,S,T,2024-08-27,12000000.00,3.732181,102.375
17:14:44,91282CLD1,TSRYS5850288,D,S,T,2024-08-27,1000000.00,3.727089,102.40625
17:14:48,91282CLD1,TSRYS5850288,D,S,T,2024-08-27,1000000.00,3.732181,102.375
17:14:48,91282CLD1,TSRYS5850288,D,S,T,2024-08-27,1000000.00,3.727089,102.40625
17:14:48,91282CLD1,TSRYS5850288,D,S,T,2024-08-27,2000000.00,3.730908,102.3828125
17:14:48,91282CLD1,TSRYS5850288,D,S,T,2024-08-27,1000000.00,3.727089,102.40625
17:14:48,91282CLD1,TSRYS5850288,D,S,T,2024-08-27,3000000.00,3.732181,102.375
17:14:48,91282CLD1,TSRYS5850288,D,S,T,2024-08-27,4000000.00,3.732181,102.375
17:14:48,91282CLD1,TSRYS5850288,D,S,T,2024-08-27,5000000.00,3.728362,102.3984375
17:14:48,91282CLD1,TSRYS5850288,D,S,T,2024-08-27,1000000.00,3.732181,102.375
17:14:49,91282CLD1,TSRYS5850288,D,S,T,2024-08-27,1000000.00,3.727089,102.40625
17:14:49,91282CLD1,TSRYS5850288,D,S,T,2024-08-27,1000000.00,3.727089,102.40625
17:14:50,91282CLD1,TSRYS5850288,D,S,T,2024-08-27,2000000.00,3.732181,102.375
17:14:50,91282CLD1,TSRYS5850288,D,S,T,2024-08-27,1000000.00,3.727089,102.40625
17:14:50,91282CLD1,TSRYS5850288,D,S,T,2024-08-27,1000000.00,3.727089,102.40625
17:14:50,91282CLD1,TSRYS5850288,D,S,T,2024-08-27,3000000.00,3.732181,102.375
17:14:50,91282CLD1,TSRYS5850288,D,S,T,2024-08-27,1000000.00,3.727089,102.40625
17:14:51,91282CLD1,TSRYS5850288,D,S,T,2024-08-27,1000000.00,3.727089,102.40625
17:14:51,91282CLD1,TSRYS5850288,D,S,T,2024-08-27,2000000.00,3.732181,102.375
17:14:51,91282CLD1,TSRYS5850288,D,S,T,2024-08-27,2000000.00,3.730908,102.3828125
17:15:21,91282CLD1,TSRYS5850288,D,S,C,2024-08-27,5000000.00,3.728325,102.3986625
17:15:21,91282CLD1,TSRYS5850288,D,S,C,2024-08-27,2000000.00,3.730871,102.3830375
17:15:21,91282CLD1,TSRYS5850288,D,S,C,2024-08-27,2000000.00,3.730871,102.3830375
17:15:21,91282CLD1,TSRYS5850288,D,S,D,2024-08-27,1000000.00,3.727089,102.40625
17:15:36,91282CLD1,TSRYS5850288,D,S,C,2024-08-27,1000000.00,3.729606,102.3908
17:15:36,91282CLD1,TSRYS5850288,D,S,C,2024-08-27,1000000.00,3.729598,102.39085
17:15:36,91282CLD1,TSRYS5850288,D,S,D,2024-08-27,4000000.00,3.727089,102.40625
17:15:36,91282CLD1,TSRYS5850288,D,B,C,2024-08-27,4000000.00,3.727126,102.406025
17:15:36,91282CLD1,TSRYS5850288,D,S,C,2024-08-27,12000000.00,3.732156,102.37515
17:15:36,91282CLD1,TSRYS5850288,D,S,C,2024-08-27,4000000.00,3.732156,102.37515
17:15:36,91282CLD1,TSRYS5850288,D,S,C,2024-08-27,3000000.00,3.732156,102.37515
17:15:36,91282CLD1,TSRYS5850288,D,S,C,2024-08-27,1000000.00,3.732144,102.375225
17:15:36,91282CLD1,TSRYS5850288,D,S,C,2024-08-27,2000000.00,3.732144,102.375225
17:15:36,91282CLD1,TSRYS5850288,D,S,C,2024-08-27,1000000.00,3.732152,102.375175
17:15:51,91282CLD1,TSRYS5850288,D,S,C,2024-08-27,3000000.00,3.732144,102.375225
17:15:51,91282CLD1,TSRYS5850288,D,S,C,2024-08-27,3000000.00,3.732144,102.375225
17:15:51,91282CLD1,TSRYS5850288,D,S,C,2024-08-27,1000000.00,3.732144,102.375225
17:15:51,91282CLD1,TSRYS5850288,D,S,C,2024-08-27,2000000.00,3.732144,102.375225
17:15:51,91282CLD1,TSRYS5850288,D,S,D,2024-08-27,2000000.00,3.732181,102.375
17:15:51,91282CLD1,TSRYS5850288,D,S,D,2024-08-27,1000000.00,3.727089,102.40625
17:15:51,91282CLD1,TSRYS5850288,D,S,C,2024-08-27,4000000.00,3.732156,102.37515
17:15:51,91282CLD1,TSRYS5850288,D,S,D,2024-08-27,1000000.00,3.727089,102.40625
17:15:51,91282CLD1,TSRYS5850288,D,S,D,2024-08-27,1000000.00,3.727089,102.40625
17:15:51,91282CLD1,TSRYS5850288,D,S,D,2024-08-27,1000000.00,3.727089,102.40625
17:15:51,91282CLD1,TSRYS5850288,D,S,D,2024-08-27,1000000.00,3.727089,102.40625
17:15:51,91282CLD1,TSRYS5850288,D,S,D,2024-08-27,1000000.00,3.727089,102.40625
17:15:51,91282CLD1,TSRYS5850288,D,S,D,2024-08-27,1000000.00,3.727089,102.40625
17:15:51,91282CLD1,TSRYS5850288,D,S,D,2024-08-27,1000000.00,3.727089,102.40625
17:16:06,91282CLD1,TSRYS5850288,D,S,D,2024-08-27,1000000.00,3.727089,102.40625
17:16:06,91282CLD1,TSRYS5850288,D,S,D,2024-08-27,1000000.00,3.727089,102.40625
17:16:18,91282CLD1,TSRYS5850288,D,B,C,2024-08-27,10300000.00,3.738026,102.33914
17:16:18,91282CLD1,TSRYS5850288,D,B,C,2024-08-27,700000.00,3.738026,102.33914
17:16:20,91282CLD1,TSRYS5850288,D,B,C,2024-08-27,1300000.00,3.738026,102.33914
17:16:20,91282CLD1,TSRYS5850288,D,B,C,2024-08-27,700000.00,3.738026,102.33914
17:17:02,91282CLD1,TSRYS5850288,D,S,C,2024-08-27,2000000.00,3.733014,102.36989
17:18:03,91282CLD1,TSRYS5850288,D,B,C,2024-08-27,4000000.00,3.721681,102.43945
17:19:15,91282CLD1,TSRYS5850288,D,S,A,2024-08-27,33738000.00,3.730271,102.38672
17:19:21,91282CLD1,TSRYS5850288,D,B,A,2024-08-27,3351000.00,3.730271,102.38672
17:21:22,91282CLD1,TSRYS5850288,D,B,A,2024-08-27,3351000.00,3.730271,102.38672
17:21:24,91282CLD1,TSRYS5850288,D,S,A,2024-08-27,33738000.00,3.730271,102.38672
17:22:29,91282CLD1,TSRYS5850288,D,S,T,2024-08-27,5000000.00,3.728362,102.3984375
17:22:29,91282CLD1,TSRYS5850288,D,S,T,2024-08-27,1000000.00,3.728362,102.3984375
17:22:50,91282CLD1,TSRYS5850288,D,S,C,2024-08-27,5000000.00,3.728325,102.3986625
17:22:50,91282CLD1,TSRYS5850288,D,S,C,2024-08-27,1000000.00,3.728325,102.3986625
17:23:02,91282CLD1,TSRYS5850288,D,B,C,2024-08-27,12600000.00,3.733129,102.36918
17:23:02,91282CLD1,TSRYS5850288,D,B,C,2024-08-27,4200000.00,3.733129,102.36918
17:23:02,91282CLD1,TSRYS5850288,D,B,C,2024-08-27,43200000.00,3.733129,102.36918
17:23:36,91282CLD1,TSRYS5850288,D,S,C,2024-08-27,1000000.00,3.727052,102.406475
17:23:36,91282CLD1,TSRYS5850288,D,B,C,2024-08-27,1000000.00,3.727126,102.406025
17:24:44,91282CLD1,TSRYS5850288,D,S,T,2024-08-27,6000000.00,3.727089,102.40625
17:24:49,91282CLD1,TSRYS5850288,D,S,T,2024-08-27,2000000.00,3.727089,102.40625
17:24:49,91282CLD1,TSRYS5850288,D,S,T,2024-08-27,2000000.00,3.727089,102.40625
17:25:21,91282CLD1,TSRYS5850288,D,B,C,2024-08-27,1000000.00,3.727126,102.406025
17:25:21,91282CLD1,TSRYS5850288,D,S,C,2024-08-27,1000000.00,3.727052,102.406475
17:25:21,91282CLD1,TSRYS5850288,D,S,C,2024-08-27,6000000.00,3.727052,102.406475
17:25:21,91282CLD1,TSRYS5850288,D,S,C,2024-08-27,2000000.00,3.727052,102.406475
17:25:32,91282CLD1,TSRYS5850288,D,S,C,2024-08-27,130900000.00,3.733087,102.36944
17:25:34,91282CLD1,TSRYS5850288,D,S,C,2024-08-27,150MM+,3.733087,102.36944
17:25:36,91282CLD1,TSRYS5850288,D,S,C,2024-08-27,2000000.00,3.727052,102.406475
17:26:21,91282CLD1,TSRYS5850288,D,B,C,2024-08-27,1000000.00,3.727105,102.40615
17:26:22,91282CLD1,TSRYS5850288,D,S,C,2024-08-27,1000000.00,3.727056,102.40645
17:27:51,91282CLD1,TSRYS5850288,D,S,C,2024-08-27,1000000.00,3.725792,102.4142125
17:27:51,91282CLD1,TSRYS5850288,D,B,C,2024-08-27,1000000.00,3.725853,102.4138375
17:28:36,91282CLD1,TSRYS5850288,D,B,C,2024-08-27,1000000.00,3.725853,102.4138375
17:28:36,91282CLD1,TSRYS5850288,D,S,C,2024-08-27,1000000.00,3.72578,102.4142875
17:31:24,91282CLD1,TSRYS5850288,D,S,A,2024-08-27,5700000.00,3.756551,102.22559022
17:31:24,91282CLD1,TSRYS5850288,D,B,A,2024-08-27,7000000.00,3.760247,102.202948
